HPD02881000HPCPHI19480700010040100 00000g 1300 99999[ 2400 99999] 2500 00000I 
HPD02881000HPCPHI19480700180031800 00004  1900 00004  2500 00008  
HPD02881000HPCPHI19480700190031900 00003  2000 00004  2500 00007  
HPD02881000HPCPHI19480700200021900 00007  2500 00007  
HPD02881000HPCPHI19480700220051200 00006  1300 00025  1400 00010  1500 00003  2500 00044  
HPD02881000HPCPHI19480700240041700 00030  1800 00006  1900 00004  2500 00040  
HPD02881000HPCPHI19480700250031700 00090  1800 00002  2500 00092  
HPD02881000HPCPHI19480800010030100 00000g 2100 00002  2500 00002  
HPD02881000HPCPHI19480800020022400 00010  2500 00010  
HPD02881000HPCPHI19480800030030100 00105  0200 00008  2500 00113  
HPD02881000HPCPHI19480800040021800 00007  2500 00007  
HPD02881000HPCPHI19480800050021900 00002  2500 00002  
HPD02881000HPCPHI19480800060051900 00004  2000 00002  2100 00004  2200 00009  2500 00019  
HPD02881000HPCPHI19480800200032300 00002  2400 00008  2500 00010  
HPD02881000HPCPHI19480800210020100 00005  2500 00005  
HPD02881000HPCPHI19480800220041600 00080  1700 00067  1800 00004  2500 00151  
HPD02881000HPCPHI19480800280031900 00003  2000 00005  2500 00008  
HPD02881000HPCPHI19480900010040100 00000g 1300 99999[ 2400 99999] 2500 00000I 
HPD02881000HPCPHI19480900150030800 00001  0900 00001  2500 00002  
HPD02881000HPCPHI19480900160050400 00002  0500 00002  0600 00003  0700 00002  2500 00009  
HPD02881000HPCPHI19480900260071700 00030  1800 00010  1900 00020  2000 00005  2100 00001  2200 00010  2500 00076  
HPD02881000HPCPHI19481000010040100 00000g 1300 99999[ 2400 99999] 2500 00000I 
HPD02881000HPCPHI19481000180080700 00004  0800 00006  0900 00002  1000 00007  1700 00004  1800 00003  1900 00001  2500 00027  
HPD02881000HPCPHI19481000310060600 00001  0700 00004  0800 00004  0900 00002  1000 00002  2500 00013  
HPD02881000HPCPHI19481100010040100 00000g 1300 99999[ 2400 99999] 2500 00000I 
HPD02881000HPCPHI19481200010040100 00000g 1300 99999[ 2400 99999] 2500 00000I 
HPD02881000HPCPHI19481200210032300 00001  2400 00001  2500 00002  
HPD02881000HPCPHI19481200220140200 00002  0300 00001  0600 00003  0700 00001  0900 00001  1100 00003  1200 00008  1300 00006  1400 00010  1500 00005  1600 00004  1700 00001  1900 00001  2500 00046  
HPD02881000HPCPHI19481200250050900 00001  1000 00001  1100 00002  1200 00001  2500 00005  
HPD02881000HPCPHI19481200260110300 00003  0400 00002  0500 00003  0600 00003  0700 00006  0800 00002  0900 00001  1700 00005  1800 00001  1900 00001  2500 00027  
HPD02881000HPCPHI19481200270090500 00001  0600 00001  0800 00002  0900 00001  1100 00001  1300 00001  1500 00001  1700 00004  2500 00012  
HPD02881000HPCPHI19481200310031300 99999[ 2400 99999] 2500 00000I 
HPD02881000HPCPHI19490100010060100 00000g 1700 00002  1800 00003  1900 00001  2000 00001  2500 00007  
HPD02881000HPCPHI19490100020051400 00005  1500 00002  1600 00001  1700 00001  2500 00009  
HPD02881000HPCPHI19490100080042100 00002  2200 00002  2300 00008  2500 00012  
HPD02881000HPCPHI19490100090080900 00003  1000 00008  1100 00002  1200 00001  1300 00001  1400 00002  1500 00002  2500 00019  
HPD02881000HPCPHI19490100100050800 00001  0900 00002  1000 00002  1100 00001  2500 00006  
HPD02881000HPCPHI19490100120041500 00001  1600 00001  2100 00001  2500 00003  
HPD02881000HPCPHI19490100150032300 00001  2400 00001  2500 00002  
HPD02881000HPCPHI19490100160090100 00001  0200 00001  0300 00003  0400 00005  0500 00013  0600 00003  2000 00001  2200 00001  2500 00028  
HPD02881000HPCPHI19490100240051000 00001  1100 00001  1200 00002  1300 00001  2500 00005  
HPD02881000HPCPHI19490100250080400 00006  0500 00001  0800 00012  0900 00022  1000 00001  1100 00004  1200 00001  2500 00047  
HPD02881000HPCPHI19490100260040700 00003  0800 00002  0900 00002  2500 00007  
HPD02881000HPCPHI19490200010040100 00000g 1300 99999[ 2400 99999] 2500 00000I 
HPD02881000HPCPHI19490200080020800 00001  2500 00001  
HPD02881000HPCPHI19490200120062000 00001  2100 00001  2200 00002  2300 00001  2400 00001  2500 00006  
HPD02881000HPCPHI19490200130061900 00001  2000 00002  2200 00001  2300 00001  2400 00001  2500 00006  
HPD02881000HPCPHI19490300010040100 00000g 1300 99999[ 2400 99999] 2500 00000I 
HPD02881000HPCPHI19490300060042200 00001  2300 00002  2400 00001  2500 00004  
HPD02881000HPCPHI19490300070050200 00001  0400 00001  0500 00001  0700 00002  2500 00005  
HPD02881000HPCPHI19490300250120500 00001  0600 00001  0700 00002  0800 00002  0900 00002  1000 00001  1300 00002  1400 00003  1500 00002  1600 00008  1700 00004  2500 00028  
HPD02881000HPCPHI19490400010120100 00000g 0200 00001  0300 00002  0400 00003  0500 00006  0600 00003  0700 00002  0800 00001  1000 00001  1100 00001  1300 00001  2500 00021  
HPD02881000HPCPHI19490400070040400 00001  0500 00002  0600 00001  2500 00004  
HPD02881000HPCPHI19490400080020500 00001  2500 00001  
HPD02881000HPCPHI19490500010040100 00000g 1300 99999[ 2400 99999] 2500 00000I 
HPD02881000HPCPHI19490600010040100 00000g 1300 99999[ 2400 99999] 2500 00000I 
HPD02881000HPCPHI19490700010040100 00000g 1300 99999[ 2400 99999] 2500 00000I 
HPD02881000HPCPHI19490700020090300 00004  0400 00004  0500 00004  0600 00002  1600 00004  1700 00003  1800 00004  1900 00001  2500 00026  
HPD02881000HPCPHI19490700040061500 00011  1600 00024  1700 00002  1800 00008  1900 00001  2500 00046  
HPD02881000HPCPHI19490700060021400 00003  2500 00003  
HPD02881000HPCPHI19490700110070300 00002  0400 00003  0500 00002  1300 00022  1400 00005  1500 00005  2500 00039  
HPD02881000HPCPHI19490700180020800 00002  2500 00002  
HPD02881000HPCPHI19490700190052000 00035  2100 00005  2200 00002  2300 00001  2500 00043  
HPD02881000HPCPHI19490700210060900 00006  1000 00005  1100 00001  1200 00002  1300 00002  2500 00016  
HPD02881000HPCPHI19490700220040600 00018  0700 00002  0800 00001  2500 00021  
HPD02881000HPCPHI19490700230031500 00001  1600 00001  2500 00002  
HPD02881000HPCPHI19490700300021800 00001  2500 00001  
HPD02881000HPCPHI19490800010040100 00000g 1300 99999[ 2400 99999] 2500 00000I 
HPD02881000HPCPHI19490800040030300 00004  1700 00003  2500 00007  
HPD02881000HPCPHI19490800060021400 00003  2500 00003  
HPD02881000HPCPHI19490800080040800 00003  0900 00018  1000 00001  2500 00022  
HPD02881000HPCPHI19490900010040100 00000g 1300 99999[ 2400 99999] 2500 00000I 
HPD02881000HPCPHI19490900090021400 00032  2500 00032  
HPD02881000HPCPHI19490900260021700 00023  2500 00023  
HPD02881000HPCPHI19490900280021900 00002  2500 00002  
HPD02881000HPCPHI19491000010040100 00000g 1300 99999[ 2400 99999] 2500 00000I 
HPD02881000HPCPHI19491000050020200 00011  2500 00011  
HPD02881000HPCPHI19491000170020300 00030  2500 00030  
HPD02881000HPCPHI19491000190111100 00001  1300 00001  1400 00001  1500 00001  1600 00001  1700 00001  1800 00001  1900 00002  2100 00001  2400 00002  2500 00012  
HPD02881000HPCPHI19491100010040100 00000g 1300 99999[ 2400 99999] 2500 00000I 
HPD02881000HPCPHI19491200010040100 00000g 1300 99999[ 2400 99999] 2500 00000I 
HPD02881000HPCPHI19491200090091700 00004  1800 00005  1900 00005  2000 00007  2100 00009  2200 00002  2300 00008  2400 00001  2500 00041  
HPD02881000HPCPHI19491200100060300 00006  0400 00002  0500 00003  1300 00009  1400 00010  2500 00030  
HPD02881000HPCPHI19491200170031900 00003  2000 00002  2500 00005  
HPD02881000HPCPHI19491200200110700 00002  1200 00001  1300 00001  1400 00001  1500 00002  1600 00002  1700 00003  1800 00002  1900 00002  2000 00002  2500 00018  
HPD02881000HPCPHI19500100010040100 00000g 1300 99999[ 2400 99999] 2500 00000I 
HPD02881000HPCPHI19500100020050700 00001  0900 00001  1100 00001  1400 00001  2500 00004  
HPD02881000HPCPHI19500100120032200 00001  2400 00001  2500 00002  
HPD02881000HPCPHI19500100130070200 00002  0300 00001  0600 00002  0800 00001  0900 00001  1200 00001  2500 00008  
HPD02881000HPCPHI19500200010040100 00000g 1300 99999[ 2400 99999] 2500 00000I 
HPD02881000HPCPHI19500200110111100 00005  1200 00007  1300 00006  1500 00004  1800 00008  1900 00009  2100 00020  2200 00012  2300 00010  2400 00003  2500 00084  
HPD02881000HPCPHI19500200270111400 00002  1500 00004  1600 00003  1700 00002  1800 00003  1900 00002  2000 00005  2100 00003  2200 00004  2300 00001  2500 00029  
HPD02881000HPCPHI19500300010040100 00000g 1300 99999[ 2400 99999] 2500 00000I 
HPD02881000HPCPHI19500300250061400 00001  1600 00002  1900 00003  2000 00002  2300 00002  2500 00010  
HPD02881000HPCPHI19500300260070900 00001  1000 00002  1100 00002  1200 00002  1300 00002  1400 00001  2500 00010  
HPD02881000HPCPHI19500400010040100 00000g 1300 99999[ 2400 99999] 2500 00000I 
HPD02881000HPCPHI19500500010040100 00000g 1300 99999[ 2400 99999] 2500 00000I 
HPD02881000HPCPHI19500600010040100 00000g 1300 99999[ 2400 99999] 2500 00000I 
HPD02881000HPCPHI19500600210041700 00008  1800 00005  2000 00005  2500 00018  
HPD02881000HPCPHI19500600220110200 00032  0600 00003  1300 00041  1400 00067  1500 00055  1600 00041  1700 00024  1800 00011  1900 00010  2000 00001  2500 00285  
HPD02881000HPCPHI19500600230030100 00001  0700 00003  2500 00004  
HPD02881000HPCPHI19500700010040100 00000g 1300 99999[ 2400 99999] 2500 00000I 
HPD02881000HPCPHI19500700050040300 00002  2100 00002  2400 00007  2500 00011  
HPD02881000HPCPHI19500700060030800 00001  1600 00002  2500 00003  
HPD02881000HPCPHI19500700070020100 00002  2500 00002  
HPD02881000HPCPHI19500700080031200 00012  1800 00002  2500 00014  
HPD02881000HPCPHI19500700160031700 00029  1800 00071  2500 00100  
HPD02881000HPCPHI19500700170030600 00015  1800 00025  2500 00040  
HPD02881000HPCPHI19500700210022400 00023  2500 00023  
HPD02881000HPCPHI19500700220051200 00008  1300 00007  1400 00003  1500 00007  2500 00025  
HPD02881000HPCPHI19500700300080900 00003  1000 00002  1100 00009  1200 00060  1300 00050  1400 00007  1500 00009  2500 00140  
HPD02881000HPCPHI19500800010020100 00000g 2500 00000  
HPD02881000HPCPHI19500800030021700 00005  2500 00005  
HPD02881000HPCPHI19500800100041800 00009  2000 00001  2200 00002  2500 00012  
HPD02881000HPCPHI19500800110040700 00004  1600 00003  1900 00002  2500 00009  
HPD02881000HPCPHI19500800230021900 00005  2500 00005  
HPD02881000HPCPHI19500800240020900 00002  2500 00002  
HPD02881000HPCPHI19500900010020100 00000g 2500 00000  
HPD02881000HPCPHI19500900030021600 00010  2500 00010  
HPD02881000HPCPHI19500900070021900 00015  2500 00015  
HPD02881000HPCPHI19501000010040100 00000g 1300 99999[ 2400 99999] 2500 00000I 
HPD02881000HPCPHI19501100010020100 00000g 2500 00000  
HPD02881000HPCPHI19501200010020100 00000g 2500 00000  
HPD02881000HPCPHI19501200310032300 00010  2400 00004  2500 00014  
HPD02881000HPCPHI19510100010050100 00003  0200 00010  0300 00004  0400 00005  2500 00022  
HPD02881000HPCPHI19510100120070800 00003  0900 00009  1000 00005  1400 00007  1500 00008  2100 00003  2500 00035  
HPD02881000HPCPHI19510100300051200 00007  1300 00004  1400 00003  1500 00003  2500 00017  
HPD02881000HPCPHI19510200010040100 00000g 1300 99999[ 2400 99999] 2500 00000I 
HPD02881000HPCPHI19510200190020600 00003  2500 00003  
HPD02881000HPCPHI19510200250021300 00002  2500 00002  
HPD02881000HPCPHI19510200270021500 00001  2500 00001  
HPD02881000HPCPHI19510300010040100 00000g 1300 99999[ 2400 99999] 2500 00000I 
HPD02881000HPCPHI19510300020020600 00010  2500 00010  
HPD02881000HPCPHI19510400010040100 00000g 1300 99999[ 2400 99999] 2500 00000I 
HPD02881000HPCPHI19510400040101300 00002  1400 00001  1500 00001  1600 00005  1700 00010  1800 00001  2000 00002  2100 00002  2200 00002  2500 00026  
HPD02881000HPCPHI19510400050042000 00003  2300 00002  2400 00005  2500 00010  
HPD02881000HPCPHI19510400060050100 00003  0200 00002  0300 00008  0400 00001  2500 00014  
HPD02881000HPCPHI19510400070031800 00007  1900 00009  2500 00016  
HPD02881000HPCPHI19510400190051400 00003  2000 00004  2100 00003  2200 00002  2500 00012  
HPD02881000HPCPHI19510400290051100 00007  1200 00004  1400 00002  1500 00002  2500 00015  
HPD02881000HPCPHI19510400300100100 00004  0300 00003  0500 00002  0600 00003  1200 00013  1300 00003  1500 00003  1800 00008  1900 00003  2500 00042  
HPD02881000HPCPHI19510500010020100 00000g 2500 00000  
HPD02881000HPCPHI19510600010020100 00000g 2500 00000  
HPD02881000HPCPHI19510700010020100 00000g 2500 00000  
HPD02881000HPCPHI19510700110031700 00011  1800 00006  2500 00017  
HPD02881000HPCPHI19510700140031900 00002  2000 00006  2500 00008  
HPD02881000HPCPHI19510700150031600 00005  1900 00002  2500 00007  
HPD02881000HPCPHI19510700230052100 00009  2200 00004  2300 00003  2400 00005  2500 00021  
HPD02881000HPCPHI19510700240040100 00007  0200 00004  0300 00002  2500 00013  
HPD02881000HPCPHI19510700260051400 00056  1500 00002  1700 00016  1800 00003  2500 00077  
HPD02881000HPCPHI19510700280021900 00004  2500 00004  
HPD02881000HPCPHI19510700310022400 00006  2500 00006  
HPD02881000HPCPHI19510800010050100 00000g 0200 00036  0300 00031  0400 00018  2500 00085  
HPD02881000HPCPHI19510800020022200 00005  2500 00005  
HPD02881000HPCPHI19510800140022200 00007  2500 00007  
HPD02881000HPCPHI19510800150022400 00005  2500 00005  
HPD02881000HPCPHI19510800200040700 00007  0800 00004  0900 00001  2500 00012  
HPD02881000HPCPHI19510800270140400 00001  0500 00002  0700 00005  0800 00002  0900 00001  1000 00002  1100 00001  1300 00003  1400 00009  1500 00005  1600 00012  1700 00009  1800 00010  2500 00062  
HPD02881000HPCPHI19510900010020100 00000g 2500 00000  
HPD02881000HPCPHI19510900290070500 00002  0700 00013  0800 00014  0900 00002  1000 00002  1100 00001  2500 00034  
HPD02881000HPCPHI19511000010020100 00000g 2500 00000  
HPD02881000HPCPHI19511000290061600 00002  2000 00027  2100 00006  2200 00002  2400 00005  2500 00042  
HPD02881000HPCPHI19511000300140100 00010  0200 00008  0300 00001  0400 00001  0700 00018  0800 00008  0900 00006  1000 00008  1100 00024  1200 00012  1300 00002  1400 00009  1500 00032  2500 00139  
HPD02881000HPCPHI19511100010020100 00000g 2500 00000  
HPD02881000HPCPHI19511100100032300 00001  2400 00009  2500 00010  
HPD02881000HPCPHI19511100110160100 00001  0200 00007  0300 00004  0400 00004  0500 00008  0600 00002  0700 00003  0800 00003  0900 00003  1000 00006  1100 00004  1200 00012  1300 00011  1400 00001  1500 00001  2500 00070  
HPD02881000HPCPHI19511100230052100 00005  2200 00013  2300 00010  2400 00003  2500 00031  
HPD02881000HPCPHI19511100240040100 00003  1000 00001  1100 00001  2500 00005  
HPD02881000HPCPHI19511200010020100 00000g 2500 00000  
HPD02881000HPCPHI19511200050041500 00003  1600 00010  1700 00009  2500 00022  
HPD02881000HPCPHI19511200070061500 00002  1600 00003  1700 00007  1800 00003  1900 00001  2500 00016  
HPD02881000HPCPHI19511200120021400 00002  2500 00002  
HPD02881000HPCPHI19511200240061900 00002  2000 00002  2100 00005  2200 00001  2300 00001  2500 00011  
HPD02881000HPCPHI19511200250040100 00001  0200 00001  0300 00001  2500 00003  
HPD02881000HPCPHI19520100010020100 00000g 2500 00000  
HPD02881000HPCPHI19520100130041600 00002  1700 00004  2300 00008  2500 00014  
HPD02881000HPCPHI19520100170070700 00005  0900 00002  1000 00001  1100 00001  1400 00001  2400 00003  2500 00013  
HPD02881000HPCPHI19520100190030900 00003  1200 00001  2500 00004  
HPD02881000HPCPHI19520200010020100 00000g 2500 00000  
HPD02881000HPCPHI19520200090021900 00006  2500 00006  
HPD02881000HPCPHI19520300010100100 00000g 0700 00016  0800 00007  0900 00008  1000 00017  1100 00003  1300 00007  1400 00003  1800 00003  2500 00064  
HPD02881000HPCPHI19520300020030300 00021  0600 00007  2500 00028  
HPD02881000HPCPHI19520300090070200 00013  0300 00009  0400 00007  0500 00002  0900 00001  1800 00003  2500 00035  
HPD02881000HPCPHI19520300110061400 00008  1500 00002  1600 00002  1700 00002  1800 00001  2500 00015  
HPD02881000HPCPHI19520300160031900 00001  2000 00001  2500 00002  
HPD02881000HPCPHI19520300170140200 00005  0300 00001  0400 00004  0800 00001  0900 00004  1000 00010  1100 00008  1200 00003  1300 00001  1400 00005  1500 00001  1600 00001  1700 00004  2500 00048  
HPD02881000HPCPHI19520400010020100 00000g 2500 00000  
HPD02881000HPCPHI19520400110070900 00007  1200 00007  1300 00001  1400 00002  1500 00005  1600 00002  2500 00024  
HPD02881000HPCPHI19520400200110800 00017  0900 00009  1000 00004  1100 00002  1200 00002  1300 00001  1800 00071  1900 00013  2000 00011  2100 00005  2500 00135  
HPD02881000HPCPHI19520400240031700 00003  1900 00002  2500 00005  
HPD02881000HPCPHI19520400250020100 00006  2500 00006  
HPD02881000HPCPHI19520400270040800 00006  1800 00002  1900 00002  2500 00010  
HPD02881000HPCPHI19520400280031200 00002  1300 00002  2500 00004  
HPD02881000HPCPHI19520500010020100 00000g 2500 00000  
HPD02881000HPCPHI19520500170021300 00004  2500 00004  
HPD02881000HPCPHI19520600010020100 00000g 2500 00000  
HPD02881000HPCPHI19520600020060600 00027  0700 00002  0800 00008  0900 00004  1200 00004  2500 00045  
HPD02881000HPCPHI19520700010020100 00000g 2500 00000  
HPD02881000HPCPHI19520700090031300 00013  1400 00002  2500 00015  
HPD02881000HPCPHI19520700230051400 00003  1700 00001  2100 00022  2200 00003  2500 00029  
HPD02881000HPCPHI19520700260022200 00012  2500 00012  
HPD02881000HPCPHI19520700270020300 00006  2500 00006  
HPD02881000HPCPHI19520700280022200 00111  2500 00111  
HPD02881000HPCPHI19520700290032300 00021  2400 00004  2500 00025  
HPD02881000HPCPHI19520700300031700 00050  1800 00056  2500 00106  
HPD02881000HPCPHI19520800010020100 00000g 2500 00000  
HPD02881000HPCPHI19520800070020800 00004  2500 00004  
HPD02881000HPCPHI19520800110021500 00026  2500 00026  
HPD02881000HPCPHI19520800140052100 00100  2200 00014  2300 00001  2400 00006  2500 00121  
HPD02881000HPCPHI19520800150021600 00002  2500 00002  
HPD02881000HPCPHI19520800200032200 00018  2300 00004  2500 00022  
HPD02881000HPCPHI19520800250022400 00032  2500 00032  
HPD02881000HPCPHI19520900010020100 00000g 2500 00000  
HPD02881000HPCPHI19520900200042000 00003  2100 00001  2200 00006  2500 00010  
HPD02881000HPCPHI19521000010020100 00000g 2500 00000  
HPD02881000HPCPHI19521100010020100 00000g 2500 00000  
HPD02881000HPCPHI19521100080030700 00008  2200 00003  2500 00011  
HPD02881000HPCPHI19521100090061100 00001  1200 00006  1300 00013  1400 00012  1600 00002  2500 00034  
HPD02881000HPCPHI19521100160090700 00024  0800 00019  0900 00014  1000 00013  1100 00004  1200 00011  1300 00010  1400 00013  2500 00108  
HPD02881000HPCPHI19521100240130200 00011  0300 00012  0400 00004  0500 00003  0700 00002  0800 00002  0900 00001  1400 00004  1500 00001  1600 00001  1700 00001  1800 00001  2500 00043  
HPD02881000HPCPHI19521100300041400 00003  1600 00006  1700 00005  2500 00014  
HPD02881000HPCPHI19521200010020100 00000g 2500 00000  
HPD02881000HPCPHI19521200160041000 00002  1100 00001  1200 00001  2500 00004  
HPD02881000HPCPHI19521200170031300 99999[ 2400 99999] 2500 00000I 
HPD02881000HPCPHI19521200180051900 00004  2100 00001  2200 00001  2300 00001  2500 00007  
HPD02881000HPCPHI19521200190022400 00012  2500 00012  
HPD02881000HPCPHI19521200310021200 00004  2500 00004  
HPD02881000HPCPHI19530100010020100 00000g 2500 00000  
HPD02881000HPCPHI19530100070020700 00006  2500 00006  
HPD02881000HPCPHI19530200010020100 00000g 2500 00000  
HPD02881000HPCPHI19530200240070600 00008  0700 00001  0800 00001  1400 00003  1500 00006  1600 00004  2500 00023  
HPD02881000HPCPHI19530200280081200 00009  1300 00007  1400 00012  1500 00004  1600 00005  1700 00001  1800 00001  2500 00039  
HPD02881000HPCPHI19530300010120100 00000g 1200 00011  1400 00003  1500 00003  1600 00002  1700 00002  2000 00001  2100 00007  2200 00010  2300 00005  2400 00004  2500 00048  
HPD02881000HPCPHI19530300020050100 00001  0300 00002  0700 00001  0800 00001  2500 00005  
HPD02881000HPCPHI19530300080060300 00001  0600 00001  0800 00001  1600 00002  1900 00002  2500 00007  
HPD02881000HPCPHI19530300160042100 00005  2200 00005  2300 00002  2500 00012  
HPD02881000HPCPHI19530400010020100 00000g 2500 00000  
HPD02881000HPCPHI19530400220041400 00002  1500 00001  1600 00001  2500 00004  
HPD02881000HPCPHI19530500010020100 00000g 2500 00000  
HPD02881000HPCPHI19530600010020100 00000g 2500 00000  
HPD02881000HPCPHI19530700010020100 00000g 2500 00000  
HPD02881000HPCPHI19530700090031700 00015  1800 00017  2500 00032  
HPD02881000HPCPHI19530700110021800 00023  2500 00023  
HPD02881000HPCPHI19530700120042200 00006  2300 00012  2400 00021  2500 00039  
HPD02881000HPCPHI19530700130050100 00008  0200 00004  0300 00001  0400 00001  2500 00014  
HPD02881000HPCPHI19530700140041800 00040  1900 00032  2000 00008  2500 00080  
HPD02881000HPCPHI19530700150041000 00002  1600 00016  1800 00002  2500 00020  
HPD02881000HPCPHI19530700170030200 00008  0400 00002  2500 00010  
HPD02881000HPCPHI19530700270020800 00004  2500 00004  
HPD02881000HPCPHI19530700290021600 00007  2500 00007  
HPD02881000HPCPHI19530800010020100 99999[ 2500 00000I 
HPD02881000HPCPHI19530800310022400 99999] 2500 00000I 
HPD02881000HPCPHI19530900010020100 00000g 2500 00000  
HPD02881000HPCPHI19531000010020100 00000g 2500 00000  
HPD02881000HPCPHI19531100010020100 00000g 2500 00000  
HPD02881000HPCPHI19531100170021900 00002  2500 00002  
HPD02881000HPCPHI19531200010020100 00000g 2500 00000  
HPD02881000HPCPHI19531200040052000 00008  2100 00009  2200 00009  2300 00010  2500 00036  
HPD02881000HPCPHI19540100010020100 00000g 2500 00000  
HPD02881000HPCPHI19540100130060800 00002  1700 00006  2000 00003  2100 00001  2200 00001  2500 00013  
HPD02881000HPCPHI19540100140030300 00001  0900 00001  2500 00002  
HPD02881000HPCPHI19540100200090700 00001  0800 00020  0900 00001  1000 00002  1900 00001  2000 00008  2100 00012  2200 00002  2500 00047  
HPD02881000HPCPHI19540100210021000 00003  2500 00003  
HPD02881000HPCPHI19540200010020100 00000g 2500 00000  
HPD02881000HPCPHI19540200140071600 00002  1700 00010  1800 00010  1900 00005  2000 00001  2200 00001  2500 00029  
HPD02881000HPCPHI19540200150040500 00004  0600 00001  0700 00001  2500 00006  
HPD02881000HPCPHI19540300010020100 00000g 2500 00000  
HPD02881000HPCPHI19540300030032200 00001  2400 00001  2500 00002  
HPD02881000HPCPHI19540300040030800 00001  1100 00001  2500 00002  
HPD02881000HPCPHI19540300220140300 00003  0400 00007  0500 00003  0600 00006  0700 00008  0800 00003  0900 00010  1000 00013  1100 00013  1200 00019  1300 00019  1400 00007  1500 00002  2500 00113  
HPD02881000HPCPHI19540300230080300 00007  0600 00003  0700 00006  0800 00003  1000 00001  1100 00004  1200 00001  2500 00025  
HPD02881000HPCPHI19540400010020100 00000g 2500 00000  
HPD02881000HPCPHI19540500010020100 00000g 2500 00000  
HPD02881000HPCPHI19540500180061600 00004  1800 00002  1900 00004  2000 00002  2100 00001  2500 00013  
HPD02881000HPCPHI19540500190021900 00002  2500 00002  
HPD02881000HPCPHI19540600010020100 00000g 2500 00000  
HPD02881000HPCPHI19540600240041800 00122  1900 00006  2000 00008  2500 00136  
HPD02881000HPCPHI19540600250030600 00001  2400 00001  2500 00002  
HPD02881000HPCPHI19540600260020500 00004  2500 00004  
HPD02881000HPCPHI19540600270051700 00001  1900 00001  2100 00001  2200 00003  2500 00006  
HPD02881000HPCPHI19540600280020500 00001  2500 00001  
HPD02881000HPCPHI19540600300020900 00002  2500 00002  
HPD02881000HPCPHI19540700010030100 00000g 1700 00001  2500 00001  
HPD02881000HPCPHI19540700020030900 00001  1700 00003  2500 00004  
HPD02881000HPCPHI19540700080031100 00002  2000 00009  2500 00011  
HPD02881000HPCPHI19540700090030200 00002  1300 00002  2500 00004  
HPD02881000HPCPHI19540700100022100 00003  2500 00003  
HPD02881000HPCPHI19540700160022200 00001  2500 00001  
HPD02881000HPCPHI19540700170021500 00001  2500 00001  
HPD02881000HPCPHI19540700180032300 00014  2400 00011  2500 00025  
HPD02881000HPCPHI19540700190020200 00001  2500 00001  
HPD02881000HPCPHI19540700200051700 00004  1800 00008  1900 00008  2000 00005  2500 00025  
HPD02881000HPCPHI19540700210031400 00001  1900 00010  2500 00011  
HPD02881000HPCPHI19540700220050500 00019  0600 00062  0800 00003  1400 00002  2500 00086  
HPD02881000HPCPHI19540700230031300 00028  1400 00062  2500 00090  
HPD02881000HPCPHI19540700270021700 00021  2500 00021  
HPD02881000HPCPHI19540800010040100 00000g 1500 00001  1700 00001  2500 00002  
HPD02881000HPCPHI19540800030041600 00022  1700 00013  1800 00001  2500 00036  
HPD02881000HPCPHI19540800040060400 00001  1100 00001  1200 00014  1300 00014  1400 00014  2500 00044  
HPD02881000HPCPHI19540800050041500 00002  1600 00005  1900 00001  2500 00008  
HPD02881000HPCPHI19540800120090500 00010  0600 00021  0700 00012  0800 00003  0900 00009  1000 00001  1100 00001  1400 00001  2500 00058  
HPD02881000HPCPHI19540800130090500 00010  0600 00021  0700 00012  0800 00003  0900 00009  1000 00001  1100 00001  1400 00001  2500 00058  
HPD02881000HPCPHI19540800190041600 00150  1700 00064  1800 00007  2500 00221  
HPD02881000HPCPHI19540900010050100 00000g 1800 00019  2300 00001  2400 00007  2500 00027  
HPD02881000HPCPHI19540900020031100 00001  1400 00001  2500 00002  
HPD02881000HPCPHI19540900230110200 00019  0300 00027  0400 00028  0500 00007  0600 00142  0700 00028  0800 00005  1000 00002  1300 00001  2400 00015  2500 00274  
HPD02881000HPCPHI19540900240050800 00001  2000 00004  2100 00016  2200 00014  2500 00035  
HPD02881000HPCPHI19541000010020100 00000g 2500 00000  
HPD02881000HPCPHI19541000310030100 99999[ 2400 99999] 2500 00000I 
HPD02881000HPCPHI19541100010020100 00000g 2500 00000  
HPD02881000HPCPHI19541100300030100 99999[ 2400 99999] 2500 00000I 
HPD02881000HPCPHI19541200010020100 00000g 2500 00000  
HPD02881000HPCPHI19541200100031600 99999a 2200 00007A 2500 00007  
HPD02881000HPCPHI19550100010020100 00000g 2500 00000  
HPD02881000HPCPHI19550100030052000 00011  2100 00024  2200 00007  2400 00002  2500 00044  
HPD02881000HPCPHI19550100040070100 00003  0200 00002  0400 00007  0500 00001  0600 00001  0900 00001  2500 00015  
HPD02881000HPCPHI19550100070032300 00010  2400 00013  2500 00023  
HPD02881000HPCPHI19550100080060100 00009  0200 00006  0400 00001  0700 00001  1200 00001  2500 00018  
HPD02881000HPCPHI19550100130022400 00001  2500 00001  
HPD02881000HPCPHI19550100140110100 00004  0200 00003  0300 00001  0400 00001  0500 00001  0600 00001  0700 00001  0900 00005  1000 00001  1400 00001  2500 00019  
HPD02881000HPCPHI19550100170090400 00009  0500 00004  0600 00001  0700 00002  0800 00003  0900 00003  1000 00001  1100 00003  2500 00026  
HPD02881000HPCPHI19550100190041600 00001  1700 00003  2000 00001  2500 00005  
HPD02881000HPCPHI19550200010020100 00000g 2500 00000  
HPD02881000HPCPHI19550200180032000 00001  2200 00001  2500 00002  
HPD02881000HPCPHI19550200190030100 00001  0400 00001  2500 00002  
HPD02881000HPCPHI19550200280030100 99999[ 2400 99999] 2500 00000I 
HPD02881000HPCPHI19550300010020100 00000g 2500 00000  
HPD02881000HPCPHI19550300310030100 99999[ 2400 99999] 2500 00000I 
HPD02881000HPCPHI19550400010020100 00000g 2500 00000  
HPD02881000HPCPHI19550400300030100 99999[ 2400 99999] 2500 00000I 
HPD02881000HPCPHI19550500010020100 00000g 2500 00000  
HPD02881000HPCPHI19550500300041500 00001  1600 00001  1900 00001  2500 00003  
HPD02881000HPCPHI19550500310030100 99999[ 2400 99999] 2500 00000I 
HPD02881000HPCPHI19550600010020100 00000g 2500 00000  
HPD02881000HPCPHI19550700010020100 00000g 2500 00000  
HPD02881000HPCPHI19550700110032300 00016  2400 00014  2500 00030  
HPD02881000HPCPHI19550700120070100 00001  0200 00007  0300 00003  0800 00001  0900 00001  1000 00001  2500 00014  
HPD02881000HPCPHI19550700130060200 00018  0300 00002  0400 00001  0700 00001  1200 00001  2500 00023  
HPD02881000HPCPHI19550700170051600 00003  1700 00001  1900 00001  2200 00001  2500 00006  
HPD02881000HPCPHI19550700180031200 00001  2100 00001  2500 00002  
HPD02881000HPCPHI19550700190060200 00003  0400 00001  0700 00001  1200 00001  1400 00001  2500 00007  
HPD02881000HPCPHI19550700210031900 00023  2300 00001  2500 00024  
HPD02881000HPCPHI19550700220090600 00001  0800 00001  1700 00021  1800 00011  1900 00079  2000 00001  2100 00006  2200 00001  2500 00121  
HPD02881000HPCPHI19550700280022400 00002  2500 00002  
HPD02881000HPCPHI19550700290090100 00008  0200 00007  0300 00001  0400 00001  0700 00001  0900 00001  1200 00004  1500 00001  2500 00024  
HPD02881000HPCPHI19550800010030100 00000g 0900 00001  2500 00001  
HPD02881000HPCPHI19550800020080100 00022  0200 00003  0400 00001  0900 00001  1000 00001  1900 00007  2000 00001  2500 00036  
HPD02881000HPCPHI19550800030030700 00001  1800 00002  2500 00003  
HPD02881000HPCPHI19550800060060600 00029  0700 00003  0800 00003  0900 00002  1000 00001  2500 00038  
HPD02881000HPCPHI19550800110061100 00002  1200 00002  1800 00006  2200 00003  2300 00001  2500 00014  
HPD02881000HPCPHI19550800130041500 00001  1700 00001  2200 00001  2500 00003  
HPD02881000HPCPHI19550800140030600 00001  1400 00001  2500 00002  
HPD02881000HPCPHI19550800160021700 00040  2500 00040  
HPD02881000HPCPHI19550800170030200 00001  1100 00001  2500 00002  
HPD02881000HPCPHI19550800180031300 00033  1400 00003  2500 00036  
HPD02881000HPCPHI19550800220041900 00042  2000 00017  2200 00001  2500 00060  
HPD02881000HPCPHI19550900010020100 00000g 2500 00000  
HPD02881000HPCPHI19550900160052000 00007  2100 00007  2200 00001  2300 00001  2500 00016  
HPD02881000HPCPHI19550900170030400 00001  1200 00001  2500 00002  
HPD02881000HPCPHI19551000010020100 00000g 2500 00000  
HPD02881000HPCPHI19551000030042200 00010  2300 00019  2400 00013  2500 00042  
HPD02881000HPCPHI19551000040050100 00002  0300 00002  0600 00001  1400 00001  2500 00006  
HPD02881000HPCPHI19551100010020100 00000g 2500 00000  
HPD02881000HPCPHI19551200010020100 00000g 2500 00000  
HPD02881000HPCPHI19551200020031500 99999a 1800 00039A 2500 00039  
HPD02881000HPCPHI19560100010020100 00000g 2500 00000  
HPD02881000HPCPHI19560100210110800 00007  0900 00004  1000 00001  1100 00006  1200 00002  1300 00001  1400 00001  1600 00001  1700 00001  2000 00001  2500 00025  
HPD02881000HPCPHI19560100280052100 00001  2200 00017  2300 00039  2400 00020  2500 00077  
HPD02881000HPCPHI19560100290040100 00003  0200 00001  0300 00001  2500 00005  
HPD02881000HPCPHI19560100310042100 00002  2300 00002  2400 00003  2500 00007  
HPD02881000HPCPHI19560200010070100 00000g 0200 00001  0400 00001  0500 00001  0600 00001  0700 00001  2500 00005  
HPD02881000HPCPHI19560200060022400 00001  2500 00001  
HPD02881000HPCPHI19560200070070200 00001  0400 00001  0600 00001  0700 00006  0800 00001  1000 00001  2500 00011  
HPD02881000HPCPHI19560200080051600 00012  1700 00006  1800 00001  2000 00001  2500 00020  
HPD02881000HPCPHI19560200090040100 00001  0400 00001  1000 00001  2500 00003  
HPD02881000HPCPHI19560200160022000 99999[ 2500 00000I 
HPD02881000HPCPHI19560200170020500 99999] 2500 00000I 
HPD02881000HPCPHI19560200290030100 99999[ 2400 99999] 2500 00000I 
HPD02881000HPCPHI19560300010020100 00000g 2500 00000  
HPD02881000HPCPHI19560400010060100 00000g 2100 00001  2200 00009  2300 00003  2400 00002  2500 00015  
HPD02881000HPCPHI19560400020120100 00002  0200 00001  0300 00002  0400 00005  0500 00004  0600 00002  0700 00001  0800 00003  0900 00001  1100 00001  1200 00001  2500 00023  
HPD02881000HPCPHI19560500010020100 00000g 2500 00000  
HPD02881000HPCPHI19560600010020100 00000g 2500 00000  
HPD02881000HPCPHI19560600300041300 00016  1700 00002  2000 00001  2500 00019  
HPD02881000HPCPHI19560700010020100 00000g 2500 00000  
HPD02881000HPCPHI19560700120022400 00002  2500 00002  
HPD02881000HPCPHI19560700130100100 00009  0200 00006  0300 00013  0400 00002  0500 00005  0600 00002  0700 00002  0900 00001  1100 00004  2500 00044  
HPD02881000HPCPHI19560700270032000 00027  2100 00004  2500 00031  
HPD02881000HPCPHI19560700280021500 00003  2500 00003  
HPD02881000HPCPHI19560700290020500 00003  2500 00003  
HPD02881000HPCPHI19560700300080200 00005  0300 00002  0400 00002  0500 00001  0700 00002  1100 00002  1800 00001  2500 00015  
HPD02881000HPCPHI19560700310030100 99999[ 2400 99999] 2500 00000I 
HPD02881000HPCPHI19560800010020100 00000g 2500 00000  
HPD02881000HPCPHI19560800170031500 00005  1900 00002  2500 00007  
HPD02881000HPCPHI19560800260031400 99999a 2000 00021A 2500 00021  
HPD02881000HPCPHI19560900010020100 00000g 2500 00000  
HPD02881000HPCPHI19560900060061800 00032  1900 00002  2000 00002  2100 00001  2200 00001  2500 00038  
HPD02881000HPCPHI19560900070021100 00001  2500 00001  
HPD02881000HPCPHI19561000010020100 00000g 2500 00000  
HPD02881000HPCPHI19561000290030100 99999a 1000 00015A 2500 00015  
HPD02881000HPCPHI19561000310030100 99999[ 2400 99999] 2500 00000I 
HPD02881000HPCPHI19561100010020100 00000g 2500 00000  
HPD02881000HPCPHI19561200010020100 00000g 2500 00000  
HPD02881000HPCPHI19561200070032000 00003  2200 00006  2500 00009  
HPD02881000HPCPHI19561200080020200 00001  2500 00001  
HPD02881000HPCPHI19570100010020100 00000g 2500 00000  
HPD02881000HPCPHI19570100030070800 00006  0900 00002  1500 00002  1600 00010  1800 00002  1900 00010  2500 00032  
HPD02881000HPCPHI19570100040040200 00001  0300 00001  1400 00002  2500 00004  
HPD02881000HPCPHI19570100080090100 00011  0200 00013  0300 00016  0400 00002  0500 00004  0600 00001  1200 00001  2200 00001  2500 00049  
HPD02881000HPCPHI19570100090050700 00001  0800 00015  0900 00005  1800 00005  2500 00026  
HPD02881000HPCPHI19570100100030600 00002  0700 00001  2500 00003  
HPD02881000HPCPHI19570100210031100 99999a 1500 00019A 2500 00019  
HPD02881000HPCPHI19570100270021900 99999a 2500 00000I 
HPD02881000HPCPHI19570100280020600 00021A 2500 00021P 
HPD02881000HPCPHI19570200010020100 00000g 2500 00000  
HPD02881000HPCPHI19570200170041700 00017  1800 00001  1900 00001  2500 00019  
HPD02881000HPCPHI19570200190050400 00001  1400 00003  1500 00001  1600 00001  2500 00006  
HPD02881000HPCPHI19570200210022400 00020  2500 00020  
HPD02881000HPCPHI19570200220040100 00003  0200 00005  0400 00005  2500 00013  
HPD02881000HPCPHI19570200230031300 99999a 1900 00015A 2500 00015  
HPD02881000HPCPHI19570300010020100 00000g 2500 00000  
HPD02881000HPCPHI19570300100081100 00012  1200 00015  1300 00006  1400 00004  1700 00007  1800 00002  2000 00003  2500 00049  
HPD02881000HPCPHI19570300190062000 00011  2100 00012  2200 00014  2300 00002  2400 00004  2500 00043  
HPD02881000HPCPHI19570300200060700 00010  1000 00004  1100 00003  1300 00002  1600 00001  2500 00020  
HPD02881000HPCPHI19570400010020100 00000g 2500 00000  
HPD02881000HPCPHI19570400210021700 00007  2500 00007  
HPD02881000HPCPHI19570400220021600 00007  2500 00007  
HPD02881000HPCPHI19570500010020100 00000g 2500 00000  
HPD02881000HPCPHI19570500060031800 00004  1900 00001  2500 00005  
HPD02881000HPCPHI19570500120070900 00007  1000 00025  1100 00009  1500 00001  1600 00001  1700 00001  2500 00044  
HPD02881000HPCPHI19570600010020100 00000g 2500 00000  
HPD02881000HPCPHI19570600030031700 99999a 2100 00004A 2500 00004  
HPD02881000HPCPHI19570600290042000 00010  2100 00015  2200 00004  2500 00029  
HPD02881000HPCPHI19570700010020100 00000g 2500 00000  
HPD02881000HPCPHI19570700040031900 99999a 2200 00021A 2500 00021  
HPD02881000HPCPHI19570700060031900 00048  2000 00013  2500 00061  
HPD02881000HPCPHI19570700070031800 99999a 2200 00024A 2500 00024  
HPD02881000HPCPHI19570700080022300 99999a 2500 00000I 
HPD02881000HPCPHI19570700090040400 00015A 1600 99999a 2100 00021A 2500 00036P 
HPD02881000HPCPHI19570700150031800 99999a 2200 00027A 2500 00027  
HPD02881000HPCPHI19570700160031600 00004  1700 00006  2500 00010  
HPD02881000HPCPHI19570700170030200 99999a 0500 00003A 2500 00003  
HPD02881000HPCPHI19570700180031200 99999a 1700 00043A 2500 00043  
HPD02881000HPCPHI19570700190030800 99999a 1200 00004A 2500 00004  
HPD02881000HPCPHI19570700270032100 99999a 2400 00057A 2500 00057  
HPD02881000HPCPHI19570800010040100 00000g 1900 99999a 2200 00059A 2500 00059  
HPD02881000HPCPHI19570800040031400 99999a 1800 00023A 2500 00023  
HPD02881000HPCPHI19570800160031900 99999a 2300 00010A 2500 00010  
HPD02881000HPCPHI19570800170032100 99999a 2400 00009A 2500 00009  
HPD02881000HPCPHI19570800220031700 99999a 2400 00013A 2500 00013  
HPD02881000HPCPHI19570800310031500 99999[ 2400 99999] 2500 00000I 
HPD02881000HPCPHI19570900010020100 00000g 2500 00000  
HPD02881000HPCPHI19571000010020100 00000g 2500 00000  
HPD02881000HPCPHI19571000120040500 00034  0600 00026  0700 00015  2500 00075  
HPD02881000HPCPHI19571000140080700 00001  0800 00003  1200 00005  1500 00015  1600 00001  2000 00001  2100 00001  2500 00027  
HPD02881000HPCPHI19571000150040600 00001  1700 00001  1800 00003  2500 00005  
HPD02881000HPCPHI19571000220070500 00027  0600 00017  0700 00007  0800 00001  1100 00001  1200 00001  2500 00054  
HPD02881000HPCPHI19571000280060700 00018  0800 00002  1300 00001  1400 00001  1600 00002  2500 00024  
HPD02881000HPCPHI19571000300032000 00002  2200 00010  2500 00012  
HPD02881000HPCPHI19571000310100100 00003  0200 00011  0300 00005  0400 00003  0700 00039  1100 00013  1200 00017  1400 00005  1900 00001  2500 00097  
HPD02881000HPCPHI19571100010030100 00000g 1000 00002  2500 00002  
HPD02881000HPCPHI19571100150032100 00002  2300 00004  2500 00006  
HPD02881000HPCPHI19571100160020800 00001  2500 00001  
HPD02881000HPCPHI19571100300030100 99999[ 2400 99999] 2500 00000I 
HPD02881000HPCPHI19571200010020100 00000g 2500 00000  
HPD02881000HPCPHI19571200050090200 00001  0700 00004  0800 00005  1000 00001  1500 00005  2000 00001  2100 00016  2300 00010  2500 00043  
HPD02881000HPCPHI19571200150030900 99999a 1900 00078A 2500 00078  
HPD02881000HPCPHI19571200160020100 00003  2500 00003  
HPD02881000HPCPHI19580100010020100 00000g 2500 00000  
HPD02881000HPCPHI19580200010020100 00000g 2500 00000  
HPD02881000HPCPHI19580200030031500 00001  1600 00016  2500 00017  
HPD02881000HPCPHI19580200040121100 00007  1200 00016  1300 00003  1400 00021  1600 00001  1700 00001  1800 00005  2100 00018  2200 00029  2300 00012  2400 00033  2500 00146  
HPD02881000HPCPHI19580200050070100 00012  0200 00002  0300 00002  0700 00001  0800 00001  1400 00001  2500 00019  
HPD02881000HPCPHI19580300010020100 00000g 2500 00000  
HPD02881000HPCPHI19580300030021900 99999a 2500 00000I 
HPD02881000HPCPHI19580300280020800 00278A 2500 00278P 
HPD02881000HPCPHI19580400010020100 00000g 2500 00000  
HPD02881000HPCPHI19580400020060300 00002  0400 00015  0800 00003  1400 00002  1500 00002  2500 00024  
HPD02881000HPCPHI19580400030022200 00001  2500 00001  
HPD02881000HPCPHI19580400040060400 00002  0800 00002  0900 00002  1000 00002  1400 00003  2500 00011  
HPD02881000HPCPHI19580400070071800 00001  1900 00001  2100 00001  2200 00003  2300 00013  2400 00017  2500 00036  
HPD02881000HPCPHI19580400080100100 00013  0300 00003  0500 00001  0600 00001  0700 00003  1000 00003  1100 00014  1400 00003  1500 00001  2500 00042  
HPD02881000HPCPHI19580400160030900 00007  1600 00004  2500 00011  
HPD02881000HPCPHI19580500010020100 00000g 2500 00000  
HPD02881000HPCPHI19580600010020100 00000g 2500 00000  
HPD02881000HPCPHI19580600260041600 00001  1800 00031  1900 00004  2500 00036  
HPD02881000HPCPHI19580600270041200 00001  1800 00001  1900 00038  2500 00040  
HPD02881000HPCPHI19580600280020900 00001  2500 00001  
HPD02881000HPCPHI19580700010020100 00000g 2500 00000  
HPD02881000HPCPHI19580700140051400 00002  1700 00007  1800 00026  1900 00003  2500 00038  
HPD02881000HPCPHI19580700160021400 00001  2500 00001  
HPD02881000HPCPHI19580700170041300 00029  1400 00007  1600 00001  2500 00037  
HPD02881000HPCPHI19580700250041300 00001  2000 00072  2400 00001  2500 00074  
HPD02881000HPCPHI19580700290120200 00004  0400 00032  0500 00016  0600 00027  0700 00014  0800 00023  0900 00010  1000 00012  1100 00006  1200 00001  1500 00001  2500 00146  
HPD02881000HPCPHI19580800010020100 00000g 2500 00000  
HPD02881000HPCPHI19580800020022200 00038  2500 00038  
HPD02881000HPCPHI19580800040070600 00003  0700 00005  0900 00010  1300 00002  1400 00003  2300 00002  2500 00025  
HPD02881000HPCPHI19580800050050800 00002  1200 00002  1800 00067  1900 00005  2500 00076  
HPD02881000HPCPHI19580800100030600 00004  0700 00007  2500 00011  
HPD02881000HPCPHI19580800120022400 00033  2500 00033  
HPD02881000HPCPHI19580800130030200 00001  1600 00001  2500 00002  
HPD02881000HPCPHI19580800140041900 00011  2100 00007  2200 00010  2500 00028  
HPD02881000HPCPHI19580800160022100 00001  2500 00001  
HPD02881000HPCPHI19580800170040300 00021  0400 00012  1500 00001  2500 00034  
HPD02881000HPCPHI19580800180020800 00001  2500 00001  
HPD02881000HPCPHI19580800220022000 00025  2500 00025  
HPD02881000HPCPHI19580800230020800 00003  2500 00003  
HPD02881000HPCPHI19580800280040900 00002  1000 00010  1300 00002  2500 00014  
HPD02881000HPCPHI19580900010020100 00000g 2500 00000  
HPD02881000HPCPHI19580900020032000 00076  2100 00005  2500 00081  
HPD02881000HPCPHI19580900090022000 00002  2500 00002  
HPD02881000HPCPHI19580900100050800 00002  1700 00013  1800 00003  2000 00002  2500 00020  
HPD02881000HPCPHI19581000010020100 00000g 2500 00000  
HPD02881000HPCPHI19581000050060500 00011  0600 00014  0700 00005  1000 00002  1100 00011  2500 00043  
HPD02881000HPCPHI19581000060030600 00006  0800 00012  2500 00018  
HPD02881000HPCPHI19581000110021400 00002  2500 00002  
HPD02881000HPCPHI19581100010020100 00000g 2500 00000  
HPD02881000HPCPHI19581100150022000 99999a 2500 00000I 
HPD02881000HPCPHI19581100160021600 00108A 2500 00108P 
HPD02881000HPCPHI19581200010020100 00000g 2500 00000  
HPD02881000HPCPHI19590100010020100 00000g 2500 00000  
HPD02881000HPCPHI19590200010020100 00000g 2500 00000  
HPD02881000HPCPHI19590200020031700 00001  1800 00002  2500 00003  
HPD02881000HPCPHI19590200090080300 00001  0400 00043  0500 00001  0600 00006  0700 00004  0800 00002  1000 00001  2500 00058  
HPD02881000HPCPHI19590300010020100 00000g 2500 00000  
HPD02881000HPCPHI19590400010020100 00000g 2500 00000  
HPD02881000HPCPHI19590400300030100 99999[ 2400 99999] 2500 00000I 
HPD02881000HPCPHI19590500010020100 00000g 2500 00000  
HPD02881000HPCPHI19590600010020100 00000g 2500 00000  
HPD02881000HPCPHI19590600290031600 99999a 2100 00066A 2500 00066  
HPD02881000HPCPHI19590600300030100 99999[ 2400 99999] 2500 00000I 
HPD02881000HPCPHI19590700010020100 00000g 2500 00000  
HPD02881000HPCPHI19590700030031700 99999a 2000 00004A 2500 00004  
HPD02881000HPCPHI19590700130031900 99999a 2400 00024A 2500 00024  
HPD02881000HPCPHI19590700150052100 00028  2200 00016  2300 00012  2400 00001  2500 00057  
HPD02881000HPCPHI19590700160050200 00002  0400 00004  2100 00010  2200 00008  2500 00024  
HPD02881000HPCPHI19590700170032100 00022  2200 00006  2500 00028  
HPD02881000HPCPHI19590700180031900 99999a 2200 00004A 2500 00004  
HPD02881000HPCPHI19590700210041900 00011  2000 00018  2100 00004  2500 00033  
HPD02881000HPCPHI19590700230032100 00007  2200 00004  2500 00011  
HPD02881000HPCPHI19590700250020100 00007  2500 00007  
HPD02881000HPCPHI19590700260051900 00002  2000 00054  2200 00002  2300 00010  2500 00068  
HPD02881000HPCPHI19590700270050100 00002  0400 00008  2000 99999a 2400 00008A 2500 00018  
HPD02881000HPCPHI19590700280022400 00006  2500 00006  
HPD02881000HPCPHI19590700290020400 00007  2500 00007  
HPD02881000HPCPHI19590700300022000 00041  2500 00041  
HPD02881000HPCPHI19590700310021400 00007  2500 00007  
HPD02881000HPCPHI19590800010030100 00000g 1300 00008  2500 00008  
HPD02881000HPCPHI19590800020051800 00018  2000 00043  2200 00024  2300 00005  2500 00090  
HPD02881000HPCPHI19590800080042000 00002  2100 00002  2200 00002  2500 00006  
HPD02881000HPCPHI19590800090040400 00026  0500 00002  0800 00003  2500 00031  
HPD02881000HPCPHI19590800130041400 00002  1500 00004  1600 00002  2500 00008  
HPD02881000HPCPHI19590800140041000 00003  1100 00031  1700 00001  2500 00035  
HPD02881000HPCPHI19590800160041500 00074  1600 00013  1700 00005  2500 00092  
HPD02881000HPCPHI19590800190022100 00030  2500 00030  
HPD02881000HPCPHI19590800220022000 00013  2500 00013  
HPD02881000HPCPHI19590800230051500 00005  1600 00005  1700 00010  2400 00001  2500 00021  
HPD02881000HPCPHI19590900010020100 00000g 2500 00000  
HPD02881000HPCPHI19590900110031300 99999a 1900 00007A 2500 00007  
HPD02881000HPCPHI19591000010020100 00000g 2500 00000  
HPD02881000HPCPHI19591000290021600 00009  2500 00009  
HPD02881000HPCPHI19591000300071000 00003  1100 00060  1200 00005  1300 00009  1400 00007  1500 00003  2500 00087  
HPD02881000HPCPHI19591100010020100 00000g 2500 00000  
HPD02881000HPCPHI19591100020030400 00010  0700 00011  2500 00021  
HPD02881000HPCPHI19591200010020100 00000g 2500 00000  
HPD02881000HPCPHI19591200090030200 99999a 1600 00110A 2500 00110  
HPD02881000HPCPHI19591200100030100 99999a 1900 00060A 2500 00060  
HPD02881000HPCPHI19591200130021700 00002  2500 00002  
HPD02881000HPCPHI19591200240151100 00001  1200 00002  1300 00002  1400 00004  1500 00004  1600 00038  1700 00005  1800 00023  1900 00004  2000 00005  2100 00005  2200 00005  2300 00005  2400 00001  2500 00104  
HPD02881000HPCPHI19591200250040500 00002  0600 00005  0700 00001  2500 00008  
HPD02881000HPCPHI19591200260040100 00022  0200 00002  0300 00002  2500 00026  
HPD02881000HPCPHI19591200310041800 00017  1900 00020  2000 00016  2500 00053  
HPD02881000HPCPHI19600100010030100 99999a 2400 00017A 2500 00017  
HPD02881000HPCPHI19600100110120900 00004  1000 00019  1100 00004  1200 00025  1300 00034  1400 00015  1500 00008  1600 00004  1700 00019  2200 00004  2300 00001  2500 00137  
HPD02881000HPCPHI19600100130070500 00001  0600 00001  0700 00009  0800 00001  0900 00025  1500 00024  2500 00061  
HPD02881000HPCPHI19600100160040200 00004  1100 00007  1200 00028  2500 00039  
HPD02881000HPCPHI19600200010020100 00000g 2500 00000  
HPD02881000HPCPHI19600200020030600 00001  0700 00001  2500 00002  
HPD02881000HPCPHI19600200100021400 99999a 2500 00000I 
HPD02881000HPCPHI19600200110020800 00058A 2500 00058P 
HPD02881000HPCPHI19600300010020100 00000g 2500 00000  
HPD02881000HPCPHI19600300230042000 00005  2100 00023  2200 00009  2500 00037  
HPD02881000HPCPHI19600400010020100 00000g 2500 00000  
HPD02881000HPCPHI19600500010020100 99999[ 2500 00000I 
HPD02881000HPCPHI19600500310022400 99999] 2500 00000I 
HPD02881000HPCPHI19600600010020100 99999[ 2500 00000I 
HPD02881000HPCPHI19600600300022400 99999] 2500 00000I 
HPD02881000HPCPHI19600700010020100 99999[ 2500 00000I 
HPD02881000HPCPHI19600700310022400 99999] 2500 00000I 
HPD02881000HPCPHI19600800010020100 99999[ 2500 00000I 
HPD02881000HPCPHI19600800310022400 99999] 2500 00000I 
HPD02881000HPCPHI19600900010020100 99999[ 2500 00000I 
HPD02881000HPCPHI19600900300022400 99999] 2500 00000I 
HPD02881000HPCPHI19601000010020100 99999[ 2500 00000I 
HPD02881000HPCPHI19601000310022400 99999] 2500 00000I 
HPD02881000HPCPHI19601100010020100 99999[ 2500 00000I 
HPD02881000HPCPHI19601100300022400 99999] 2500 00000I 
HPD02881000HPCPHI19601200010020100 99999[ 2500 00000I 
HPD02881000HPCPHI19601200310022400 99999] 2500 00000I 
HPD02881000HPCPHI19610100010020100 99999[ 2500 00000I 
HPD02881000HPCPHI19610100310022400 99999] 2500 00000I 
HPD02881000HPCPHI19610200010020100 99999[ 2500 00000I 
HPD02881000HPCPHI19610200280022400 99999] 2500 00000I 
HPD02881000HPCPHI19610300010020100 99999[ 2500 00000I 
HPD02881000HPCPHI19610300310022400 99999] 2500 00000I 
HPD02881000HPCPHI19610400010020100 99999[ 2500 00000I 
HPD02881000HPCPHI19610400300022400 99999] 2500 00000I 
HPD02881000HPCPHI19610500010020100 00000g 2500 00000  
HPD02881000HPCPHI19610600010020100 99999[ 2500 00000I 
HPD02881000HPCPHI19610600300022400 99999] 2500 00000I 
HPD02881000HPCPHI19610700010020100 99999[ 2500 00000I 
HPD02881000HPCPHI19610700310022400 99999] 2500 00000I 
HPD02881000HPCPHI19610800010020100 99999[ 2500 00000I 
HPD02881000HPCPHI19610800310022400 99999] 2500 00000I 
HPD02881000HPCPHI19610900010020100 99999[ 2500 00000I 
HPD02881000HPCPHI19610900300022400 99999] 2500 00000I 
HPD02881000HPCPHI19611000010020100 99999[ 2500 00000I 
HPD02881000HPCPHI19611000310022400 99999] 2500 00000I 
HPD02881000HPCPHI19611100010020100 99999[ 2500 00000I 
HPD02881000HPCPHI19611100300022400 99999] 2500 00000I 
HPD02881000HPCPHI19611200010020100 99999[ 2500 00000I 
HPD02881000HPCPHI19611200310022400 99999] 2500 00000I 
HPD02881000HPCPHI19620100010020100 99999[ 2500 00000I 
HPD02881000HPCPHI19620100310022400 99999] 2500 00000I 
HPD02881000HPCPHI19620200010020100 99999[ 2500 00000I 
HPD02881000HPCPHI19620200280022400 99999] 2500 00000I 
HPD02881000HPCPHI19620300010020100 99999[ 2500 00000I 
HPD02881000HPCPHI19620300310022400 99999] 2500 00000I 
HPD02881000HPCPHI19620400010020100 99999[ 2500 00000I 
HPD02881000HPCPHI19620400300022400 99999] 2500 00000I 
HPD02881000HPCPHI19620500010020100 99999[ 2500 00000I 
HPD02881000HPCPHI19620500310022400 99999] 2500 00000I 
HPD02881000HPCPHI19620600010020100 99999[ 2500 00000I 
HPD02881000HPCPHI19620600300022400 99999] 2500 00000I 
HPD02881000HPCPHI19620700010020100 99999[ 2500 00000I 
HPD02881000HPCPHI19620700310022400 99999] 2500 00000I 
HPD02881000HPCPHI19620800010020100 99999[ 2500 00000I 
HPD02881000HPCPHI19620800310022400 99999] 2500 00000I 
HPD02881000HPCPHI19620900010020100 99999[ 2500 00000I 
HPD02881000HPCPHI19620900300022400 99999] 2500 00000I 
HPD02881000HPCPHI19621000010020100 99999[ 2500 00000I 
HPD02881000HPCPHI19621000310022400 99999] 2500 00000I 
HPD02881000HPCPHI19621100010020100 99999[ 2500 00000I 
HPD02881000HPCPHI19621100300022400 99999] 2500 00000I 
HPD02881000HPCPHI19621200010020100 99999[ 2500 00000I 
HPD02881000HPCPHI19621200310022400 99999] 2500 00000I 
HPD02881000HPCPHI19630100010020100 00000g 2500 00000  
HPD02881000HPCPHI19630100020032300 00001  2400 00002  2500 00003  
HPD02881000HPCPHI19630100030090100 00002  0300 00002  0400 00014  0500 00006  0600 00003  0700 00010  1300 00009  1400 00014  2500 00060  
HPD02881000HPCPHI19630100100021900 00005  2500 00005  
HPD02881000HPCPHI19630100110090200 00005  0300 00004  0400 00012  0500 00006  0600 00003  0700 00014  0800 00006  0900 00004  2500 00054  
HPD02881000HPCPHI19630100310030100 99999[ 2400 99999] 2500 00000I 
HPD02881000HPCPHI19630200010020100 00000g 2500 00000  
HPD02881000HPCPHI19630200100071200 00006  1300 00005  1400 00008  1500 00016  1600 00037  1700 00013  2500 00085  
HPD02881000HPCPHI19630200110060300 00005  0400 00003  0500 00007  0600 00006  0700 00001  2500 00022  
HPD02881000HPCPHI19630200280030100 99999[ 2400 99999] 2500 00000I 
HPD02881000HPCPHI19630300010020100 00000g 2500 00000  
HPD02881000HPCPHI19630300170062000 00008  2100 00010  2200 00015  2300 00003  2400 00010  2500 00046  
HPD02881000HPCPHI19630300180020100 00005  2500 00005  
HPD02881000HPCPHI19630300310030100 99999[ 2400 99999] 2500 00000I 
HPD02881000HPCPHI19630400010020100 00000g 2500 00000  
HPD02881000HPCPHI19630400250071500 00008  1600 00025  1700 00015  1800 00005  1900 00015  2000 00005  2500 00073  
HPD02881000HPCPHI19630400300030100 99999[ 2400 99999] 2500 00000I 
HPD02881000HPCPHI19630500010020100 00000g 2500 00000  
HPD02881000HPCPHI19630600010020100 00000g 2500 00000  
HPD02881000HPCPHI19630600300030100 99999[ 2400 99999] 2500 00000I 
HPD02881000HPCPHI19630700010020100 00000g 2500 00000  
HPD02881000HPCPHI19630700210021600 00004  2500 00004  
HPD02881000HPCPHI19630700220032300 00002  2400 00001  2500 00003  
HPD02881000HPCPHI19630700260040100 00013  1900 00030  2000 00002  2500 00045  
HPD02881000HPCPHI19630700270041900 00023  2000 00013  2100 00004  2500 00040  
HPD02881000HPCPHI19630800010020100 00000g 2500 00000  
HPD02881000HPCPHI19630800040021500 00004  2500 00004  
HPD02881000HPCPHI19630800050022100 00004  2500 00004  
HPD02881000HPCPHI19630800060021800 00017  2500 00017  
HPD02881000HPCPHI19630800140052000 00004  2100 00005  2200 00001  2300 00005  2500 00015  
HPD02881000HPCPHI19630800150031400 00001  1700 00015  2500 00016  
HPD02881000HPCPHI19630800160021900 00084  2500 00084  
HPD02881000HPCPHI19630800220031900 00068  2000 00019  2500 00087  
HPD02881000HPCPHI19630900010020100 00000g 2500 00000  
HPD02881000HPCPHI19630900030032100 00017  2200 00001  2500 00018  
HPD02881000HPCPHI19630900040031500 00008  1600 00017  2500 00025  
HPD02881000HPCPHI19631000010020100 00000g 2500 00000  
HPD02881000HPCPHI19631000180031900 00005  2000 00002  2500 00007  
HPD02881000HPCPHI19631000190060200 00007  0300 00032  0400 00011  0500 00013  0700 00009  2500 00072  
HPD02881000HPCPHI19631100010020100 00000g 2500 00000  
HPD02881000HPCPHI19631100070080700 00011  0800 00020  0900 00005  1000 00002  1100 00002  1200 00009  1300 00005  2500 00054  
HPD02881000HPCPHI19631100180031200 99999a 1500 00009A 2500 00009  
HPD02881000HPCPHI19631100210040100 00012  0200 99999a 1600 00049A 2500 00061  
HPD02881000HPCPHI19631200010020100 99999[ 2500 00000I 
HPD02881000HPCPHI19631200310022400 99999] 2500 00000I 
HPD02881000HPCPHI19640100010020100 99999[ 2500 00000I 
HPD02881000HPCPHI19640100310022400 99999] 2500 00000I 
HPD02881000HPCPHI19640200010020100 99999[ 2500 00000I 
HPD02881000HPCPHI19640200290022400 99999] 2500 00000I 
HPD02881000HPCPHI19640300010020100 00000g 2500 00000  
HPD02881000HPCPHI19640300020022200 99999a 2500 00000I 
HPD02881000HPCPHI19640300030020900 00073A 2500 00073P 
HPD02881000HPCPHI19640300080030100 00002  0200 00008  2500 00010  
HPD02881000HPCPHI19640400010020100 00000g 2500 00000  
HPD02881000HPCPHI19640400040090300 00006  0400 00010  0500 00022  0600 00011  0700 00013  0800 00001  1400 00004  1500 00001  2500 00068  
HPD02881000HPCPHI19640500010020100 00000g 2500 00000  
HPD02881000HPCPHI19640600010020100 00000g 2500 00000  
HPD02881000HPCPHI19640600270021900 00012  2500 00012  
HPD02881000HPCPHI19640700010020100 00000g 2500 00000  
HPD02881000HPCPHI19640700090021500 00028  2500 00028  
HPD02881000HPCPHI19640700120021900 00008  2500 00008  
HPD02881000HPCPHI19640700140061900 00033  2000 00014  2100 00095  2200 00012  2300 00007  2500 00161  
HPD02881000HPCPHI19640700210032200 00002  2300 00005  2500 00007  
HPD02881000HPCPHI19640700220041900 00006  2000 00022  2100 00003  2500 00031  
HPD02881000HPCPHI19640700240031900 00004  2000 00001  2500 00005  
HPD02881000HPCPHI19640700290032100 00002  2200 00017  2500 00019  
HPD02881000HPCPHI19640700300030100 00001  0200 00011  2500 00012  
HPD02881000HPCPHI19640700310070900 00001  1000 00148  1100 00012  1200 00001  1300 00001  1400 00001  2500 00164  
HPD02881000HPCPHI19640800010090100 00000g 1200 00034  1300 00019  1400 00001  1500 00001  1600 00001  1700 00011  1800 00005  2500 00072  
HPD02881000HPCPHI19640800020020100 00002  2500 00002  
HPD02881000HPCPHI19640800070021100 00002  2500 00002  
HPD02881000HPCPHI19640800080042200 00016  2300 00006  2400 00004  2500 00026  
HPD02881000HPCPHI19640800090020200 00002  2500 00002  
HPD02881000HPCPHI19640800260050300 00023  0400 00010  0500 00003  2400 00011  2500 00047  
HPD02881000HPCPHI19640800270030200 00018  0300 00061  2500 00079  
HPD02881000HPCPHI19640900010020100 00000g 2500 00000  
HPD02881000HPCPHI19640900060081400 00059  1500 00148  1600 00055  1700 00001  1900 00002  2100 00003  2200 00006  2500 00274  
HPD02881000HPCPHI19640900070021600 00033  2500 00033  
HPD02881000HPCPHI19640900080021600 00004  2500 00004  
HPD02881000HPCPHI19640900090051500 00002  1600 00010  2300 00001  2400 00004  2500 00017  
HPD02881000HPCPHI19640900100090100 00007  0200 00009  0300 00010  0400 00016  0500 00014  0600 00001  0900 00001  1000 00008  2500 00066  
HPD02881000HPCPHI19640900110022100 00008  2500 00008  
HPD02881000HPCPHI19640900140021500 00063  2500 00063  
HPD02881000HPCPHI19640900230020600 00012  2500 00012  
HPD02881000HPCPHI19641000010020100 00000g 2500 00000  
HPD02881000HPCPHI19641000160041700 00035  2100 00014  2200 00003  2500 00052  
HPD02881000HPCPHI19641000170050500 00003  0600 00001  0700 00001  0900 00001  2500 00006  
HPD02881000HPCPHI19641000180041400 00001  1500 00009  1700 00012  2500 00022  
HPD02881000HPCPHI19641100010020100 00000g 2500 00000  
HPD02881000HPCPHI19641100150042000 00007  2100 00005  2200 00002  2500 00014  
HPD02881000HPCPHI19641100160070200 00002  0300 00004  0400 00005  0500 00001  0900 00007  1000 00023  2500 00042  
HPD02881000HPCPHI19641100180071300 00013  1400 00016  1500 00009  1700 00001  1800 00001  1900 00003  2500 00043  
HPD02881000HPCPHI19641200010020100 00000g 2500 00000  
HPD02881000HPCPHI19641200180030900 00004  1000 00018  2500 00022  
HPD02881000HPCPHI19641200280021600 99999[ 2500 00000I 
HPD02881000HPCPHI19641200310022400 99999] 2500 00000I 
HPD02881000HPCPHI19650100010020100 99999[ 2500 00000I 
HPD02881000HPCPHI19650100310022400 99999] 2500 00000I 
HPD02881000HPCPHI19650200010020100 99999[ 2500 00000I 
HPD02881000HPCPHI19650200280022400 99999] 2500 00000I 
