HPD02232903HPCPHT20080100010020100 00000g 2500 00000  
HPD02232903HPCPHT20080100050111300 00010  1400 00010  1500 00010  1600 00010  1700 00010  1800 00010  1900 00010  2100 00010  2200 00010  2300 00020  2500 00110  
HPD02232903HPCPHT20080100060080100 00020  0200 00010  0400 00010  0500 00010  0700 00010  1800 00010  2200 00010  2500 00080  
HPD02232903HPCPHT20080100070120100 00010  0200 00010  0400 00010  0500 00010  0700 00020  0900 00020  1000 00020  1100 00010  1200 00020  1300 00020  1500 00020  2500 00170  
HPD02232903HPCPHT20080100080041300 00010  1400 00020  1500 00010  2500 00040  
HPD02232903HPCPHT20080100090051200 00010  1300 00010  1400 00020  1700 00010  2500 00050  
HPD02232903HPCPHT20080100100021400 00010  2500 00010  
HPD02232903HPCPHT20080100250021400 00010  2500 00010  
HPD02232903HPCPHT20080100270110600 00020  0700 00020  0800 00020  0900 00010  1000 00010  1100 00010  1200 00020  1300 00010  1400 00020  1500 00020  2500 00160  
HPD02232903HPCPHT20080200010020100 00000g 2500 00000  
HPD02232903HPCPHT20080200030022300 00010  2500 00010  
HPD02232903HPCPHT20080200040020500 00010  2500 00010  
HPD02232903HPCPHT20080200050021600 00010  2500 00010  
HPD02232903HPCPHT20080200060021600 00010  2500 00010  
HPD02232903HPCPHT20080200070031300 00010  1500 00010  2500 00020  
HPD02232903HPCPHT20080200150030900 00010  1100 00010  2500 00020  
HPD02232903HPCPHT20080200200022200 00010  2500 00010  
HPD02232903HPCPHT20080200220081100 00010  1200 00010  1400 00010  1600 00010  1700 00010  1800 00010  2000 00010  2500 00070  
HPD02232903HPCPHT20080200230021200 00010  2500 00010  
HPD02232903HPCPHI20080300010020100 99999[ 2500 00000I 
HPD02232903HPCPHI20080300310022400 99999] 2500 00000I 
HPD02232903HPCPHT20080400010020100 99999[ 2500 00000I 
HPD02232903HPCPHT20080400060021100 99999] 2500 00000I 
HPD02232903HPCPHT20080400260021600 00010  2500 00010  
HPD02232903HPCPHT20080500010020100 00000g 2500 00000  
HPD02232903HPCPHT20080500040021600 00010  2500 00010  
HPD02232903HPCPHT20080500100021500 00010  2500 00010  
HPD02232903HPCPHT20080500130020800 00010  2500 00010  
HPD02232903HPCPHT20080500230051500 00010  1700 00020  2000 00020  2100 00010  2500 00060  
HPD02232903HPCPHT20080500240040700 00010  1200 00010  1500 00010  2500 00030  
HPD02232903HPCPHT20080500290021600 99999[ 2500 00000I 
HPD02232903HPCPHT20080500310022400 99999] 2500 00000I 
HPD02232903HPCPHT20080600010020100 99999[ 2500 00000I 
HPD02232903HPCPHT20080600090030500 99999] 1000 00010  2500 00010I 
HPD02232903HPCPHT20080700010030100 00000g 1000 00010  2500 00010  
HPD02232903HPCPHT20080700040032000 00010  2200 00010  2500 00020  
HPD02232903HPCPHT20080700050021500 00010  2500 00010  
HPD02232903HPCPHT20080700070020300 00010  2500 00010  
HPD02232903HPCPHT20080700090031700 00020  1800 00050  2500 00070  
HPD02232903HPCPHT20080700100061800 00030  1900 00010  2200 00010  2300 00010  2400 00010  2500 00070  
HPD02232903HPCPHT20080700110020100 00010  2500 00010  
HPD02232903HPCPHT20080700120032000 00010  2100 00040  2500 00050  
HPD02232903HPCPHT20080700130021200 00010  2500 00010  
HPD02232903HPCPHT20080700150020300 00020  2500 00020  
HPD02232903HPCPHT20080700200040700 00010  0900 00010  1400 00010  2500 00030  
HPD02232903HPCPHT20080700210021400 00020  2500 00020  
HPD02232903HPCPHT20080700250041900 00010  2000 00050  2100 00010  2500 00070  
HPD02232903HPCPHT20080700260041500 00080  1600 00060  1800 00010  2500 00150  
HPD02232903HPCPHT20080800010030100 00000g 1200 00010  2500 00010  
HPD02232903HPCPHT20080800040021700 00010  2500 00010  
HPD02232903HPCPHT20080800050031600 00030  2100 00010  2500 00040  
HPD02232903HPCPHT20080800070021800 00010  2500 00010  
HPD02232903HPCPHT20080800080031800 00010  1900 00030  2500 00040  
HPD02232903HPCPHT20080800100021500 00010  2500 00010  
HPD02232903HPCPHT20080800140021700 00030  2500 00030  
HPD02232903HPCPHT20080800150021200 00010  2500 00010  
HPD02232903HPCPHT20080800170021200 00010  2500 00010  
HPD02232903HPCPHT20080800250061200 00010  2000 00010  2100 00010  2200 00020  2300 00020  2500 00070  
HPD02232903HPCPHT20080800260021200 00010  2500 00010  
HPD02232903HPCPHT20080800270021100 00010  2500 00010  
HPD02232903HPCPHT20080800290021500 99999[ 2500 00000I 
HPD02232903HPCPHT20080800310022400 99999] 2500 00000I 
HPD02232903HPCPHT20080900010020100 99999[ 2500 00000I 
HPD02232903HPCPHT20080900040020900 99999] 2500 00000I 
HPD02232903HPCPHT20080900060021400 00010  2500 00010  
HPD02232903HPCPHT20080900090052000 00030  2100 00040  2200 00030  2300 00040  2500 00140  
HPD02232903HPCPHT20080900100031200 00010  2100 00010  2500 00020  
HPD02232903HPCPHT20080900150030700 00010  1100 00010  2500 00020  
HPD02232903HPCPHT20080900170021700 00010  2500 00010  
HPD02232903HPCPHT20080900280021500 00010  2500 00010  
HPD02232903HPCPHT20081000010020100 00000g 2500 00000  
HPD02232903HPCPHT20081100010030100 00000g 1100 00010  2500 00010  
HPD02232903HPCPHT20081100050021100 99999[ 2500 00000I 
HPD02232903HPCPHT20081100150020700 99999] 2500 00000I 
HPD02232903HPCPHT20081100260070900 00010  1000 00010  1100 00010  1300 00010  1800 00010  1900 00010  2500 00060  
HPD02232903HPCPHT20081100270070100 00020  0200 00020  0300 00070  0400 00020  0500 00010  1200 00010  2500 00150  
HPD02232903HPCPHT20081100280021500 00010  2500 00010  
HPD02232903HPCPHT20081200010020100 00000g 2500 00000  
HPD02232903HPCPHT20081200140020200 00010  2500 00010  
HPD02232903HPCPHT20081200150071600 00010  1800 00010  1900 00010  2000 00010  2300 00010  2400 00010  2500 00060  
HPD02232903HPCPHT20081200160140100 00010  0200 00020  0300 00010  0400 00010  0500 00010  0600 00010  0700 00010  0800 00010  0900 00010  1100 00010  1200 00030  1300 00020  1400 00010  2500 00170  
HPD02232903HPCPHT20081200170081000 00010  1200 00020  2000 00020  2100 00030  2200 00030  2300 00030  2400 00040  2500 00180  
HPD02232903HPCPHT20081200180050100 00030  0200 00030  1300 00010  1800 00010  2500 00080  
HPD02232903HPCPHT20081200190021500 00010  2500 00010  
HPD02232903HPCPHT20081200230021400 00010  2500 00010  
HPD02232903HPCPHT20081200240022400 00010  2500 00010  
HPD02232903HPCPHT20081200250140200 00010  1100 00010  1300 00010  1400 00010  1500 00010  1700 00010  1800 00010  1900 00010  2000 00030  2100 00020  2200 00010  2300 00030  2400 00040  2500 00210  
HPD02232903HPCPHT20081200260050100 00070  0200 00010  0300 00010  1300 00010  2500 00100  
HPD02232903HPCPHT20081200280021400 00010  2500 00010  
