HPD02080807HPCPHT20110100010030100 00000g 1300 00010  2500 00010  
HPD02080807HPCPHT20110100020021000 99999[ 2500 00000I 
HPD02080807HPCPHT20110100310022400 99999] 2500 00000I 
HPD02080807HPCPHT20110200010020100 99999[ 2500 00000I 
HPD02080807HPCPHT20110200280022400 99999] 2500 00000I 
HPD02080807HPCPHT20110300010020100 99999[ 2500 00000I 
HPD02080807HPCPHT20110300310022400 99999] 2500 00000I 
HPD02080807HPCPHT20110400010020100 99999[ 2500 00000I 
HPD02080807HPCPHT20110400020021200 99999] 2500 00000I 
HPD02080807HPCPHT20110400060022400 00010  2500 00010  
HPD02080807HPCPHT20110400090021800 00010  2500 00010  
HPD02080807HPCPHT20110500010020100 00000g 2500 00000  
HPD02080807HPCPHT20110500190020800 00010  2500 00010  
HPD02080807HPCPHT20110600010020100 00000g 2500 00000  
HPD02080807HPCPHT20110700010020100 00000g 2500 00000  
HPD02080807HPCPHT20110700020021700 00010  2500 00010  
HPD02080807HPCPHT20110700050021200 00020  2500 00020  
HPD02080807HPCPHT20110700090031700 00010  2200 00010  2500 00020  
HPD02080807HPCPHT20110700170022000 00020  2500 00020  
HPD02080807HPCPHT20110700190021900 00010  2500 00010  
HPD02080807HPCPHT20110700200031700 00010  2300 00020  2500 00030  
HPD02080807HPCPHT20110700210020100 00010  2500 00010  
HPD02080807HPCPHT20110700240031500 00010  1600 00020  2500 00030  
HPD02080807HPCPHT20110700250021900 00010  2500 00010  
HPD02080807HPCPHT20110700280041300 00030  1400 00010  1700 00010  2500 00050  
HPD02080807HPCPHT20110700300031600 00020  1700 00010  2500 00030  
HPD02080807HPCPHT20110700310021500 00010  2500 00010  
HPD02080807HPCPHT20110800010020100 00000g 2500 00000  
HPD02080807HPCPHT20110800020020700 99999[ 2500 00000I 
HPD02080807HPCPHT20110800070021000 99999] 2500 00000I 
HPD02080807HPCPHT20110800080021900 00010  2500 00010  
HPD02080807HPCPHT20110800110021500 00010  2500 00010  
HPD02080807HPCPHT20110800120022400 00010  2500 00010  
HPD02080807HPCPHT20110800150031400 00040  1500 00010  2500 00050  
HPD02080807HPCPHT20110800180041400 00020  1700 00010  2300 00010  2500 00040  
HPD02080807HPCPHT20110800190021700 00010  2500 00010  
HPD02080807HPCPHT20110800200031600 00040  1700 00010  2500 00050  
HPD02080807HPCPHT20110800210021600 00010  2500 00010  
HPD02080807HPCPHT20110800240031400 00010  1700 00010  2500 00020  
HPD02080807HPCPHT20110800310022000 00010  2500 00010  
HPD02080807HPCPHT20110900010020100 00000g 2500 00000  
HPD02080807HPCPHT20110900090022300 00010  2500 00010  
HPD02080807HPCPHT20110900130032300 00020  2400 00030  2500 00050  
HPD02080807HPCPHT20110900140020800 00010  2500 00010  
HPD02080807HPCPHT20111000010020100 00000g 2500 00000  
HPD02080807HPCPHT20111000030021800 00010  2500 00010  
HPD02080807HPCPHT20111000040041700 00010  1800 00010  2000 00010  2500 00030  
HPD02080807HPCPHT20111000050020100 00010  2500 00010  
HPD02080807HPCPHT20111000060021500 00010  2500 00010  
HPD02080807HPCPHT20111100010020100 00000g 2500 00000  
HPD02080807HPCPHT20111100050030400 00010  0900 00010  2500 00020  
HPD02080807HPCPHT20111100070021900 00010  2500 00010  
HPD02080807HPCPHT20111100130020900 00010  2500 00010  
HPD02080807HPCPHT20111100210020900 00010  2500 00010  
HPD02080807HPCPHT20111100240042200 00020  2300 00010  2400 00010  2500 00040  
HPD02080807HPCPHT20111100250030100 00010  0200 00010  2500 00020  
