HPD02770802HPCPHT20090100010030100 00000g 0800 99999[ 2500 00000I 
HPD02770802HPCPHT20090100070020300 99999] 2500 00000I 
HPD02770802HPCPHT20090100150021200 00010  2500 00010  
HPD02770802HPCPHT20090100230020500 00010  2500 00010  
HPD02770802HPCPHT20090100240030600 00010  0900 00010  2500 00020  
HPD02770802HPCPHT20090100280021700 00010  2500 00010  
HPD02770802HPCPHT20090200010030100 00000g 1300 00010  2500 00010  
HPD02770802HPCPHT20090200080050200 00010  0300 00030  0400 00010  0600 00010  2500 00060  
HPD02770802HPCPHT20090200090091000 00010  1300 00010  1500 00010  1700 00010  1800 00030  1900 00010  2000 00020  2200 00010  2500 00110  
HPD02770802HPCPHT20090200100030200 00010  1200 00010  2500 00020  
HPD02770802HPCPHT20090200110021500 00010  2500 00010  
HPD02770802HPCPHT20090200120021200 00010  2500 00010  
HPD02770802HPCPHT20090200170020300 00020  2500 00020  
HPD02770802HPCPHT20090300010020100 00000g 2500 00000  
HPD02770802HPCPHT20090300120021700 00010  2500 00010  
HPD02770802HPCPHT20090300140021500 00010  2500 00010  
HPD02770802HPCPHT20090400010020100 00000g 2500 00000  
HPD02770802HPCPHT20090400090021400 00010  2500 00010  
HPD02770802HPCPHT20090400110060500 00020  1200 00010  1400 00010  1700 00010  2100 00010  2500 00060  
HPD02770802HPCPHT20090400120040700 00010  1100 00010  1500 00010  2500 00030  
HPD02770802HPCPHT20090500010030100 00000g 1000 00010  2500 00010  
HPD02770802HPCPHT20090500220100400 00010  0500 00010  0600 00020  0700 00010  0900 00010  1000 00010  1600 00010  2200 00010  2400 00010  2500 00100  
HPD02770802HPCPHT20090500230050100 00020  0200 00010  0600 00020  1500 00020  2500 00070  
HPD02770802HPCPHT20090500240031000 00020  1100 00030  2500 00050  
HPD02770802HPCPHT20090500300021700 00020  2500 00020  
HPD02770802HPCPHT20090600010020100 00000g 2500 00000  
HPD02770802HPCPHT20090600220021500 00010  2500 00010  
HPD02770802HPCPHT20090700010020100 00000g 2500 00000  
HPD02770802HPCPHT20090700230021400 00010  2500 00010  
HPD02770802HPCPHT20090700260021500 00010  2500 00010  
HPD02770802HPCPHT20090700300021500 00010  2500 00010  
HPD02770802HPCPHT20090800010020100 00000g 2500 00000  
HPD02770802HPCPHT20090800120022100 00010  2500 00010  
HPD02770802HPCPHT20090900010030100 00000g 0800 99999[ 2500 00000I 
HPD02770802HPCPHT20090900300022400 99999] 2500 00000I 
HPD02770802HPCPHI20091000010020100 99999[ 2500 00000I 
HPD02770802HPCPHI20091000310022400 99999] 2500 00000I 
HPD02770802HPCPHT20091100010020100 99999[ 2500 00000I 
HPD02770802HPCPHT20091100090020300 99999] 2500 00000I 
HPD02770802HPCPHT20091100130020800 00010  2500 00010  
HPD02770802HPCPHT20091100140021100 00010  2500 00010  
HPD02770802HPCPHT20091100210021100 00010  2500 00010  
HPD02770802HPCPHT20091100280032000 00010  2200 00010  2500 00020  
HPD02770802HPCPHT20091200010020100 00000g 2500 00000  
HPD02770802HPCPHT20091200070150900 00010  1000 00010  1100 00020  1200 00010  1300 00010  1600 00010  1700 00010  1800 00010  1900 00010  2000 00010  2100 00010  2200 00020  2300 00030  2400 00020  2500 00190  
HPD02770802HPCPHT20091200080030100 00010  1200 00010  2500 00020  
HPD02770802HPCPHT20091200130021300 00010  2500 00010  
HPD02770802HPCPHT20091200220061200 00010  1700 00010  1900 00010  2000 00010  2200 00010  2500 00050  
HPD02770802HPCPHT20091200230040300 00010  1200 00010  1800 00010  2500 00030  
