HPD02157402HPCPHT20030100010020100 99999[ 2500 00000I 
HPD02157402HPCPHT20030100310022400 99999] 2500 00000I 
HPD02157402HPCPHT20030200010020100 99999[ 2500 00000I 
HPD02157402HPCPHT20030200280022400 99999] 2500 00000I 
HPD02157402HPCPHT20030300010020100 99999[ 2500 00000I 
HPD02157402HPCPHT20030300110021700 99999] 2500 00000I 
HPD02157402HPCPHT20030300160022100 00010  2500 00010  
HPD02157402HPCPHT20030300170050300 00010  0500 00010  0800 00010  1100 00010  2500 00040  
HPD02157402HPCPHT20030300180031000 00010  2000 00010  2500 00020  
HPD02157402HPCPHT20030300190020700 00010  2500 00010  
HPD02157402HPCPHT20030300220020900 00010  2500 00010  
HPD02157402HPCPHT20030300240021700 00010  2500 00010  
HPD02157402HPCPHT20030400010030100 00000g 1700 00010  2500 00010  
HPD02157402HPCPHT20030400190021400 00010  2500 00010  
HPD02157402HPCPHT20030400240021500 00010  2500 00010  
HPD02157402HPCPHT20030400290021500 00010  2500 00010  
HPD02157402HPCPHT20030500010020100 00000g 2500 00000  
HPD02157402HPCPHT20030500070031600 00010  1700 00030  2500 00040  
HPD02157402HPCPHT20030600010040100 00000g 0900 99999{ 1100 99999} 2500 00000P 
HPD02157402HPCPHT20030600200021500 00010  2500 00010  
HPD02157402HPCPHT20030700010020100 00000g 2500 00000  
HPD02157402HPCPHT20030700190031700 00080  1800 00020  2500 00100  
HPD02157402HPCPHT20030700200020700 00010  2500 00010  
HPD02157402HPCPHT20030700220021600 00020  2500 00020  
HPD02157402HPCPHT20030700230030200 00010  0900 00010  2500 00020  
HPD02157402HPCPHT20030700240020900 00010  2500 00010  
HPD02157402HPCPHT20030700250031000 00010  1800 00010  2500 00020  
HPD02157402HPCPHT20030700260020900 00010  2500 00010  
HPD02157402HPCPHT20030700270030200 00010  1000 00010  2500 00020  
HPD02157402HPCPHT20030700280022200 00010  2500 00010  
HPD02157402HPCPHT20030700290021900 00030  2500 00030  
HPD02157402HPCPHT20030700300020800 00010  2500 00010  
HPD02157402HPCPHT20030700310030800 00010  1400 00010  2500 00020  
HPD02157402HPCPHT20030800010040100 00000g 0500 00010  1600 00010  2500 00020  
HPD02157402HPCPHT20030800020021600 00010  2500 00010  
HPD02157402HPCPHT20030800030021400 00010  2500 00010  
HPD02157402HPCPHT20030800120021000 00010 R2500 00010 R
HPD02157402HPCPHT20030800140021900 00030 R2500 00030 R
HPD02157402HPCPHT20030800150021400 00040 R2500 00040 R
HPD02157402HPCPHT20030800190021500 00010 R2500 00010 R
HPD02157402HPCPHT20030800200030100 00010 R1300 00010 R2500 00020 R
HPD02157402HPCPHT20030800210021800 00060 R2500 00060 R
HPD02157402HPCPHT20030800220030100 00010 R1400 00010 R2500 00020 R
HPD02157402HPCPHT20030800240021900 00010 R2500 00010 R
HPD02157402HPCPHT20030800270021200 99999[ 2500 00000I 
HPD02157402HPCPHT20030800310022400 99999] 2500 00000I 
HPD02157402HPCPHT20030900010070100 99999[ 0900 99999] 1400 00010  1600 00010  1900 00010  2400 00010  2500 00040I 
HPD02157402HPCPHT20030900030031300 00030  1600 00010  2500 00040  
HPD02157402HPCPHT20030900040061300 00010  1400 00010  1500 00010  1600 00010  1900 00010  2500 00050  
HPD02157402HPCPHT20030900050020800 00010  2500 00010  
HPD02157402HPCPHT20030900090070800 00020  0900 00020  1100 00010  1300 00010  1600 00010  2300 00020  2500 00090  
HPD02157402HPCPHT20030900100021100 00010  2500 00010  
HPD02157402HPCPHT20030900190021400 00010  2500 00010  
HPD02157402HPCPHT20031000010020100 00000g 2500 00000  
HPD02157402HPCPHT20031000030030200 00010  0900 00010  2500 00020  
HPD02157402HPCPHT20031000040021400 00010  2500 00010  
HPD02157402HPCPHT20031000120021400 00010  2500 00010  
HPD02157402HPCPHT20031000300020700 00010  2500 00010  
HPD02157402HPCPHT20031000310022400 00010  2500 00010  
HPD02157402HPCPHT20031100010020100 00000g 2500 00000  
HPD02157402HPCPHT20031100020061300 00010  1600 00010  1700 00010  1800 00030  2200 00010  2500 00070  
HPD02157402HPCPHT20031100030040600 00050  1000 00010  1500 00010  2500 00070  
HPD02157402HPCPHT20031100070021200 00040  2500 00040  
HPD02157402HPCPHT20031100080040500 00010  1200 00020  1500 00010  2500 00040  
HPD02157402HPCPHT20031100120061100 00010  1200 00010  1900 00030  2100 00020  2200 00010  2500 00080  
HPD02157402HPCPHT20031100130050200 00010  0400 00010  0800 00010  1200 00010  2500 00040  
HPD02157402HPCPHT20031100180021300 00010  2500 00010  
HPD02157402HPCPHT20031100290021700 00010  2500 00010  
HPD02157402HPCPHT20031200010020100 00000g 2500 00000  
HPD02157402HPCPHT20031200080031600 00020  2100 00010  2500 00030  
HPD02157402HPCPHT20031200120021400 00010  2500 00010  
HPD02157402HPCPHT20031200130021200 00010  2500 00010  
HPD02157402HPCPHT20031200190021500 00010  2500 00010  
HPD02157402HPCPHT20031200260031200 00020  1300 00010  2500 00030  
HPD02157402HPCPHT20031200270021200 00010  2500 00010  
