HPD02877801HPCPHT20010100010020100 00000g 2500 00000  
HPD02877801HPCPHT20010100090050100 00010  0300 00010  0500 00010  1400 00010  2500 00040  
HPD02877801HPCPHT20010100110091500 00010  1600 00010  1700 00010  1800 00010  1900 00010  2000 00010  2100 00010  2300 00010  2500 00080  
HPD02877801HPCPHT20010100120030500 00010  1100 00010  2500 00020  
HPD02877801HPCPHT20010100270040300 00010  1000 00010  1300 00010  2500 00030  
HPD02877801HPCPHT20010100280021900 00010  2500 00010  
HPD02877801HPCPHT20010200010020100 00000g 2500 00000  
HPD02877801HPCPHT20010200130051600 00010  2000 00010  2100 00010  2200 00010  2500 00040  
HPD02877801HPCPHT20010200140040200 00010  1100 00010  1600 00010  2500 00030  
HPD02877801HPCPHT20010200260030400 00010  1900 00010  2500 00020  
HPD02877801HPCPHT20010200270031800 00010  2100 00010  2500 00020  
HPD02877801HPCPHT20010200280031600 00010  1700 00010  2500 00020  
HPD02877801HPCPHT20010300010020100 00000g 2500 00000  
HPD02877801HPCPHT20010300070030400 00010  1600 00010  2500 00020  
HPD02877801HPCPHT20010300110060400 00010  1300 00010  1600 00010  2300 00020  2400 00010  2500 00060  
HPD02877801HPCPHT20010400010020100 00000g 2500 00000  
HPD02877801HPCPHT20010400050022100 00010  2500 00010  
HPD02877801HPCPHT20010400070022300 00010  2500 00010  
HPD02877801HPCPHT20010400100060500 00010  0700 00010  1000 00010  1100 00010  1200 00010  2500 00050  
HPD02877801HPCPHT20010400210031100 00010  1400 00010  2500 00020  
HPD02877801HPCPHT20010400230021100 00010  2500 00010  
HPD02877801HPCPHT20010500010020100 00000g 2500 00000  
HPD02877801HPCPHT20010500120021200 00010  2500 00010  
HPD02877801HPCPHT20010600010030100 99999[ 0500 99999] 2500 00000I 
HPD02877801HPCPHT20010600230021900 00010  2500 00010  
HPD02877801HPCPHT20010700010030100 99999[ 0800 99999] 2500 00000I 
HPD02877801HPCPHT20010700140021300 00010  2500 00010  
HPD02877801HPCPHT20010700250032000 00050  2200 00010  2500 00060  
HPD02877801HPCPHT20010800010020100 00000g 2500 00000  
HPD02877801HPCPHT20010800140021700 00020  2500 00020  
HPD02877801HPCPHT20010800190022200 00020  2500 00020  
HPD02877801HPCPHT20010800200040500 00010  0600 00010  0700 00010  2500 00030  
HPD02877801HPCPHT20010900010030100 99999[ 0500 99999] 2500 00000I 
HPD02877801HPCPHT20010900020021500 00030  2500 00030  
HPD02877801HPCPHT20010900130021900 00010  2500 00010  
HPD02877801HPCPHT20010900180031600 99999{ 1700 99999} 2500 00000P 
HPD02877801HPCPHT20011000010020100 00000g 2500 00000  
HPD02877801HPCPHT20011000070020300 00010  2500 00010  
HPD02877801HPCPHT20011100010020100 00000g 2500 00000  
HPD02877801HPCPHT20011100040022300 00010  2500 00010  
HPD02877801HPCPHT20011100050070200 00010  0300 00020  0400 00010  0500 00010  1400 99999{ 1600 99999} 2500 00050P 
HPD02877801HPCPHT20011200010020100 00000g 2500 00000  
HPD02877801HPCPHT20011200040040700 00010  0900 00010  1200 00010  2500 00030  
HPD02877801HPCPHT20011200290041500 00010  1600 00010  1700 00010  2500 00030  
HPD02877801HPCPHT20011200310020900 00010  2500 00010  
