HPD02008007HPCPHT20010100010020100 00000g 2500 00000  
HPD02008007HPCPHT20010100020020900 99999[ 2500 00000I 
HPD02008007HPCPHT20010100030021000 99999] 2500 00000I 
HPD02008007HPCPHT20010100090021500 00020  2500 00020  
HPD02008007HPCPHT20010100120070500 00010  0600 00020  0700 00020  0800 00010  0900 00010  1100 00010  2500 00080  
HPD02008007HPCPHT20010100270050300 00010  0500 00030  0600 00010  1000 00010  2500 00060  
HPD02008007HPCPHT20010200010020100 00000g 2500 00000  
HPD02008007HPCPHT20010200130021400 00010  2500 00010  
HPD02008007HPCPHT20010200250022200 00010  2500 00010  
HPD02008007HPCPHT20010200270031700 00010  1900 00010  2500 00020  
HPD02008007HPCPHT20010200280041300 00010  1400 00020  1500 00010  2500 00040  
HPD02008007HPCPHT20010300010020100 00000g 2500 00000  
HPD02008007HPCPHT20010300070070100 00010  0400 00010  0500 00010  0700 00010  0800 00010  1800 00010  2500 00060  
HPD02008007HPCPHT20010400010020100 00000g 2500 00000  
HPD02008007HPCPHT20010400140021500 00010  2500 00010  
HPD02008007HPCPHT20010400250020900 00010  2500 00010  
HPD02008007HPCPHT20010500010020100 00000g 2500 00000  
HPD02008007HPCPHT20010600010020100 00000g 2500 00000  
HPD02008007HPCPHT20010700010020100 00000g 2500 00000  
HPD02008007HPCPHT20010700020030900 99999[ 1100 99999] 2500 00000I 
HPD02008007HPCPHT20010700040021600 00010  2500 00010  
HPD02008007HPCPHT20010700050041100 00010  1200 00010  1600 00010  2500 00030  
HPD02008007HPCPHT20010800010020100 00000g 2500 00000  
HPD02008007HPCPHT20010800020021300 00010  2500 00010  
HPD02008007HPCPHT20010800030021100 00010  2500 00010  
HPD02008007HPCPHT20010800040021200 00010  2500 00010  
HPD02008007HPCPHT20010800050020800 00010  2500 00010  
HPD02008007HPCPHT20010800070022000 00020  2500 00020  
HPD02008007HPCPHT20010800090020700 00010  2500 00010  
HPD02008007HPCPHT20010800120041400 00080  1900 00010  2000 00030  2500 00120  
HPD02008007HPCPHT20010800140031900 00030  2000 00020  2500 00050  
HPD02008007HPCPHT20010800160022000 00000 q2500 00000P 
HPD02008007HPCPHT20010900010020100 00000g 2500 00000  
HPD02008007HPCPHT20010900040020900 99999[ 2500 00000I 
HPD02008007HPCPHT20010900050020900 99999] 2500 00000I 
HPD02008007HPCPHT20011000010020100 00000g 2500 00000  
HPD02008007HPCPHT20011000020020900 00010  2500 00010  
HPD02008007HPCPHT20011100010020100 00000g 2500 00000  
HPD02008007HPCPHT20011200010020100 00000g 2500 00000  
HPD02008007HPCPHT20011200030021200 00010  2500 00010  
HPD02008007HPCPHT20011200040030400 00010  0600 00010  2500 00020  
