HPD02131406HPCPHT20050100010020100 00000g 2500 00000  
HPD02131406HPCPHT20050100020022400 00010  2500 00010  
HPD02131406HPCPHT20050100030070900 00010  1500 00010  1700 00020  1800 00030  2000 00010  2400 00010  2500 00090  
HPD02131406HPCPHT20050100040060800 00020  0900 00010  1000 00010  1100 00020  1300 00010  2500 00070  
HPD02131406HPCPHT20050100260051100 00010  1200 00010  1800 00010  1900 00020  2500 00050  
HPD02131406HPCPHT20050200010040100 00000g 1000 99999{ 1100 99999} 2500 00000P 
HPD02131406HPCPHT20050200110100200 00010  1100 00010  1300 00010  1500 00010  1800 00010  2100 00020  2200 00010  2300 00010  2400 00010  2500 00100  
HPD02131406HPCPHT20050200120080100 00010  0200 00010  0300 00010  0400 00010  0600 00020  0800 00010  1100 00010  2500 00080  
HPD02131406HPCPHT20050200180022300 00010  2500 00010  
HPD02131406HPCPHT20050200190060200 00010  0700 00010  1700 00010  2000 00010  2200 00010  2500 00050  
HPD02131406HPCPHT20050200200020200 00010  2500 00010  
HPD02131406HPCPHT20050200220040200 00010  0300 00010  1700 00010  2500 00030  
HPD02131406HPCPHT20050300010020100 00000g 2500 00000  
HPD02131406HPCPHT20050300050040100 00010  0900 00010  2300 00010  2500 00030  
HPD02131406HPCPHT20050300060020500 00010  2500 00010  
HPD02131406HPCPHT20050300290031000 99999{ 1100 99999} 2500 00000P 
HPD02131406HPCPHT20050400010020100 00000g 2500 00000  
HPD02131406HPCPHT20050400230032100 00020  2400 00010  2500 00030  
HPD02131406HPCPHT20050400240020100 00010  2500 00010  
HPD02131406HPCPHT20050500010020100 00000g 2500 00000  
HPD02131406HPCPHT20050500280040200 00010  2100 00010  2200 00010  2500 00030  
HPD02131406HPCPHT20050600010020100 00000g 2500 00000  
HPD02131406HPCPHT20050700010020100 00000g 2500 00000  
HPD02131406HPCPHT20050700300022100 00010  2500 00010  
HPD02131406HPCPHT20050800010020100 00000g 2500 00000  
HPD02131406HPCPHT20050800020052100 00030  2200 00010  2300 00020  2400 00010  2500 00070  
HPD02131406HPCPHT20050800030021100 00010  2500 00010  
HPD02131406HPCPHT20050800050022000 00020  2500 00020  
HPD02131406HPCPHT20050800080041100 00030  1200 00010  1300 00010  2500 00050  
HPD02131406HPCPHT20050800100021300 00010  2500 00010  
HPD02131406HPCPHT20050800110021800 00020  2500 00020  
HPD02131406HPCPHT20050800140030800 00040  1400 00010  2500 00050  
HPD02131406HPCPHT20050900010020100 00000g 2500 00000  
HPD02131406HPCPHT20051000010020100 00000g 2500 00000  
HPD02131406HPCPHT20051000170021800 00020  2500 00020  
HPD02131406HPCPHT20051000180020100 00020  2500 00020  
HPD02131406HPCPHT20051100010020100 00000g 2500 00000  
HPD02131406HPCPHT20051200010020100 00000g 2500 00000  
