HPD02876200HPCPHI19480700010040100 00000g 1300 99999[ 2400 99999] 2500 00000I 
HPD02876200HPCPHI19480700180022200 00002  2500 00002  
HPD02876200HPCPHI19480700220070200 00005  0300 00003  0400 00001  2200 00103  2300 00001  2400 00009  2500 00122  
HPD02876200HPCPHI19480700230060100 00005  0200 00007  0300 00005  0400 00001  0500 00003  2500 00021  
HPD02876200HPCPHI19480700310031300 99999[ 2400 99999] 2500 00000I 
HPD02876200HPCPHI19480800010040100 00000g 1300 99999[ 2400 99999] 2500 00000I 
HPD02876200HPCPHI19480800030040400 00007  0500 00049  0600 00008  2500 00064  
HPD02876200HPCPHI19480800040031600 00002  2400 00005  2500 00007  
HPD02876200HPCPHI19480800050020200 00003  2500 00003  
HPD02876200HPCPHI19480800060061900 00004  2000 00016  2100 00001  2300 00005  2400 00017  2500 00043  
HPD02876200HPCPHI19480800070070100 00017  0200 00001  0300 00001  0400 00009  0500 00003  0600 00002  2500 00033  
HPD02876200HPCPHI19480800210021000 00002  2500 00002  
HPD02876200HPCPHI19480900010040100 00000g 1300 99999[ 2400 99999] 2500 00000I 
HPD02876200HPCPHI19480900160070400 00001  0500 00007  0700 00006  0900 00002  1300 00020  1400 00021  2500 00057  
HPD02876200HPCPHI19480900290022000 00009  2500 00009  
HPD02876200HPCPHI19480900300021100 00002  2500 00002  
HPD02876200HPCPHI19481000010040100 00000g 1300 99999[ 2400 99999] 2500 00000I 
HPD02876200HPCPHI19481000180020100 99999a 2500 00000I 
HPD02876200HPCPHI19481000190022400 00058A 2500 00058P 
HPD02876200HPCPHI19481000300060700 00001  0800 00009  0900 00001  1500 00004  1600 00007  2500 00022  
HPD02876200HPCPHI19481100010040100 00000g 1300 99999[ 2400 99999] 2500 00000I 
HPD02876200HPCPHI19481200010040100 00000g 1300 99999[ 2400 99999] 2500 00000I 
HPD02876200HPCPHI19481200170101000 00003  1100 00004  1200 00005  1300 00005  1400 00001  1500 00004  1600 00001  1800 00004  2000 00004  2500 00031  
HPD02876200HPCPHI19481200220101400 00001  1500 00005  1600 00006  1700 00001  2000 00002  2100 00003  2200 00001  2300 00004  2400 00003  2500 00026  
HPD02876200HPCPHI19481200230090100 00009  0200 00011  0300 00008  0400 00004  0500 00006  0600 00001  0700 00001  0800 00001  2500 00041  
HPD02876200HPCPHI19481200270090600 00001  0700 00003  0800 00001  0900 00005  1000 00007  1100 00008  1200 00002  1300 00001  2500 00028  
HPD02876200HPCPHI19490100010040100 00000g 1300 99999[ 2400 99999] 2500 00000I 
HPD02876200HPCPHI19490100020030600 00001  0800 00004  2500 00005  
HPD02876200HPCPHI19490100040030400 00002  0500 00001  2500 00003  
HPD02876200HPCPHI19490100090031300 00001  1500 00010  2500 00011  
HPD02876200HPCPHI19490100100061100 00001  1200 00002  1300 00003  1400 00006  1500 00004  2500 00016  
HPD02876200HPCPHI19490100110021100 00004  2500 00004  
HPD02876200HPCPHI19490100120040900 00003  1600 00008  1700 00005  2500 00016  
HPD02876200HPCPHI19490100130100100 00002  0200 00005  0400 00011  0500 00004  0600 00004  0700 00009  0800 00002  0900 00003  1300 00001  2500 00041  
HPD02876200HPCPHI19490100140090400 00004  0500 00003  0900 00001  1000 00001  1200 00001  1300 00003  1400 00002  1600 00003  2500 00018  
HPD02876200HPCPHI19490100150031400 00003  1500 00001  2500 00004  
HPD02876200HPCPHI19490100190031700 00003  1800 00001  2500 00004  
HPD02876200HPCPHI19490100200041000 00005  1100 00007  1200 00008  2500 00020  
HPD02876200HPCPHI19490100240032300 00002  2400 00008  2500 00010  
HPD02876200HPCPHI19490100250180100 00010  0200 00010  0300 00015  0400 00007  0500 00008  0600 00003  0700 00008  0800 00010  0900 00001  1000 00002  1100 00004  1200 00001  1300 00002  1400 00001  1500 00003  1600 00001  1800 00004  2500 00090  
HPD02876200HPCPHI19490100300020600 00003  2500 00003  
HPD02876200HPCPHI19490200010040100 00000g 1300 99999[ 2400 99999] 2500 00000I 
HPD02876200HPCPHI19490200070022300 00002  2500 00002  
HPD02876200HPCPHI19490200270051500 00001  1600 00003  1700 00001  1800 00001  2500 00006  
HPD02876200HPCPHI19490200280040100 00001  0200 00001  0400 00002  2500 00004  
HPD02876200HPCPHI19490300010040100 00000g 1300 99999[ 2400 99999] 2500 00000I 
HPD02876200HPCPHI19490300310090300 00002  0400 00006  0500 00008  0600 00001  0800 00002  2200 00012  2300 00011  2400 00007  2500 00049  
HPD02876200HPCPHI19490400010060100 00005  0200 00004  0300 00005  0500 00005  0600 00008  2500 00027  
HPD02876200HPCPHI19490400070021700 00008  2500 00008  
HPD02876200HPCPHI19490500010040100 00000g 1300 99999[ 2400 99999] 2500 00000I 
HPD02876200HPCPHI19490500150021800 00003  2500 00003  
HPD02876200HPCPHI19490500160040100 00010  0200 00002  0300 00003  2500 00015  
HPD02876200HPCPHI19490500170070200 00012  1700 00005  1800 00014  1900 00013  2000 00002  2400 00009  2500 00055  
HPD02876200HPCPHI19490500180020100 00001  2500 00001  
HPD02876200HPCPHI19490600010040100 00000g 1300 99999[ 2400 99999] 2500 00000I 
HPD02876200HPCPHI19490700010040100 00000g 1300 99999[ 2400 99999] 2500 00000I 
HPD02876200HPCPHI19490700020020200 00002  2500 00002  
HPD02876200HPCPHI19490700040030700 00003  1300 00002  2500 00005  
HPD02876200HPCPHI19490700110051700 00004  1800 00004  1900 00005  2200 00001  2500 00014  
HPD02876200HPCPHI19490700310031200 00002  1300 00002  2500 00004  
HPD02876200HPCPHI19490800010040100 00000g 1300 99999[ 2400 99999] 2500 00000I 
HPD02876200HPCPHI19490800070022400 00003  2500 00003  
HPD02876200HPCPHI19490800220051600 00008  1800 00027  2100 00008  2300 00015  2500 00058  
HPD02876200HPCPHI19490900010040100 00000g 1300 99999[ 2400 99999] 2500 00000I 
HPD02876200HPCPHI19490900080051300 00003  1400 00001  1600 00004  1700 00018  2500 00026  
HPD02876200HPCPHI19490900090050300 00003  0800 00013  1800 00004  1900 00002  2500 00022  
HPD02876200HPCPHI19490900130030900 00001  1000 00010  2500 00011  
HPD02876200HPCPHI19490900250022100 00002  2500 00002  
HPD02876200HPCPHI19490900270020900 00004  2500 00004  
HPD02876200HPCPHI19491000010040100 00000g 1300 99999[ 2400 99999] 2500 00000I 
HPD02876200HPCPHI19491000160031800 00002  1900 00004  2500 00006  
HPD02876200HPCPHI19491000180070200 00006  0300 00002  1100 00010  1200 00008  1300 00008  2300 00012  2500 00046  
HPD02876200HPCPHI19491000190021000 00002  2500 00002  
HPD02876200HPCPHI19491100010040100 00000g 1300 99999[ 2400 99999] 2500 00000I 
HPD02876200HPCPHI19491100100051300 00014  1400 00010  1500 00008  1600 00004  2500 00036  
HPD02876200HPCPHI19491200010040100 00000g 1300 99999[ 2400 99999] 2500 00000I 
HPD02876200HPCPHI19491200080051500 00001  1700 00001  2100 00001  2300 00002  2500 00005  
HPD02876200HPCPHI19491200090160200 00001  0300 00004  0400 00004  0500 00001  0600 00001  0700 00004  0900 00003  1200 00001  1500 00001  1700 00016  1800 00003  1900 00001  2000 00001  2100 00005  2200 00002  2500 00048  
HPD02876200HPCPHI19491200100031900 00003  2000 00001  2500 00004  
HPD02876200HPCPHI19500100010020100 99999a 2500 00000I 
HPD02876200HPCPHI19500100310022400 99999A 2500 00000I 
HPD02876200HPCPHI19500200010020100 99999, 2500 00000I 
HPD02876200HPCPHI19500200280022400 99999A 2500 00000I 
HPD02876200HPCPHI19500300010020100 99999, 2500 00000I 
HPD02876200HPCPHI19500300310022400 99999A 2500 00000I 
HPD02876200HPCPHI19500400010020100 99999, 2500 00000I 
HPD02876200HPCPHI19500400300022400 00190A 2500 00190P 
HPD02876200HPCPHI19500500010020100 00000g 2500 00000  
HPD02876200HPCPHI19500600010020100 00000g 2500 00000  
HPD02876200HPCPHI19500700010020100 00000g 2500 00000  
HPD02876200HPCPHI19500700020040100 99999[ 1300 99999] 1700 00010  2500 00010I 
HPD02876200HPCPHI19500700040021400 00009  2500 00009  
HPD02876200HPCPHI19500700050062000 00008  2100 00048  2200 00003  2300 00009  2400 00001  2500 00069  
HPD02876200HPCPHI19500700060041900 00002  2000 00006  2100 00002  2500 00010  
HPD02876200HPCPHI19501100010020100 00000g 2500 00000  
HPD02876200HPCPHI19501100140050200 00001  0300 00001  0400 00001  0500 00001  2500 00004  
HPD02876200HPCPHI19501200010020100 00000g 2500 00000  
HPD02876200HPCPHI19510100010020100 00000g 2500 00000  
HPD02876200HPCPHI19510100110081200 00006  1300 00009  1400 00008  1500 00005  1700 00001  1900 00001  2000 00001  2500 00031  
HPD02876200HPCPHI19510100120060100 00002  0200 00024  0300 00012  0400 00008  0500 00011  2500 00057  
HPD02876200HPCPHI19510100160021800 00002  2500 00002  
HPD02876200HPCPHI19510100290110600 00002  0700 00007  0800 00014  0900 00004  1000 00005  1100 00002  1200 00005  1400 00003  1500 00012  2300 00001  2500 00055  
HPD02876200HPCPHI19510200010020100 00000g 2500 00000  
HPD02876200HPCPHI19510200220030800 00002  1100 00001  2500 00003  
HPD02876200HPCPHI19510200230071000 00007  1100 00007  1200 00002  1300 00001  1500 00006  1600 00001  2500 00024  
HPD02876200HPCPHI19510300010020100 00000g 2500 00000  
HPD02876200HPCPHI19510300020081000 00001  1100 00001  1200 00001  1300 00004  1500 00002  1600 00004  1700 00001  2500 00014  
HPD02876200HPCPHI19510300260032100 00002  2200 00002  2500 00004  
HPD02876200HPCPHI19510300270020400 00001  2500 00001  
HPD02876200HPCPHI19510400010020100 00000g 2500 00000  
HPD02876200HPCPHI19510500010020100 00000g 2500 00000  
HPD02876200HPCPHI19510600010020100 00000g 2500 00000  
HPD02876200HPCPHI19510700010020100 00000g 2500 00000  
HPD02876200HPCPHI19510800010020100 00000g 2500 00000  
HPD02876200HPCPHI19510900010020100 00000g 2500 00000  
HPD02876200HPCPHI19511000010020100 00000g 2500 00000  
HPD02876200HPCPHI19511000250061300 00002  1400 00003  1500 00017  1600 00020  1700 00004  2500 00046  
HPD02876200HPCPHI19511000300100300 00002  0500 00007  0600 00015  0700 00005  0800 00004  0900 00012  1000 00030  1300 99999[ 2400 99999] 2500 00075I 
HPD02876200HPCPHI19511100010020100 00000g 2500 00000  
HPD02876200HPCPHI19511100220081700 00001  1800 00003  1900 00003  2000 00005  2100 00008  2200 00009  2300 00005  2500 00034  
HPD02876200HPCPHI19511100230071500 00002  1600 00003  1700 00001  1800 00004  1900 00001  2400 00008  2500 00019  
HPD02876200HPCPHI19511200010020100 00000g 2500 00000  
HPD02876200HPCPHI19511200040042200 00009  2300 00014  2400 00006  2500 00029  
HPD02876200HPCPHI19511200050030100 00002  0200 00001  2500 00003  
HPD02876200HPCPHI19511200120080300 00002  0400 00004  0500 00004  0700 00001  0900 00002  1200 00002  2200 00008  2500 00023  
HPD02876200HPCPHI19511200190080300 00002  0400 00003  0600 00001  0700 00001  0800 00001  0900 00005  1000 00001  2500 00014  
HPD02876200HPCPHI19511200290160900 00001  1000 00002  1100 00002  1200 00001  1300 00001  1400 00004  1500 00001  1600 00002  1700 00001  1900 00002  2000 00003  2100 00002  2200 00003  2300 00005  2400 00001  2500 00031  
HPD02876200HPCPHI19511200300170100 00004  0200 00002  0300 00007  0400 00011  0500 00009  0600 00006  0700 00007  0800 00007  0900 00006  1000 00009  1100 00006  1200 00004  1300 00002  1400 00002  2000 00004  2100 00007  2500 00093  
HPD02876200HPCPHI19520100010020100 00000g 2500 00000  
HPD02876200HPCPHI19520100060101600 00003  1700 00004  1800 00006  1900 00002  2000 00003  2100 00007  2200 00014  2300 00012  2400 00003  2500 00054  
HPD02876200HPCPHI19520100070050100 00002  0300 00002  0400 00002  0500 00001  2500 00007  
HPD02876200HPCPHI19520100130040800 00002  0900 00009  1000 00001  2500 00012  
HPD02876200HPCPHI19520100170111500 00003  1600 00002  1700 00002  1800 00004  1900 00007  2000 00002  2100 00008  2200 00009  2300 00012  2400 00001  2500 00050  
HPD02876200HPCPHI19520100180040100 00010  0200 00019  0300 00009  2500 00038  
HPD02876200HPCPHI19520200010020100 00000g 2500 00000  
HPD02876200HPCPHI19520200090022100 00003  2500 00003  
HPD02876200HPCPHI19520200100031400 00014  1500 00003  2500 00017  
HPD02876200HPCPHI19520300010020100 99999a 2500 00000I 
HPD02876200HPCPHI19520300310022400 00211A 2500 00211P 
HPD02876200HPCPHI19520400010020100 00000g 2500 00000  
HPD02876200HPCPHI19520400110031300 00003  1400 00001  2500 00004  
HPD02876200HPCPHI19520400190061700 00001  1800 00002  1900 00006  2100 00010  2200 00003  2500 00022  
HPD02876200HPCPHI19520400200042100 00024  2200 00001  2400 00002  2500 00027  
HPD02876200HPCPHI19520400210030100 00003  0200 00002  2500 00005  
HPD02876200HPCPHI19520400240022300 00003  2500 00003  
HPD02876200HPCPHI19520400270111200 00001  1300 00002  1700 00001  1800 00005  1900 00008  2000 00007  2100 00009  2200 00007  2300 00010  2400 00009  2500 00059  
HPD02876200HPCPHI19520400280100100 00004  0200 00003  0300 00002  0400 00001  0500 00004  0600 00006  0700 00004  0800 00002  0900 00001  2500 00027  
HPD02876200HPCPHI19520500010020100 00000g 2500 00000  
HPD02876200HPCPHI19520600010020100 00000g 2500 00000  
HPD02876200HPCPHI19520600020071900 00001  2000 00012  2100 00020  2200 00024  2300 00020  2400 00011  2500 00088  
HPD02876200HPCPHI19520600030070100 00001  0300 00003  0400 00001  0500 00004  0600 00007  0700 00001  2500 00017  
HPD02876200HPCPHI19520700010020100 00000g 2500 00000  
HPD02876200HPCPHI19520700080021200 00003  2500 00003  
HPD02876200HPCPHI19520700260061100 00019  1900 00001  2000 00001  2100 00023  2200 00003  2500 00047  
HPD02876200HPCPHI19520700270020400 00004  2500 00004  
HPD02876200HPCPHI19520700290051700 00001  1900 00019  2000 00003  2100 00002  2500 00025  
HPD02876200HPCPHI19520800010020100 00000g 2500 00000  
HPD02876200HPCPHI19520800130041700 00036  1800 00008  2000 00002  2500 00046  
HPD02876200HPCPHI19520800160030600 00002  0700 00005  2500 00007  
HPD02876200HPCPHI19520800200041500 00002  1600 00001  1700 00016  2500 00019  
HPD02876200HPCPHI19520800260041700 00003  1800 00001  1900 00003  2500 00007  
HPD02876200HPCPHI19520800270041100 00029  1300 99999[ 2400 99999] 2500 00029I 
HPD02876200HPCPHI19520900010020100 00000g 2500 00000  
HPD02876200HPCPHI19520900190032300 00007  2400 00001  2500 00008  
HPD02876200HPCPHI19520900200051000 00050  1100 00008  1200 00005  1300 00012  2500 00075  
HPD02876200HPCPHI19520900210030500 00022  0600 00002  2500 00024  
HPD02876200HPCPHI19520900230031700 00002  1800 00011  2500 00013  
HPD02876200HPCPHI19521000010020100 00000g 2500 00000  
HPD02876200HPCPHI19521100010020100 00000g 2500 00000  
HPD02876200HPCPHI19521100080060400 00003  0500 00002  0600 00017  0800 00010  0900 00002  2500 00034  
HPD02876200HPCPHI19521100140032000 00001  2100 00007  2500 00008  
HPD02876200HPCPHI19521100150071900 00003  2000 00005  2100 00018  2200 00017  2300 00008  2400 00005  2500 00056  
HPD02876200HPCPHI19521100160070800 00006  1000 00008  1100 00003  1200 00006  1300 00002  1400 00001  2500 00026  
HPD02876200HPCPHI19521100300071100 00001  1200 00002  1300 00003  1400 00004  1500 00003  1600 00001  2500 00014  
HPD02876200HPCPHI19521200010020100 00000g 2500 00000  
HPD02876200HPCPHI19521200170140500 00004  0600 00016  0700 00012  0800 00002  0900 00003  1600 00002  1700 00005  1800 00002  1900 00002  2000 00007  2100 00005  2200 00005  2400 00005  2500 00070  
HPD02876200HPCPHI19521200180070300 00004  0400 00001  0600 00005  0800 00002  0900 00003  1100 00001  2500 00016  
HPD02876200HPCPHI19521200200052000 00001  2100 00017  2200 00009  2300 00004  2500 00031  
HPD02876200HPCPHI19521200210040200 00002  0300 00003  0400 00001  2500 00006  
HPD02876200HPCPHI19521200310041700 00005  1800 00005  1900 00002  2500 00012  
HPD02876200HPCPHI19530100010020100 00000g 2500 00000  
HPD02876200HPCPHI19530200010020100 00000g 2500 00000  
HPD02876200HPCPHI19530200070071200 00001  1300 00002  1400 00002  1500 00002  1600 00002  1700 00004  2500 00013  
HPD02876200HPCPHI19530200240120400 00005  0500 00004  0600 00002  0700 00002  0800 00005  0900 00004  1000 00006  1100 00001  1300 00001  1400 00008  1500 00002  2500 00040  
HPD02876200HPCPHI19530300010040100 00000g 1200 00001  1500 00002  2500 00003  
HPD02876200HPCPHI19530300020060900 00001  1000 00001  1100 00003  1200 00001  1300 00001  2500 00007  
HPD02876200HPCPHI19530300290031100 00002  2400 00002  2500 00004  
HPD02876200HPCPHI19530400010020100 00000g 2500 00000  
HPD02876200HPCPHI19530400220051300 00002  1500 00004  1600 00004  1700 00002  2500 00012  
HPD02876200HPCPHI19530400270051700 00004  2000 00004  2100 00014  2200 00012  2500 00034  
HPD02876200HPCPHI19530400280030100 00016  0200 00004  2500 00020  
HPD02876200HPCPHI19530400300030100 99999[ 2400 99999] 2500 00000I 
HPD02876200HPCPHI19530500010020100 00000g 2500 00000  
HPD02876200HPCPHI19530500310030100 99999[ 2400 99999] 2500 00000I 
HPD02876200HPCPHI19530600010020100 00000g 2500 00000  
HPD02876200HPCPHI19530600120040200 00024  0300 00014  0400 00002  2500 00040  
HPD02876200HPCPHI19530600300030100 99999[ 2400 99999] 2500 00000I 
HPD02876200HPCPHI19530700010020100 00000g 2500 00000  
HPD02876200HPCPHI19530700070021600 00002  2500 00002  
HPD02876200HPCPHI19530700130021100 00004  2500 00004  
HPD02876200HPCPHI19530700140021600 00004  2500 00004  
HPD02876200HPCPHI19530700160020900 00012  2500 00012  
HPD02876200HPCPHI19530700170040300 00002  0400 00006  0500 00002  2500 00010  
HPD02876200HPCPHI19530700190020800 00004  2500 00004  
HPD02876200HPCPHI19530700200031200 00024  1300 00014  2500 00038  
HPD02876200HPCPHI19530700210030900 00014  1000 00046  2500 00060  
HPD02876200HPCPHI19530700260031300 99999a 1800 00002A 2500 00002  
HPD02876200HPCPHI19530700270031300 99999a 1900 00005A 2500 00005  
HPD02876200HPCPHI19530700280031300 99999a 1800 00004A 2500 00004  
HPD02876200HPCPHI19530700290031300 99999a 2400 00011A 2500 00011  
HPD02876200HPCPHI19530700300030100 99999a 0800 00005A 2500 00005  
HPD02876200HPCPHI19530700310030100 99999[ 2400 99999] 2500 00000I 
HPD02876200HPCPHI19530800010020100 00000g 2500 00000  
HPD02876200HPCPHI19530800060021200 00007  2500 00007  
HPD02876200HPCPHI19530800070030700 99999a 1200 00008A 2500 00008  
HPD02876200HPCPHI19530800130030100 99999a 1200 00024A 2500 00024  
HPD02876200HPCPHI19530800210021300 99999a 2500 00000I 
HPD02876200HPCPHI19530800220020600 00041A 2500 00041P 
HPD02876200HPCPHI19530800240031900 99999a 2400 00128A 2500 00128  
HPD02876200HPCPHI19530800310030100 99999[ 2400 99999] 2500 00000I 
HPD02876200HPCPHI19530900010020100 00000g 2500 00000  
HPD02876200HPCPHI19530900300030100 99999[ 2400 99999] 2500 00000I 
HPD02876200HPCPHI19531000010020100 99999[ 2500 00000I 
HPD02876200HPCPHI19531000310022400 99999] 2500 00000I 
HPD02876200HPCPHI19531100010020100 99999[ 2500 00000I 
HPD02876200HPCPHI19531100300022400 99999] 2500 00000I 
HPD02876200HPCPHI19531200010020100 99999[ 2500 00000I 
HPD02876200HPCPHI19531200310022400 99999] 2500 00000I 
HPD02876200HPCPHI19540100010020100 99999[ 2500 00000I 
HPD02876200HPCPHI19540100310022400 99999] 2500 00000I 
HPD02876200HPCPHI19540200010020100 99999[ 2500 00000I 
HPD02876200HPCPHI19540200280022400 99999] 2500 00000I 
HPD02876200HPCPHI19540300010020100 99999[ 2500 00000I 
HPD02876200HPCPHI19540300310022400 99999] 2500 00000I 
HPD02876200HPCPHI19540400010020100 00000g 2500 00000  
HPD02876200HPCPHI19540400300030100 99999[ 2400 99999] 2500 00000I 
HPD02876200HPCPHI19540500010020100 99999a 2500 00000I 
HPD02876200HPCPHI19540500310022400 99999A 2500 00000I 
HPD02876200HPCPHI19540600010020100 99999, 2500 00000I 
HPD02876200HPCPHI19540600300022400 99999A 2500 00000I 
HPD02876200HPCPHI19540700010020100 99999, 2500 00000I 
HPD02876200HPCPHI19540700310022400 99999A 2500 00000I 
HPD02876200HPCPHI19540800010020100 99999, 2500 00000I 
HPD02876200HPCPHI19540800310022400 99999A 2500 00000I 
HPD02876200HPCPHI19540900010020100 99999, 2500 00000I 
HPD02876200HPCPHI19540900300022400 00243A 2500 00243P 
HPD02876200HPCPHI19541000010020100 00000g 2500 00000  
HPD02876200HPCPHI19541000310030100 99999[ 2400 99999] 2500 00000I 
HPD02876200HPCPHI19541100010020100 00000g 2500 00000  
HPD02876200HPCPHI19541100110090800 00007  0900 00004  1000 00006  1100 00003  1200 00003  1300 00001  1400 00001  1500 00001  2500 00026  
HPD02876200HPCPHI19541100300030100 99999[ 2400 99999] 2500 00000I 
HPD02876200HPCPHI19541200010020100 00000g 2500 00000  
HPD02876200HPCPHI19541200090031900 99999a 2400 00021A 2500 00021  
HPD02876200HPCPHI19541200310030100 99999[ 2400 99999] 2500 00000I 
HPD02876200HPCPHI19550100010020100 99999a 2500 00000I 
HPD02876200HPCPHI19550100310022400 99999A 2500 00000I 
HPD02876200HPCPHI19550200010020100 99999, 2500 00000I 
HPD02876200HPCPHI19550200280022400 99999A 2500 00000I 
HPD02876200HPCPHI19550300010020100 99999, 2500 00000I 
HPD02876200HPCPHI19550300310022400 00247A 2500 00247P 
HPD02876200HPCPHI19550400010020100 00000g 2500 00000  
HPD02876200HPCPHI19550400220031300 00005  1600 00010  2500 00015  
HPD02876200HPCPHI19550400300022200 00004  2500 00004  
HPD02876200HPCPHI19550500010020100 00000g 2500 00000  
HPD02876200HPCPHI19550500310030100 99999[ 2400 99999] 2500 00000I 
HPD02876200HPCPHI19550600010020100 00000g 2500 00000  
HPD02876200HPCPHI19550600300030100 99999[ 2400 99999] 2500 00000I 
HPD02876200HPCPHI19550700010020100 00000g 2500 00000  
HPD02876200HPCPHI19550700140030100 00003  0200 00002  2500 00005  
HPD02876200HPCPHI19550700180020200 00048  2500 00048  
HPD02876200HPCPHI19550700220020300 00037  2500 00037  
HPD02876200HPCPHI19550700230021300 00010  2500 00010  
HPD02876200HPCPHI19550700240030300 00004  0900 00005  2500 00009  
HPD02876200HPCPHI19550700310030600 00005  0700 00003  2500 00008  
HPD02876200HPCPHI19550800010020100 00000g 2500 00000  
HPD02876200HPCPHI19550800030030400 00015  0600 00007  2500 00022  
HPD02876200HPCPHI19550800090030600 00055  0700 00011  2500 00066  
HPD02876200HPCPHI19550800170030100 00004  0200 00005  2500 00009  
HPD02876200HPCPHI19550800180030400 00007  0500 00020  2500 00027  
HPD02876200HPCPHI19550800200030900 00018  1000 00002  2500 00020  
HPD02876200HPCPHI19550800240050300 00002  0400 00003  1600 00020  1700 00007  2500 00032  
HPD02876200HPCPHI19550800250030500 00020  2400 00003  2500 00023  
HPD02876200HPCPHI19550800310030100 99999[ 2400 99999] 2500 00000I 
HPD02876200HPCPHI19550900010020100 00000g 2500 00000  
HPD02876200HPCPHI19550900300030100 99999[ 2400 99999] 2500 00000I 
HPD02876200HPCPHI19551000010020100 00000g 2500 00000  
HPD02876200HPCPHI19551000310030100 99999[ 2400 99999] 2500 00000I 
HPD02876200HPCPHI19551100010020100 00000g 2500 00000  
HPD02876200HPCPHI19551100140020300 00003  2500 00003  
HPD02876200HPCPHI19551100220020100 00008  2500 00008  
HPD02876200HPCPHI19551100300030100 99999[ 2400 99999] 2500 00000I 
HPD02876200HPCPHI19551200010020100 00000g 2500 00000  
HPD02876200HPCPHI19551200020080600 00008  0700 00010  0800 00006  0900 00004  1000 00002  1700 00007  1800 00001  2500 00038  
HPD02876200HPCPHI19551200310030100 99999[ 2400 99999] 2500 00000I 
HPD02876200HPCPHI19560100010020100 00000g 2500 00000  
HPD02876200HPCPHI19560100160031200 00005  1300 00007  2500 00012  
HPD02876200HPCPHI19560100210020400 00002  2500 00002  
HPD02876200HPCPHI19560100260070400 00001  0600 00001  0700 00001  0900 00001  1100 00002  1200 00001  2500 00007  
HPD02876200HPCPHI19560100270020700 00002  2500 00002  
HPD02876200HPCPHI19560100280040500 00009  0600 00001  0800 00004  2500 00014  
HPD02876200HPCPHI19560100310030100 99999[ 2400 99999] 2500 00000I 
HPD02876200HPCPHI19560200010020100 00000g 2500 00000  
HPD02876200HPCPHI19560200160021500 00006  2500 00006  
HPD02876200HPCPHI19560200290030100 99999[ 2400 99999] 2500 00000I 
HPD02876200HPCPHI19560300010020100 00000g 2500 00000  
HPD02876200HPCPHI19560400010020100 00000g 2500 00000  
HPD02876200HPCPHI19560400130032100 00006  2200 00005  2500 00011  
HPD02876200HPCPHI19560400140040500 00001  0600 00003  0700 00005  2500 00009  
HPD02876200HPCPHI19560400300030100 99999[ 2400 99999] 2500 00000I 
HPD02876200HPCPHI19560500010020100 00000g 2500 00000  
HPD02876200HPCPHI19560500310030100 99999[ 2400 99999] 2500 00000I 
HPD02876200HPCPHI19560600010020100 00000g 2500 00000  
HPD02876200HPCPHI19560600290022100 00004  2500 00004  
HPD02876200HPCPHI19560600300030100 99999[ 2400 99999] 2500 00000I 
HPD02876200HPCPHI19560700010020100 00000g 2500 00000  
HPD02876200HPCPHI19560700180041600 00001  1700 00058  1800 00001  2500 00060  
HPD02876200HPCPHI19560700190041600 00001  1700 00002  1800 00007  2500 00010  
HPD02876200HPCPHI19560700230021200 00005  2500 00005  
HPD02876200HPCPHI19560700250031600 00006  1700 00003  2500 00009  
HPD02876200HPCPHI19560700310030100 99999[ 2400 99999] 2500 00000I 
HPD02876200HPCPHI19560800010020100 00000g 2500 00000  
HPD02876200HPCPHI19560800130031100 00004  1200 00012  2500 00016  
HPD02876200HPCPHI19560900010020100 00000g 2500 00000  
HPD02876200HPCPHI19561000010020100 00000g 2500 00000  
HPD02876200HPCPHI19561000280032100 00003  2200 00001  2500 00004  
HPD02876200HPCPHI19561000310030100 99999[ 2400 99999] 2500 00000I 
HPD02876200HPCPHI19561100010020100 00000g 2500 00000  
HPD02876200HPCPHI19561100300030100 99999[ 2400 99999] 2500 00000I 
HPD02876200HPCPHI19561200010020100 00000g 2500 00000  
HPD02876200HPCPHI19561200310030100 99999[ 2400 99999] 2500 00000I 
HPD02876200HPCPHI19570100010020100 00000g 2500 00000  
HPD02876200HPCPHI19570100040022200 00001  2500 00001  
HPD02876200HPCPHI19570100050060300 00003  0500 00003  0800 00004  1100 00001  1200 00001  2500 00012  
HPD02876200HPCPHI19570100070151000 00002  1100 00003  1300 00001  1400 00001  1500 00005  1600 00004  1700 00001  1800 00018  1900 00007  2000 00005  2100 00004  2200 00012  2300 00003  2400 00004  2500 00070  
HPD02876200HPCPHI19570100080110200 00001  0300 00002  0400 00001  0500 00001  0800 00001  0900 00001  1000 00001  1200 00001  1300 00001  1400 00001  2500 00011  
HPD02876200HPCPHI19570100090020300 00008  2500 00008  
HPD02876200HPCPHI19570100100050400 00005  0500 00009  0600 00003  0700 00004  2500 00021  
HPD02876200HPCPHI19570100130031200 00001  1300 00002  2500 00003  
HPD02876200HPCPHI19570100260040800 00001  0900 00003  1000 00001  2500 00005  
HPD02876200HPCPHI19570100270050400 00001  0500 00002  0600 00002  0700 00003  2500 00008  
HPD02876200HPCPHI19570100280031600 00002  1700 00001  2500 00003  
HPD02876200HPCPHI19570100290050600 00001  2100 00001  2300 00003  2400 00005  2500 00010  
HPD02876200HPCPHI19570100300140200 00001  0300 00001  0400 00003  0500 00001  0600 00004  0700 00006  0800 00001  0900 00001  1000 00001  1100 00001  1500 00002  1600 00008  1700 00010  2500 00040  
HPD02876200HPCPHI19570100310030100 99999[ 2400 99999] 2500 00000I 
HPD02876200HPCPHI19570200010020100 00000g 2500 00000  
HPD02876200HPCPHI19570200180050100 00002  0200 00004  2200 00015  2300 00003  2500 00024  
HPD02876200HPCPHI19570200190050500 00001  0600 00002  0700 00001  0800 00001  2500 00005  
HPD02876200HPCPHI19570200230061200 00002  1300 00004  1400 00005  1500 00002  1600 00001  2500 00014  
HPD02876200HPCPHI19570200280050100 00003  0200 00005  1900 00005  2000 00004  2500 00017  
HPD02876200HPCPHI19570300010050100 00003  0200 00005  1900 00005  2000 00004  2500 00017  
HPD02876200HPCPHI19570300090052100 00004  2200 00005  2300 00002  2400 00002  2500 00013  
HPD02876200HPCPHI19570300100060100 00009  0200 00014  0300 00009  0400 00010  0500 00007  2500 00049  
HPD02876200HPCPHI19570300160021800 00008  2500 00008  
HPD02876200HPCPHI19570400010020100 00000g 2500 00000  
HPD02876200HPCPHI19570400210090800 00003  0900 00003  1000 00004  1100 00008  1200 00005  1300 00005  1400 00007  1500 00002  2500 00037  
HPD02876200HPCPHI19570400220020700 00003  2500 00003  
HPD02876200HPCPHI19570400300030100 99999[ 2400 99999] 2500 00000I 
HPD02876200HPCPHI19570500010020100 00000g 2500 00000  
HPD02876200HPCPHI19570500100021000 00001  2500 00001  
HPD02876200HPCPHI19570500110021600 00002  2500 00002  
HPD02876200HPCPHI19570500120030100 00001  0200 00001  2500 00002  
HPD02876200HPCPHI19570500140031900 00002  2000 00001  2500 00003  
HPD02876200HPCPHI19570500310030100 99999[ 2400 99999] 2500 00000I 
HPD02876200HPCPHI19570600010020100 00000g 2500 00000  
HPD02876200HPCPHI19570600040021100 00005  2500 00005  
HPD02876200HPCPHI19570600100050600 00004  0700 00003  0800 00001  1500 00002  2500 00010  
HPD02876200HPCPHI19570700010020100 00000g 2500 00000  
HPD02876200HPCPHI19570700090111100 00002  1200 00001  1500 00001  1800 00017  1900 00024  2000 00027  2100 00006  2200 00004  2300 00002  2400 00005  2500 00089  
HPD02876200HPCPHI19570700100040100 00010  0200 00001  0300 00002  2500 00013  
HPD02876200HPCPHI19570700170061400 00001  1500 00002  1600 00003  1700 00002  2400 00001  2500 00009  
HPD02876200HPCPHI19570700180040200 00002  0800 00001  1000 00001  2500 00004  
HPD02876200HPCPHI19570700250031100 00006  1200 00025  2500 00031  
HPD02876200HPCPHI19570700260022000 00002  2500 00002  
HPD02876200HPCPHI19570800010020100 99999a 2500 00000I 
HPD02876200HPCPHI19570800310022400 99999A 2500 00000I 
HPD02876200HPCPHI19570900010020100 99999, 2500 00000I 
HPD02876200HPCPHI19570900300022400 00163A 2500 00163P 
HPD02876200HPCPHI19571000010020100 00000g 2500 00000  
HPD02876200HPCPHI19571000110021400 99999a 2500 00000I 
HPD02876200HPCPHI19571000310022400 99999A 2500 00000I 
HPD02876200HPCPHI19571100010020100 99999, 2500 00000I 
HPD02876200HPCPHI19571100300022400 99999A 2500 00000I 
HPD02876200HPCPHI19571200010020100 99999, 2500 00000I 
HPD02876200HPCPHI19571200310022400 99999A 2500 00000I 
HPD02876200HPCPHI19580100010020100 99999, 2500 00000I 
HPD02876200HPCPHI19580100310022400 99999A 2500 00000I 
HPD02876200HPCPHI19580200010020100 99999, 2500 00000I 
HPD02876200HPCPHI19580200280022400 99999A 2500 00000I 
HPD02876200HPCPHI19580300010020100 99999, 2500 00000I 
HPD02876200HPCPHI19580300310022400 99999A 2500 00000I 
HPD02876200HPCPHI19580400010020100 99999, 2500 00000I 
HPD02876200HPCPHI19580400160021800 01164AQ2500 00000P 
HPD02876200HPCPHI19581100010020100 00000g 2500 00000  
HPD02876200HPCPHI19581100150031900 99999a 2400 00748A 2500 00748  
HPD02876200HPCPHI19581200010020100 00000g 2500 00000  
HPD02876200HPCPHI19581200310030100 99999[ 2400 99999] 2500 00000I 
HPD02876200HPCPHI19590100010020100 00000g 2500 00000  
HPD02876200HPCPHI19590100060111400 00008  1500 00011  1600 00015  1700 00018  1800 00011  1900 00006  2000 00006  2100 00005  2200 00007  2300 00001  2500 00088  
HPD02876200HPCPHI19590200010020100 00000g 2500 00000  
HPD02876200HPCPHI19590200080032200 00007  2400 00003  2500 00010  
HPD02876200HPCPHI19590200090110100 00002  0200 00003  0300 00006  0400 00005  0500 00030  0600 00008  0700 00001  0800 00001  1000 00003  1100 00001  2500 00060  
HPD02876200HPCPHI19590200110032200 00002  2300 00006  2500 00008  
HPD02876200HPCPHI19590200120120100 00002  0200 00002  0300 00006  0400 00006  0500 00003  0600 00006  0700 00003  0800 00003  1000 00001  1100 00011  1200 00011  2500 00054  
HPD02876200HPCPHI19590200160060300 00001  0400 00001  0500 00001  0600 00001  1100 00001  2500 00005  
HPD02876200HPCPHI19590200210101300 00001  1400 00001  1600 00010  1700 00004  1800 00003  1900 00003  2200 00001  2300 00008  2400 00008  2500 00039  
HPD02876200HPCPHI19590300010020100 00000g 2500 00000  
HPD02876200HPCPHI19590400010020100 00000g 2500 00000  
HPD02876200HPCPHI19590400260051000 00005  1100 00001  1200 00002  1300 00001  2500 00009  
HPD02876200HPCPHI19590500010020100 00000g 2500 00000  
HPD02876200HPCPHI19590500310030100 99999[ 2400 99999] 2500 00000I 
HPD02876200HPCPHI19591100010030100 00000g 2200 99999a 2500 00000I 
HPD02876200HPCPHI19591100020021600 00735A 2500 00735P 
HPD02876200HPCPHI19591200010020100 99999[ 2500 00000I 
HPD02876200HPCPHI19591200310022400 99999] 2500 00000I 
HPD02876200HPCPHI19600100010020100 00000g 2500 00000  
HPD02876200HPCPHI19600500010020100 00000g 2500 00000  
HPD02876200HPCPHI19600500040031700 99999a 2200 00572A 2500 00572  
HPD02876200HPCPHI19600600010020100 00000g 2500 00000  
HPD02876200HPCPHI19600700010020100 00000g 2500 00000  
HPD02876200HPCPHI19600700210021600 00006  2500 00006  
HPD02876200HPCPHI19600700230031500 00008  1700 00003  2500 00011  
HPD02876200HPCPHI19600700270021600 00007  2500 00007  
HPD02876200HPCPHI19600700300030800 00045  0900 00001  2500 00046  
HPD02876200HPCPHI19600700310030100 99999[ 2400 99999] 2500 00000I 
HPD02876200HPCPHI19600800010020100 00000g 2500 00000  
HPD02876200HPCPHI19600800080021800 00001  2500 00001  
HPD02876200HPCPHI19600800110031700 00005  1800 00003  2500 00008  
HPD02876200HPCPHI19601100010020100 00000g 2500 00000  
HPD02876200HPCPHI19601100040021400 99999a 2500 00000I 
HPD02876200HPCPHI19601100060021400 00437A 2500 00437P 
HPD02876200HPCPHI19601100260022400 00004  2500 00004  
HPD02876200HPCPHI19601100270020100 00001  2500 00001  
HPD02876200HPCPHI19601200010020100 00000g 2500 00000  
HPD02876200HPCPHI19610100010020100 00000g 2500 00000  
HPD02876200HPCPHI19610100260121200 00003  1300 00008  1400 00007  1500 00001  1600 00001  1700 00004  1800 00001  2100 00003  2200 00007  2300 00009  2400 00010  2500 00054  
HPD02876200HPCPHI19610100270050100 00005  0200 00002  0300 00001  0400 00002  2500 00010  
HPD02876200HPCPHI19610100310030100 99999[ 2400 99999] 2500 00000I 
HPD02876200HPCPHI19610200010020100 00000g 2500 00000  
HPD02876200HPCPHI19610300010020100 00000g 2500 00000  
HPD02876200HPCPHI19610300150022100 00001  2500 00001  
HPD02876200HPCPHI19610300170021900 00002  2500 00002  
HPD02876200HPCPHI19610300250031300 00008  1400 00007  2500 00015  
HPD02876200HPCPHI19610300280071000 00001  1100 00003  1200 00004  1800 00003  1900 00007  2000 00003  2500 00021  
HPD02876200HPCPHI19610300290100200 00002  0300 00002  0400 00003  0500 00002  0600 00001  0700 00002  0800 00002  1700 00001  2100 00001  2500 00016  
HPD02876200HPCPHI19610400010020100 99999[ 2500 00000I 
HPD02876200HPCPHI19610400300022400 99999] 2500 00000I 
HPD02876200HPCPHI19610500010020100 00000g 2500 00000  
HPD02876200HPCPHI19610600010020100 99999[ 2500 00000I 
HPD02876200HPCPHI19610600300022400 99999] 2500 00000I 
HPD02876200HPCPHI19610700010020100 99999[ 2500 00000I 
HPD02876200HPCPHI19610700310022400 99999] 2500 00000I 
HPD02876200HPCPHI19610800010020100 99999[ 2500 00000I 
HPD02876200HPCPHI19610800310022400 99999] 2500 00000I 
HPD02876200HPCPHI19610900010020100 99999[ 2500 00000I 
HPD02876200HPCPHI19610900300022400 99999] 2500 00000I 
HPD02876200HPCPHI19611000010020100 99999[ 2500 00000I 
HPD02876200HPCPHI19611000310022400 99999] 2500 00000I 
HPD02876200HPCPHI19611100010020100 99999[ 2500 00000I 
HPD02876200HPCPHI19611100300022400 99999] 2500 00000I 
HPD02876200HPCPHI19611200010020100 99999[ 2500 00000I 
HPD02876200HPCPHI19611200310022400 99999] 2500 00000I 
HPD02876200HPCPHI19620100010020100 99999[ 2500 00000I 
HPD02876200HPCPHI19620100310022400 99999] 2500 00000I 
HPD02876200HPCPHI19620200010020100 99999[ 2500 00000I 
HPD02876200HPCPHI19620200280022400 99999] 2500 00000I 
HPD02876200HPCPHI19620300010020100 00000g 2500 00000  
HPD02876200HPCPHI19620300060022200 00004  2500 00004  
HPD02876200HPCPHI19620300090031700 00002  1800 00003  2500 00005  
HPD02876200HPCPHI19620300200021000 00002  2500 00002  
HPD02876200HPCPHI19620300220032300 00001  2400 00003  2500 00004  
HPD02876200HPCPHI19620300230020100 00001  2500 00001  
HPD02876200HPCPHI19620400010020100 00000g 2500 00000  
HPD02876200HPCPHI19620500010020100 99999[ 2500 00000I 
HPD02876200HPCPHI19620500310022400 99999] 2500 00000I 
HPD02876200HPCPHI19620600010020100 99999[ 2500 00000I 
HPD02876200HPCPHI19620600300022400 99999] 2500 00000I 
HPD02876200HPCPHI19620700010020100 99999[ 2500 00000I 
HPD02876200HPCPHI19620700310022400 99999] 2500 00000I 
HPD02876200HPCPHI19620800010020100 99999[ 2500 00000I 
HPD02876200HPCPHI19620800310022400 99999] 2500 00000I 
HPD02876200HPCPHI19620900010020100 99999a 2500 00000I 
HPD02876200HPCPHI19620900300022400 99999A 2500 00000I 
HPD02876200HPCPHI19621000010020100 99999, 2500 00000I 
HPD02876200HPCPHI19621000310022400 00133A 2500 00133P 
HPD02876200HPCPHI19621100010020100 99999[ 2500 00000I 
HPD02876200HPCPHI19621100300022400 99999] 2500 00000I 
HPD02876200HPCPHI19621200010020100 99999[ 2500 00000I 
HPD02876200HPCPHI19621200310022400 99999] 2500 00000I 
HPD02876200HPCPHI19630100010020100 00000g 2500 00000  
HPD02876200HPCPHI19630100030090100 00002  0200 00003  0300 00001  0400 00002  0500 00002  0600 00001  1100 00001  1200 00001  2500 00013  
HPD02876200HPCPHI19630100310030100 99999[ 2400 99999] 2500 00000I 
HPD02876200HPCPHI19630200010020100 00000g 2500 00000  
HPD02876200HPCPHI19630200090062000 00006  2100 00013  2200 00011  2300 00007  2400 00001  2500 00038  
HPD02876200HPCPHI19630200100031700 00002  1800 00001  2500 00003  
HPD02876200HPCPHI19630200110080100 00001  0200 00001  0300 00001  0400 00003  0500 00002  0600 00001  0900 00001  2500 00010  
HPD02876200HPCPHI19630300010020100 00000g 2500 00000  
HPD02876200HPCPHI19630300030051900 00005  2000 00001  2300 00002  2400 00001  2500 00009  
HPD02876200HPCPHI19630300170120900 00002  1000 00008  1100 00009  1200 00014  1300 00007  1400 00003  1500 00003  1600 00003  1700 00001  2200 00001  2400 00001  2500 00052  
HPD02876200HPCPHI19630400010020100 00000g 2500 00000  
HPD02876200HPCPHI19630400170050900 00001  1000 00001  1200 00003  1400 00001  2500 00006  
HPD02876200HPCPHI19630400260120100 00022  0200 00001  0300 00009  0400 00001  0500 00001  1000 00003  1100 00001  1300 00001  1400 00003  1500 00002  1600 00001  2500 00045  
HPD02876200HPCPHI19630400300030100 99999[ 2400 99999] 2500 00000I 
HPD02876200HPCPHI19630500010020100 00000g 2500 00000  
HPD02876200HPCPHI19630600010020100 00000g 2500 00000  
HPD02876200HPCPHI19630700010020100 99999[ 2500 00000I 
HPD02876200HPCPHI19630700310022400 99999] 2500 00000I 
HPD02876200HPCPHI19630800010020100 99999[ 2500 00000I 
HPD02876200HPCPHI19630800310022400 99999] 2500 00000I 
HPD02876200HPCPHI19630900010020100 99999[ 2500 00000I 
HPD02876200HPCPHI19630900300022400 99999] 2500 00000I 
HPD02876200HPCPHI19631000010020100 99999[ 2500 00000I 
HPD02876200HPCPHI19631000310022400 99999] 2500 00000I 
HPD02876200HPCPHI19631100010020100 99999[ 2500 00000I 
HPD02876200HPCPHI19631100300022400 99999] 2500 00000I 
HPD02876200HPCPHI19631200010020100 00000g 2500 00000  
HPD02876200HPCPHI19640500010020100 00000g 2500 00000  
HPD02876200HPCPHI19640500040022100 99999a 2500 00000I 
HPD02876200HPCPHI19640500070021000 00127A 2500 00127P 
HPD02876200HPCPHI19641100010020100 00000g 2500 00000  
HPD02876200HPCPHI19641100150020900 99999a 2500 00000I 
HPD02876200HPCPHI19641100160020600 00505A 2500 00505P 
HPD02876200HPCPHI19641200010020100 00000g 2500 00000  
HPD02876200HPCPHI19641200310030100 99999[ 2400 99999] 2500 00000I 
HPD02876200HPCPHI19650100010020100 99999a 2500 00000I 
HPD02876200HPCPHI19650100310022400 99999A 2500 00000I 
HPD02876200HPCPHI19650200010020100 99999, 2500 00000I 
HPD02876200HPCPHI19650200280022400 99999A 2500 00000I 
HPD02876200HPCPHI19650300010020100 99999, 2500 00000I 
HPD02876200HPCPHI19650300310022400 99999A 2500 00000I 
HPD02876200HPCPHI19650400010020100 99999, 2500 00000I 
HPD02876200HPCPHI19650400300022400 99999A 2500 00000I 
HPD02876200HPCPHI19650500010020100 99999, 2500 00000I 
HPD02876200HPCPHI19650500150021900 00717A 2500 00717P 
HPD02876200HPCPHI19651100010020100 00000g 2500 00000  
HPD02876200HPCPHI19651100150021800 99999a 2500 00000I 
HPD02876200HPCPHI19651100170020500 00285A 2500 00285P 
HPD02876200HPCPHI19651100250031300 99999a 1800 00222A 2500 00222  
HPD02876200HPCPHI19651200010020100 00000g 2500 00000  
HPD02876200HPCPHI19651200080021400 99999a 2500 00000I 
HPD02876200HPCPHI19651200300020400 00408A 2500 00408P 
HPD02876200HPCPHI19660100010020100 99999a 2500 00000I 
HPD02876200HPCPHI19660100310022400 00047A 2500 00047P 
HPD02876200HPCPHI19660200010020100 99999a 2500 00000I 
HPD02876200HPCPHI19660200280022400 00110A 2500 00110P 
HPD02876200HPCPHI19660300010020100 00000g 2500 00000  
HPD02876200HPCPHI19660300240020600 99999a 2500 00000I 
HPD02876200HPCPHI19660300260020900 00019A 2500 00019P 
HPD02876200HPCPHI19660400010020100 00000g 2500 00000  
HPD02876200HPCPHI19660400190031200 99999a 1700 00004A 2500 00004  
HPD02876200HPCPHI19660500010020100 99999[ 2500 00000I 
HPD02876200HPCPHI19660500310022400 99999] 2500 00000I 
HPD02876200HPCPHI19660600010020100 99999[ 2500 00000I 
HPD02876200HPCPHI19660600300022400 99999] 2500 00000I 
HPD02876200HPCPHI19660700010020100 99999[ 2500 00000I 
HPD02876200HPCPHI19660700310022400 99999] 2500 00000I 
HPD02876200HPCPHI19660800010020100 99999[ 2500 00000I 
HPD02876200HPCPHI19660800310022400 99999] 2500 00000I 
HPD02876200HPCPHI19660900010020100 99999[ 2500 00000I 
HPD02876200HPCPHI19660900300022400 99999] 2500 00000I 
HPD02876200HPCPHI19661000010020100 99999[ 2500 00000I 
HPD02876200HPCPHI19661000310022400 99999] 2500 00000I 
HPD02876200HPCPHI19661100010020100 99999[ 2500 00000I 
HPD02876200HPCPHI19661100300022400 99999] 2500 00000I 
HPD02876200HPCPHI19661200010020100 99999[ 2500 00000I 
HPD02876200HPCPHI19661200310022400 99999] 2500 00000I 
HPD02876200HPCPHI19670100010020100 99999[ 2500 00000I 
HPD02876200HPCPHI19670100310022400 99999] 2500 00000I 
HPD02876200HPCPHI19670200010020100 99999[ 2500 00000I 
HPD02876200HPCPHI19670200280022400 99999] 2500 00000I 
HPD02876200HPCPHI19670300010020100 99999[ 2500 00000I 
HPD02876200HPCPHI19670300310022400 99999] 2500 00000I 
HPD02876200HPCPHI19670400010020100 99999[ 2500 00000I 
HPD02876200HPCPHI19670400300022400 99999] 2500 00000I 
HPD02876200HPCPHI19670500010020100 99999[ 2500 00000I 
HPD02876200HPCPHI19670500310022400 99999] 2500 00000I 
HPD02876200HPCPHI19670600010020100 99999[ 2500 00000I 
HPD02876200HPCPHI19670600300022400 99999] 2500 00000I 
HPD02876200HPCPHI19670700010020100 99999[ 2500 00000I 
HPD02876200HPCPHI19670700310022400 99999] 2500 00000I 
HPD02876200HPCPHI19670800010020100 99999[ 2500 00000I 
HPD02876200HPCPHI19670800310022400 99999] 2500 00000I 
HPD02876200HPCPHI19670900010020100 00000g 2500 00000  
HPD02876200HPCPHI19670900030032000 00005  2100 00001  2500 00006  
HPD02876200HPCPHI19670900040020400 00049  2500 00049  
HPD02876200HPCPHI19670900060031000 00030  1100 00001  2500 00031  
HPD02876200HPCPHI19670900230041300 00009  1400 00010  1500 00011  2500 00030  
HPD02876200HPCPHI19670900250020800 00001  2500 00001  
HPD02876200HPCPHI19670900270020800 00003  2500 00003  
HPD02876200HPCPHI19671000010020100 99999[ 2500 00000I 
HPD02876200HPCPHI19671000310022400 99999] 2500 00000I 
HPD02876200HPCPHI19671100010020100 99999[ 2500 00000I 
HPD02876200HPCPHI19671100300022400 99999] 2500 00000I 
HPD02876200HPCPHI19671200010020100 99999[ 2500 00000I 
HPD02876200HPCPHI19671200310022400 99999] 2500 00000I 
HPD02876200HPCPHI19680100010020100 99999[ 2500 00000I 
HPD02876200HPCPHI19680100310022400 99999] 2500 00000I 
HPD02876200HPCPHI19680200010020100 00000g 2500 00000  
HPD02876200HPCPHI19680200100020500 00003  2500 00003  
HPD02876200HPCPHI19680200110051700 00005  1800 00002  2100 00020  2200 00002  2500 00029  
HPD02876200HPCPHI19680200130020200 00002  2500 00002  
HPD02876200HPCPHI19680300010020100 99999[ 2500 00000I 
HPD02876200HPCPHI19680300310022400 99999] 2500 00000I 
HPD02876200HPCPHI19680400010020100 99999[ 2500 00000I 
HPD02876200HPCPHI19680400300022400 99999] 2500 00000I 
HPD02876200HPCPHI19680500010020100 99999[ 2500 00000I 
HPD02876200HPCPHI19680500310022400 99999] 2500 00000I 
HPD02876200HPCPHI19680600010020100 99999[ 2500 00000I 
HPD02876200HPCPHI19680600300022400 99999] 2500 00000I 
HPD02876200HPCPHI19680700010020100 00000g 2500 00000  
HPD02876200HPCPHI19680700060032000 00001  2100 00002  2500 00003  
HPD02876200HPCPHI19680700070020400 00003  2500 00003  
HPD02876200HPCPHI19680700200032200 00016  2300 00017  2500 00033  
HPD02876200HPCPHI19680700260130300 00001  0400 00003  0500 00014  0600 00001  0700 00001  0800 00002  1800 00001  1900 00016  2000 00028  2100 00003  2200 00001  2300 00001  2500 00072  
HPD02876200HPCPHI19680700270060200 00005  0300 00031  0400 00003  0500 00009  0600 00001  2500 00049  
HPD02876200HPCPHI19680700280042100 00005  2300 00003  2400 00001  2500 00009  
HPD02876200HPCPHI19680700290050200 00001  0500 00001  2000 00002  2300 00001  2500 00005  
HPD02876200HPCPHI19680700300021800 00021  2500 00021  
HPD02876200HPCPHI19680800010020100 00000g 2500 00000  
HPD02876200HPCPHI19680800040042100 00004  2200 00006  2300 00002  2500 00012  
HPD02876200HPCPHI19680800070030800 00008  0900 00004  2500 00012  
HPD02876200HPCPHI19680800110031800 00020  2300 00005  2500 00025  
HPD02876200HPCPHI19680900010040100 00000g 1800 00025  1900 00003  2500 00028  
HPD02876200HPCPHI19681000010020100 99999[ 2500 00000I 
HPD02876200HPCPHI19681000310022400 99999] 2500 00000I 
HPD02876200HPCPHI19681100010020100 00000g 2500 00000  
HPD02876200HPCPHI19681100020020100 99999[ 2500 00000I 
HPD02876200HPCPHI19681100300022400 99999] 2500 00000I 
HPD02876200HPCPHI19681200010020100 00000g 2500 00000  
HPD02876200HPCPHI19681200020020100 99999[ 2500 00000I 
HPD02876200HPCPHI19681200190022400 99999] 2500 00000I 
HPD02876200HPCPHI19681200200021900 00001  2500 00001  
HPD02876200HPCPHI19681200210030100 00001  0500 00001  2500 00002  
HPD02876200HPCPHI19681200220020100 99999[ 2500 00000I 
HPD02876200HPCPHI19681200240022400 99999] 2500 00000I 
HPD02876200HPCPHI19681200250022400 00001  2500 00001  
HPD02876200HPCPHI19681200260030100 99999[ 2200 00008] 2500 00008I 
HPD02876200HPCPHI19681200270020100 99999[ 2500 00000I 
HPD02876200HPCPHI19681200310022400 99999] 2500 00000I 
HPD02876200HPCPHI19690100010020100 00000g 2500 00000  
HPD02876200HPCPHI19690100140030200 99999a 2300 00063A 2500 00063  
HPD02876200HPCPHI19690100150030200 99999a 1500 00006A 2500 00006  
HPD02876200HPCPHI19690100190030100 99999a 2200 00010A 2500 00010  
HPD02876200HPCPHI19690100200030200 99999a 0700 00034A 2500 00034  
HPD02876200HPCPHI19690100210030300 99999a 1400 00093A 2500 00093  
HPD02876200HPCPHI19690100240030600 99999a 2400 00035A 2500 00035  
HPD02876200HPCPHI19690100250030100 99999a 1400 00085A 2500 00085  
HPD02876200HPCPHI19690200010020100 00000g 2500 00000  
HPD02876200HPCPHI19690200060031200 99999a 2400 00050A 2500 00050  
HPD02876200HPCPHI19690200150031500 99999a 2400 00010A 2500 00010  
HPD02876200HPCPHI19690200160030100 99999a 0400 00049A 2500 00049  
HPD02876200HPCPHI19690200190030100 99999a 2400 00038A 2500 00038  
HPD02876200HPCPHI19690200200030100 99999a 1900 00010A 2500 00010  
HPD02876200HPCPHI19690200250032200 99999a 2400 00006A 2500 00006  
HPD02876200HPCPHI19690200260030100 99999a 1300 00010A 2500 00010  
HPD02876200HPCPHI19690300010020100 00000g 2500 00000  
HPD02876200HPCPHI19690300040030100 99999a 2100 00003A 2500 00003  
HPD02876200HPCPHI19690300050030100 99999a 0200 00005A 2500 00005  
HPD02876200HPCPHI19690300100030200 99999a 2400 00031A 2500 00031  
HPD02876200HPCPHI19690300110030100 99999a 1300 00010A 2500 00010  
HPD02876200HPCPHI19690300130030500 99999a 1800 00034A 2500 00034  
HPD02876200HPCPHI19690300140030100 99999a 0500 00017A 2500 00017  
HPD02876200HPCPHI19690400010020100 99999[ 2500 00000I 
HPD02876200HPCPHI19690400300022400 99999] 2500 00000I 
HPD02876200HPCPHI19690500010020100 99999[ 2500 00000I 
HPD02876200HPCPHI19690500310022400 99999] 2500 00000I 
HPD02876200HPCPHI19690600010020100 99999[ 2500 00000I 
HPD02876200HPCPHI19690600300022400 99999] 2500 00000I 
HPD02876200HPCPHI19690700010020100 99999[ 2500 00000I 
HPD02876200HPCPHI19690700310022400 99999] 2500 00000I 
HPD02876200HPCPHI19690800010020100 99999[ 2500 00000I 
HPD02876200HPCPHI19690800310022400 99999] 2500 00000I 
HPD02876200HPCPHI19690900010020100 99999[ 2500 00000I 
HPD02876200HPCPHI19690900300022400 99999] 2500 00000I 
HPD02876200HPCPHI19691000010020100 99999[ 2500 00000I 
HPD02876200HPCPHI19691000310022400 99999] 2500 00000I 
HPD02876200HPCPHI19691100010020100 99999[ 2500 00000I 
HPD02876200HPCPHI19691100300022400 99999] 2500 00000I 
