HPD02899507HPCPHT20020100010020100 00000g 2500 00000  
HPD02899507HPCPHT20020100230021500 00010  2500 00010  
HPD02899507HPCPHT20020100240021500 00010  2500 00010  
HPD02899507HPCPHT20020100300031200 00010  1500 00010  2500 00020  
HPD02899507HPCPHT20020100310021000 00010  2500 00010  
HPD02899507HPCPHT20020200010020100 00000g 2500 00000  
HPD02899507HPCPHT20020200030022400 99999{ 2500 00000P 
HPD02899507HPCPHT20020200280022400 99999} 2500 00000P 
HPD02899507HPCPHT20020300010020100 99999{ 2500 00000P 
HPD02899507HPCPHT20020300040022300 99999} 2500 00000P 
HPD02899507HPCPHT20020300180021700 00010  2500 00010  
HPD02899507HPCPHT20020300190021300 00010  2500 00010  
HPD02899507HPCPHT20020400010020100 00000g 2500 00000  
HPD02899507HPCPHT20020500010020100 00000g 2500 00000  
HPD02899507HPCPHT20020600010020100 00000g 2500 00000  
HPD02899507HPCPHT20020700010020100 00000g 2500 00000  
HPD02899507HPCPHT20020700140041900 00010  2000 00010  2200 00010  2500 00030  
HPD02899507HPCPHT20020700220041800 00020  1900 00010  2100 00010  2500 00040  
HPD02899507HPCPHT20020700230022300 00010  2500 00010  
HPD02899507HPCPHT20020700240031100 00010  2100 00010  2500 00020  
HPD02899507HPCPHT20020800010020100 00000g 2500 00000  
HPD02899507HPCPHT20020800050051700 00020  1800 00050  2000 00010  2300 00010  2500 00090  
HPD02899507HPCPHT20020800080021700 00010  2500 00010  
HPD02899507HPCPHT20020800100020900 00010  2500 00010  
HPD02899507HPCPHT20020800280031800 00020  2300 00010  2500 00030  
HPD02899507HPCPHT20020900010040100 00000g 2000 00010  2100 00010  2500 00020  
HPD02899507HPCPHT20020900060051600 00020  1800 00010  1900 00010  2000 00010  2500 00050  
HPD02899507HPCPHT20020900080031400 00050  1800 00010  2500 00060  
HPD02899507HPCPHT20020900090022200 00040  2500 00040  
HPD02899507HPCPHT20020900100051400 00010  1500 00080  1600 00040  2000 00010  2500 00140  
HPD02899507HPCPHT20020900110020600 00040  2500 00040  
HPD02899507HPCPHT20021000010020100 00000g 2500 00000  
HPD02899507HPCPHT20021000020021200 00040  2500 00040  
HPD02899507HPCPHT20021000070020400 00010  2500 00010  
HPD02899507HPCPHT20021100010020100 00000g 2500 00000  
HPD02899507HPCPHT20021100290031000 00020  2400 00010  2500 00030  
HPD02899507HPCPHT20021200010020100 00000g 2500 00000  
HPD02899507HPCPHT20021200020031700 00010  2100 00010  2500 00020  
HPD02899507HPCPHT20021200030021000 00010  2500 00010  
HPD02899507HPCPHT20021200170021400 00050  2500 00050  
HPD02899507HPCPHT20021200180040300 00010  0400 00010  0500 00010  2500 00030  
HPD02899507HPCPHT20021200220021700 00010  2500 00010  
HPD02899507HPCPHT20021200230051100 00010  1400 00010  1500 00010  2000 00010  2500 00040  
HPD02899507HPCPHT20021200300021300 00010  2500 00010  
