HPD02458602HPCPHT20080100010020100 00000g 2500 00000  
HPD02458602HPCPHT20080100060020100 00010 R2500 00010 R
HPD02458602HPCPHT20080100070021700 00010 R2500 00010 R
HPD02458602HPCPHT20080100080021500 00010 R2500 00010 R
HPD02458602HPCPHT20080100090041300 00010 R1400 00010 R1600 00010 R2500 00030 R
HPD02458602HPCPHT20080100100031200 00010 R1300 00010 R2500 00020 R
HPD02458602HPCPHT20080100270071400 00010 R1600 00010 R1900 00010 R2000 00020 R2200 00010 R2400 00010 R2500 00070 R
HPD02458602HPCPHT20080100280020300 00010 R2500 00010 R
HPD02458602HPCPHT20080200010020100 00000g 2500 00000  
HPD02458602HPCPHT20080200030021600 00010  2500 00010  
HPD02458602HPCPHT20080200040021300 00010  2500 00010  
HPD02458602HPCPHT20080200150041300 00020  1400 00020  1600 00010  2500 00050  
HPD02458602HPCPHT20080200210031200 00010  1300 00010  2500 00020  
HPD02458602HPCPHT20080200220031100 00010  1600 00010  2500 00020  
HPD02458602HPCPHT20080200230031100 00010  1200 00010  2500 00020  
HPD02458602HPCPHT20080200240021300 00010  2500 00010  
HPD02458602HPCPHT20080200250021500 00010  2500 00010  
HPD02458602HPCPHT20080300010020100 00000g 2500 00000  
HPD02458602HPCPHT20080400010020100 00000g 2500 00000  
HPD02458602HPCPHT20080500010020100 00000g 2500 00000  
HPD02458602HPCPHT20080500030021900 00010  2500 00010  
HPD02458602HPCPHT20080500130021600 00010  2500 00010  
HPD02458602HPCPHT20080500220021600 00010  2500 00010  
HPD02458602HPCPHT20080500230060100 00010  0400 00010  1100 00010  1300 00010  2000 00010  2500 00050  
HPD02458602HPCPHT20080600010020100 00000g 2500 00000  
HPD02458602HPCPHT20080600040032200 00010  2300 00010  2500 00020  
HPD02458602HPCPHT20080600290021600 00020  2500 00020  
HPD02458602HPCPHT20080700010020100 00000g 2500 00000  
HPD02458602HPCPHT20080700100021300 00020  2500 00020  
HPD02458602HPCPHT20080700140042100 00010  2200 00020  2300 00010  2500 00040  
HPD02458602HPCPHT20080700170021200 99999[ 2500 00000I 
HPD02458602HPCPHT20080700310022400 99999] 2500 00000I 
HPD02458602HPCPHT20080800010020100 99999[ 2500 00000I 
HPD02458602HPCPHT20080800030020700 99999] 2500 00000I 
HPD02458602HPCPHT20080800060050100 00010  0300 00010  0700 00010  1900 00010  2500 00040  
HPD02458602HPCPHT20080800160021900 00020  2500 00020  
HPD02458602HPCPHT20080800250031600 00020  1700 00030  2500 00050  
HPD02458602HPCPHT20080800300032300 00010  2400 00010  2500 00020  
HPD02458602HPCPHT20080800310040300 00020  1700 00010  2400 00010  2500 00040  
HPD02458602HPCPHT20080900010020100 00000g 2500 00000  
HPD02458602HPCPHT20080900090021600 00010  2500 00010  
HPD02458602HPCPHT20080900100021400 00020  2500 00020  
HPD02458602HPCPHT20081000010020100 00000g 2500 00000  
HPD02458602HPCPHT20081000040041400 00010  1500 00020  1600 00020  2500 00050  
HPD02458602HPCPHT20081100010030100 00000g 1700 00010  2500 00010  
HPD02458602HPCPHT20081100090032100 00010  2400 00010  2500 00020  
HPD02458602HPCPHT20081100260021300 00010  2500 00010  
HPD02458602HPCPHT20081100270030800 00010  1000 00010  2500 00020  
HPD02458602HPCPHT20081100300021700 00010  2500 00010  
HPD02458602HPCPHT20081200010020100 00000g 2500 00000  
HPD02458602HPCPHT20081200080022200 00010  2500 00010  
HPD02458602HPCPHT20081200160030600 00010  1600 00010  2500 00020  
HPD02458602HPCPHT20081200170020300 00010  2500 00010  
HPD02458602HPCPHT20081200180030500 00010  1100 00010  2500 00020  
HPD02458602HPCPHT20081200220022300 00010  2500 00010  
HPD02458602HPCPHT20081200230040400 00010  0700 00010  1100 00010  2500 00030  
HPD02458602HPCPHT20081200250030100 00010  0500 00010  2500 00020  
HPD02458602HPCPHT20081200260040300 00010  0400 00010  1500 00010  2500 00030  
