HPD02927102HPCPHT20030100010020100 00000g 2500 00000  
HPD02927102HPCPHT20030100080031600 00010  2400 00010  2500 00020  
HPD02927102HPCPHT20030100090020300 00010  2500 00010  
HPD02927102HPCPHT20030100200022300 00010  2500 00010  
HPD02927102HPCPHT20030100210020500 00010  2500 00010  
HPD02927102HPCPHT20030200010020100 00000g 2500 00000  
HPD02927102HPCPHT20030200080021700 00010  2500 00010  
HPD02927102HPCPHT20030200130090100 00010  0500 00010  0900 00010  1700 00010  1800 00010  1900 00010  2100 00010  2200 00020  2500 00090  
HPD02927102HPCPHT20030200140070300 00010  0400 00010  0600 00010  0900 00010  1600 00010  2000 00010  2500 00060  
HPD02927102HPCPHT20030200250071700 00010  1800 00010  2000 00010  2100 00030  2200 00020  2300 00010  2500 00090  
HPD02927102HPCPHT20030200260060200 00010  0400 00010  0600 00010  0900 00010  1800 00010  2500 00050  
HPD02927102HPCPHT20030200270041500 00010  1600 00010  2200 00010  2500 00030  
HPD02927102HPCPHT20030200280020900 00010  2500 00010  
HPD02927102HPCPHT20030300010040100 00000g 1200 00010  2300 00010  2500 00020  
HPD02927102HPCPHT20030300020020800 00010  2500 00010  
HPD02927102HPCPHT20030300050020300 00010  2500 00010  
HPD02927102HPCPHT20030300070031200 99999{ 1300 99999} 2500 00000P 
HPD02927102HPCPHT20030300120031100 99999{ 1200 99999} 2500 00000P 
HPD02927102HPCPHT20030300150021300 99999{ 2500 00000P 
HPD02927102HPCPHT20030300190021300 99999} 2500 00000P 
HPD02927102HPCPHT20030400010040100 00000g 0800 99999[ 1400 99999] 2500 00000I 
HPD02927102HPCPHT20030400050021300 00010  2500 00010  
HPD02927102HPCPHT20030400150040700 00010  0800 00010  1300 00010  2500 00030  
HPD02927102HPCPHT20030500010020100 00000g 2500 00000  
HPD02927102HPCPHT20030500310020600 00010  2500 00010  
HPD02927102HPCPHT20030600010020100 00000g 2500 00000  
HPD02927102HPCPHT20030600160031200 99999{ 1400 99999} 2500 00000P 
HPD02927102HPCPHT20030700010040100 00000g 0800 99999[ 1400 99999] 2500 00000I 
HPD02927102HPCPHT20030700110031100 00010  1400 00010  2500 00020  
HPD02927102HPCPHT20030700130031500 00020  1600 00010  2500 00030  
HPD02927102HPCPHT20030700160031900 99999{ 2000 99999} 2500 00000P 
HPD02927102HPCPHT20030700210031900 00020  2300 00010  2500 00030  
HPD02927102HPCPHT20030700250020500 00010  2500 00010  
HPD02927102HPCPHT20030700260021900 00010  2500 00010  
HPD02927102HPCPHT20030700290032100 00010  2300 00010  2500 00020  
HPD02927102HPCPHT20030700310031800 00020  1900 00010  2500 00030  
HPD02927102HPCPHT20030800010020100 00000g 2500 00000  
HPD02927102HPCPHT20030800020021200 00010  2500 00010  
HPD02927102HPCPHT20030800070071400 99999[ 1600 99999] 1900 00010  2000 00010  2100 00020  2300 00010  2500 00050I 
HPD02927102HPCPHT20030800120022000 00030  2500 00030  
HPD02927102HPCPHT20030800130030700 00010  2000 00010  2500 00020  
HPD02927102HPCPHT20030800140021800 00010  2500 00010  
HPD02927102HPCPHT20030800150021100 00010  2500 00010  
HPD02927102HPCPHT20030800210030100 00010  2100 00010  2500 00020  
HPD02927102HPCPHT20030800220020300 00010  2500 00010  
HPD02927102HPCPHT20030800230021000 00010  2500 00010  
HPD02927102HPCPHT20030800250021300 00010  2500 00010  
HPD02927102HPCPHT20030800290021700 00020  2500 00020  
HPD02927102HPCPHT20030900010020100 00000g 2500 00000  
HPD02927102HPCPHT20030900050021700 00010  2500 00010  
HPD02927102HPCPHT20030900090100200 00010  0300 00040  0400 00010  1400 00010  1600 00010  1800 00020  1900 00020  2000 00010  2100 00020  2500 00150  
HPD02927102HPCPHT20030900100041100 00020  1200 00030  1400 00010  2500 00060  
HPD02927102HPCPHT20030900250020800 00030  2500 00030  
HPD02927102HPCPHT20031000010020100 00000g 2500 00000  
HPD02927102HPCPHT20031000060030900 99999[ 1300 99999] 2500 00000I 
HPD02927102HPCPHT20031000070061000 00010  1200 00010  2000 00010  2300 00010  2400 00010  2500 00050  
HPD02927102HPCPHT20031000100020400 00010  2500 00010  
HPD02927102HPCPHT20031100010020100 00000g 2500 00000  
HPD02927102HPCPHT20031100030020200 00010  2500 00010  
HPD02927102HPCPHT20031100100022000 00010  2500 00010  
HPD02927102HPCPHT20031100120070400 00010  1400 00010  1800 00010  1900 00010  2100 00010  2300 00010  2500 00060  
HPD02927102HPCPHT20031100130020100 00010  2500 00010  
HPD02927102HPCPHT20031200010020100 00000g 2500 00000  
HPD02927102HPCPHT20031200040030800 99999{ 1000 99999} 2500 00000P 
HPD02927102HPCPHT20031200080021200 00010  2500 00010  
HPD02927102HPCPHT20031200120040100 00010  0200 00010  0600 00010  2500 00030  
HPD02927102HPCPHT20031200260030900 00010  1400 00010  2500 00020  
