HPD02787604HPCPHT20090100010030100 00000g 1300 00010  2500 00010  
HPD02787604HPCPHT20090100040061300 00010  1400 00010  1500 00010  1600 00010  2000 00010  2500 00050  
HPD02787604HPCPHT20090100050020300 00010  2500 00010  
HPD02787604HPCPHT20090100060021200 00010  2500 00010  
HPD02787604HPCPHT20090100220050300 00010  0500 00010  1200 00010  1400 00010  2500 00040  
HPD02787604HPCPHT20090100230020100 00040  2500 00040  
HPD02787604HPCPHT20090100280021300 00010  2500 00010  
HPD02787604HPCPHT20090200010030100 00000g 1100 00010  2500 00010  
HPD02787604HPCPHT20090200080110400 00020  0500 00010  0600 00010  0700 00010  1000 00010  1200 00010  1300 00010  1400 00010  1700 00010  2300 00010  2500 00110  
HPD02787604HPCPHT20090200090060300 00010  1000 00010  1200 00010  2300 00020  2400 00020  2500 00070  
HPD02787604HPCPHT20090200100060100 00010  0300 00010  0400 00010  0900 00010  1500 00010  2500 00050  
HPD02787604HPCPHT20090200160021300 00010  2500 00010  
HPD02787604HPCPHT20090200170060300 00010  0500 00010  0600 00010  0800 00010  0900 00010  2500 00050  
HPD02787604HPCPHT20090200190021400 00010  2500 00010  
HPD02787604HPCPHT20090300010020100 00000g 2500 00000  
HPD02787604HPCPHT20090300090030300 00010  0400 00010  2500 00020  
HPD02787604HPCPHT20090400010020100 00000g 2500 00000  
HPD02787604HPCPHT20090400050021800 00010  2500 00010  
HPD02787604HPCPHT20090400110070500 00010  1300 00020  1400 00010  1500 00010  1900 00010  2000 00010  2500 00070  
HPD02787604HPCPHT20090500010020100 00000g 2500 00000  
HPD02787604HPCPHT20090500020020700 99999[ 2500 00000I 
HPD02787604HPCPHT20090500100021000 99999] 2500 00000I 
HPD02787604HPCPHT20090500210051400 00010  1500 00010  1600 00010  2200 00010  2500 00040  
HPD02787604HPCPHT20090500220090500 00010  0600 00010  0800 00010  0900 00010  1000 00010  1100 00010  1200 00010  1800 00010  2500 00080  
HPD02787604HPCPHT20090500230030800 00010  0900 00020  2500 00030  
HPD02787604HPCPHT20090500300031500 00010  1600 00010  2500 00020  
HPD02787604HPCPHT20090600010030100 00000g 0900 00010  2500 00010  
HPD02787604HPCPHT20090600100040100 00010  0200 00020  1000 00010  2500 00040  
HPD02787604HPCPHT20090600160021000 00010  2500 00010  
HPD02787604HPCPHT20090600200021100 00010  2500 00010  
HPD02787604HPCPHT20090600290021600 00020  2500 00020  
HPD02787604HPCPHT20090700010030100 00000g 2000 00030  2500 00030  
HPD02787604HPCPHT20090700040021800 00070  2500 00070  
HPD02787604HPCPHT20090700050021400 00010  2500 00010  
HPD02787604HPCPHT20090700120021100 00010  2500 00010  
HPD02787604HPCPHT20090700150031800 00010  1900 00050  2500 00060  
HPD02787604HPCPHT20090700160021100 00010  2500 00010  
HPD02787604HPCPHT20090700170021700 00010  2500 00010  
HPD02787604HPCPHT20090700200031700 00030  1800 00010  2500 00040  
HPD02787604HPCPHT20090700210021800 00010  2500 00010  
HPD02787604HPCPHT20090700220021400 00040  2500 00040  
HPD02787604HPCPHT20090700230031300 00010  2300 00010  2500 00020  
HPD02787604HPCPHT20090700240020200 00010  2500 00010  
HPD02787604HPCPHT20090800010020100 00000g 2500 00000  
HPD02787604HPCPHT20090800030021700 00010  2500 00010  
HPD02787604HPCPHT20090800210020900 00010  2500 00010  
HPD02787604HPCPHT20090800220021900 00020  2500 00020  
HPD02787604HPCPHT20090900010030100 00000g 1100 00010  2500 00010  
HPD02787604HPCPHT20090900020021400 99999[ 2500 00000I 
HPD02787604HPCPHT20090900110021500 99999] 2500 00000I 
HPD02787604HPCPHT20090900190041500 00010  1600 00010  1700 00020  2500 00040  
HPD02787604HPCPHT20090900260021600 00010  2500 00010  
HPD02787604HPCPHT20091000010030100 00000g 1000 00010  2500 00010  
HPD02787604HPCPHT20091100010030100 00000g 1200 00010  2500 00010  
HPD02787604HPCPHT20091100130030800 00010  1400 00010  2500 00020  
HPD02787604HPCPHT20091100140021400 00010  2500 00010  
HPD02787604HPCPHT20091100290031200 00010  1600 00010  2500 00020  
HPD02787604HPCPHT20091200010020100 00000g 2500 00000  
HPD02787604HPCPHT20091200070141200 00020  1300 00010  1400 00020  1500 00010  1600 00020  1700 00020  1800 00010  1900 00020  2000 00020  2100 00010  2200 00020  2300 00020  2400 00010  2500 00210  
HPD02787604HPCPHT20091200080020100 00020  2500 00020  
HPD02787604HPCPHT20091200130021600 00010  2500 00010  
HPD02787604HPCPHT20091200220061600 00010  1700 00020  1800 00010  1900 00010  2400 00010  2500 00060  
HPD02787604HPCPHT20091200230021500 00010  2500 00010  
