HPD02174902HPCPHT19990100010020100 99999[ 2500 00000I 
HPD02174902HPCPHT19990100310022400 99999] 2500 00000I 
HPD02174902HPCPHT19990200010020100 99999[ 2500 00000I 
HPD02174902HPCPHT19990200020021400 99999] 2500 00000I 
HPD02174902HPCPHT19990200040052000 00020  2100 00010  2200 00010  2300 00010  2500 00050  
HPD02174902HPCPHT19990200050022400 00010  2500 00010  
HPD02174902HPCPHT19990200070021400 00010  2500 00010  
HPD02174902HPCPHT19990300010020100 00000g 2500 00000  
HPD02174902HPCPHT19990300160041900 00020  2000 00010  2300 00010  2500 00040  
HPD02174902HPCPHT19990300170020800 00010  2500 00010  
HPD02174902HPCPHT19990400010080100 00000g 0400 00010  0600 00010  1000 00010  1200 00010  1400 00010  1700 00010  2500 00060  
HPD02174902HPCPHT19990400020100100 00010  0300 00010  0400 00010  0600 00010  1000 00010  1200 00030  1600 00010  1800 00010  2200 00010  2500 00110  
HPD02174902HPCPHT19990400030021000 00030  2500 00030  
HPD02174902HPCPHT19990400040031100 00010  1300 00010  2500 00020  
HPD02174902HPCPHT19990400070022100 00010  2500 00010  
HPD02174902HPCPHT19990400130020800 00010  2500 00010  
HPD02174902HPCPHT19990400240040600 00010  0700 00010  0800 00010  2500 00030  
HPD02174902HPCPHT19990500010020100 00000g 2500 00000  
HPD02174902HPCPHT19990500020021200 00010  2500 00010  
HPD02174902HPCPHT19990500190021600 99999[ 2500 00000I 
HPD02174902HPCPHT19990500310022400 99999] 2500 00000I 
HPD02174902HPCPHT19990600010030100 00000g 0800 00010  2500 00010  
HPD02174902HPCPHT19990600170021900 00010  2500 00010  
HPD02174902HPCPHT19990600200021800 00010  2500 00010  
HPD02174902HPCPHT19990700010020100 00000g 2500 00000  
HPD02174902HPCPHT19990700030021300 00010  2500 00010  
HPD02174902HPCPHT19990700050031300 00010  1400 00010  2500 00020  
HPD02174902HPCPHT19990700070020800 00010  2500 00010  
HPD02174902HPCPHT19990700080031300 00010  1400 00010  2500 00020  
HPD02174902HPCPHT19990700100021600 00010  2500 00010  
HPD02174902HPCPHT19990700110051200 00010  1300 00070  1400 00010  1500 00030  2500 00120  
HPD02174902HPCPHT19990700120021300 00010  2500 00010  
HPD02174902HPCPHT19990700140020700 00050  2500 00050  
HPD02174902HPCPHT19990700150060600 00020  0700 00010  0800 00040  0900 00010  1400 00010  2500 00090  
HPD02174902HPCPHT19990700180051800 00010  1900 00030  2000 00010  2100 00010  2500 00060  
HPD02174902HPCPHT19990700200051100 00010  1500 00010  1600 00050  1700 00010  2500 00080  
HPD02174902HPCPHT19990700210020300 00010  2500 00010  
HPD02174902HPCPHT19990700230031200 00010  1300 00030  2500 00040  
HPD02174902HPCPHT19990700240021500 00020  2500 00020  
HPD02174902HPCPHT19990700260022400 00010  2500 00010  
HPD02174902HPCPHT19990700270021600 00040  2500 00040  
HPD02174902HPCPHT19990700280032100 00020  2200 00020  2500 00040  
HPD02174902HPCPHT19990700310021500 00010  2500 00010  
HPD02174902HPCPHT19990800010020100 00000g 2500 00000  
HPD02174902HPCPHT19990800040021600 00010  2500 00010  
HPD02174902HPCPHT19990800050040900 00010  2100 00010  2200 00020  2500 00040  
HPD02174902HPCPHT19990800060020400 00010  2500 00010  
HPD02174902HPCPHT19990800090032300 00010  2400 00010  2500 00020  
HPD02174902HPCPHT19990800100030400 00010  2400 00020  2500 00030  
HPD02174902HPCPHT19990800140022400 00010  2500 00010  
HPD02174902HPCPHT19990800160022100 00010  2500 00010  
HPD02174902HPCPHT19990800190031200 00010  2000 00010  2500 00020  
HPD02174902HPCPHT19990800250021900 00020  2500 00020  
HPD02174902HPCPHT19990800270032300 00010  2400 00010  2500 00020  
HPD02174902HPCPHT19990800280050100 00010  0200 00010  0900 00010  2200 00020  2500 00050  
HPD02174902HPCPHT19990800300021600 00010  2500 00010  
HPD02174902HPCPHT19990800310022400 00010  2500 00010  
HPD02174902HPCPHT19990900010020100 00000g 2500 00000  
HPD02174902HPCPHT19990900030020700 00010  2500 00010  
HPD02174902HPCPHT19990900170021600 00010  2500 00010  
HPD02174902HPCPHT19990900190020900 00010  2500 00010  
HPD02174902HPCPHT19990900220021300 00010  2500 00010  
HPD02174902HPCPHT19991000010020100 00000g 2500 00000  
HPD02174902HPCPHT19991100010020100 00000g 2500 00000  
HPD02174902HPCPHT19991100160021800 99999[ 2500 00000I 
HPD02174902HPCPHT19991100300022400 99999] 2500 00000I 
HPD02174902HPCPHT19991200010020100 99999[ 2500 00000I 
HPD02174902HPCPHT19991200310022400 99999] 2500 00000I 
