HPD02611906HPCPHT20010100010020100 00000g 2500 00000  
HPD02611906HPCPHT20010100090100100 00020  0300 00010  0400 00010  1100 00010  1200 00010  1300 00010  1400 00010  1500 00020  1700 00010  2500 00110  
HPD02611906HPCPHT20010100120051300 00010  1400 00010  1500 00010  1600 00010  2500 00040  
HPD02611906HPCPHT20010100160050700 00010  0800 00020  1300 00010  1900 00010  2500 00050  
HPD02611906HPCPHT20010100250021400 00010  2500 00010  
HPD02611906HPCPHT20010100260021500 00010  2500 00010  
HPD02611906HPCPHT20010100270031200 00010  1700 00010  2500 00020  
HPD02611906HPCPHT20010100280031500 00010  2300 00010  2500 00020  
HPD02611906HPCPHT20010200010020100 00000g 2500 00000  
HPD02611906HPCPHT20010200080060300 00010  0400 00010  1200 00010  1500 00020  1600 00010  2500 00060  
HPD02611906HPCPHT20010200090021100 00010  2500 00010  
HPD02611906HPCPHT20010200130022400 00010  2500 00010  
HPD02611906HPCPHT20010200140030700 00010  1400 00010  2500 00020  
HPD02611906HPCPHT20010200150030200 00010  1200 00010  2500 00020  
HPD02611906HPCPHT20010200270032300 00020  2400 00010  2500 00030  
HPD02611906HPCPHT20010200280020100 00010  2500 00010  
HPD02611906HPCPHT20010300010020100 00000g 2500 00000  
HPD02611906HPCPHT20010300070051000 00020  1200 00010  1300 00030  1700 00010  2500 00070  
HPD02611906HPCPHT20010300100031000 00010  2200 00010  2500 00020  
HPD02611906HPCPHT20010400010020100 00000g 2500 00000  
HPD02611906HPCPHT20010400040021600 00010  2500 00010  
HPD02611906HPCPHT20010400050042100 00010  2200 00010  2400 00030  2500 00050  
HPD02611906HPCPHT20010400060080400 00010  0600 00010  0700 00010  0800 00040  0900 00020  1000 00010  1100 00010  2500 00110  
HPD02611906HPCPHT20010400100051200 00020  1400 00010  1500 00010  1700 00010  2500 00050  
HPD02611906HPCPHT20010400210071300 00010  1400 00010  1500 00010  1900 00040  2000 00030  2100 00040  2500 00140  
HPD02611906HPCPHT20010400300031800 00000 q1900 00000 q2500 00000P 
HPD02611906HPCPHT20010500010020100 00000g 2500 00000  
HPD02611906HPCPHT20010500130031200 00010  1400 00010  2500 00020  
HPD02611906HPCPHT20010500190040500 00020  0600 00010  0700 00010  2500 00040  
HPD02611906HPCPHT20010500200030100 00010  0400 00010  2500 00020  
HPD02611906HPCPHT20010600010020100 00000g 2500 00000  
HPD02611906HPCPHT20010600200022000 00030  2500 00030  
HPD02611906HPCPHT20010600210021300 00010  2500 00010  
HPD02611906HPCPHT20010600220022200 00010  2500 00010  
HPD02611906HPCPHT20010700010020100 00000g 2500 00000  
HPD02611906HPCPHT20010700050021500 00020  2500 00020  
HPD02611906HPCPHT20010700060020200 00010  2500 00010  
HPD02611906HPCPHT20010700080050700 00010  0800 00010  0900 00030  1300 00010  2500 00060  
HPD02611906HPCPHT20010700100022000 00020  2500 00020  
HPD02611906HPCPHT20010700110022000 00010  2500 00010  
HPD02611906HPCPHT20010700130021400 00010  2500 00010  
HPD02611906HPCPHT20010700140031600 00050  1700 00010  2500 00060  
HPD02611906HPCPHT20010700150021600 00010  2500 00010  
HPD02611906HPCPHT20010700160022100 00020  2500 00020  
HPD02611906HPCPHT20010700180021500 00020  2500 00020  
HPD02611906HPCPHT20010700250061200 00010  1600 00010  1700 00020  1800 00010  1900 00010  2500 00060  
HPD02611906HPCPHT20010700260020900 00010  2500 00010  
HPD02611906HPCPHT20010700310021200 00080  2500 00080  
HPD02611906HPCPHT20010800010020100 00000g 2500 00000  
HPD02611906HPCPHT20010800020031400 00010  2100 00030  2500 00040  
HPD02611906HPCPHT20010800040041800 00010  1900 00020  2000 00010  2500 00040  
HPD02611906HPCPHT20010800080021400 00010  2500 00010  
HPD02611906HPCPHT20010800120020100 00010  2500 00010  
HPD02611906HPCPHT20010800140021100 00010  2500 00010  
HPD02611906HPCPHT20010800170031700 00050  1800 00020  2500 00070  
HPD02611906HPCPHT20010800290032100 00020  2300 00100  2500 00120  
HPD02611906HPCPHT20010800300020100 00010  2500 00010  
HPD02611906HPCPHT20010900010020100 00000g 2500 00000  
HPD02611906HPCPHT20010900120021900 00010  2500 00010  
HPD02611906HPCPHT20010900130021500 00010  2500 00010  
HPD02611906HPCPHT20011000010020100 00000g 2500 00000  
HPD02611906HPCPHT20011000060032200 00010  2400 00010  2500 00020  
HPD02611906HPCPHT20011000070032100 00030  2200 00010  2500 00040  
HPD02611906HPCPHT20011000080040900 00010  1000 00010  1200 00010  2500 00030  
HPD02611906HPCPHT20011100010020100 00000g 2500 00000  
HPD02611906HPCPHT20011200010030100 00000g 0200 99999{ 2500 00000P 
HPD02611906HPCPHT20011200310022400 99999} 2500 00000P 
