HPD02534403HPCPHT20010100010020100 00000g 2500 00000  
HPD02534403HPCPHT20010100060020900 00010  2500 00010  
HPD02534403HPCPHT20010100080042200 00010  2300 00010  2400 00010  2500 00030  
HPD02534403HPCPHT20010100090060100 00020  0200 00010  0300 00010  0400 00010  0500 00010  2500 00060  
HPD02534403HPCPHT20010100120090200 00010  0300 00010  0400 00010  0500 00020  0600 00010  0700 00010  0900 00010  1300 00010  2500 00090  
HPD02534403HPCPHT20010100160030400 00010  1400 00010  2500 00020  
HPD02534403HPCPHT20010100180021000 00010  2500 00010  
HPD02534403HPCPHT20010100270080500 00010  0600 00010  0700 00010  0800 00010  1100 00010  1200 00010  1900 00010  2500 00070  
HPD02534403HPCPHT20010200010020100 00000g 2500 00000  
HPD02534403HPCPHT20010200130041400 00010  1600 00010  1800 00010  2500 00030  
HPD02534403HPCPHT20010200140040900 00010  1100 00010  1400 00010  2500 00030  
HPD02534403HPCPHT20010200250022400 00010  2500 00010  
HPD02534403HPCPHT20010200260030200 00010  0400 00010  2500 00020  
HPD02534403HPCPHT20010200270032200 00010  2300 00020  2500 00030  
HPD02534403HPCPHT20010200280020500 00010  2500 00010  
HPD02534403HPCPHT20010300010020100 00000g 2500 00000  
HPD02534403HPCPHT20010300070090300 00010  0400 00020  0500 00010  0700 00010  0800 00010  0900 00020  1100 00010  1200 00010  2500 00100  
HPD02534403HPCPHT20010300090022400 00010  2500 00010  
HPD02534403HPCPHT20010300100020900 00010  2500 00010  
HPD02534403HPCPHT20010400010020100 00000g 2500 00000  
HPD02534403HPCPHT20010400050022300 00010  2500 00010  
HPD02534403HPCPHT20010400060030100 00010  1200 00010  2500 00020  
HPD02534403HPCPHT20010400210031500 00010  1900 00010  2500 00020  
HPD02534403HPCPHT20010500010030100 99999[ 0600 99999] 2500 00000I 
HPD02534403HPCPHT20010500190060300 00010  0500 00010  0700 00010  1800 00010  2100 00010  2500 00050  
HPD02534403HPCPHT20010600010030100 99999[ 0600 99999] 2500 00000I 
HPD02534403HPCPHT20010600210021900 00020  2500 00020  
HPD02534403HPCPHT20010600250021800 00010  2500 00010  
HPD02534403HPCPHT20010700010030100 00000g 1700 00010  2500 00010  
HPD02534403HPCPHT20010700070021000 00010  2500 00010  
HPD02534403HPCPHT20010700080021500 00010  2500 00010  
HPD02534403HPCPHT20010700090022200 00010  2500 00010  
HPD02534403HPCPHT20010700100020500 00010  2500 00010  
HPD02534403HPCPHT20010700140021200 00020  2500 00020  
HPD02534403HPCPHT20010700250022400 00020  2500 00020  
HPD02534403HPCPHT20010700260020100 00010  2500 00010  
HPD02534403HPCPHT20010700300020600 00010  2500 00010  
HPD02534403HPCPHT20010800010030100 00000g 0800 00020  2500 00020  
HPD02534403HPCPHT20010800020021800 00020  2500 00020  
HPD02534403HPCPHT20010800040051300 00010  1700 00010  1800 00010  1900 00010  2500 00040  
HPD02534403HPCPHT20010800070021400 00020  2500 00020  
HPD02534403HPCPHT20010800080031400 00010  2400 00010  2500 00020  
HPD02534403HPCPHT20010800100021100 00010  2500 00010  
HPD02534403HPCPHT20010800120041000 00010  1800 00030  2000 00030  2500 00070  
HPD02534403HPCPHT20010800130021200 00010  2500 00010  
HPD02534403HPCPHT20010800140031100 00010  1600 00020  2500 00030  
HPD02534403HPCPHT20010800160020900 00010  2500 00010  
HPD02534403HPCPHT20010800190021700 00010  2500 00010  
HPD02534403HPCPHT20010800200021100 00010  2500 00010  
HPD02534403HPCPHT20010900010020100 00000g 2500 00000  
HPD02534403HPCPHT20010900140021300 00010  2500 00010  
HPD02534403HPCPHT20010900150021600 00010  2500 00010  
HPD02534403HPCPHT20011000010020100 00000g 2500 00000  
HPD02534403HPCPHT20011000040020200 00010  2500 00010  
HPD02534403HPCPHT20011000060021700 00010  2500 00010  
HPD02534403HPCPHT20011000070040800 00010  1000 00010  1100 00010  2500 00030  
HPD02534403HPCPHT20011000080040300 00010  1500 00010  1800 00010  2500 00030  
HPD02534403HPCPHT20011100010020100 00000g 2500 00000  
HPD02534403HPCPHT20011100050040400 00010  0600 00020  1000 00010  2500 00040  
HPD02534403HPCPHT20011200010020100 00000g 2500 00000  
HPD02534403HPCPHT20011200040050700 00010  0800 00010  1100 00010  1700 00010  2500 00040  
HPD02534403HPCPHT20011200150031100 00010  1500 00010  2500 00020  
