HPD02619406HPCPHI20000100010020100 00000g 2500 00000  
HPD02619406HPCPHI20000100020020600 00001  2500 00001  
HPD02619406HPCPHI20000200010020100 00000g 2500 00000  
HPD02619406HPCPHI20000200210030500 00013  0600 00002  2500 00015  
HPD02619406HPCPHI20000300010020100 00000g 2500 00000  
HPD02619406HPCPHI20000300050081800 00005  1900 00002  2000 00005  2100 00004  2200 00018  2300 00020  2400 00012  2500 00066  
HPD02619406HPCPHI20000300060140100 00009  0200 00005  0400 00002  0500 00002  0600 00001  1400 00001  1600 00001  1700 00007  1800 00005  1900 00005  2000 00005  2100 00001  2400 00002  2500 00046  
HPD02619406HPCPHI20000300070050200 00003  0300 00004  0400 00004  0500 00003  2500 00014  
HPD02619406HPCPHI20000400010020100 00000g 2500 00000  
HPD02619406HPCPHI20000500010020100 00000g 2500 00000  
HPD02619406HPCPHI20000600010020100 00000g 2500 00000  
HPD02619406HPCPHI20000700010020100 00000g 2500 00000  
HPD02619406HPCPHI20000700300032300 00003  2400 00001  2500 00004  
HPD02619406HPCPHI20000800010020100 00000g 2500 00000  
HPD02619406HPCPHI20000800140020200 00025  2500 00025  
HPD02619406HPCPHI20000800220022200 00037  2500 00037  
HPD02619406HPCPHI20000800270040900 00018  1000 00006  1100 00001  2500 00025  
HPD02619406HPCPHI20000900010020100 00000g 2500 00000  
HPD02619406HPCPHI20001000010020100 00000g 2500 00000  
HPD02619406HPCPHI20001000040030500 00003  0600 00005  2500 00008  
HPD02619406HPCPHI20001000200020700 00001  2500 00001  
HPD02619406HPCPHI20001000210021500 00020  2500 00020  
HPD02619406HPCPHI20001000220040300 00030  1100 00005  1200 00013  2500 00048  
HPD02619406HPCPHI20001000270041100 00002  1300 00002  1400 00001  2500 00005  
HPD02619406HPCPHI20001000300031000 00013  1100 00008  2500 00021  
HPD02619406HPCPHI20001100010020100 99999[ 2500 00000I 
HPD02619406HPCPHI20001100300022400 99999] 2500 00000I 
HPD02619406HPCPHI20001200010020100 99999[ 2500 00000I 
HPD02619406HPCPHI20001200310022400 99999] 2500 00000I 
