HPD02010005HPCPHI20010100010020100 00000g 2500 00000  
HPD02010005HPCPHI20010100080022400 00002  2500 00002  
HPD02010005HPCPHI20010100090060100 00002  0200 00003  0400 00001  0500 00001  0600 00002  2500 00009  
HPD02010005HPCPHI20010100110091700 00005  1800 00013  1900 00017  2000 00015  2100 00011  2200 00011  2300 00008  2400 00003  2500 00083  
HPD02010005HPCPHI20010100120020600 00002  2500 00002  
HPD02010005HPCPHI20010100160060300 00003  0400 00002  0500 00001  0600 00002  0700 00003  2500 00011  
HPD02010005HPCPHI20010100270080100 00001  0200 00001  0300 00002  0400 00001  0500 00004  0600 00002  0700 00003  2500 00014  
HPD02010005HPCPHI20010200010020100 00000g 2500 00000  
HPD02010005HPCPHI20010200130071100 00001  1200 00006  1300 00013  1400 00015  1500 00002  1700 00003  2500 00040  
HPD02010005HPCPHI20010200240022100 00002  2500 00002  
HPD02010005HPCPHI20010200260050100 00005  0200 00004  0300 00001  1300 00002  2500 00012  
HPD02010005HPCPHI20010200270080400 00001  0500 00002  1700 00003  1800 00006  1900 00001  2000 00003  2200 00001  2500 00017  
HPD02010005HPCPHI20010200280040200 00001  0300 00001  0500 00003  2500 00005  
HPD02010005HPCPHI20010300010020100 00000g 2500 00000  
HPD02010005HPCPHI20010300060052100 00007  2200 00003  2300 00004  2400 00011  2500 00025  
HPD02010005HPCPHI20010300070060100 00006  0200 00013  0300 00010  0400 00002  0500 00001  2500 00032  
HPD02010005HPCPHI20010400010020100 00000g 2500 00000  
HPD02010005HPCPHI20010400020020800 99999a 2500 00000I 
HPD02010005HPCPHI20010400100020700 00002A 2500 00002P 
HPD02010005HPCPHI20010500010020100 00000g 2500 00000  
HPD02010005HPCPHI20010500190021700 00026  2500 00026  
HPD02010005HPCPHI20010600010020100 00000g 2500 00000  
HPD02010005HPCPHI20010700010020100 00000g 2500 00000  
HPD02010005HPCPHI20010700030021700 00015  2500 00015  
HPD02010005HPCPHI20010700060051100 00003  1300 00005  1400 00005  1500 00001  2500 00014  
HPD02010005HPCPHI20010800010030100 00000g 2000 00005  2500 00005  
HPD02010005HPCPHI20010800070041500 00002  1600 00015  1700 00001  2500 00018  
HPD02010005HPCPHI20010800090020400 00002  2500 00002  
HPD02010005HPCPHI20010800120032200 00002  2300 00013  2500 00015  
HPD02010005HPCPHI20010800140021500 00007  2500 00007  
HPD02010005HPCPHI20010900010020100 00000g 2500 00000  
HPD02010005HPCPHI20010900130041700 00004  1800 00034  1900 00075  2500 00113  
HPD02010005HPCPHI20011000010020100 00000g 2500 00000  
HPD02010005HPCPHI20011000070060300 00016  0400 00012  0500 00013  0600 00011  0700 00010  2500 00062  
HPD02010005HPCPHI20011100010030100 00000g 0800 99999a 2500 00000I 
HPD02010005HPCPHI20011100050020700 00014A 2500 00014P 
HPD02010005HPCPHI20011200010020100 00000g 2500 00000  
HPD02010005HPCPHI20011200040110300 00001  0400 00001  0500 00004  0600 00005  0700 00001  0800 00001  0900 00004  1000 00005  1100 00001  1200 00003  2500 00026  
HPD02010005HPCPHI20011200110060400 00001  0500 00001  0600 00001  1200 00002  1300 00005  2500 00010  
HPD02010005HPCPHI20011200140031000 00002  1100 00003  2500 00005  
