HPD02048703HPCPHT20040100010020100 00000g 2500 00000  
HPD02048703HPCPHT20040100020021100 00010  2500 00010  
HPD02048703HPCPHT20040100080021400 99999{ 2500 00000P 
HPD02048703HPCPHT20040100090021000 99999} 2500 00000P 
HPD02048703HPCPHT20040100210021600 00010  2500 00010  
HPD02048703HPCPHT20040200010030100 00000g 1000 99999{ 2500 00000P 
HPD02048703HPCPHT20040200290022400 99999} 2500 00000P 
HPD02048703HPCPHT20040300010020100 99999{ 2500 00000P 
HPD02048703HPCPHT20040300020040300 99999} 0400 99999[ 1100 99999] 2500 00000P 
HPD02048703HPCPHT20040300030021000 00010  2500 00010  
HPD02048703HPCPHT20040300120021700 00010  2500 00010  
HPD02048703HPCPHT20040400010060100 00000g 0800 99999[ 1500 99999] 1600 00010  2300 00010  2500 00020I 
HPD02048703HPCPHT20040400020070100 00010  0300 00010  0600 00010  0700 00020  0800 00010  1100 00010  2500 00070  
HPD02048703HPCPHT20040400030020800 00010  2500 00010  
HPD02048703HPCPHT20040400040021900 00010  2500 00010  
HPD02048703HPCPHT20040400050041400 00010  1700 00010  1900 00010  2500 00030  
HPD02048703HPCPHT20040400080041400 00010  1700 00010  2200 00010  2500 00030  
HPD02048703HPCPHT20040500010040100 00000g 0900 99999[ 1400 99999] 2500 00000I 
HPD02048703HPCPHT20040500160021300 00010  2500 00010  
HPD02048703HPCPHT20040600010040100 00000g 0800 99999[ 1400 99999] 2500 00000I 
HPD02048703HPCPHT20040600240021300 99999[ 2500 00000I 
HPD02048703HPCPHT20040600300022400 99999] 2500 00000I 
HPD02048703HPCPHT20040700010030100 99999[ 1400 99999] 2500 00000I 
HPD02048703HPCPHT20040700140041600 00030  1700 00010  1900 00040  2500 00080  
HPD02048703HPCPHT20040700150021700 00010  2500 00010  
HPD02048703HPCPHT20040700170021800 00020  2500 00020  
HPD02048703HPCPHT20040700180020800 00010  2500 00010  
HPD02048703HPCPHT20040700250021900 00010  2500 00010  
HPD02048703HPCPHT20040700260041700 00010  1900 00010  2000 00010  2500 00030  
HPD02048703HPCPHT20040700270030900 00010  1600 00010  2500 00020  
HPD02048703HPCPHT20040800010020100 00000g 2500 00000  
HPD02048703HPCPHT20040800060031400 00040  2300 00010  2500 00050  
HPD02048703HPCPHT20040800120031800 00010  2200 00010  2500 00020  
HPD02048703HPCPHT20040800170020900 00010  2500 00010  
HPD02048703HPCPHT20040800200021600 00010  2500 00010  
HPD02048703HPCPHT20040900010040100 00000g 0900 99999[ 1400 99999] 2500 00000I 
HPD02048703HPCPHT20040900020022400 00010  2500 00010  
HPD02048703HPCPHT20040900030022000 00010  2500 00010  
HPD02048703HPCPHT20040900180051500 00020  2200 00010  2300 00110  2400 00010  2500 00150  
HPD02048703HPCPHT20040900190050500 00070  0600 00090  0700 00070  0800 00030  2500 00260  
HPD02048703HPCPHT20040900280021500 00010  2500 00010  
HPD02048703HPCPHT20040900290020200 00010  2500 00010  
HPD02048703HPCPHT20041000010020100 00000g 2500 00000  
HPD02048703HPCPHT20041000210170300 00010  0400 00010  0600 00010  0700 00030  0800 00030  0900 00050  1000 00040  1100 00040  1200 00010  1300 00030  1400 00020  1500 00020  1600 00010  1700 00010  1800 00010  1900 00010  2500 00340  
HPD02048703HPCPHT20041000270061800 00010  2100 00010  2200 00020  2300 00020  2400 00010  2500 00070  
HPD02048703HPCPHT20041000280110200 00020  0300 00010  0400 00010  0600 00010  0700 00010  1000 00010  1100 00010  1300 00010  1400 00010  1700 00010  2500 00110  
HPD02048703HPCPHT20041000290021400 00010  2500 00010  
HPD02048703HPCPHT20041100010040100 00000g 0800 99999[ 1400 99999] 2500 00000I 
HPD02048703HPCPHT20041100070050800 00010  1200 00010  2200 00010  2300 00010  2500 00040  
HPD02048703HPCPHT20041100080090100 00020  0200 00020  0300 00010  0400 00020  0500 00010  0600 00010  0800 00020  2300 00010  2500 00120  
HPD02048703HPCPHT20041100090021100 00010  2500 00010  
HPD02048703HPCPHT20041100120041700 00010  1800 00010  1900 00010  2500 00030  
HPD02048703HPCPHT20041100130021700 00010  2500 00010  
HPD02048703HPCPHT20041100150022400 00010  2500 00010  
HPD02048703HPCPHT20041100200022200 00010  2500 00010  
HPD02048703HPCPHT20041100210070100 00010  0600 00010  0700 00010  0900 00010  1000 00010  1700 00010  2500 00060  
HPD02048703HPCPHT20041100220051000 00010  1100 00010  1300 00010  1500 00010  2500 00040  
HPD02048703HPCPHT20041200010020100 00000g 2500 00000  
HPD02048703HPCPHT20041200070021000 00010  2500 00010  
HPD02048703HPCPHT20041200150020900 99999{ 2500 00000P 
HPD02048703HPCPHT20041200310022400 99999} 2500 00000P 
