HPD02915803HPCPHT20070100010030100 00000g 1400 00010  2500 00010  
HPD02915803HPCPHT20070100060031600 99999[ 2000 99999] 2500 00000I 
HPD02915803HPCPHT20070100190022000 00010  2500 00010  
HPD02915803HPCPHT20070100200020600 00010  2500 00010  
HPD02915803HPCPHT20070100310021300 00010  2500 00010  
HPD02915803HPCPHT20070200010020100 00000g 2500 00000  
HPD02915803HPCPHT20070200110022400 00010  2500 00010  
HPD02915803HPCPHT20070200190031200 00010  1400 00010  2500 00020  
HPD02915803HPCPHT20070300010020100 00000g 2500 00000  
HPD02915803HPCPHT20070300180021400 00010  2500 00010  
HPD02915803HPCPHT20070300230050700 00010  0800 00010  0900 00010  1400 00010  2500 00040  
HPD02915803HPCPHT20070300290021800 00010  2500 00010  
HPD02915803HPCPHT20070400010020100 00000g 2500 00000  
HPD02915803HPCPHT20070400240021700 00010  2500 00010  
HPD02915803HPCPHT20070500010030100 00000g 1500 00010  2500 00010  
HPD02915803HPCPHT20070500020031400 99999[ 1500 99999] 2500 00000I 
HPD02915803HPCPHT20070600010020100 00000g 2500 00000  
HPD02915803HPCPHT20070700010020100 00000g 2500 00000  
HPD02915803HPCPHT20070700160051600 00020  1700 00020  1800 00010  2300 00010  2500 00060  
HPD02915803HPCPHT20070700220021300 00010  2500 00010  
HPD02915803HPCPHT20070700230021200 00030  2500 00030  
HPD02915803HPCPHT20070700250031200 00020  1300 00020  2500 00040  
HPD02915803HPCPHT20070700260021000 00010  2500 00010  
HPD02915803HPCPHT20070700270051200 00010  1300 00010  1600 00100  1700 00020  2500 00140  
HPD02915803HPCPHT20070700280071200 00010  1700 00030  2000 00010  2200 00030  2300 00010  2400 00010  2500 00100  
HPD02915803HPCPHT20070700300031500 00010  1600 00010  2500 00020  
HPD02915803HPCPHT20070700310041200 00070  1300 00080  1400 00010  2500 00160  
HPD02915803HPCPHT20070800010060100 00000g 1400 00010  1500 00020  1600 00010  1700 00010  2500 00050  
HPD02915803HPCPHT20070800030021600 00010  2500 00010  
HPD02915803HPCPHT20070800270021200 00010  2500 00010  
HPD02915803HPCPHT20070800310031400 00010  1500 00010  2500 00020  
HPD02915803HPCPHT20070900010030100 00000g 1400 00010  2500 00010  
HPD02915803HPCPHT20070900210021700 00010  2500 00010  
HPD02915803HPCPHT20070900220061100 00030  1200 00020  1300 00030  1600 00010  2000 00010  2500 00100  
HPD02915803HPCPHT20071000010040100 00000g 1200 00020  1700 00010  2500 00030  
HPD02915803HPCPHT20071000040021500 00010  2500 00010  
HPD02915803HPCPHT20071100010020100 00000g 2500 00000  
HPD02915803HPCPHT20071100300061300 00010  1900 00010  2100 00010  2300 00020  2400 00020  2500 00070  
HPD02915803HPCPHT20071200010060100 00020  0500 00010  0600 00010  0700 00010  1100 00010  2500 00060  
HPD02915803HPCPHT20071200020021700 99999[ 2500 00000I 
HPD02915803HPCPHT20071200140021300 99999] 2500 00000I 
