HPD02300902HPCPHT20100100010030100 00000g 1100 00010  2500 00010  
HPD02300902HPCPHT20100100090021100 00010  2500 00010  
HPD02300902HPCPHT20100100140020100 00010  2500 00010  
HPD02300902HPCPHT20100100160020200 00010  2500 00010  
HPD02300902HPCPHT20100100180051500 00010  1600 00010  1900 00010  2100 00010  2500 00040  
HPD02300902HPCPHT20100100190081400 00010  1500 00010  1600 00010  1800 00010  1900 00010  2000 00010  2100 00010  2500 00070  
HPD02300902HPCPHT20100100200061300 00010  1500 00010  1900 00010  2300 00010  2400 00010  2500 00050  
HPD02300902HPCPHT20100100210080100 00010  0500 00010  1300 00010  1600 00010  2000 00020  2100 00030  2200 00010  2500 00100  
HPD02300902HPCPHT20100100220021300 00010  2500 00010  
HPD02300902HPCPHT20100100250041400 00010  1500 00010  1600 00010  2500 00030  
HPD02300902HPCPHT20100100260041400 00010  1500 00010  1600 00010  2500 00030  
HPD02300902HPCPHT20100100270041300 00010  1700 00010  1900 00020  2500 00040  
HPD02300902HPCPHT20100100280110100 00010  0300 00010  0500 00010  0600 00010  1000 00010  1200 00010  1400 00010  1800 00010  2200 00010  2300 00010  2500 00100  
HPD02300902HPCPHT20100100290080600 00010  0700 00010  1000 00010  1200 00010  1500 00010  1700 00010  2400 00010  2500 00070  
HPD02300902HPCPHT20100100300090100 00010  0300 00010  0600 00010  0700 00010  0900 00010  1000 00010  1400 00010  1600 00010  2500 00080  
HPD02300902HPCPHT20100100310030700 00010  1600 00010  2500 00020  
HPD02300902HPCPHT20100200010020100 00000g 2500 00000  
HPD02300902HPCPHT20100200050040500 00010  1900 00010  2000 00010  2500 00030  
HPD02300902HPCPHT20100200060050800 00010  1800 00010  1900 00010  2300 00010  2500 00040  
HPD02300902HPCPHT20100200070030900 00010  2400 00010  2500 00020  
HPD02300902HPCPHT20100200080031200 00010  2100 00010  2500 00020  
HPD02300902HPCPHT20100200090021100 00010  2500 00010  
HPD02300902HPCPHT20100200100021000 00010  2500 00010  
HPD02300902HPCPHT20100200200041900 00010  2000 00010  2400 00010  2500 00030  
HPD02300902HPCPHT20100200210040100 00010  0500 00010  0600 00010  2500 00030  
HPD02300902HPCPHT20100200220060100 00020  0200 00020  0300 00010  0800 00010  0900 00010  2500 00070  
HPD02300902HPCPHT20100300010020100 00010  2500 00010  
HPD02300902HPCPHT20100300030060400 00010  0600 00010  0800 00010  0900 00020  2300 00010  2500 00060  
HPD02300902HPCPHT20100300040030100 00010  0800 00010  2500 00020  
HPD02300902HPCPHT20100300050020400 00010  2500 00010  
HPD02300902HPCPHT20100300060042000 00020  2200 00030  2400 00030  2500 00080  
HPD02300902HPCPHT20100300070100100 00010  0200 00010  1300 00010  1400 00010  1500 00010  1600 00010  2000 00010  2100 00010  2200 00010  2500 00090  
HPD02300902HPCPHT20100300080081000 00010  1200 00010  1300 00010  1400 00010  1500 00010  1700 00010  2000 00020  2500 00080  
HPD02300902HPCPHT20100300090050400 00010  0500 00010  1200 00010  2300 00010  2500 00040  
HPD02300902HPCPHT20100300100060100 00010  0200 00010  1400 00010  1800 00010  1900 00010  2500 00050  
HPD02300902HPCPHT20100300110060800 00010  1200 00010  1300 00010  1500 00010  1700 00010  2500 00050  
HPD02300902HPCPHT20100300120040900 00010  1200 00010  1400 00010  2500 00030  
HPD02300902HPCPHT20100300140040300 99999[ 0400 99999] 1200 00010  2500 00010I 
HPD02300902HPCPHT20100400010040100 00000g 0200 00020  0300 00010  2500 00030  
HPD02300902HPCPHT20100400130030700 00010  0800 00010  2500 00020  
HPD02300902HPCPHT20100400210060900 00010  1000 00040  1100 00020  1200 00020  1300 00010  2500 00100  
HPD02300902HPCPHT20100400220022200 00010  2500 00010  
HPD02300902HPCPHT20100500010030100 00000g 0900 00010  2500 00010  
HPD02300902HPCPHT20100500020020900 00010  2500 00010  
HPD02300902HPCPHT20100500100021000 99999[ 2500 00000I 
HPD02300902HPCPHT20100500310022400 99999] 2500 00000I 
HPD02300902HPCPHT20100600010020100 99999[ 2500 00000I 
HPD02300902HPCPHT20100600100020700 99999] 2500 00000I 
HPD02300902HPCPHT20100600120020700 00030  2500 00030  
HPD02300902HPCPHT20100700010030100 00000g 0900 00010  2500 00010  
HPD02300902HPCPHT20100700090021600 00010  2500 00010  
HPD02300902HPCPHT20100700100031400 00010  1500 00010  2500 00020  
HPD02300902HPCPHT20100700120030700 00010  1600 00020  2500 00030  
HPD02300902HPCPHT20100700170041400 00010  1500 00030  1600 00010  2500 00050  
HPD02300902HPCPHT20100700220031300 00010  1400 00040  2500 00050  
HPD02300902HPCPHT20100700230060800 00010  2000 00010  2100 00020  2200 00020  2300 00010  2500 00070  
HPD02300902HPCPHT20100700260050800 00020 R1500 00010 R1600 00040 R1700 00010 R2500 00080 R
HPD02300902HPCPHT20100700270040800 00010  2200 00020  2400 00010  2500 00040  
HPD02300902HPCPHT20100800010030100 00000g 0300 00010  2500 00010  
HPD02300902HPCPHT20100800020070400 00020  0700 00010  0800 00010  1200 00010  1300 00010  1600 00010  2500 00070  
HPD02300902HPCPHT20100800030030800 00020  1600 00010  2500 00030  
HPD02300902HPCPHT20100800070070200 00020  0900 00050  1000 00020  1200 00010  1300 00010  1600 00010  2500 00120  
HPD02300902HPCPHT20100800080030800 00010  1100 00010  2500 00020  
HPD02300902HPCPHT20100800160021500 00010  2500 00010  
HPD02300902HPCPHT20100800170040700 00010  0800 00010  1000 00010  2500 00030  
HPD02300902HPCPHT20100800180020200 00020  2500 00020  
HPD02300902HPCPHT20100800190020800 00010  2500 00010  
HPD02300902HPCPHT20100800200020800 00010  2500 00010  
HPD02300902HPCPHT20100800230031200 00020  1300 00040  2500 00060  
HPD02300902HPCPHT20100900010030100 00000g 0900 00010  2500 00010  
HPD02300902HPCPHT20100900070030900 00010  1600 99999[ 2500 00010I 
HPD02300902HPCPHT20100900270031600 99999] 1700 99999[ 2500 00000I 
HPD02300902HPCPHT20100900300022400 99999] 2500 00000I 
HPD02300902HPCPHI20101000010020100 99999[ 2500 00000I 
HPD02300902HPCPHI20101000310022400 99999] 2500 00000I 
HPD02300902HPCPHT20101100010030100 99999[ 1300 99999] 2500 00000I 
HPD02300902HPCPHT20101100080021900 00020  2500 00020  
HPD02300902HPCPHT20101100130021500 00010  2500 00010  
HPD02300902HPCPHT20101100210110600 00010  0700 00010  1000 00010  1200 00010  1300 00010  1400 00010  1600 00010  1700 00010  2100 00010  2400 00010  2500 00100  
HPD02300902HPCPHT20101100220021700 00010  2500 00010  
HPD02300902HPCPHT20101100280031100 00010  1600 00010  2500 00020  
HPD02300902HPCPHT20101200010030100 00000g 1000 00010  2500 00010  
HPD02300902HPCPHT20101200140020100 99999{ 2500 00000P 
HPD02300902HPCPHT20101200310022400 99999} 2500 00000P 
