HPD02303500HPCPHI19680100010020100 99999[ 2500 00000I 
HPD02303500HPCPHI19680100310022400 99999] 2500 00000I 
HPD02303500HPCPHI19680200010020100 99999[ 2500 00000I 
HPD02303500HPCPHI19680200290022400 99999] 2500 00000I 
HPD02303500HPCPHI19680300010020100 99999[ 2500 00000I 
HPD02303500HPCPHI19680300310022400 99999] 2500 00000I 
HPD02303500HPCPHI19680400010020100 00000g 2500 00000  
HPD02303500HPCPHI19680400110031700 99999[ 2300 99999] 2500 00000I 
HPD02303500HPCPHI19680400130030500 99999[ 2000 99999] 2500 00000I 
HPD02303500HPCPHI19680500010020100 00000g 2500 00000  
HPD02303500HPCPHI19680600010020100 00000g 2500 00000  
HPD02303500HPCPHI19680700010020100 99999[ 2500 00000I 
HPD02303500HPCPHI19680700310022400 99999] 2500 00000I 
HPD02303500HPCPHI19680800010020100 99999[ 2500 00000I 
HPD02303500HPCPHI19680800310022400 99999] 2500 00000I 
HPD02303500HPCPHI19680900010020100 00000g 2500 00000  
HPD02303500HPCPHI19681000010020100 99999[ 2500 00000I 
HPD02303500HPCPHI19681000310022400 99999] 2500 00000I 
HPD02303500HPCPHI19681100010020100 00000g 2500 00000  
HPD02303500HPCPHI19681100130021300 99999[ 2500 00000I 
HPD02303500HPCPHI19681100150022200 99999] 2500 00000I 
HPD02303500HPCPHT19681200010030100 00000g 1500 00020  2500 00020  
HPD02303500HPCPHT19681200200071600 00010  1800 00030  1900 00010  2000 00020  2100 00020  2200 00010  2500 00100  
HPD02303500HPCPHT19681200260080100 00010  0400 00010  0600 00010  1100 00010  1300 00010  1400 00010  1600 00020  2500 00080  
HPD02303500HPCPHT19690100010020100 00000g 2500 00000  
HPD02303500HPCPHT19690100140100900 00010  1100 00010  1400 00010  1500 00010  1700 00010  1800 00010  1900 00010  2100 00010  2200 00010  2500 00090  
HPD02303500HPCPHT19690100150030100 00010  1100 00010  2500 00020  
HPD02303500HPCPHT19690100210051900 00010  2100 00040  2200 00030  2300 00020  2500 00100  
HPD02303500HPCPHT19690100240021400 00010  2500 00010  
HPD02303500HPCPHT19690100250021900 00010  2500 00010  
HPD02303500HPCPHT19690100280021000 00010  2500 00010  
HPD02303500HPCPHT19690200010020100 00000g 2500 00000  
HPD02303500HPCPHT19690200070030100 00010  0200 00020  2500 00030  
HPD02303500HPCPHT19690200190021200 00020  2500 00020  
HPD02303500HPCPHT19690200200030100 00010  1200 00010  2500 00020  
HPD02303500HPCPHT19690200220031700 00020  1800 00010  2500 00030  
HPD02303500HPCPHT19690300010020100 00000g 2500 00000  
HPD02303500HPCPHT19690300100080900 00010  1200 00010  1500 00010  1600 00010  1900 00010  2100 00010  2300 00010  2500 00070  
HPD02303500HPCPHT19690300110020100 00010  2500 00010  
HPD02303500HPCPHT19690300220040900 00010  1100 00010  1400 00010  2500 00030  
HPD02303500HPCPHT19690400010020100 00000g 2500 00000  
HPD02303500HPCPHT19690400100022200 00010  2500 00010  
HPD02303500HPCPHT19690500010020100 00000g 2500 00000  
HPD02303500HPCPHT19690500040041300 00010  2000 00010  2300 00010  2500 00030  
HPD02303500HPCPHT19690500050021400 00010  2500 00010  
HPD02303500HPCPHT19690600010020100 00000g 2500 00000  
HPD02303500HPCPHT19690700010020100 00000g 2500 00000  
HPD02303500HPCPHT19690700180020100 00010  2500 00010  
HPD02303500HPCPHT19690800010020100 00000g 2500 00000  
HPD02303500HPCPHT19690800070021800 00010  2500 00010  
HPD02303500HPCPHT19690800110021600 00020  2500 00020  
HPD02303500HPCPHT19690800130022300 00010  2500 00010  
HPD02303500HPCPHT19690800140020100 00010  2500 00010  
HPD02303500HPCPHT19690900010020100 00000g 2500 00000  
HPD02303500HPCPHT19690900020021700 00010  2500 00010  
HPD02303500HPCPHT19690900030021300 00010  2500 00010  
HPD02303500HPCPHT19690900110032100 00010  2200 00010  2500 00020  
HPD02303500HPCPHT19690900120030100 00030  0500 00010  2500 00040  
HPD02303500HPCPHT19690900130020900 00010  2500 00010  
HPD02303500HPCPHT19690900140022200 00010  2500 00010  
HPD02303500HPCPHT19690900160032100 00020  2200 00010  2500 00030  
HPD02303500HPCPHT19691000010020100 00000g 2500 00000  
HPD02303500HPCPHT19691000210020100 00010  2500 00010  
HPD02303500HPCPHT19691000220040200 00010  0500 00010  1000 00010  2500 00030  
HPD02303500HPCPHT19691100010020100 00000g 2500 00000  
HPD02303500HPCPHT19691100080032300 00010  2400 00010  2500 00020  
HPD02303500HPCPHT19691100090040200 00010  0700 00010  1000 00010  2500 00030  
HPD02303500HPCPHT19691100100060400 00010  1200 00010  1500 00010  1700 00010  2000 00010  2500 00050  
HPD02303500HPCPHT19691100150031900 00010  2100 00010  2500 00020  
HPD02303500HPCPHT19691200010020100 00000g 2500 00000  
HPD02303500HPCPHT19691200030021900 99999a 2500 00000I 
HPD02303500HPCPHT19691200100020700 00040A 2500 00040P 
HPD02303500HPCPHT19691200280020800 99999[ 2500 00000I 
HPD02303500HPCPHT19691200290020300 99999] 2500 00000I 
HPD02303500HPCPHT19700100010020100 00000g 2500 00000  
HPD02303500HPCPHT19700200010020100 00000g 2500 00000  
HPD02303500HPCPHT19700200110040300 00010  0400 00010  0500 00020  2500 00040  
HPD02303500HPCPHT19700300010050100 00000g 2000 00010  2100 00020  2300 00010  2500 00040  
HPD02303500HPCPHT19700300020060100 00020  0700 00010  1700 00010  2000 00020  2300 00010  2500 00070  
HPD02303500HPCPHT19700300030040100 00010  0300 00010  0500 00010  2500 00030  
HPD02303500HPCPHT19700300050051300 00010  1400 00010  1500 00010  1800 00010  2500 00040  
HPD02303500HPCPHT19700300100042000 00010  2100 00010  2200 00010  2500 00030  
HPD02303500HPCPHT19700400010020100 00000g 2500 00000  
HPD02303500HPCPHT19700400170021600 00010  2500 00010  
HPD02303500HPCPHT19700400270021900 00010  2500 00010  
HPD02303500HPCPHT19700500010020100 00000g 2500 00000  
HPD02303500HPCPHT19700600010020100 00000g 2500 00000  
HPD02303500HPCPHT19700700010020100 00000g 2500 00000  
HPD02303500HPCPHT19700700060022000 99999[ 2500 00000I 
HPD02303500HPCPHT19700700210020300 99999] 2500 00000I 
HPD02303500HPCPHT19700800010020100 00000g 2500 00000  
HPD02303500HPCPHT19700800040040400 00010  0500 00020  1500 00010  2500 00040  
HPD02303500HPCPHT19700800090032000 00040  2100 00100  2500 00140  
HPD02303500HPCPHT19700800110022100 00060  2500 00060  
HPD02303500HPCPHT19700800190021600 00010  2500 00010  
HPD02303500HPCPHT19700900010020100 00000g 2500 00000  
HPD02303500HPCPHT19700900040040800 00010  1600 00010  2100 00030  2500 00050  
HPD02303500HPCPHT19700900050100400 00010  0900 00010  1000 00010  1700 00010  1800 00010  1900 00010  2000 00020  2100 00020  2400 00010  2500 00110  
HPD02303500HPCPHT19700900060020900 00010  2500 00010  
HPD02303500HPCPHT19701000010020100 00000g 2500 00000  
HPD02303500HPCPHT19701000020021400 00010  2500 00010  
HPD02303500HPCPHT19701100010020100 00000g 2500 00000  
HPD02303500HPCPHT19701100260021500 99999[ 2500 00000I 
HPD02303500HPCPHT19701100300020800 99999] 2500 00000I 
HPD02303500HPCPHT19701200010020100 00000g 2500 00000  
HPD02303500HPCPHT19701200180040200 00010  0300 00010  0600 00010  2500 00030  
HPD02303500HPCPHT19701200200020700 00010  2500 00010  
HPD02303500HPCPHT19701200220050200 00010  0400 00010  0500 00010  0900 00010  2500 00040  
HPD02303500HPCPHT19710100010020100 00000g 2500 00000  
HPD02303500HPCPHT19710100020021900 00010  2500 00010  
HPD02303500HPCPHT19710200010020100 00000g 2500 00000  
HPD02303500HPCPHT19710200170041300 00010  2100 00010  2200 00010  2500 00030  
HPD02303500HPCPHT19710200180020400 00010  2500 00010  
HPD02303500HPCPHT19710200200021100 00010  2500 00010  
HPD02303500HPCPHT19710300010020100 00000g 2500 00000  
HPD02303500HPCPHT19710400010020100 00000g 2500 00000  
HPD02303500HPCPHT19710400150050600 00010  0700 00010  0800 00010  1000 00010  2500 00040  
HPD02303500HPCPHT19710500010020100 00000g 2500 00000  
HPD02303500HPCPHT19710600010020100 00000g 2500 00000  
HPD02303500HPCPHT19710700010020100 00000g 2500 00000  
HPD02303500HPCPHT19710700220020200 00010  2500 00010  
HPD02303500HPCPHT19710700310020100 00010  2500 00010  
HPD02303500HPCPHT19710800010020100 00000g 2500 00000  
HPD02303500HPCPHT19710800030040300 00010  2100 00090  2200 00010  2500 00110  
HPD02303500HPCPHT19710800060030200 00020  1500 00010  2500 00030  
HPD02303500HPCPHT19710800120022300 00090  2500 00090  
HPD02303500HPCPHT19710800130021000 00010  2500 00010  
HPD02303500HPCPHT19710800190041900 00030  2000 00120  2200 00010  2500 00160  
HPD02303500HPCPHT19710800200020100 00010  2500 00010  
HPD02303500HPCPHT19710800260020100 00020  2500 00020  
HPD02303500HPCPHT19710800280020300 00010  2500 00010  
HPD02303500HPCPHT19710900010030100 00000g 2100 00010  2500 00010  
HPD02303500HPCPHT19710900290050600 00020  1000 00020  1100 00020  2000 00030  2500 00090  
HPD02303500HPCPHT19710900300070800 00010  0900 00010  1100 00010  1200 00010  1300 00010  1500 00010  2500 00060  
HPD02303500HPCPHT19711000010020100 00000g 2500 00000  
HPD02303500HPCPHT19711000040031700 00010  1800 00010  2500 00020  
HPD02303500HPCPHT19711000160022400 00010  2500 00010  
HPD02303500HPCPHT19711000170070200 00010  0300 00010  0400 00010  1000 00010  1900 00010  2300 00010  2500 00060  
HPD02303500HPCPHT19711000240021400 00010  2500 00010  
HPD02303500HPCPHT19711000250030900 00010  1000 00010  2500 00020  
HPD02303500HPCPHT19711100010020100 00000g 2500 00000  
HPD02303500HPCPHT19711200010020100 00000g 2500 00000  
HPD02303500HPCPHT19711200040020600 99999[ 2500 00000I 
HPD02303500HPCPHT19711200290020400 99999] 2500 00000I 
HPD02303500HPCPHT19720100010020100 00000g 2500 00000  
HPD02303500HPCPHT19720200010020100 00000g 2500 00000  
HPD02303500HPCPHT19720300010020100 00000g 2500 00000  
HPD02303500HPCPHT19720400010020100 00000g 2500 00000  
HPD02303500HPCPHT19720500010020100 00000g 2500 00000  
HPD02303500HPCPHT19720500290021700 00010  2500 00010  
HPD02303500HPCPHT19720600010020100 00000g 2500 00000  
HPD02303500HPCPHT19720600070031100 00010  1500 00020  2500 00030  
HPD02303500HPCPHT19720600080021600 00030  2500 00030  
HPD02303500HPCPHT19720600210031700 00020  1800 00010  2500 00030  
HPD02303500HPCPHT19720600220041100 00040  1300 00020  1400 00010  2500 00070  
HPD02303500HPCPHT19720700010020100 00000g 2500 00000  
HPD02303500HPCPHT19720700170030200 00010  0300 00010  2500 00020  
HPD02303500HPCPHT19720700280022200 00010  2500 00010  
HPD02303500HPCPHT19720800010020100 00000g 2500 00000  
HPD02303500HPCPHT19720800050022100 00020  2500 00020  
HPD02303500HPCPHT19720800100021400 00010  2500 00010  
HPD02303500HPCPHT19720800120031900 00010  2000 00030  2500 00040  
HPD02303500HPCPHT19720800280031800 00010  1900 00010  2500 00020  
HPD02303500HPCPHT19720900010020100 99999[ 2500 00000I 
HPD02303500HPCPHT19720900300022400 99999] 2500 00000I 
HPD02303500HPCPHT19721000010020100 00000g 2500 00000  
HPD02303500HPCPHT19721000040030400 99999[ 1800 99999] 2500 00000I 
HPD02303500HPCPHT19721000050022200 00010  2500 00010  
HPD02303500HPCPHT19721000060091300 00020  1600 00010  1900 00030  2000 00020  2100 00020  2200 00030  2300 00020  2400 00020  2500 00170  
HPD02303500HPCPHT19721000070020300 00010  2500 00010  
HPD02303500HPCPHT19721000180061100 00010  1700 00030  1900 00010  2100 00010  2200 00010  2500 00070  
HPD02303500HPCPHT19721000190120400 00050  0500 00050  0600 00040  0700 00080  0800 00020  0900 00010  1000 00010  1100 00010  1200 00010  1600 00010  2000 00070  2500 00360  
HPD02303500HPCPHT19721000250021700 00010  2500 00010  
HPD02303500HPCPHT19721100010020100 00000g 2500 00000  
HPD02303500HPCPHT19721100080021100 00010  2500 00010  
HPD02303500HPCPHT19721100110071900 00020  2000 00020  2100 00020  2200 00010  2300 00010  2400 00010  2500 00090  
HPD02303500HPCPHT19721100120020200 00010  2500 00010  
HPD02303500HPCPHT19721100170060300 00010  0400 00020  0500 00010  0600 00010  0800 00010  2500 00060  
HPD02303500HPCPHT19721200010020100 00000g 2500 00000  
HPD02303500HPCPHT19721200050020400 00020  2500 00020  
HPD02303500HPCPHT19721200080031500 00010  2400 00010  2500 00020  
HPD02303500HPCPHT19721200090040100 00010  0200 00010  0700 00010  2500 00030  
HPD02303500HPCPHT19721200280090200 00010  0600 00010  0700 00020  0800 00020  0900 00010  1000 00010  1600 00030  1700 00020  2500 00130  
HPD02303500HPCPHT19730100010020100 00000g 2500 00000  
HPD02303500HPCPHT19730100020020100 00010  2500 00010  
HPD02303500HPCPHT19730100190021000 00010  2500 00010  
HPD02303500HPCPHT19730200010020100 99999[ 2500 00000I 
HPD02303500HPCPHT19730200280022400 99999] 2500 00000I 
HPD02303500HPCPHT19730300010020100 00000g 2500 00000  
HPD02303500HPCPHT19730300070031400 00010  1700 00010  2500 00020  
HPD02303500HPCPHT19730300090020100 00010  2500 00010  
HPD02303500HPCPHT19730300120080500 00010  0700 00010  0900 00010  1000 00010  1100 00010  1800 00010  1900 99999[ 2500 00060I 
HPD02303500HPCPHT19730300310022400 99999] 2500 00000I 
HPD02303500HPCPHT19730400010020100 00000g 2500 00000  
HPD02303500HPCPHT19730400300021800 00010  2500 00010  
HPD02303500HPCPHT19730500010020100 00000g 2500 00000  
HPD02303500HPCPHT19730500050030400 00030  0700 00010  2500 00040  
HPD02303500HPCPHT19730500130021800 00010  2500 00010  
HPD02303500HPCPHT19730500310021700 00010  2500 00010  
HPD02303500HPCPHT19730600010020100 00000g 2500 00000  
HPD02303500HPCPHT19730600130021200 00020  2500 00020  
HPD02303500HPCPHT19730700010020100 99999[ 2500 00000I 
HPD02303500HPCPHT19730700310022400 99999] 2500 00000I 
HPD02303500HPCPHT19730800010020100 00000g 2500 00000  
HPD02303500HPCPHT19730800190021700 00010  2500 00010  
HPD02303500HPCPHT19730900010020100 00000g 2500 00000  
HPD02303500HPCPHT19731000010020100 00000g 2500 00000  
HPD02303500HPCPHT19731100010020100 00000g 2500 00000  
HPD02303500HPCPHT19731100180032300 00010  2400 00020  2500 00030  
HPD02303500HPCPHT19731100190020100 00010  2500 00010  
HPD02303500HPCPHT19731100230031600 00010  1700 00010  2500 00020  
HPD02303500HPCPHT19731100260031000 00010  1200 00020  2500 00030  
HPD02303500HPCPHT19731200010020100 00000g 2500 00000  
HPD02303500HPCPHT19740100010040100 00000g 1900 00010  2300 00010  2500 00020  
HPD02303500HPCPHT19740100020020100 00010  2500 00010  
HPD02303500HPCPHT19740100050040100 00010  0800 00020  0900 00010  2500 00040  
HPD02303500HPCPHT19740100070031500 00010  2400 00010  2500 00020  
HPD02303500HPCPHT19740100080080200 00010  0300 00010  0600 00010  0700 00020  0900 00030  1000 00020  2400 00010  2500 00110  
HPD02303500HPCPHT19740200010020100 00000g 2500 00000  
HPD02303500HPCPHT19740300010020100 00000g 2500 00000  
HPD02303500HPCPHT19740300080041500 00010  1800 00010  1900 00010  2500 00030  
HPD02303500HPCPHT19740300090020600 00010  2500 00010  
HPD02303500HPCPHT19740300190031400 00010  2400 00010  2500 00020  
HPD02303500HPCPHT19740300200050500 00010  1000 00010  1200 00010  1400 00010  2500 00040  
HPD02303500HPCPHT19740400010020100 00000g 2500 00000  
HPD02303500HPCPHT19740500010020100 00000g 2500 00000  
HPD02303500HPCPHT19740600010020100 00000g 2500 00000  
HPD02303500HPCPHT19740700010020100 00000g 2500 00000  
HPD02303500HPCPHT19740700140032300 00030  2400 00010  2500 00040  
HPD02303500HPCPHT19740700210031400 00030  2100 00010  2500 00040  
HPD02303500HPCPHT19740700280021800 00010  2500 00010  
HPD02303500HPCPHT19740800010020100 00000g 2500 00000  
HPD02303500HPCPHT19740800020021500 00010  2500 00010  
HPD02303500HPCPHT19740800030041600 00020  2000 00010  2300 00010  2500 00040  
HPD02303500HPCPHT19740800050021100 00010  2500 00010  
HPD02303500HPCPHT19740800080030100 99999a 0300 00010A 2500 00010  
HPD02303500HPCPHT19740800230021800 00020  2500 00020  
HPD02303500HPCPHT19740900010020100 00000g 2500 00000  
HPD02303500HPCPHT19740900180021900 00010  2500 00010  
HPD02303500HPCPHT19740900190032000 00020  2100 99999[ 2500 00020I 
HPD02303500HPCPHT19740900300022400 99999] 2500 00000I 
HPD02303500HPCPHT19741000010020100 00000g 2500 00000  
HPD02303500HPCPHT19741000060031300 00010  1400 00010  2500 00020  
HPD02303500HPCPHT19741000070020100 00010  2500 00010  
HPD02303500HPCPHT19741000130031200 00010  1900 00010  2500 00020  
HPD02303500HPCPHT19741000220060600 00010  0700 00010  1100 00010  1600 00030  2200 00010  2500 00070  
HPD02303500HPCPHT19741000230020300 00010  2500 00010  
HPD02303500HPCPHT19741000280022400 00010  2500 00010  
HPD02303500HPCPHT19741000290050200 00060  0300 00020  0400 00010  0500 00010  2500 00100  
HPD02303500HPCPHT19741000300050600 00010  0900 00010  1000 00030  1200 00010  2500 00060  
HPD02303500HPCPHT19741100010020100 00000g 2500 00000  
HPD02303500HPCPHT19741200010020100 00000g 2500 00000  
HPD02303500HPCPHT19741200040032100 00020  2400 00010  2500 00030  
HPD02303500HPCPHT19741200050020200 00020  2500 00020  
HPD02303500HPCPHT19741200280032100 00010  2200 00010  2500 00020  
HPD02303500HPCPHT19750100010030100 00000g 1500 00010  2500 00010  
HPD02303500HPCPHT19750100300021300 00010  2500 00010  
HPD02303500HPCPHT19750200010020100 00000g 2500 00000  
HPD02303500HPCPHT19750200040020300 00010  2500 00010  
HPD02303500HPCPHT19750200140060500 00010  0600 00010  0700 00010  0800 00010  1000 00010  2500 00050  
HPD02303500HPCPHT19750200150030300 00010  0500 00010  2500 00020  
HPD02303500HPCPHT19750200170030300 00010  0700 00010  2500 00020  
HPD02303500HPCPHT19750300010020100 00000g 2500 00000  
HPD02303500HPCPHT19750300080041200 00010  2200 00020  2300 00030  2500 00060  
HPD02303500HPCPHT19750300100022300 00010  2500 00010  
HPD02303500HPCPHT19750300110080200 00010  0300 00020  0500 00010  0600 00010  1800 00010  2100 00010  2300 00010  2500 00080  
HPD02303500HPCPHT19750300120020200 00010  2500 00010  
HPD02303500HPCPHT19750300140021600 00010  2500 00010  
HPD02303500HPCPHT19750300260060300 00010  0500 00010  0600 00010  1100 00010  1500 00010  2500 00050  
HPD02303500HPCPHT19750400010050100 00000g 0900 00020  1000 00010  1400 00010  2500 00040  
HPD02303500HPCPHT19750400060022400 00020  2500 00020  
HPD02303500HPCPHT19750400070060100 00010  0200 00010  0300 00010  0400 00010  0700 00010  2500 00050  
HPD02303500HPCPHT19750400090032000 00010  2100 00020  2500 00030  
HPD02303500HPCPHT19750400120021300 00010  2500 00010  
HPD02303500HPCPHT19750500010020100 00000g 2500 00000  
HPD02303500HPCPHT19750600010020100 00000g 2500 00000  
HPD02303500HPCPHT19750700010020100 00000g 2500 00000  
HPD02303500HPCPHT19750700040020200 00030  2500 00030  
HPD02303500HPCPHT19750700080021500 00010  2500 00010  
HPD02303500HPCPHT19750700250021700 00010  2500 00010  
HPD02303500HPCPHT19750700270021600 00010  2500 00010  
HPD02303500HPCPHT19750800010020100 00000g 2500 00000  
HPD02303500HPCPHT19750800100022000 00010  2500 00010  
HPD02303500HPCPHT19750800120050500 00010  0600 00010  2300 00010  2400 00010  2500 00040  
HPD02303500HPCPHT19750800130021000 00010  2500 00010  
HPD02303500HPCPHT19750900010020100 00000g 2500 00000  
HPD02303500HPCPHT19750900040031600 00010  1700 00040  2500 00050  
HPD02303500HPCPHT19750900050021600 00070  2500 00070  
HPD02303500HPCPHT19750900070040200 00010  0400 00010  1300 00010  2500 00030  
HPD02303500HPCPHT19751000010020100 00000g 2500 00000  
HPD02303500HPCPHT19751000190021500 00010  2500 00010  
HPD02303500HPCPHT19751000200021100 00010  2500 00010  
HPD02303500HPCPHT19751100010020100 00000g 2500 00000  
HPD02303500HPCPHT19751100280111200 00030  1300 00010  1400 00010  1500 00010  1600 00020  1700 00010  1800 00010  1900 00010  2300 00010  2400 00010  2500 00130  
HPD02303500HPCPHT19751100290060100 00010  0200 00010  0300 00010  0400 00010  0700 00010  2500 00050  
HPD02303500HPCPHT19751200010020100 00000g 2500 00000  
HPD02303500HPCPHT19751200130020900 00010  2500 00010  
HPD02303500HPCPHT19751200210060300 00010  0500 00010  0600 00010  0700 00010  0900 00010  2500 00050  
HPD02303500HPCPHT19760100010020100 00000g 2500 00000  
HPD02303500HPCPHT19760100240022100 00010  2500 00010  
HPD02303500HPCPHT19760200010020100 00000g 2500 00000  
HPD02303500HPCPHT19760200040050300 00010  0400 00010  0500 00010  0700 00010  2500 00040  
HPD02303500HPCPHT19760200050022400 00010  2500 00010  
HPD02303500HPCPHT19760200060020500 00010  2500 00010  
HPD02303500HPCPHT19760200090040400 00010  0600 00010  0800 00010  2500 00030  
HPD02303500HPCPHT19760200150020200 00010  2500 00010  
HPD02303500HPCPHT19760300010020100 00000g 2500 00000  
HPD02303500HPCPHT19760300040061500 00010  1600 00010  1900 00010  2100 00010  2200 00010  2500 00050  
HPD02303500HPCPHT19760400010020100 00000g 2500 00000  
HPD02303500HPCPHT19760400150040900 00010  1200 00010  2200 00010  2500 00030  
HPD02303500HPCPHT19760400170040300 00010  0400 00010  2300 00010  2500 00030  
HPD02303500HPCPHT19760500010020100 00000g 2500 00000  
HPD02303500HPCPHT19760500040040200 00010  1600 00010  1800 00010  2500 00030  
HPD02303500HPCPHT19760500190020300 00010  2500 00010  
HPD02303500HPCPHT19760600010020100 00000g 2500 00000  
HPD02303500HPCPHT19760600290020800 00010  2500 00010  
HPD02303500HPCPHT19760700010020100 00000g 2500 00000  
HPD02303500HPCPHT19760700120021000 00010  2500 00010  
HPD02303500HPCPHT19760700180022200 00010  2500 00010  
HPD02303500HPCPHT19760700230020800 00010  2500 00010  
HPD02303500HPCPHT19760700240040200 00010  1200 00010  2000 00010  2500 00030  
HPD02303500HPCPHT19760800010020100 00000g 2500 00000  
HPD02303500HPCPHT19760800220042200 00020  2300 00050  2400 00010  2500 00080  
HPD02303500HPCPHT19760800230020100 00010  2500 00010  
HPD02303500HPCPHT19760800270020700 00010  2500 00010  
HPD02303500HPCPHT19760900010020100 00000g 2500 00000  
HPD02303500HPCPHT19760900050022000 00010  2500 00010  
HPD02303500HPCPHT19760900110020100 00010  2500 00010  
HPD02303500HPCPHT19760900240031900 00030  2000 00010  2500 00040  
HPD02303500HPCPHT19760900250040100 00040  0300 00010  1200 00010  2500 00060  
HPD02303500HPCPHT19760900260040500 00010  0600 00050  1400 00010  2500 00070  
HPD02303500HPCPHT19761000010020100 99999[ 2500 00000I 
HPD02303500HPCPHT19761000310022400 99999] 2500 00000I 
HPD02303500HPCPHT19761100010020100 00000g 2500 00000  
HPD02303500HPCPHT19761100120041800 00010  1900 00010  2000 00010  2500 00030  
HPD02303500HPCPHT19761100270030300 00020  0400 00010  2500 00030  
HPD02303500HPCPHT19761200010020100 00000g 2500 00000  
HPD02303500HPCPHT19761200200020200 99999[ 2500 00000I 
HPD02303500HPCPHT19761200310022400 99999] 2500 00000I 
HPD02303500HPCPHT19770100010020100 99999[ 2500 00000I 
HPD02303500HPCPHT19770100310022400 99999] 2500 00000I 
HPD02303500HPCPHT19770200010020100 99999[ 2500 00000I 
HPD02303500HPCPHT19770200280022400 99999] 2500 00000I 
HPD02303500HPCPHT19770300010020100 00000g 2500 00000  
HPD02303500HPCPHT19770300260022400 00010  2500 00010  
HPD02303500HPCPHT19770300270030200 00010  0300 00010  2500 00020  
HPD02303500HPCPHT19770300290050100 00010  0200 00020  0300 00010  0400 00010  2500 00050  
HPD02303500HPCPHT19770400010020100 00000g 2500 00000  
HPD02303500HPCPHT19770400020031300 00020  1400 00010  2500 00030  
HPD02303500HPCPHT19770500010020100 00000g 2500 00000  
HPD02303500HPCPHT19770500130031600 00010  1700 00010  2500 00020  
HPD02303500HPCPHT19770600010020100 00000g 2500 00000  
HPD02303500HPCPHT19770600070021700 00020  2500 00020  
HPD02303500HPCPHT19770600220021400 00010  2500 00010  
HPD02303500HPCPHT19770700010020100 00000g 2500 00000  
HPD02303500HPCPHT19770700040041900 00010  2000 00010  2100 00010  2500 00030  
HPD02303500HPCPHT19770700170022400 00020  2500 00020  
HPD02303500HPCPHT19770700180020400 00010  2500 00010  
HPD02303500HPCPHT19770700230021500 00010  2500 00010  
HPD02303500HPCPHT19770800010020100 00000g 2500 00000  
HPD02303500HPCPHT19770800100021400 00010  2500 00010  
HPD02303500HPCPHT19770800120030100 00010  0200 00020  2500 00030  
HPD02303500HPCPHT19770800150021700 00030  2500 00030  
HPD02303500HPCPHT19770800160041900 00010  2000 00050  2200 00010  2500 00070  
HPD02303500HPCPHT19770900010020100 00000g 2500 00000  
HPD02303500HPCPHT19770900020022400 00010  2500 00010  
HPD02303500HPCPHT19770900030020100 00010  2500 00010  
HPD02303500HPCPHT19770900090022300 00010  2500 00010  
HPD02303500HPCPHT19770900110021300 00040  2500 00040  
HPD02303500HPCPHT19770900120021200 00010  2500 00010  
HPD02303500HPCPHT19770900260021000 00020  2500 00020  
HPD02303500HPCPHT19770900270030900 00020  1200 00020  2500 00040  
HPD02303500HPCPHT19771000010020100 00000g 2500 00000  
HPD02303500HPCPHT19771000060040500 00010  1700 00010  1900 00010  2500 00030  
HPD02303500HPCPHT19771000070020300 00020  2500 00020  
HPD02303500HPCPHT19771000290040500 00010  0600 00030  0700 00020  2500 00060  
HPD02303500HPCPHT19771100010020100 00000g 2500 00000  
HPD02303500HPCPHT19771100060030900 00010  1100 00010  2500 00020  
HPD02303500HPCPHT19771200010020100 00000g 2500 00000  
HPD02303500HPCPHT19771200260022300 00010  2500 00010  
HPD02303500HPCPHT19771200280030800 00010  2200 00010  2500 00020  
HPD02303500HPCPHT19771200290031000 00020  1400 00010  2500 00030  
HPD02303500HPCPHT19780100010020100 00000g 2500 00000  
HPD02303500HPCPHT19780100100060600 00010  1800 00020  1900 00010  2000 00020  2100 00010  2500 00070  
HPD02303500HPCPHT19780100150090500 00010  0700 00010  0800 00010  0900 00020  1000 00010  1100 00010  1400 00010  1600 00060  2500 00140  
HPD02303500HPCPHT19780100160021000 00010  2500 00010  
HPD02303500HPCPHT19780100170050400 00010  0500 00010  0700 00010  1300 00010  2500 00040  
HPD02303500HPCPHT19780100190031900 00010  2000 00010  2500 00020  
HPD02303500HPCPHT19780100200040200 00010  0300 00010  0400 00010  2500 00030  
HPD02303500HPCPHT19780100300031700 00010  2100 00010  2500 00020  
HPD02303500HPCPHT19780100310040300 00010  0800 00010  1600 00010  2500 00030  
HPD02303500HPCPHT19780200010040100 00000g 0300 00010  1600 00010  2500 00020  
HPD02303500HPCPHT19780200060021500 00010  2500 00010  
HPD02303500HPCPHT19780200080020300 00010  2500 00010  
HPD02303500HPCPHT19780200100091600 00010  1700 00010  1800 00020  1900 00020  2000 00010  2100 00010  2200 00010  2400 00010  2500 00100  
HPD02303500HPCPHT19780200110060200 00010  0300 00010  0400 00010  0500 00010  0600 00010  2500 00050  
HPD02303500HPCPHT19780200120020900 00010  2500 00010  
HPD02303500HPCPHT19780200130032100 00020  2200 00020  2500 00040  
HPD02303500HPCPHT19780200140070200 00010  0400 00010  0500 00010  0700 00010  0800 00010  1000 00010  2500 00060  
HPD02303500HPCPHT19780200150021800 00010  2500 00010  
HPD02303500HPCPHT19780200270032000 00010  2300 00010  2500 00020  
HPD02303500HPCPHT19780200280070400 00010  1100 00020  1200 00020  1700 00010  1800 00020  2300 00010  2500 00090  
HPD02303500HPCPHT19780300010100100 00000g 0700 00010  0800 00010  0900 00050  1000 00020  1600 00010  1700 00020  1800 00010  1900 00010  2500 00140  
HPD02303500HPCPHT19780300020040300 00010  1400 00010  1700 00020  2500 00040  
HPD02303500HPCPHT19780300030020400 00010  2500 00010  
HPD02303500HPCPHT19780300050041300 00010  1400 00010  2400 00010  2500 00030  
HPD02303500HPCPHT19780300100020800 00010  2500 00010  
HPD02303500HPCPHT19780300120100500 00020  0600 00010  0700 00010  0800 00010  0900 00010  1000 00010  1200 00010  1400 00010  2400 00010  2500 00100  
HPD02303500HPCPHT19780300220042000 00030  2100 00010  2200 00010  2500 00050  
HPD02303500HPCPHT19780400010040100 00000g 1200 00010  1600 00010  2500 00020  
HPD02303500HPCPHT19780500010020100 99999[ 2500 00000I 
HPD02303500HPCPHT19780500310022400 99999] 2500 00000I 
HPD02303500HPCPHT19780600010020100 99999[ 2500 00000I 
HPD02303500HPCPHT19780600300022400 99999] 2500 00000I 
HPD02303500HPCPHT19780700010020100 99999[ 2500 00000I 
HPD02303500HPCPHT19780700310022400 99999] 2500 00000I 
HPD02303500HPCPHT19780800010020100 99999[ 2500 00000I 
HPD02303500HPCPHT19780800310022400 99999] 2500 00000I 
HPD02303500HPCPHT19780900010020100 00000g 2500 00000  
HPD02303500HPCPHT19781000010020100 00000g 2500 00000  
HPD02303500HPCPHT19781000200041100 00010  1200 00010  1500 00010  2500 00030  
HPD02303500HPCPHT19781000210050300 00010  0400 00010  0600 00010  0700 00040  2500 00070  
HPD02303500HPCPHT19781000230021200 00010  2500 00010  
HPD02303500HPCPHT19781000240061000 00010  1700 00030  1800 00010  1900 00020  2000 00010  2500 00080  
HPD02303500HPCPHT19781100010020100 00000g 2500 00000  
HPD02303500HPCPHT19781100100041600 00010  2300 00010  2400 00010  2500 00030  
HPD02303500HPCPHT19781100110071600 00010  1700 00010  1800 00010  2100 00010  2200 00010  2300 00030  2500 00080  
HPD02303500HPCPHT19781100120040600 00010  0700 00010  1200 00010  2500 00030  
HPD02303500HPCPHT19781100140021700 00010  2500 00010  
HPD02303500HPCPHT19781100230032100 00010  2400 00010  2500 00020  
HPD02303500HPCPHT19781100240080200 00010  0400 00010  0700 00010  0800 00010  1100 00010  1200 00010  1300 00010  2500 00070  
HPD02303500HPCPHT19781100250020100 00020  2500 00020  
HPD02303500HPCPHT19781200010020100 00000g 2500 00000  
HPD02303500HPCPHT19781200060030100 00030  1300 00010  2500 00040  
HPD02303500HPCPHT19781200170020500 99999[ 2500 00000I 
HPD02303500HPCPHT19781200190021800 99999] 2500 00000I 
HPD02303500HPCPHT19781200300070400 00010  0900 00010  1200 00010  1400 00010  1500 00020  1900 00010  2500 00070  
HPD02303500HPCPHT19781200310021300 00010  2500 00010  
HPD02303500HPCPHT19790100010020100 00000g 2500 00000  
HPD02303500HPCPHT19790100060030200 00010  0600 00010  2500 00020  
HPD02303500HPCPHT19790100070021100 00010  2500 00010  
HPD02303500HPCPHT19790100100020300 00020  2500 00020  
HPD02303500HPCPHT19790100110022200 00010  2500 00010  
HPD02303500HPCPHT19790100160041000 00010  1200 00010  1300 00010  2500 00030  
HPD02303500HPCPHT19790100170080700 00010  0800 00010  1000 00010  1500 00020  1600 00020  1700 00020  1800 00010  2500 00100  
HPD02303500HPCPHT19790100180041000 00010  1100 00010  2100 00010  2500 00030  
HPD02303500HPCPHT19790100200020300 00010  2500 00010  
HPD02303500HPCPHT19790100250060500 00010  0600 00010  1200 00010  1500 00010  1700 00010  2500 00050  
HPD02303500HPCPHT19790100260030700 00010  0800 00010  2500 00020  
HPD02303500HPCPHT19790100290040600 00010  0700 00010  1800 00010  2500 00030  
HPD02303500HPCPHT19790200010050100 00000g 1300 00010  1900 00010  2000 00010  2500 00030  
HPD02303500HPCPHT19790200020030100 00020  2000 00010  2500 00030  
HPD02303500HPCPHT19790300010020100 00000g 2500 00000  
HPD02303500HPCPHT19790300020050800 00010  1100 00010  1700 00010  2100 00010  2500 00040  
HPD02303500HPCPHT19790300200030700 00010  2200 00010  2500 00020  
HPD02303500HPCPHT19790300210070500 00010  0600 00010  0700 00010  0800 00010  0900 00010  2100 00020  2500 00070  
HPD02303500HPCPHT19790300280091500 00020  1600 00010  1700 00020  1800 00020  1900 00020  2000 00010  2200 00010  2300 00010  2500 00120  
HPD02303500HPCPHT19790300290040500 00010  0600 00010  0700 00010  2500 00030  
HPD02303500HPCPHT19790400010020100 00000g 2500 00000  
HPD02303500HPCPHT19790400100021100 00010  2500 00010  
HPD02303500HPCPHT19790500010020100 00000g 2500 00000  
HPD02303500HPCPHT19790500190020100 00010  2500 00010  
HPD02303500HPCPHT19790500200020700 00010  2500 00010  
HPD02303500HPCPHT19790600010020100 00000g 2500 00000  
HPD02303500HPCPHT19790700010020100 00000g 2500 00000  
HPD02303500HPCPHT19790800010020100 00000g 2500 00000  
HPD02303500HPCPHT19790800120031200 00090  1600 00050  2500 00140  
HPD02303500HPCPHT19790800130020800 00010  2500 00010  
HPD02303500HPCPHT19790800170041500 00010  1600 00020  1700 00010  2500 00040  
HPD02303500HPCPHT19790800200020800 00010  2500 00010  
HPD02303500HPCPHT19790900010020100 00000g 2500 00000  
HPD02303500HPCPHT19791000010020100 99999[ 2500 00000I 
HPD02303500HPCPHT19791000310022400 99999] 2500 00000I 
HPD02303500HPCPHT19791100010020100 00000g 2500 00000  
HPD02303500HPCPHT19791100080020500 00010  2500 00010  
HPD02303500HPCPHT19791200010020100 00000g 2500 00000  
HPD02303500HPCPHT19791200200021000 00010  2500 00010  
HPD02303500HPCPHT19791200210020300 00010  2500 00010  
HPD02303500HPCPHT19791200260021100 00010  2500 00010  
HPD02303500HPCPHT19791200270020100 00010  2500 00010  
HPD02303500HPCPHT19800100010020100 00000g 2500 00000  
HPD02303500HPCPHT19800100090061000 00010  1600 00010  1700 00010  1900 00010  2300 00010  2500 00050  
HPD02303500HPCPHT19800100100022400 00010  2500 00010  
HPD02303500HPCPHT19800100110020200 00020  2500 00020  
HPD02303500HPCPHT19800100140021300 00010  2500 00010  
HPD02303500HPCPHT19800100180060500 00010  1700 00010  1800 00010  2000 00010  2100 00010  2500 00050  
HPD02303500HPCPHT19800100210021200 00010  2500 00010  
HPD02303500HPCPHT19800100290050700 00010  1900 00010  2000 00010  2200 00010  2500 00040  
HPD02303500HPCPHT19800200010020100 00000g 2500 00000  
HPD02303500HPCPHT19800200130031300 00020  1400 00010  2500 00030  
HPD02303500HPCPHT19800200140040600 00010  1200 00010  1400 00010  2500 00030  
HPD02303500HPCPHT19800200150061100 00020  1200 00010  1300 00010  1400 00010  1600 00010  2500 00060  
HPD02303500HPCPHT19800200160022400 00010  2500 00010  
HPD02303500HPCPHT19800200170040100 00010  0200 00010  0300 00010  2500 00030  
HPD02303500HPCPHT19800200180051100 00010  1500 00010  1600 00010  1800 00010  2500 00040  
HPD02303500HPCPHT19800200190050700 00020  1900 00010  2100 00010  2200 00010  2500 00050  
HPD02303500HPCPHT19800200200021400 00010  2500 00010  
HPD02303500HPCPHT19800200210020400 00010  2500 00010  
HPD02303500HPCPHT19800300010020100 00000g 2500 00000  
HPD02303500HPCPHT19800300030041000 00010  1100 00030  1300 00010  2500 00050  
HPD02303500HPCPHT19800300060022300 00010  2500 00010  
HPD02303500HPCPHT19800300110050200 00010  0300 00030  0800 00010  0900 00020  2500 00070  
HPD02303500HPCPHT19800300190030500 00020  0600 00010  2500 00030  
HPD02303500HPCPHT19800400010020100 99999[ 2500 00000I 
HPD02303500HPCPHT19800400300022400 99999] 2500 00000I 
HPD02303500HPCPHT19800500010020100 00000g 2500 00000  
HPD02303500HPCPHT19800500020022200 00010  2500 00010  
HPD02303500HPCPHT19800500030041100 00010  2100 00030  2200 00010  2500 00050  
HPD02303500HPCPHT19800600010020100 00000g 2500 00000  
HPD02303500HPCPHT19800700010020100 00000g 2500 00000  
HPD02303500HPCPHT19800700130050100 00010  0200 00010  0300 00020  0500 00010  2500 00050  
HPD02303500HPCPHT19800700210031700 00020  1800 00010  2500 00030  
HPD02303500HPCPHT19800700230021000 00010  2500 00010  
HPD02303500HPCPHT19800700260021100 00010  2500 00010  
HPD02303500HPCPHT19800800010020100 00000g 2500 00000  
HPD02303500HPCPHT19800800130022300 00010  2500 00010  
HPD02303500HPCPHT19800800140030400 00010  1200 00010  2500 00020  
HPD02303500HPCPHT19800800240021500 00010  2500 00010  
HPD02303500HPCPHT19800900010020100 00000g 2500 00000  
HPD02303500HPCPHT19800900040031900 00060  2000 00010  2500 00070  
HPD02303500HPCPHT19800900080020600 00010  2500 00010  
HPD02303500HPCPHT19801000010020100 00000g 2500 00000  
HPD02303500HPCPHT19801000130021500 00020  2500 00020  
HPD02303500HPCPHT19801100010020100 00000g 2500 00000  
HPD02303500HPCPHT19801200010020100 00000g 2500 00000  
HPD02303500HPCPHT19801200060021600 00060  2500 00060  
HPD02303500HPCPHT19801200070020900 00010  2500 00010  
HPD02303500HPCPHT19810100010020100 00000g 2500 00000  
HPD02303500HPCPHT19810100020030200 00010  1800 00010  2500 00020  
HPD02303500HPCPHT19810100030030800 00010  2300 00010  2500 00020  
HPD02303500HPCPHT19810100070020600 00010  2500 00010  
HPD02303500HPCPHT19810100110031500 00010  2300 00010  2500 00020  
HPD02303500HPCPHT19810100120060200 00020  0500 00010  0600 00010  1000 00010  1600 00010  2500 00060  
HPD02303500HPCPHT19810100140022300 00010  2500 00010  
HPD02303500HPCPHT19810100150020600 00010  2500 00010  
HPD02303500HPCPHT19810100160040100 00010  1200 00010  2300 00010  2500 00030  
HPD02303500HPCPHT19810100170030600 00010  2100 00010  2500 00020  
HPD02303500HPCPHT19810100180030400 00010  2000 00010  2500 00020  
HPD02303500HPCPHT19810100190030400 00010  2200 00010  2500 00020  
HPD02303500HPCPHT19810100200040100 00010  0600 00010  1100 00010  2500 00030  
HPD02303500HPCPHT19810100210020800 00010  2500 00010  
HPD02303500HPCPHT19810100220022100 00010  2500 00010  
HPD02303500HPCPHT19810200010020100 00000g 2500 00000  
HPD02303500HPCPHT19810200080022200 00010  2500 00010  
HPD02303500HPCPHT19810200090130200 00010  0300 00010  0400 00010  0700 00010  0800 00010  0900 00010  1000 00010  1100 00020  1300 00020  1400 00010  1500 00010  1600 00010  2500 00140  
HPD02303500HPCPHT19810300010020100 00000g 2500 00000  
HPD02303500HPCPHT19810300020090500 00010  0700 00010  0900 00010  1200 00010  1400 00020  1600 00020  1700 00010  2000 00010  2500 00100  
HPD02303500HPCPHT19810300050031500 00010  1600 00010  2500 00020  
HPD02303500HPCPHT19810300060021200 00010  2500 00010  
HPD02303500HPCPHT19810300200020900 00010  2500 00010  
HPD02303500HPCPHT19810400010020100 00000g 2500 00000  
HPD02303500HPCPHT19810400020022400 00010  2500 00010  
HPD02303500HPCPHT19810400280020200 00010  2500 00010  
HPD02303500HPCPHT19810500010030100 00000g 1800 00010  2500 00010  
HPD02303500HPCPHT19810500280030100 00010  1100 00010  2500 00020  
HPD02303500HPCPHT19810600010020100 00000g 2500 00000  
HPD02303500HPCPHT19810700010020100 00000g 2500 00000  
HPD02303500HPCPHT19810700100022200 00010  2500 00010  
HPD02303500HPCPHT19810700130021300 00010  2500 00010  
HPD02303500HPCPHT19810700150022400 00010  2500 00010  
HPD02303500HPCPHT19810700160020100 00010  2500 00010  
HPD02303500HPCPHT19810800010040100 00000g 0600 00010  0700 00010  2500 00020  
HPD02303500HPCPHT19810800070022400 00010  2500 00010  
HPD02303500HPCPHT19810800120042100 00010  2200 00010  2300 00010  2500 00030  
HPD02303500HPCPHT19810800140021100 00010  2500 00010  
HPD02303500HPCPHT19810900010020100 00000g 2500 00000  
HPD02303500HPCPHT19810900030022200 00020  2500 00020  
HPD02303500HPCPHT19810900060020800 00010  2500 00010  
HPD02303500HPCPHT19811000010030100 00000g 0900 00010  2500 00010  
HPD02303500HPCPHT19811000020031200 00010  1300 00040  2500 00050  
HPD02303500HPCPHT19811100010020100 00000g 2500 00000  
HPD02303500HPCPHT19811100270031600 00010  1700 00010  2500 00020  
HPD02303500HPCPHT19811100280061900 00010  2100 00030  2200 00020  2300 00010  2400 00010  2500 00080  
HPD02303500HPCPHT19811100290050100 00010  0200 00010  0600 00010  1000 00010  2500 00040  
HPD02303500HPCPHT19811200010020100 00000g 2500 00000  
HPD02303500HPCPHT19820100010040100 00000g 1100 00010  2400 00010  2500 00020  
HPD02303500HPCPHT19820100020030100 00010  2200 00010  2500 00020  
HPD02303500HPCPHT19820100050022300 00010  2500 00010  
HPD02303500HPCPHT19820100120041200 00010  1600 00010  1800 00010  2500 00030  
HPD02303500HPCPHT19820100210031600 00020  1700 00020  2500 00040  
HPD02303500HPCPHT19820200010020100 00000g 2500 00000  
HPD02303500HPCPHT19820200080030800 00010  1100 00010  2500 00020  
HPD02303500HPCPHT19820200100040100 00010  1800 00010  2400 00010  2500 00030  
HPD02303500HPCPHT19820200110040200 00010  0700 00010  0900 00010  2500 00030  
HPD02303500HPCPHT19820200230021000 00010  2500 00010  
HPD02303500HPCPHT19820200250030500 00010  0800 00010  2500 00020  
HPD02303500HPCPHT19820300010020100 00000g 2500 00000  
HPD02303500HPCPHT19820300020020900 00010  2500 00010  
HPD02303500HPCPHT19820300120021100 00010  2500 00010  
HPD02303500HPCPHT19820300130050500 00010  0600 00040  0700 00020  0800 00030  2500 00100  
HPD02303500HPCPHT19820300150040100 00010  0200 00020  1200 00010  2500 00040  
HPD02303500HPCPHT19820300180051400 00010  1500 00010  1600 00030  1700 00020  2500 00070  
HPD02303500HPCPHT19820300260030800 00010  1000 00010  2500 00020  
HPD02303500HPCPHT19820400010020100 99999[ 2500 00000I 
HPD02303500HPCPHT19820400300022400 99999] 2500 00000I 
HPD02303500HPCPHT19820500010020100 99999[ 2500 00000I 
HPD02303500HPCPHT19820500310022400 99999] 2500 00000I 
HPD02303500HPCPHT19820600010020100 99999[ 2500 00000I 
HPD02303500HPCPHT19820600300022400 99999] 2500 00000I 
HPD02303500HPCPHT19820700010020100 00000g 2500 00000  
HPD02303500HPCPHT19820700060041500 00010  1600 00020  1700 00010  2500 00040  
HPD02303500HPCPHT19820700160022400 00010  2500 00010  
HPD02303500HPCPHT19820700230021200 00010  2500 00010  
HPD02303500HPCPHT19820700240021700 00010  2500 00010  
HPD02303500HPCPHT19820700280020700 00010  2500 00010  
HPD02303500HPCPHT19820700300031800 00050  1900 00010  2500 00060  
HPD02303500HPCPHT19820800010030100 99999[ 0600 99999] 2500 00000I 
HPD02303500HPCPHT19820800020022200 00050  2500 00050  
HPD02303500HPCPHT19820800090021700 00020  2500 00020  
HPD02303500HPCPHT19820800110031900 00010  2000 00020  2500 00030  
HPD02303500HPCPHT19820800120060600 00020  0700 00020  0800 00010  0900 00010  1000 00010  2500 00070  
HPD02303500HPCPHT19820800130021100 00010  2500 00010  
HPD02303500HPCPHT19820800200041900 00010  2100 00020  2200 00010  2500 00040  
HPD02303500HPCPHT19820800230031700 00010  1800 00110  2500 00120  
HPD02303500HPCPHT19820800240042100 00010  2300 00030  2400 00010  2500 00050  
HPD02303500HPCPHT19820900010020100 99999[ 2500 00000I 
HPD02303500HPCPHT19820900300022400 99999] 2500 00000I 
