HPD02010005HPCPHI19990100010020100 00000g 2500 00000  
HPD02010005HPCPHI19990100250041800 00002  1900 00002  2000 00001  2500 00005  
HPD02010005HPCPHI19990100270031400 00003  1500 00001  2500 00004  
HPD02010005HPCPHI19990200010020100 00000g 2500 00000  
HPD02010005HPCPHI19990200040101500 00003  1600 00009  1700 00007  1800 00004  1900 00005  2000 00005  2100 00015  2200 00006  2300 00001  2500 00055  
HPD02010005HPCPHI19990300010020100 00000g 2500 00000  
HPD02010005HPCPHI19990300170040200 00001  0300 00003  0400 00001  2500 00005  
HPD02010005HPCPHI19990400010070100 00000g 2000 00002  2100 00003  2200 00004  2300 00011  2400 00002  2500 00022  
HPD02010005HPCPHI19990400020060100 00004  0200 00004  0300 00005  0400 00002  0500 00002  2500 00017  
HPD02010005HPCPHI19990400030020800 99999{ 2500 00000P 
HPD02010005HPCPHI19990400040020700 99999} 2500 00000P 
HPD02010005HPCPHI19990400120022200 00001  2500 00001  
HPD02010005HPCPHI19990400130030200 00001  0400 00001  2500 00002  
HPD02010005HPCPHI19990400240031700 00001  1800 00001  2500 00002  
HPD02010005HPCPHI19990500010020100 00000g 2500 00000  
HPD02010005HPCPHI19990600010030100 00000g 2400 00001  2500 00001  
HPD02010005HPCPHI19990600020050100 00002  0200 00003  0400 00001  0500 00003  2500 00009  
HPD02010005HPCPHI19990700010020100 00000g 2500 00000  
HPD02010005HPCPHI19990700060022000 00007  2500 00007  
HPD02010005HPCPHI19990700080041100 00014  1200 00004  1300 00001  2500 00019  
HPD02010005HPCPHI19990700090031500 00005  1600 00001  2500 00006  
HPD02010005HPCPHI19990700130020300 00002  2500 00002  
HPD02010005HPCPHI19990700150040300 00065  0400 00004  0500 00001  2500 00070  
HPD02010005HPCPHI19990700180022400 00001  2500 00001  
HPD02010005HPCPHI19990700250051700 00006  1900 00001  2000 00038  2100 00025  2500 00070  
HPD02010005HPCPHI19990700270021100 00002  2500 00002  
HPD02010005HPCPHI19990700290050800 00015  0900 00012  1000 00013  1100 00001  2500 00041  
HPD02010005HPCPHI19990800010020100 00000g 2500 00000  
HPD02010005HPCPHI19990800100030500 00005  0600 00001  2500 00006  
HPD02010005HPCPHI19990800180022400 00006  2500 00006  
HPD02010005HPCPHI19990800190020100 00002  2500 00002  
HPD02010005HPCPHI19990800200021700 00008  2500 00008  
HPD02010005HPCPHI19990800280022200 00001  2500 00001  
HPD02010005HPCPHI19990800290021300 00020  2500 00020  
HPD02010005HPCPHI19990800300021400 00001  2500 00001  
HPD02010005HPCPHI19990900010020100 00000g 2500 00000  
HPD02010005HPCPHI19990900220030300 00006  0400 00002  2500 00008  
HPD02010005HPCPHI19990900230020900 00011  2500 00011  
HPD02010005HPCPHI19991000010020100 00000g 2500 00000  
HPD02010005HPCPHI19991100010020100 00000g 2500 00000  
HPD02010005HPCPHI19991200010020100 00000g 2500 00000  
