HPD02646802HPCPHT20100100010020100 00000g 2500 00000  
HPD02646802HPCPHT20100100120021100 00010  2500 00010  
HPD02646802HPCPHT20100100200021000 00010  2500 00010  
HPD02646802HPCPHT20100100210041200 00010  2200 00010  2400 00020  2500 00040  
HPD02646802HPCPHT20100100220060200 00010  0500 00010  1000 00010  1100 00010  1300 00010  2500 00050  
HPD02646802HPCPHT20100100270031200 00010  2200 00010  2500 00020  
HPD02646802HPCPHT20100100280040400 00010  1100 00010  1300 00010  2500 00030  
HPD02646802HPCPHT20100200010020100 00000g 2500 00000  
HPD02646802HPCPHT20100200040021200 00010  2500 00010  
HPD02646802HPCPHT20100200210020200 00010  2500 00010  
HPD02646802HPCPHT20100300010030100 00000g 1100 00010  2500 00010  
HPD02646802HPCPHT20100300040021100 00020  2500 00020  
HPD02646802HPCPHT20100300070021100 00010  2500 00010  
HPD02646802HPCPHT20100300100021000 00010  2500 00010  
HPD02646802HPCPHT20100300110021000 00010  2500 00010  
HPD02646802HPCPHT20100300140030300 99999[ 0400 99999] 2500 00000I 
HPD02646802HPCPHT20100300150021300 00010  2500 00010  
HPD02646802HPCPHT20100400010020100 00010  2500 00010  
HPD02646802HPCPHT20100400220021400 00010  2500 00010  
HPD02646802HPCPHT20100500010020100 00000g 2500 00000  
HPD02646802HPCPHT20100500020031200 00010  1500 00010  2500 00020  
HPD02646802HPCPHT20100600010020100 00000g 2500 00000  
HPD02646802HPCPHT20100700010020100 00000g 2500 00000  
HPD02646802HPCPHT20100700130021500 00010  2500 00010  
HPD02646802HPCPHT20100700210022000 00010  2500 00010  
HPD02646802HPCPHT20100700220031600 00020  1700 00020  2500 00040  
HPD02646802HPCPHT20100700240040800 00010  0900 00010  1000 00010  2500 00030  
HPD02646802HPCPHT20100700250020900 00020  2500 00020  
HPD02646802HPCPHT20100700260030700 00010  0800 00020  2500 00030  
HPD02646802HPCPHT20100700270030800 00010  0900 00010  2500 00020  
HPD02646802HPCPHT20100700280040700 00010  0900 00020  1200 00010  2500 00040  
HPD02646802HPCPHT20100700290030800 00010  0900 00010  2500 00020  
HPD02646802HPCPHT20100700300060800 00020  0900 00010  2000 00010  2100 00010  2200 00010  2500 00060  
HPD02646802HPCPHT20100700310030900 00020  1500 00010  2500 00030  
HPD02646802HPCPHT20100800010030100 00000g 0200 99999{ 2500 00000P 
HPD02646802HPCPHT20100800310022400 99999} 2500 00000P 
HPD02646802HPCPHT20100900010030100 00000g 1100 00010  2500 00010  
HPD02646802HPCPHT20100900070061800 00010  1900 00030  2000 00020  2200 00010  2400 00010  2500 00080  
HPD02646802HPCPHT20100900080030100 00010  0900 00030  2500 00040  
HPD02646802HPCPHT20100900100021700 00010  2500 00010  
HPD02646802HPCPHT20100900200030200 99999[ 2400 99999] 2500 00000I 
HPD02646802HPCPHT20100900210030800 00020  1000 00010  2500 00030  
HPD02646802HPCPHT20100900220080900 00020  1000 00030  1100 00010  1200 00020  1300 00010  1500 00010  2300 00030  2500 00130  
HPD02646802HPCPHT20100900230030900 00020  1000 00010  2500 00030  
HPD02646802HPCPHT20100900300030800 00010  1600 00010  2500 00020  
HPD02646802HPCPHT20101000010020100 00000g 2500 00000  
HPD02646802HPCPHT20101000210021000 00010  2500 00010  
HPD02646802HPCPHT20101000230021500 00010  2500 00010  
HPD02646802HPCPHT20101100010020100 00000g 2500 00000  
HPD02646802HPCPHT20101100110021400 00010  2500 00010  
HPD02646802HPCPHT20101100210022000 00010  2500 00010  
HPD02646802HPCPHT20101100220021400 00010  2500 00010  
HPD02646802HPCPHT20101200010020100 00000g 2500 00000  
HPD02646802HPCPHT20101200160060800 00010  1100 00010  1300 00020  1500 00010  1800 00010  2500 00060  
HPD02646802HPCPHT20101200200030400 00020  1300 00010  2500 00030  
HPD02646802HPCPHT20101200220030700 00010  1200 00010  2500 00020  
HPD02646802HPCPHT20101200230040400 00010  0600 00010  1100 00010  2500 00030  
HPD02646802HPCPHT20101200240021400 00010  2500 00010  
HPD02646802HPCPHT20101200250031300 00010  1400 00010  2500 00020  
HPD02646802HPCPHT20101200260030200 00010  1200 00010  2500 00020  
HPD02646802HPCPHT20101200270031200 00010  1300 00010  2500 00020  
HPD02646802HPCPHT20101200280031100 00010  1200 00010  2500 00020  
HPD02646802HPCPHT20101200290030500 00010  1100 00010  2500 00020  
HPD02646802HPCPHT20101200300030800 00010  1100 00010  2500 00020  
