HPD02534403HPCPHT20070100010030100 00000g 1300 99999[ 2500 00000I 
HPD02534403HPCPHT20070100090031200 99999] 1500 99999[ 2500 00000I 
HPD02534403HPCPHT20070100310022400 99999] 2500 00000I 
HPD02534403HPCPHT20070200010020100 00000g 2500 00000  
HPD02534403HPCPHT20070200120020400 00010  2500 00010  
HPD02534403HPCPHT20070200190061400 00020  1500 00010  1600 00010  1900 00010  2100 00010  2500 00060  
HPD02534403HPCPHT20070200210021400 00010  2500 00010  
HPD02534403HPCPHT20070300010020100 00000g 2500 00000  
HPD02534403HPCPHT20070300040021400 00010  2500 00010  
HPD02534403HPCPHT20070300160020900 00010  2500 00010  
HPD02534403HPCPHT20070300220061200 00010  1700 00020  1800 00030  1900 00010  2400 00010  2500 00080  
HPD02534403HPCPHT20070300230020300 00010  2500 00010  
HPD02534403HPCPHT20070300240020500 00010  2500 00010  
HPD02534403HPCPHT20070300290022000 00010  2500 00010  
HPD02534403HPCPHT20070400010020100 00000g 2500 00000  
HPD02534403HPCPHT20070400130020100 00010  2500 00010  
HPD02534403HPCPHT20070500010020100 00000g 2500 00000  
HPD02534403HPCPHT20070500100021400 00010  2500 00010  
HPD02534403HPCPHT20070600010020100 00000g 2500 00000  
HPD02534403HPCPHT20070700010030100 00000g 1100 00010  2500 00010  
HPD02534403HPCPHT20070700170021200 00010  2500 00010  
HPD02534403HPCPHT20070700200041900 00010  2000 00010  2100 00010  2500 00030  
HPD02534403HPCPHT20070700230031400 00050  1500 00010  2500 00060  
HPD02534403HPCPHT20070700300021300 00010  2500 00010  
HPD02534403HPCPHT20070700310041100 00010  1900 00010  2400 00010  2500 00030  
HPD02534403HPCPHT20070800010040100 00000g 1400 00010  1700 00010  2500 00020  
HPD02534403HPCPHT20070800030021400 00010  2500 00010  
HPD02534403HPCPHT20070800040041700 00020  1800 00010  2100 00020  2500 00050  
HPD02534403HPCPHT20070800270021100 00010  2500 00010  
HPD02534403HPCPHT20070800300031700 00020  1800 00030  2500 00050  
HPD02534403HPCPHT20070800310021400 00010  2500 00010  
HPD02534403HPCPHT20070900010030100 00000g 1400 00010  2500 00010  
HPD02534403HPCPHT20070900060021300 00020  2500 00020  
HPD02534403HPCPHT20070900110021600 00010  2500 00010  
HPD02534403HPCPHT20070900220021500 00010  2500 00010  
HPD02534403HPCPHT20070900230021000 00010  2500 00010  
HPD02534403HPCPHT20071000010020100 00000g 2500 00000  
HPD02534403HPCPHT20071000040030700 00010  1200 00010  2500 00020  
HPD02534403HPCPHT20071100010030100 00000g 1300 00010  2500 00010  
HPD02534403HPCPHT20071100300100900 00010  1600 00020  1700 00010  1800 00010  2000 00010  2100 00020  2200 00010  2300 00020  2400 00020  2500 00130  
HPD02534403HPCPHT20071200010070100 00010  0300 00010  0500 00010  0700 00010  1200 00010  1300 99999[ 2500 00050I 
HPD02534403HPCPHT20071200100040500 99999] 1600 00010  2300 00010  2500 00020I 
HPD02534403HPCPHT20071200220021200 00010  2500 00010  
