HPD02131406HPCPHT20040100010020100 00000g 2500 00000  
HPD02131406HPCPHT20040100210031200 00010  2200 00010  2500 00020  
HPD02131406HPCPHT20040100220060100 00010  0200 00010  0400 00010  0500 00010  1100 00010  2500 00050  
HPD02131406HPCPHT20040100230042100 00010  2200 00010  2300 00010  2500 00030  
HPD02131406HPCPHT20040100250021200 00010  2500 00010  
HPD02131406HPCPHT20040200010020100 00000g 2500 00000  
HPD02131406HPCPHT20040200030021500 00010  2500 00010  
HPD02131406HPCPHT20040200230080400 00010  0600 00010  0700 00010  0800 00020  0900 00010  1000 00010  1600 00020  2500 00090  
HPD02131406HPCPHT20040200250021000 00010  2500 00010  
HPD02131406HPCPHT20040300010020100 00000g 2500 00000  
HPD02131406HPCPHT20040300040070400 00010  0500 00010  0600 00010  0700 00010  1000 00010  1700 00010  2500 00060  
HPD02131406HPCPHT20040300050020400 00010  2500 00010  
HPD02131406HPCPHT20040300060021600 00010  2500 00010  
HPD02131406HPCPHT20040400010020100 00000g 2500 00000  
HPD02131406HPCPHT20040400020050400 00010  0600 00020  1100 00010  1600 00010  2500 00050  
HPD02131406HPCPHT20040500010020100 00000g 2500 00000  
HPD02131406HPCPHT20040600010020100 00000g 2500 00000  
HPD02131406HPCPHT20040700010020100 00000g 2500 00000  
HPD02131406HPCPHT20040700130022300 00010  2500 00010  
HPD02131406HPCPHT20040700140020900 00010  2500 00010  
HPD02131406HPCPHT20040700270022100 00010  2500 00010  
HPD02131406HPCPHT20040700280020100 00010  2500 00010  
HPD02131406HPCPHT20040800010020100 00000g 2500 00000  
HPD02131406HPCPHT20040800060030800 00020  1300 00010  2500 00030  
HPD02131406HPCPHT20040800130042000 00010  2100 00020  2200 00010  2500 00040  
HPD02131406HPCPHT20040800150032200 00020  2300 00070  2500 00090  
HPD02131406HPCPHT20040900010020100 00000g 2500 00000  
HPD02131406HPCPHT20040900020021600 00010  2500 00010  
HPD02131406HPCPHT20040900180031800 00030  2000 00010  2500 00040  
HPD02131406HPCPHT20040900190030200 00010  0300 00010  2500 00020  
HPD02131406HPCPHT20041000010020100 00000g 2500 00000  
HPD02131406HPCPHT20041000220020300 00010  2500 00010  
HPD02131406HPCPHT20041000280061200 00010  1300 00010  1400 00010  1600 00010  1800 00010  2500 00050  
HPD02131406HPCPHT20041100010020100 00000g 2500 00000  
HPD02131406HPCPHT20041100220041100 00010  1300 00010  1400 00010  2500 00030  
HPD02131406HPCPHT20041200010020100 00000g 2500 00000  
HPD02131406HPCPHT20041200040061300 00010  1400 00010  1500 00010  1600 00010  2000 00010  2500 00050  
HPD02131406HPCPHT20041200050022400 00010  2500 00010  
HPD02131406HPCPHT20041200060020200 00010  2500 00010  
HPD02131406HPCPHT20041200070031200 99999{ 1300 99999} 2500 00000P 
HPD02131406HPCPHT20041200290050400 00010  1300 00010  1400 00010  1500 00010  2500 00040  
