HPD02358100HPCPHI19480700010060100 00000g 1300 00001  1400 00007  1500 00010  1700 00001  2500 00019  
HPD02358100HPCPHI19480700020051700 00011  1800 00007  1900 00004  2400 00001  2500 00023  
HPD02358100HPCPHI19480700200020800 00005  2500 00005  
HPD02358100HPCPHI19480700230090300 00001  0600 00001  1000 00004  1500 00024  1600 00084  1700 00001  1800 00001  2300 00001  2500 00117  
HPD02358100HPCPHI19480700260031600 00004  1700 00023  2500 00027  
HPD02358100HPCPHI19480700270050800 00001  0900 00001  1000 00004  1100 00001  2500 00007  
HPD02358100HPCPHI19480800010050100 00000g 1500 00001  1600 00008  1700 00001  2500 00010  
HPD02358100HPCPHI19480800020031900 00002  2000 00001  2500 00003  
HPD02358100HPCPHI19480800030042000 00006  2100 00008  2200 00005  2500 00019  
HPD02358100HPCPHI19480800040071200 00064  1300 00011  1400 00001  1600 00001  2300 00003  2400 00006  2500 00086  
HPD02358100HPCPHI19480800050030100 00001  1500 00014  2500 00015  
HPD02358100HPCPHI19480800060021500 00003  2500 00003  
HPD02358100HPCPHI19480800070060500 00001  0600 00001  1600 00006  1700 00002  1900 00002  2500 00012  
HPD02358100HPCPHI19480800080040600 00001  0900 00001  1400 00005  2500 00007  
HPD02358100HPCPHI19480800120051500 00006  1600 00023  1700 00008  1800 00001  2500 00038  
HPD02358100HPCPHI19480800130020600 00001  2500 00001  
HPD02358100HPCPHI19480800170031400 00004  1500 00002  2500 00006  
HPD02358100HPCPHI19480800210071000 00005  1100 00014  1200 00016  2000 00005  2100 00001  2200 00003  2500 00044  
HPD02358100HPCPHI19480800220020400 00001  2500 00001  
HPD02358100HPCPHI19480900010040100 00000g 1300 99999[ 2400 99999] 2500 00000I 
HPD02358100HPCPHI19480900150022400 00001  2500 00001  
HPD02358100HPCPHI19480900160120100 00009  0200 00008  0300 00007  0400 00007  0800 00001  1000 00004  1200 00013  1300 00003  1400 00002  1500 00002  1700 00001  2500 00057  
HPD02358100HPCPHI19480900170030500 00001  0600 00001  2500 00002  
HPD02358100HPCPHI19481000010040100 00000g 1300 99999[ 2400 99999] 2500 00000I 
HPD02358100HPCPHI19481000040070800 00003  0900 00005  1000 00001  1100 00002  1300 00001  1400 00015  2500 00027  
HPD02358100HPCPHI19481000110021700 00001  2500 00001  
HPD02358100HPCPHI19481000180101000 00001  1100 00003  1200 00012  1300 00005  1700 00002  1900 00020  2000 00004  2100 00002  2400 00004  2500 00053  
HPD02358100HPCPHI19481000190050100 00006  0200 00001  0500 00001  0600 00001  2500 00009  
HPD02358100HPCPHI19481000270031900 00001  2000 00001  2500 00002  
HPD02358100HPCPHI19481000280070100 00001  0400 00001  0600 00001  0700 00006  0900 00001  1000 00005  2500 00015  
HPD02358100HPCPHI19481000300161000 00002  1100 00001  1200 00002  1300 00009  1400 00008  1500 00001  1600 00002  1700 00002  1800 00004  1900 00002  2000 00001  2100 00001  2200 00001  2300 00009  2400 00009  2500 00054  
HPD02358100HPCPHI19481000310060100 00002  0200 00001  0300 00001  0500 00001  0700 00001  2500 00006  
HPD02358100HPCPHI19481100010040100 00000g 1300 99999[ 2400 99999] 2500 00000I 
HPD02358100HPCPHI19481100040020200 00004  2500 00004  
HPD02358100HPCPHI19481200010040100 00000g 1300 99999[ 2400 99999] 2500 00000I 
HPD02358100HPCPHI19481200040030300 00001  0400 00006  2500 00007  
HPD02358100HPCPHI19481200170110900 00003  1000 00004  1100 00002  1200 00002  1300 00005  1400 00004  1500 00006  1600 00002  1800 00001  1900 00001  2500 00030  
HPD02358100HPCPHI19481200220151000 00003  1100 00003  1300 00005  1400 00008  1500 00009  1600 00004  1700 00003  1800 00001  1900 00004  2000 00001  2100 00004  2200 00002  2300 00008  2400 00011  2500 00066  
HPD02358100HPCPHI19481200230160100 00009  0200 00005  0300 00009  0400 00008  0500 00010  0600 00009  0700 00008  0800 00002  0900 00002  1000 00007  1100 00007  1200 00004  1400 00001  1500 00001  1600 00001  2500 00083  
HPD02358100HPCPHI19481200250041900 00001  2100 00002  2400 00001  2500 00004  
HPD02358100HPCPHI19481200270061000 00003  1100 00007  1200 00010  1300 00004  1400 00001  2500 00025  
HPD02358100HPCPHI19481200300022100 00001  2500 00001  
HPD02358100HPCPHI19481200310080200 00001  0800 00001  0900 00002  1000 00001  1500 00002  1700 00001  1800 00001  2500 00009  
HPD02358100HPCPHI19490100010030100 00000g 0700 00001  2500 00001  
HPD02358100HPCPHI19490100020100100 00001  0200 00001  0300 00003  0400 00006  0500 00013  0600 00013  0700 00002  0800 00001  1400 00001  2500 00041  
HPD02358100HPCPHI19490100090081800 00001  1900 00003  2000 00001  2100 00003  2200 00012  2300 00003  2400 00003  2500 00026  
HPD02358100HPCPHI19490100100180100 00001  0200 00001  0400 00001  0500 00001  0600 00002  0700 00001  0800 00001  0900 00004  1000 00003  1100 00003  1200 00002  1300 00001  1400 00001  1500 00001  2000 00001  2100 00003  2200 00002  2500 00029  
HPD02358100HPCPHI19490100110100400 00001  0500 00001  0600 00001  0700 00002  0800 00001  0900 00002  1200 00002  1800 00001  1900 00001  2500 00012  
HPD02358100HPCPHI19490100120030200 00001  0700 00001  2500 00002  
HPD02358100HPCPHI19490100130180500 00001  0600 00001  0700 00002  0800 00003  0900 00007  1000 00003  1100 00001  1200 00001  1300 00002  1400 00002  1600 00001  1800 00001  2000 00002  2100 00002  2200 00002  2300 00002  2400 00001  2500 00034  
HPD02358100HPCPHI19490100140110100 00001  0200 00001  0600 00001  0700 00001  1100 00002  1200 00003  1300 00004  1400 00002  1500 00001  1600 00003  2500 00019  
HPD02358100HPCPHI19490100150080400 00001  0600 00001  1200 00001  1400 00001  1600 00001  1900 00001  2300 00001  2500 00007  
HPD02358100HPCPHI19490100160040500 00001  0600 00001  0700 00001  2500 00003  
HPD02358100HPCPHI19490100190131100 00002  1400 00001  1500 00001  1600 00003  1700 00004  1800 00004  1900 00001  2000 00002  2100 00003  2200 00003  2300 00004  2400 00003  2500 00031  
HPD02358100HPCPHI19490100200180100 00004  0200 00007  0300 00007  0400 00004  0500 00004  0600 00003  0700 00005  0800 00002  0900 00003  1000 00003  1100 00002  1200 00003  1300 00001  1400 00003  1500 00001  1600 00002  1700 00002  2500 00056  
HPD02358100HPCPHI19490100210030600 00001  0700 00001  2500 00002  
HPD02358100HPCPHI19490100230170400 00001  0500 00001  0600 00003  0700 00012  0800 00004  0900 00001  1500 00002  1600 00004  1700 00004  1800 00002  1900 00001  2000 00002  2100 00002  2200 00005  2300 00003  2400 00004  2500 00051  
HPD02358100HPCPHI19490100240120100 00002  0200 00002  0300 00004  0400 00003  0500 00002  0600 00002  0700 00003  0800 00003  0900 00002  2300 00001  2400 00001  2500 00025  
HPD02358100HPCPHI19490100250150100 00003  0200 00002  0300 00001  0400 00001  0600 00001  0700 00001  1600 00001  1800 00002  1900 00002  2000 00003  2100 00005  2200 00004  2300 00003  2400 00002  2500 00031  
HPD02358100HPCPHI19490100260050100 00001  0500 00001  1200 00002  2000 00001  2500 00005  
HPD02358100HPCPHI19490100270020600 00001  2500 00001  
HPD02358100HPCPHI19490100280031300 00001  1400 00001  2500 00002  
HPD02358100HPCPHI19490200010040100 00000g 1300 99999[ 2400 99999] 2500 00000I 
HPD02358100HPCPHI19490200020081700 00001  1800 00002  1900 00001  2000 00004  2100 00002  2200 00001  2400 00001  2500 00012  
HPD02358100HPCPHI19490200030091000 00001  1100 00001  1200 00001  1500 00001  1700 00002  1800 00010  1900 00001  2200 00002  2500 00019  
HPD02358100HPCPHI19490200050090700 00001  0900 00002  1000 00002  1100 00001  1800 00001  2100 00001  2200 00005  2300 00001  2500 00014  
HPD02358100HPCPHI19490200070101600 00001  1700 00002  1800 00004  1900 00003  2000 00004  2100 00004  2200 00005  2300 00004  2400 00005  2500 00032  
HPD02358100HPCPHI19490200080070100 00002  0300 00001  0900 00001  1000 00002  1100 00003  1200 00001  2500 00010  
HPD02358100HPCPHI19490200120080800 00001  0900 00001  1000 00006  1100 00001  1200 00008  1300 00002  1500 00001  2500 00020  
HPD02358100HPCPHI19490200250030700 00001  0800 00004  2500 00005  
HPD02358100HPCPHI19490200270042100 00002  2200 00002  2300 00001  2500 00005  
HPD02358100HPCPHI19490300010040100 00000g 1300 99999[ 2400 99999] 2500 00000I 
HPD02358100HPCPHI19490300070040400 00001  0500 00002  0600 00002  2500 00005  
HPD02358100HPCPHI19490300200070200 00002  0300 00002  0500 00001  0800 00002  0900 00003  1000 00002  2500 00012  
HPD02358100HPCPHI19490300220041300 00001  1400 00002  1600 00001  2500 00004  
HPD02358100HPCPHI19490300240022000 00001  2500 00001  
HPD02358100HPCPHI19490300250130200 00002  0400 00006  0500 00002  0600 00001  0700 00002  0800 00003  0900 00001  1000 00001  1100 00001  1200 00001  1300 00001  1400 00001  2500 00022  
HPD02358100HPCPHI19490300280042100 00001  2200 00006  2300 00005  2500 00012  
HPD02358100HPCPHI19490300290130200 00002  0300 00003  0500 00001  0600 00002  0800 00001  0900 00002  1100 00002  1300 00001  1400 00001  1500 00002  1700 00002  1900 00001  2500 00020  
HPD02358100HPCPHI19490300310071500 00001  1600 00001  1700 00003  1800 00001  1900 00002  2000 00001  2500 00009  
HPD02358100HPCPHI19490400010060100 00000g 0600 00001  0700 00001  0800 00001  1100 00001  2500 00004  
HPD02358100HPCPHI19490400070042200 00002  2300 00002  2400 00001  2500 00005  
HPD02358100HPCPHI19490400080040600 00001  0800 00001  1200 00001  2500 00003  
HPD02358100HPCPHI19490400190041500 00001  1700 00001  2000 00001  2500 00003  
HPD02358100HPCPHI19490500010040100 00000g 1300 99999[ 2400 99999] 2500 00000I 
HPD02358100HPCPHI19490500160080400 00004  0500 00001  1400 00001  1500 00007  1900 00022  2000 00025  2300 00002  2500 00062  
HPD02358100HPCPHI19490500170050500 00001  0700 00001  1400 00001  1800 00001  2500 00004  
HPD02358100HPCPHI19490600010040100 00000g 1300 99999[ 2400 99999] 2500 00000I 
HPD02358100HPCPHI19490600030041500 00010  1700 00006  1800 00004  2500 00020  
HPD02358100HPCPHI19490600040020500 00001  2500 00001  
HPD02358100HPCPHI19490600050030200 00001  0300 00001  2500 00002  
HPD02358100HPCPHI19490600060050800 00001  0900 00012  1300 00002  1400 00003  2500 00018  
HPD02358100HPCPHI19490600110032000 00002  2100 00004  2500 00006  
HPD02358100HPCPHI19490600170040900 00002  2200 00004  2300 00002  2500 00008  
HPD02358100HPCPHI19490600180090400 00001  0500 00005  0600 00002  0700 00011  0800 00002  1000 00002  1100 00008  1200 00001  2500 00032  
HPD02358100HPCPHI19490700010040100 00000g 1300 99999[ 2400 99999] 2500 00000I 
HPD02358100HPCPHI19490700020061400 00065  1500 00001  1600 00001  1700 00008  1900 00001  2500 00076  
HPD02358100HPCPHI19490700030050600 00001  0900 00008  1700 00002  1800 00001  2500 00012  
HPD02358100HPCPHI19490700040051100 00007  1200 00008  1300 00001  1500 00002  2500 00018  
HPD02358100HPCPHI19490700060021600 00012  2500 00012  
HPD02358100HPCPHI19490700100021900 00005  2500 00005  
HPD02358100HPCPHI19490700230031500 00001  1700 00001  2500 00002  
HPD02358100HPCPHI19490800010020100 00000g 2500 00000  
HPD02358100HPCPHI19490800020051600 00029  1800 00001  2200 00002  2300 00001  2500 00033  
HPD02358100HPCPHI19490800060052100 00007  2200 00005  2300 00004  2400 00001  2500 00017  
HPD02358100HPCPHI19490800080080200 00001  0300 00001  0600 00001  1100 00001  1200 00001  1300 00001  1600 00001  2500 00007  
HPD02358100HPCPHI19490800220081300 00008  1400 00001  1500 00001  1700 00045  1800 00005  1900 00006  2000 00005  2500 00071  
HPD02358100HPCPHI19490800230100200 00001  0300 00020  0400 00001  0700 00001  0800 00001  1000 00001  1200 00007  1300 00005  1700 00002  2500 00039  
HPD02358100HPCPHI19490900010040100 00000g 1300 99999[ 2400 99999] 2500 00000I 
HPD02358100HPCPHI19490900080021600 00004  2500 00004  
HPD02358100HPCPHI19490900090160500 00002  0600 00001  0700 00002  0800 00004  0900 00004  1000 00022  1100 00009  1200 00001  1300 00002  1700 00023  1800 00010  2100 00001  2200 00002  2300 00013  2400 00006  2500 00102  
HPD02358100HPCPHI19490900100060100 00002  0500 00001  2100 00016  2200 00001  2300 00001  2500 00021  
HPD02358100HPCPHI19490900120022200 00002  2500 00002  
HPD02358100HPCPHI19490900130070500 00003  0600 00001  0800 00001  1100 00004  1200 00052  1300 00003  2500 00064  
HPD02358100HPCPHI19490900270071300 00001  1400 00005  1500 00067  1600 00036  1700 00002  1800 00009  2500 00120  
HPD02358100HPCPHI19490900280050300 00004  0400 00002  0500 00003  0600 00001  2500 00010  
HPD02358100HPCPHI19491000010040100 00000g 1300 99999[ 2400 99999] 2500 00000I 
HPD02358100HPCPHI19491000020020900 99999[ 2500 00000I 
HPD02358100HPCPHI19491000090021700 99999] 2500 00000I 
HPD02358100HPCPHI19491000170090600 00001  0700 00001  1400 00007  1500 00003  1800 00001  1900 00006  2000 00003  2400 00001  2500 00023  
HPD02358100HPCPHI19491000180050400 00001  0600 00001  0700 00001  1300 99999a 2500 00003I 
HPD02358100HPCPHI19491000190021500 00090A 2500 00090P 
HPD02358100HPCPHI19491100010040100 00000g 1300 99999[ 2400 99999] 2500 00000I 
HPD02358100HPCPHI19491100100031500 99999a 2100 00051A 2500 00051  
HPD02358100HPCPHI19491200010040100 00000g 1300 99999[ 2400 99999] 2500 00000I 
HPD02358100HPCPHI19491200090080800 00001  0900 00002  1400 00002  1500 00003  1700 00001  1900 00001  2400 00001  2500 00011  
HPD02358100HPCPHI19491200100160100 00001  0200 00002  0300 00001  0500 00005  0600 00010  1000 00007  1100 00008  1200 00003  1300 00001  1400 00001  1500 00002  1700 00001  1900 00002  2100 00001  2200 00001  2500 00046  
HPD02358100HPCPHI19491200160021400 99999a 2500 00000I 
HPD02358100HPCPHI19491200180031600 00065A 1800 00001  2500 00066P 
HPD02358100HPCPHI19491200190091500 00001  1600 00005  1800 00001  1900 00009  2000 00005  2100 00004  2300 00003  2400 00010  2500 00038  
HPD02358100HPCPHI19491200200040100 00005  0200 00001  0300 00001  2500 00007  
HPD02358100HPCPHI19500100010060100 00000g 0600 00001  0700 00003  0800 00002  1000 00001  2500 00007  
HPD02358100HPCPHI19500100090060400 00004  0500 00001  0600 00001  0700 00002  0800 00002  2500 00010  
HPD02358100HPCPHI19500100120120200 00001  0300 00001  0500 00002  0600 00006  0700 00002  1000 00001  1200 00001  1300 00001  1400 00005  1500 00001  1600 00001  2500 00022  
HPD02358100HPCPHI19500100140022100 00001  2500 00001  
HPD02358100HPCPHI19500100280021700 99999a 2500 00000I 
HPD02358100HPCPHI19500100290061700 00083A 1800 00002  1900 00001  2200 00003  2300 00002  2500 00091P 
HPD02358100HPCPHI19500100300060400 00003  0700 00001  1200 00001  1800 00001  1900 00001  2500 00007  
HPD02358100HPCPHI19500200010040100 00000g 1300 99999[ 2400 99999] 2500 00000I 
HPD02358100HPCPHI19500200030040500 00002  0600 00002  0700 00001  2500 00005  
HPD02358100HPCPHI19500200060081300 00001  1400 00004  1500 00002  1600 00004  1700 00002  2300 00007  2400 00008  2500 00028  
HPD02358100HPCPHI19500200070140100 00002  0200 00008  0300 00003  0400 00002  0500 00016  0600 00005  0700 00011  0800 00009  0900 00008  1000 00006  1100 00008  1200 00002  1400 00001  2500 00081  
HPD02358100HPCPHI19500200100081500 00001  1700 00001  1800 00001  2100 00002  2200 00007  2300 00007  2400 00007  2500 00026  
HPD02358100HPCPHI19500200110170100 00005  0200 00005  0300 00007  0400 00007  0500 00008  0700 00001  0800 00001  0900 00001  1100 00004  1200 00003  1300 00008  1400 00007  1700 00001  1800 00001  1900 00001  2000 00001  2500 00061  
HPD02358100HPCPHI19500200270130100 00004  0200 00007  0300 00011  0400 00007  0500 00004  0600 00002  0700 00002  0800 00003  0900 00005  1000 00005  1100 00001  1300 00001  2500 00052  
HPD02358100HPCPHI19500300010090100 00000g 1600 00004  1700 00003  1800 00002  1900 00005  2000 00003  2100 00003  2200 00001  2500 00021  
HPD02358100HPCPHI19500300020040700 00001  1000 00003  1300 00002  2500 00006  
HPD02358100HPCPHI19500300260021200 99999a 2500 00000I 
HPD02358100HPCPHI19500300270021100 00090A 2500 00090P 
HPD02358100HPCPHI19500400010040100 00000g 1300 99999[ 2400 99999] 2500 00000I 
HPD02358100HPCPHI19500500010040100 00000g 1300 99999[ 2400 99999] 2500 00000I 
HPD02358100HPCPHI19500500030022300 99999a 2500 00000I 
HPD02358100HPCPHI19500500040021200 00037A 2500 00037P 
HPD02358100HPCPHI19500600010040100 00000g 1300 99999[ 2400 99999] 2500 00000I 
HPD02358100HPCPHI19500600020022200 00004  2500 00004  
HPD02358100HPCPHI19500700010040100 00000g 1300 99999[ 2400 99999] 2500 00000I 
HPD02358100HPCPHI19500700060060100 00003  0800 00003  0900 00001  2300 00001  2400 00001  2500 00009  
HPD02358100HPCPHI19500700070040100 00001  1200 00001  1700 00018  2500 00020  
HPD02358100HPCPHI19500700080060600 00003  0800 00001  1100 00001  1300 00003  1400 00002  2500 00010  
HPD02358100HPCPHI19500700090031500 00006  1600 00003  2500 00009  
HPD02358100HPCPHI19500700170120200 00003  0300 00003  0400 00002  0500 00001  0600 00001  1200 00002  1300 00001  2100 00049  2200 00019  2300 00015  2400 00002  2500 00098  
HPD02358100HPCPHI19500700180070200 00001  1300 00003  1400 00047  1500 00002  1600 00007  1800 00001  2500 00061  
HPD02358100HPCPHI19500700190030100 00001  1600 00007  2500 00008  
HPD02358100HPCPHI19500800010030100 00000g 1800 00010  2500 00010  
HPD02358100HPCPHI19500800040031800 00001  2000 00008  2500 00009  
HPD02358100HPCPHI19500800100031600 00002  1700 00001  2500 00003  
HPD02358100HPCPHI19500800110120400 00001  0600 00002  0700 00001  0800 00027  0900 00009  1000 00010  1100 00002  1200 00001  2000 00021  2100 00005  2200 00001  2500 00080  
HPD02358100HPCPHI19500800120041400 00008  1700 00002  1800 00001  2500 00011  
HPD02358100HPCPHI19500800220031500 00008  1600 00001  2500 00009  
HPD02358100HPCPHI19500900010020100 00000g 2500 00000  
HPD02358100HPCPHI19500900050022100 00005  2500 00005  
HPD02358100HPCPHI19500900060060600 00001  0800 00004  1400 00050  1500 00095  1600 00002  2500 00152  
HPD02358100HPCPHI19500900070051300 00001  1400 00005  1600 00003  1700 00004  2500 00013  
HPD02358100HPCPHI19500900080041100 00001  1500 00001  1700 00005  2500 00007  
HPD02358100HPCPHI19501000010040100 00000g 1300 99999[ 2400 99999] 2500 00000I 
HPD02358100HPCPHI19501000140031600 00010  1700 00003  2500 00013  
HPD02358100HPCPHI19501100010020100 00000g 2500 00000  
HPD02358100HPCPHI19501100140070900 00001  1200 00004  1300 00001  1500 00002  1600 99999a 2300 00007A 2500 00015  
HPD02358100HPCPHI19501200010020100 00000g 2500 00000  
HPD02358100HPCPHI19501200310121000 00003  1100 00002  1200 00002  1400 00001  1700 00001  1800 00001  2000 00001  2100 00001  2200 00001  2300 00002  2400 00004  2500 00019  
HPD02358100HPCPHI19510100010060100 00001  0300 00001  0500 00001  0600 00001  0700 00002  2500 00006  
HPD02358100HPCPHI19510100100022400 00005  2500 00005  
HPD02358100HPCPHI19510100110020600 99999a 2500 00000I 
HPD02358100HPCPHI19510100120041100 00028A 1900 00001  2000 00001  2500 00030P 
HPD02358100HPCPHI19510100290141000 00001  1100 00004  1200 00007  1300 00002  1400 00003  1500 00004  1600 00004  1700 00003  1800 00002  2000 00006  2100 00012  2200 00004  2400 00001  2500 00053  
HPD02358100HPCPHI19510100300060500 00002  1200 00001  1300 00004  1400 00001  1500 00001  2500 00009  
HPD02358100HPCPHI19510200010040100 00000g 1300 99999[ 2400 99999] 2500 00000I 
HPD02358100HPCPHI19510200120031100 00004  1200 00001  2500 00005  
HPD02358100HPCPHI19510200180032300 00001  2400 00002  2500 00003  
HPD02358100HPCPHI19510200190050100 00001  0200 00002  0300 00001  0400 00001  2500 00005  
HPD02358100HPCPHI19510200220032200 00006  2300 00001  2500 00007  
HPD02358100HPCPHI19510200230100900 00001  1000 00003  1100 00003  1200 00005  1300 00002  1400 00005  1500 00002  1600 00002  1700 00002  2500 00025  
HPD02358100HPCPHI19510200260060300 00001  0400 00001  0500 00001  1100 00001  1200 00001  2500 00005  
HPD02358100HPCPHI19510200270140100 00003  0400 00001  0600 00004  0700 00005  0800 00004  0900 00009  1000 00008  1100 00003  1200 00013  1300 00001  1400 00001  1500 00001  1600 00001  2500 00054  
HPD02358100HPCPHI19510300010040100 00000g 2300 00003  2400 00002  2500 00005  
HPD02358100HPCPHI19510300020150100 00001  0200 00001  0300 00002  0600 00001  0700 00003  0800 00005  0900 00005  1000 00005  1100 00005  1200 00003  1300 00001  1400 00001  1600 00005  1700 00005  2500 00043  
HPD02358100HPCPHI19510300030050800 00002  0900 00001  1000 00001  1200 00001  2500 00005  
HPD02358100HPCPHI19510300290031000 00001  1100 00001  2500 00002  
HPD02358100HPCPHI19510300300041000 00001  1100 00001  1200 00001  2500 00003  
HPD02358100HPCPHI19510300310160100 00003  0200 00001  0300 00004  0400 00010  0500 00006  0600 00006  0700 00003  0900 00002  1000 00003  1100 00001  1200 00001  1400 00001  1500 00002  1600 00001  1700 00003  2500 00047  
HPD02358100HPCPHI19510400010040100 00000g 1300 99999[ 2400 99999] 2500 00000I 
HPD02358100HPCPHI19510400190090400 00003  0500 00003  0600 00002  1100 00002  1200 00013  1300 00001  1400 00001  1900 00005  2500 00030  
HPD02358100HPCPHI19510400200021300 00001  2500 00001  
HPD02358100HPCPHI19510400260060300 00001  0500 00001  0600 00004  0800 00003  0900 00001  2500 00010  
HPD02358100HPCPHI19510400290190100 00001  0300 00001  0400 00003  0500 00010  0600 00007  0700 00003  0800 00001  0900 00001  1000 00003  1100 00004  1200 00004  1300 00002  1400 00002  1500 00003  1600 00001  2000 00008  2100 00005  2200 00001  2500 00060  
HPD02358100HPCPHI19510400300041100 00001  1200 00005  1300 00002  2500 00008  
HPD02358100HPCPHI19510500010040100 00000g 2300 00002  2400 00001  2500 00003  
HPD02358100HPCPHI19510500020070100 00005  0200 00005  0300 00007  0400 00001  0500 00001  0600 00001  2500 00020  
HPD02358100HPCPHI19510500140071300 00002  1400 00003  1500 00001  1600 00002  1700 00002  1800 00010  2500 00020  
HPD02358100HPCPHI19510500150050900 00001  1000 00004  1100 00018  1200 00001  2500 00024  
HPD02358100HPCPHI19510500220051200 00005  1300 00003  1400 00001  1500 00001  2500 00010  
HPD02358100HPCPHI19510600010020100 00000g 2500 00000  
HPD02358100HPCPHI19510700010020100 00000g 2500 00000  
HPD02358100HPCPHI19510700190031500 00001  1700 00003  2500 00004  
HPD02358100HPCPHI19510700200021400 00010  2500 00010  
HPD02358100HPCPHI19510700210021200 00002  2500 00002  
HPD02358100HPCPHI19510700220021700 00003  2500 00003  
HPD02358100HPCPHI19510700250051800 00003  1900 00001  2100 00001  2200 00001  2500 00006  
HPD02358100HPCPHI19510700280030300 00003  0400 00004  2500 00007  
HPD02358100HPCPHI19510700300022400 00018  2500 00018  
HPD02358100HPCPHI19510700310042200 00001  2300 00001  2400 00012  2500 00014  
HPD02358100HPCPHI19510800010040100 00005  0200 00009  0300 00001  2500 00015  
HPD02358100HPCPHI19510800020041100 00003  1200 00002  1600 00001  2500 00006  
HPD02358100HPCPHI19510800030051200 00005  1700 00001  2300 00015  2400 00002  2500 00023  
HPD02358100HPCPHI19510800040021600 00007  2500 00007  
HPD02358100HPCPHI19510800180021900 00005  2500 00005  
HPD02358100HPCPHI19510800190050100 00001  1500 00012  1600 00011  1700 00001  2500 00025  
HPD02358100HPCPHI19510800200032200 00006  2300 00009  2500 00015  
HPD02358100HPCPHI19510800220041300 00001  1400 00002  1500 00004  2500 00007  
HPD02358100HPCPHI19510800280131100 00004  1200 00004  1300 00005  1400 00010  1500 00012  1600 00009  1700 00001  2000 00001  2100 00001  2200 00001  2300 00007  2400 00018  2500 00073  
HPD02358100HPCPHI19510800290190100 00009  0200 00013  0300 00019  0400 00010  0500 00031  0600 00016  0700 00002  0800 00007  0900 00020  1000 00016  1100 00018  1200 00021  1300 00005  1400 00002  1500 00003  1700 00002  1900 99999[ 2000 99999] 2500 00194I 
HPD02358100HPCPHI19510900010020100 00000g 2500 00000  
HPD02358100HPCPHI19510900060031900 00009  2000 00007  2500 00016  
HPD02358100HPCPHI19510900280100600 00006  0700 00012  0800 00018  0900 00001  1100 00001  1200 00002  1500 00003  1800 00012  1900 00003  2500 00058  
HPD02358100HPCPHI19510900290041600 00038  1700 00009  2400 00008  2500 00055  
HPD02358100HPCPHI19511000010080100 00000g 0900 00015  1000 00005  1100 00004  1200 00002  1300 00001  1400 00003  2500 00030  
HPD02358100HPCPHI19511000040022400 00005  2500 00005  
HPD02358100HPCPHI19511000050050100 00005  0200 00001  0300 00004  1800 00002  2500 00012  
HPD02358100HPCPHI19511000260080100 00003  0200 00001  1100 00001  1200 00003  1300 00012  1500 00002  1600 00003  2500 00025  
HPD02358100HPCPHI19511000300071900 00015  2000 00030  2100 00034  2200 00010  2300 00011  2400 00015  2500 00115  
HPD02358100HPCPHI19511000310050100 00025  0200 00028  0300 00002  0400 00002  2500 00057  
HPD02358100HPCPHI19511100010020100 00000g 2500 00000  
HPD02358100HPCPHI19511100220031500 00005  1600 00002  2500 00007  
HPD02358100HPCPHI19511100230090300 00005  0700 00001  0900 00003  1000 00003  1100 00005  1200 00003  1500 00003  1800 00002  2500 00025  
HPD02358100HPCPHI19511100240060100 00002  0200 00007  0300 00010  0400 00011  0500 99999[ 2500 00030I 
HPD02358100HPCPHI19511100250020900 99999] 2500 00000I 
HPD02358100HPCPHI19511200010020100 00000g 2500 00000  
HPD02358100HPCPHI19511200030051900 00005  2000 00005  2100 00004  2200 00001  2500 00015  
HPD02358100HPCPHI19511200050100100 00001  0200 00001  0300 00002  0500 00004  0600 00001  0700 00008  0800 00032  0900 00003  1100 00005  2500 00057  
HPD02358100HPCPHI19511200120031600 00002  1800 00001  2500 00003  
HPD02358100HPCPHI19511200130090100 00002  0200 00005  0400 00002  0500 00005  0600 00008  1000 00003  1200 00002  1800 00002  2500 00029  
HPD02358100HPCPHI19511200140050200 00003  1100 00002  1300 00002  1400 99999[ 2500 00007I 
HPD02358100HPCPHI19511200160021000 99999] 2500 00000I 
HPD02358100HPCPHI19511200180100600 00003  0700 00004  0800 00003  1400 00002  1500 00002  1600 00003  1700 00010  1800 00003  2100 00002  2500 00032  
HPD02358100HPCPHI19511200190020700 00003  2500 00003  
HPD02358100HPCPHI19511200290100700 00005  1700 00005  1800 00007  1900 00008  2000 00010  2100 00002  2200 00008  2300 00005  2400 00008  2500 00058  
HPD02358100HPCPHI19511200300210100 00007  0200 00010  0300 00010  0400 00003  0500 00004  0600 00003  0700 00003  0800 00007  0900 00010  1000 00005  1100 00008  1200 00005  1300 00009  1400 00009  1500 00016  1600 00006  1700 00009  1800 00006  2100 00002  2200 00003  2500 00135  
HPD02358100HPCPHI19511200310030300 99999a 0700 00020A 2500 00020  
HPD02358100HPCPHI19520100010050100 00000g 1000 00002  1100 00003  1200 00003  2500 00008  
HPD02358100HPCPHI19520100060062000 00001  2100 00006  2200 00010  2300 00008  2400 00006  2500 00031  
HPD02358100HPCPHI19520100070120100 00009  0200 00009  0300 00009  0400 00011  0500 00006  0600 00007  0700 00009  0800 00009  1000 00001  1100 00003  1200 00001  2500 00074  
HPD02358100HPCPHI19520100080021700 00003  2500 00003  
HPD02358100HPCPHI19520100130041500 00004  1700 00015  1800 00003  2500 00022  
HPD02358100HPCPHI19520100140050300 00001  0900 00001  1200 00001  1300 00001  2500 00004  
HPD02358100HPCPHI19520100160031900 00003  2000 00001  2500 00004  
HPD02358100HPCPHI19520100170080200 00001  0400 00001  0500 00001  0600 00001  0900 00002  2300 00003  2400 00002  2500 00011  
HPD02358100HPCPHI19520100180150100 00002  0200 00002  0300 00003  0400 00008  0500 00006  0600 00010  0800 00005  0900 00005  1000 00001  1100 00012  1200 00006  1300 00002  1400 00003  1900 00003  2500 00068  
HPD02358100HPCPHI19520100190030300 00001  0400 00001  2500 00002  
HPD02358100HPCPHI19520100250070800 00001  0900 00009  1200 00004  1300 00002  1400 00004  1500 00003  2500 00023  
HPD02358100HPCPHI19520200010020100 00000g 2500 00000  
HPD02358100HPCPHI19520200020030900 00003  1300 00001  2500 00004  
HPD02358100HPCPHI19520200090022300 99999a 2500 00000I 
HPD02358100HPCPHI19520200100051000 00029A 1100 00005  1200 00001  1300 00001  2500 00036P 
HPD02358100HPCPHI19520200110020100 00002  2500 00002  
HPD02358100HPCPHI19520200120080400 00002  0500 00001  0600 00008  0700 00004  0800 00001  0900 00001  1000 00001  2500 00018  
HPD02358100HPCPHI19520200230040100 00003  0400 00001  0700 00001  2500 00005  
HPD02358100HPCPHI19520200290022400 00002  2500 00002  
HPD02358100HPCPHI19520300010190100 00004  0200 00004  0300 00010  0400 00012  0500 00010  0600 00003  0700 00001  1000 00001  1100 00001  1200 00001  1400 00001  1700 00001  1900 00007  2000 00005  2100 00007  2200 00010  2300 00005  2400 00008  2500 00091  
HPD02358100HPCPHI19520300020120100 00002  0300 00001  0400 00001  0500 00001  0600 00001  0700 00001  1100 00001  1200 00004  1500 00002  1600 00001  1700 00002  2500 00017  
HPD02358100HPCPHI19520300040060900 00002  1000 00001  1100 00001  1200 00001  1900 00001  2500 00006  
HPD02358100HPCPHI19520300090030900 00003  1200 00001  2500 00004  
HPD02358100HPCPHI19520300100130400 00001  0600 00001  0700 00001  0900 00001  1000 00001  1200 00003  1300 00001  1400 00002  1500 00001  1600 00001  2000 00002  2300 00001  2500 00016  
HPD02358100HPCPHI19520300110200200 00001  0300 00003  0400 00008  0500 00016  0600 00011  0700 00011  0800 00009  0900 00008  1000 00005  1100 00004  1200 00003  1300 00005  1500 00001  1600 00003  1700 00004  1800 00002  1900 00001  2000 00004  2100 00004  2500 00103  
HPD02358100HPCPHI19520300120020300 00001  2500 00001  
HPD02358100HPCPHI19520300130120300 00001  0400 00001  0800 00001  0900 00001  1000 00001  1100 00005  1200 00012  1300 00008  1400 00006  1500 00002  1600 00002  2500 00040  
HPD02358100HPCPHI19520300160071100 00004  1200 00012  1300 00009  1400 00001  2000 00007  2300 00001  2500 00034  
HPD02358100HPCPHI19520300170051000 00001  1300 00001  1800 00001  1900 00001  2500 00004  
HPD02358100HPCPHI19520300200030900 00004  1000 00002  2500 00006  
HPD02358100HPCPHI19520400010020100 00000g 2500 00000  
HPD02358100HPCPHI19520400080080900 00005  1000 00001  1100 00002  1200 00001  1400 00001  1500 00003  1600 00002  2500 00015  
HPD02358100HPCPHI19520400100032100 00002  2200 00001  2500 00003  
HPD02358100HPCPHI19520400110051200 00002  1400 00003  1500 00001  1800 00001  2500 00007  
HPD02358100HPCPHI19520400200080100 99999a 1200 00083A 1300 00001  1400 00001  1500 00004  2300 00004  2400 00001  2500 00094  
HPD02358100HPCPHI19520400210050200 00002  0300 00005  0400 00003  0700 00001  2500 00011  
HPD02358100HPCPHI19520400240041600 00001  1700 00001  1800 00001  2500 00003  
HPD02358100HPCPHI19520400250021200 00009  2500 00009  
HPD02358100HPCPHI19520400260022300 00001  2500 00001  
HPD02358100HPCPHI19520400270150100 00001  0200 00005  0300 00006  0400 00001  0500 00001  1000 00001  1100 00004  1200 00005  1300 00010  1400 00021  1500 00016  1600 00004  1700 00004  1800 00002  2500 00081  
HPD02358100HPCPHI19520400290121100 00002  1200 00001  1300 00001  1400 00001  1500 00004  1600 00006  1700 00001  1800 00001  1900 00005  2000 00003  2100 00001  2500 00026  
HPD02358100HPCPHI19520400300040100 00001  0200 00001  0400 00001  2500 00003  
HPD02358100HPCPHI19520500010020100 00000g 2500 00000  
HPD02358100HPCPHI19520600010040100 00000g 1000 00003  1100 00004  2500 00007  
HPD02358100HPCPHI19520600030160100 00004  0200 00004  0300 00004  0400 00004  0500 00002  0600 00001  0800 00001  1000 00001  1200 00001  1300 00001  1400 00002  1500 00002  1600 00002  2100 00006  2200 00002  2500 00037  
HPD02358100HPCPHI19520700010020100 00000g 2500 00000  
HPD02358100HPCPHI19520700050090500 00001  0600 00001  0700 00005  0800 00014  0900 00005  1000 00009  1100 00007  1200 00005  2500 00047  
HPD02358100HPCPHI19520700060031700 00010  1800 00001  2500 00011  
HPD02358100HPCPHI19520700080041700 00020  1800 00005  1900 00001  2500 00026  
HPD02358100HPCPHI19520700270050200 00002  0300 00008  0400 00009  0500 00001  2500 00020  
HPD02358100HPCPHI19520700290070100 00021  0200 00009  0300 00006  1600 00001  1700 00033  1800 00003  2500 00073  
HPD02358100HPCPHI19520700300041300 00020  1400 00047  1700 00003  2500 00070  
HPD02358100HPCPHI19520800010020100 00000g 2500 00000  
HPD02358100HPCPHI19520800030031200 00001  1300 00004  2500 00005  
HPD02358100HPCPHI19520800040021600 00003  2500 00003  
HPD02358100HPCPHI19520800050021600 00001  2500 00001  
HPD02358100HPCPHI19520800080022000 00003  2500 00003  
HPD02358100HPCPHI19520800130031700 00014  1800 00001  2500 00015  
HPD02358100HPCPHI19520800160051700 00001  1800 00004  1900 00009  2000 00001  2500 00015  
HPD02358100HPCPHI19520800190021500 00003  2500 00003  
HPD02358100HPCPHI19520800200031400 00003  1500 00001  2500 00004  
HPD02358100HPCPHI19520800210031500 00011  1600 00002  2500 00013  
HPD02358100HPCPHI19520800220021800 00001  2500 00001  
HPD02358100HPCPHI19520800240031600 00013  1700 00001  2500 00014  
HPD02358100HPCPHI19520800250031400 00022  1600 00001  2500 00023  
HPD02358100HPCPHI19520800260030700 99999a 1800 00033A 2500 00033  
HPD02358100HPCPHI19520800280031900 99999a 2100 00015A 2500 00015  
HPD02358100HPCPHI19520800290031300 00001  1400 00014  2500 00015  
HPD02358100HPCPHI19520900010020100 00000g 2500 00000  
HPD02358100HPCPHI19520900150041400 00001  1500 00008  1600 00001  2500 00010  
HPD02358100HPCPHI19520900160050500 00001  0600 00001  0700 00008  0800 00003  2500 00013  
HPD02358100HPCPHI19520900190032300 00001  2400 00002  2500 00003  
HPD02358100HPCPHI19520900200170100 00003  0200 00001  0300 00001  0800 00006  0900 00005  1000 00026  1100 00015  1200 00029  1300 00030  1400 00008  1500 00001  2000 00002  2100 00002  2200 00006  2300 00007  2400 00002  2500 00144  
HPD02358100HPCPHI19520900210090100 00001  0200 00009  0300 00008  0400 00012  0500 00030  0600 00002  1700 00001  1800 00002  2500 00065  
HPD02358100HPCPHI19520900230021600 00002  2500 00002  
HPD02358100HPCPHI19521000010020100 00000g 2500 00000  
HPD02358100HPCPHI19521100010020100 00000g 2500 00000  
HPD02358100HPCPHI19521100080051000 00005  1100 00009  1200 00009  1300 00002  2500 00025  
HPD02358100HPCPHI19521100140042100 00008  2200 00002  2300 00003  2500 00013  
HPD02358100HPCPHI19521100150111300 00002  1400 00003  1500 00005  1800 00002  1900 00006  2000 00003  2100 00001  2200 00002  2300 00001  2400 00006  2500 00031  
HPD02358100HPCPHI19521100160080100 00009  0200 00005  0300 00006  0400 00003  0500 00001  1400 00002  1700 00002  2500 00028  
HPD02358100HPCPHI19521100170030200 00001  0500 00003  2500 00004  
HPD02358100HPCPHI19521100230060800 00006  0900 00002  1000 00011  1100 00002  1300 00001  2500 00022  
HPD02358100HPCPHI19521100300110500 00002  0600 00005  0700 00002  1000 00001  1100 00003  1200 00003  1300 00001  1400 00001  1500 00002  1600 00001  2500 00021  
HPD02358100HPCPHI19521200010020100 00000g 2500 00000  
HPD02358100HPCPHI19521200170020800 99999a 2500 00000I 
HPD02358100HPCPHI19521200180021400 00043A 2500 00043P 
HPD02358100HPCPHI19521200200042200 00014  2300 00018  2400 00002  2500 00034  
HPD02358100HPCPHI19521200210080100 00001  0300 00001  0400 00008  0500 00002  0600 00003  0700 00001  1100 00001  2500 00017  
HPD02358100HPCPHI19521200250040300 00001  0400 00001  0500 00002  2500 00004  
HPD02358100HPCPHI19521200310080600 00002  0700 00004  0900 00001  1100 00003  1300 00002  1400 00001  1500 00001  2500 00014  
HPD02358100HPCPHI19530100010020100 00000g 2500 00000  
HPD02358100HPCPHI19530100060071200 00001  1500 00002  1600 00002  1700 00004  1800 00002  1900 00005  2500 00016  
HPD02358100HPCPHI19530100070150600 00001  0700 00003  0800 00001  1200 00004  1300 00001  1400 00004  1500 00004  1600 00004  1700 00003  1800 00003  1900 00002  2000 00005  2100 00001  2400 00001  2500 00037  
HPD02358100HPCPHI19530100080040100 00001  0300 00001  0400 00001  2500 00003  
HPD02358100HPCPHI19530100130022200 99999a 2500 00000I 
HPD02358100HPCPHI19530100140040300 00015A 1200 00002  1300 00001  2500 00018P 
HPD02358100HPCPHI19530200010020100 00000g 2500 00000  
HPD02358100HPCPHI19530200090032100 00001  2200 00001  2500 00002  
HPD02358100HPCPHI19530200100031400 00004  1600 00001  2500 00005  
HPD02358100HPCPHI19530200240041100 00004  1200 00001  1300 00001  2500 00006  
HPD02358100HPCPHI19530200280081400 00004  1500 00001  1600 00006  1700 00004  1800 00005  1900 00009  2000 00001  2500 00030  
HPD02358100HPCPHI19530300010090100 00000g 0800 00005  0900 00005  1100 00003  1200 00006  1400 00001  1800 00002  1900 00003  2500 00025  
HPD02358100HPCPHI19530300020050400 00001  0800 00001  1000 00002  1100 00001  2500 00005  
HPD02358100HPCPHI19530300090031100 00002  1200 00006  2500 00008  
HPD02358100HPCPHI19530300200031200 00005  1300 00010  2500 00015  
HPD02358100HPCPHI19530400010020100 00000g 2500 00000  
HPD02358100HPCPHI19530400070030100 99999a 0600 00025A 2500 00025  
HPD02358100HPCPHI19530400220031400 00002  1700 00001  2500 00003  
HPD02358100HPCPHI19530400270021900 99999a 2500 00000I 
HPD02358100HPCPHI19530400280020700 00060A 2500 00060P 
HPD02358100HPCPHI19530400300031100 99999a 1800 00010A 2500 00010  
HPD02358100HPCPHI19530500010020100 00000g 2500 00000  
HPD02358100HPCPHI19530600010020100 00000g 2500 00000  
HPD02358100HPCPHI19530600060032300 00010  2400 00020  2500 00030  
HPD02358100HPCPHI19530600120021400 00014  2500 00014  
HPD02358100HPCPHI19530700010020100 00000g 2500 00000  
HPD02358100HPCPHI19530700080031500 00004  1600 00001  2500 00005  
HPD02358100HPCPHI19530700090031100 00002  1200 00003  2500 00005  
HPD02358100HPCPHI19530700110032300 00021  2400 00002  2500 00023  
HPD02358100HPCPHI19530700140031200 00003  1300 00002  2500 00005  
HPD02358100HPCPHI19530700150052000 00003  2100 00011  2200 00001  2300 00001  2500 00016  
HPD02358100HPCPHI19530700160060200 00001  0300 00001  0400 00001  0500 00001  1600 00015  2500 00019  
HPD02358100HPCPHI19530700170041000 00013  1100 00012  2100 00006  2500 00031  
HPD02358100HPCPHI19530700250051500 00005  1900 00008  2000 00003  2100 00001  2500 00017  
HPD02358100HPCPHI19530700280022400 00005  2500 00005  
HPD02358100HPCPHI19530700290041200 00010  1300 00015  1400 00002  2500 00027  
HPD02358100HPCPHI19530700300050300 00010  0800 00004  0900 00002  1000 00002  2500 00018  
HPD02358100HPCPHI19530700310071400 00029  1500 00001  1700 00001  1800 00007  1900 00002  2000 00001  2500 00041  
HPD02358100HPCPHI19530800010030100 00000g 1200 00005  2500 00005  
HPD02358100HPCPHI19530800080041200 00036  1300 00002  1400 00016  2500 00054  
HPD02358100HPCPHI19530800090021900 00003  2500 00003  
HPD02358100HPCPHI19530800100022000 00004  2500 00004  
HPD02358100HPCPHI19530800130031800 00003  1900 00001  2500 00004  
HPD02358100HPCPHI19530800210041500 00002  1600 00002  1700 00004  2500 00008  
HPD02358100HPCPHI19530800260091100 00065  1200 00014  1300 00015  1400 00005  1500 00001  2200 00007  2300 00011  2400 00008  2500 00126  
HPD02358100HPCPHI19530800270110100 00004  0400 00005  0500 00005  1100 00002  1200 00032  1300 00002  1400 00002  1500 00020  1700 00021  1800 00014  2500 00107  
HPD02358100HPCPHI19530800280050200 00001  0300 00003  0400 00001  0500 00015  2500 00020  
HPD02358100HPCPHI19530900010020100 00000g 2500 00000  
HPD02358100HPCPHI19531000010020100 00000g 2500 00000  
HPD02358100HPCPHI19531000110031000 00006  1100 00002  2500 00008  
HPD02358100HPCPHI19531000190030700 00005  0800 00001  2500 00006  
HPD02358100HPCPHI19531000200030500 99999a 1000 00019A 2500 00019  
HPD02358100HPCPHI19531000210041800 00001  1900 00002  2300 00002  2500 00005  
HPD02358100HPCPHI19531000220031900 00003  2000 00001  2500 00004  
HPD02358100HPCPHI19531100010020100 00000g 2500 00000  
HPD02358100HPCPHI19531100170062000 00001  2100 00011  2200 00005  2300 00002  2400 00008  2500 00027  
HPD02358100HPCPHI19531100180080100 00006  0200 00004  0300 00003  0400 00001  0500 00001  0600 00001  0700 00001  2500 00017  
HPD02358100HPCPHI19531100200041600 00001  1700 00001  1800 00003  2500 00005  
HPD02358100HPCPHI19531200010020100 00000g 2500 00000  
HPD02358100HPCPHI19531200040140700 00003  0800 00002  0900 00002  1000 00006  1100 00006  1200 00001  1300 00001  1400 00003  1500 00008  1600 00003  1700 00002  1900 00002  2000 00001  2500 00040  
HPD02358100HPCPHI19540100010020100 00000g 2500 00000  
HPD02358100HPCPHI19540100120021100 99999[ 2500 00000I 
HPD02358100HPCPHI19540100130020700 99999] 2500 00000I 
HPD02358100HPCPHI19540100190021800 99999[ 2500 00000I 
HPD02358100HPCPHI19540100200021300 99999] 2500 00000I 
HPD02358100HPCPHI19540100250020800 99999[ 2500 00000I 
HPD02358100HPCPHI19540100260020600 99999] 2500 00000I 
HPD02358100HPCPHI19540200010020100 00000g 2500 00000  
HPD02358100HPCPHI19540200140080100 99999a 1500 00075A 1700 00002  1900 00001  2000 00001  2100 00001  2400 00001  2500 00081  
HPD02358100HPCPHI19540200150050100 00006  0200 00002  0300 00001  0400 00001  2500 00010  
HPD02358100HPCPHI19540200180040800 00002  0900 00002  1000 00002  2500 00006  
HPD02358100HPCPHI19540300010020100 00000g 2500 00000  
HPD02358100HPCPHI19540300110050900 00005  1000 00003  1100 00001  1200 00001  2500 00010  
HPD02358100HPCPHI19540300170090800 00011  0900 00010  1000 00006  1100 00002  1700 00003  2000 00003  2200 00001  2400 00001  2500 00037  
HPD02358100HPCPHI19540300200050300 00001  0400 00002  0500 00001  0600 00001  2500 00005  
HPD02358100HPCPHI19540300210021300 99999a 2500 00000I 
HPD02358100HPCPHI19540300220210500 00058A 0600 00005  0700 00001  0800 00004  0900 00003  1000 00004  1100 00004  1200 00004  1300 00005  1400 00004  1500 00002  1600 00002  1700 00002  1800 00007  1900 00008  2000 00011  2100 00007  2200 00007  2300 00006  2400 00007  2500 00151P 
HPD02358100HPCPHI19540300230210100 00002  0200 00005  0300 00005  0400 00003  0500 00002  0600 00012  0700 00006  0800 00017  0900 00020  1000 00016  1100 00007  1200 00012  1300 00005  1400 00010  1500 00007  1600 00003  1700 00001  1900 00001  2000 00001  2300 00004  2500 00139  
HPD02358100HPCPHI19540300240050300 00001  0400 00002  0500 00002  2400 00001  2500 00006  
HPD02358100HPCPHI19540300250110100 00002  0200 00002  0300 00003  0400 00001  0900 00001  1000 00004  1100 00001  1300 00003  1400 00003  1500 00002  2500 00022  
HPD02358100HPCPHI19540300300071100 00001  1200 00002  1300 00002  1400 00006  1500 00003  1700 00002  2500 00016  
HPD02358100HPCPHI19540400010020100 00000g 2500 00000  
HPD02358100HPCPHI19540400300031900 99999a 2400 99999A 2500 00000I 
HPD02358100HPCPHI19540500010030100 99999, 0600 00049A 2500 00049P 
HPD02358100HPCPHI19540500100031000 00001  1100 00003  2500 00004  
HPD02358100HPCPHI19540500200031500 00001  1600 00001  2500 00002  
HPD02358100HPCPHI19540600010020100 00000g 2500 00000  
HPD02358100HPCPHI19540600240021500 00019  2500 00019  
HPD02358100HPCPHI19540600250042100 00036  2200 00022  2300 00003  2500 00061  
HPD02358100HPCPHI19540600260080500 00001  0700 00001  0800 00001  1200 00002  1400 00020  1500 00017  1600 00003  2500 00045  
HPD02358100HPCPHI19540700010020100 00000g 2500 00000  
HPD02358100HPCPHI19540700030022000 00004  2500 00004  
HPD02358100HPCPHI19540700040020500 00003  2500 00003  
HPD02358100HPCPHI19540700090021300 00004  2500 00004  
HPD02358100HPCPHI19540700120032000 00003  2100 00002  2500 00005  
HPD02358100HPCPHI19540700160031800 00007  1900 00002  2500 00009  
HPD02358100HPCPHI19540700210031400 00005  1500 00013  2500 00018  
HPD02358100HPCPHI19540700240071100 00013  1300 00062  1400 00003  1700 00005  1800 00003  1900 00002  2500 00088  
HPD02358100HPCPHI19540800010020100 00000g 2500 00000  
HPD02358100HPCPHI19540800030041800 00001  1900 00001  2200 00001  2500 00003  
HPD02358100HPCPHI19540800040090100 00001  0300 00001  1300 00002  1400 00027  1500 00005  1600 00013  1700 00004  1800 00008  2500 00061  
HPD02358100HPCPHI19540800120031700 00004  1800 00002  2500 00006  
HPD02358100HPCPHI19540900010030100 00000g 1500 99999a 2500 00000I 
HPD02358100HPCPHI19540900020020800 00095A 2500 00095P 
HPD02358100HPCPHI19540900030070800 00013  1800 00010  1900 00005  2000 00002  2200 00001  2300 00004  2500 00035  
HPD02358100HPCPHI19540900110091500 00004  1600 00021  1900 00005  2000 00002  2100 00003  2200 00005  2300 00004  2400 00001  2500 00045  
HPD02358100HPCPHI19540900120100100 00010  0200 00004  0300 00001  0600 00001  0700 00001  0800 00020  0900 00017  1000 00001  1100 00001  2500 00056  
HPD02358100HPCPHI19540900230031300 99999a 1800 00050A 2500 00050  
HPD02358100HPCPHI19541000010020100 00000g 2500 00000  
HPD02358100HPCPHI19541000030061000 00001  1100 00001  1200 00001  1400 00001  1500 00010  2500 00014  
HPD02358100HPCPHI19541000070041300 00004  1400 00017  1700 00001  2500 00022  
HPD02358100HPCPHI19541000080021300 00002  2500 00002  
HPD02358100HPCPHI19541100010020100 00000g 2500 00000  
HPD02358100HPCPHI19541100020021600 00002  2500 00002  
HPD02358100HPCPHI19541100110031600 00002  1700 00001  2500 00003  
HPD02358100HPCPHI19541100120070300 00001  0400 00001  0500 00003  1400 00004  1500 00001  1600 00001  2500 00011  
HPD02358100HPCPHI19541100290061700 00001  1900 00001  2000 00002  2100 00005  2200 00001  2500 00010  
HPD02358100HPCPHI19541200010020100 00000g 2500 00000  
HPD02358100HPCPHI19541200030051000 00001  1100 00004  1200 00001  2400 00001  2500 00007  
HPD02358100HPCPHI19541200040070100 00001  0200 00001  0500 00002  0600 00010  0700 00001  0800 00001  2500 00016  
HPD02358100HPCPHI19541200090052100 00002  2200 00001  2300 00003  2400 00001  2500 00007  
HPD02358100HPCPHI19541200100180300 00001  0400 00001  0500 00001  0800 00002  0900 00003  1000 00005  1100 00007  1200 00009  1300 00003  1400 00012  1600 00003  1700 00002  1800 00001  2000 00001  2100 00002  2200 00001  2300 00003  2500 00057  
HPD02358100HPCPHI19550100010050100 00000g 2000 00001  2200 00001  2300 00002  2500 00004  
HPD02358100HPCPHI19550100030091700 00003  1800 00004  1900 00002  2000 00001  2100 00002  2200 00002  2300 00001  2400 00002  2500 00017  
HPD02358100HPCPHI19550100040110100 00003  0200 00005  0300 00002  0400 00003  0700 00005  0800 00005  0900 00006  1000 00001  1200 00001  1400 00002  2500 00033  
HPD02358100HPCPHI19550100070041000 00001  1100 00002  1200 00001  2500 00004  
HPD02358100HPCPHI19550100080061700 00001  1800 00003  1900 00001  2000 00001  2100 00001  2500 00007  
HPD02358100HPCPHI19550100100061700 00001  1800 00006  1900 00002  2000 00001  2100 00001  2500 00011  
HPD02358100HPCPHI19550100110040200 00001  0400 00001  0500 00002  2500 00004  
HPD02358100HPCPHI19550100160200300 00003  0400 00004  0500 00008  0600 00005  0700 00004  0800 00009  0900 00005  1000 00001  1100 00001  1200 00007  1300 00008  1400 00005  1500 00009  1600 00006  1700 00004  1800 00005  1900 00001  2200 00001  2400 00001  2500 00087  
HPD02358100HPCPHI19550100170050200 00001  0300 00002  0600 00003  0700 00002  2500 00008  
HPD02358100HPCPHI19550100190090600 00001  0700 00003  0800 00004  0900 00002  1000 00004  1500 00001  2200 00001  2400 00001  2500 00017  
HPD02358100HPCPHI19550100200030300 00001  0400 00002  2500 00003  
HPD02358100HPCPHI19550100310040900 00001  1000 00001  1100 00001  2500 00003  
HPD02358100HPCPHI19550200010020100 00000g 2500 00000  
HPD02358100HPCPHI19550200020140400 00002  0500 00002  0600 00011  0700 00002  0800 00002  0900 00003  1000 00002  1100 00001  1200 00001  1300 00001  1800 00005  1900 00001  2000 00002  2500 00035  
HPD02358100HPCPHI19550200030060100 00001  0400 00001  1700 00001  1800 00002  1900 00001  2500 00006  
HPD02358100HPCPHI19550200170071300 00002  1400 00002  2000 00008  2100 00008  2300 00012  2400 00006  2500 00038  
HPD02358100HPCPHI19550200180080100 00002  0200 00001  0300 00016  0400 00005  0500 00001  0600 00009  0700 00020  2500 00054  
HPD02358100HPCPHI19550200250020600 99999a 2500 00000I 
HPD02358100HPCPHI19550200260021400 00041A 2500 00041P 
HPD02358100HPCPHI19550200280050400 00001  0500 00004  0600 00001  0700 00003  2500 00009  
HPD02358100HPCPHI19550300010020100 00000g 2500 00000  
HPD02358100HPCPHI19550300110031500 99999a 1900 00010A 2500 00010  
HPD02358100HPCPHI19550300200090700 00004  0800 00002  0900 00003  1000 00002  1100 00005  1200 00010  1300 00004  1400 00001  2500 00031  
HPD02358100HPCPHI19550400010020100 00000g 2500 00000  
HPD02358100HPCPHI19550400220081100 00001  1200 00007  1300 00003  1400 00001  1500 00007  1600 00002  1900 00001  2500 00022  
HPD02358100HPCPHI19550500010020100 00000g 2500 00000  
HPD02358100HPCPHI19550500020060200 00001  0400 00001  0500 00001  0900 00001  1100 00002  2500 00006  
HPD02358100HPCPHI19550600010020100 00000g 2500 00000  
HPD02358100HPCPHI19550600120042000 00001  2100 00015  2200 00010  2500 00026  
HPD02358100HPCPHI19550600130170400 00004  0500 00001  0700 00010  0800 00006  0900 00018  1000 00015  1100 00026  1200 00015  1300 00006  1400 00029  1500 00027  1600 00028  1900 00010  2000 00004  2100 00011  2200 00002  2500 00212  
HPD02358100HPCPHI19550600140060100 00001  0300 00001  0500 00001  1000 00002  1100 00001  2500 00006  
HPD02358100HPCPHI19550700010020100 00000g 2500 00000  
HPD02358100HPCPHI19550700170030500 00002  0900 00001  2500 00003  
HPD02358100HPCPHI19550700180021900 00013  2500 00013  
HPD02358100HPCPHI19550700200031300 00017  1400 00008  2500 00025  
HPD02358100HPCPHI19550700210021700 00003  2500 00003  
HPD02358100HPCPHI19550700240090900 00002  1000 00008  1200 00001  1500 00001  1600 00003  1900 00001  2200 00008  2300 00001  2500 00025  
HPD02358100HPCPHI19550700250120100 00001  0300 00001  0500 00001  0600 00014  0700 00001  0800 00002  1300 00005  1400 00009  1500 00006  1800 00001  1900 00001  2500 00042  
HPD02358100HPCPHI19550700260020800 00003  2500 00003  
HPD02358100HPCPHI19550700300041400 00005  1500 00011  1800 00001  2500 00017  
HPD02358100HPCPHI19550700310022400 00010  2500 00010  
HPD02358100HPCPHI19550800010040100 00015  0200 00010  0300 00003  2500 00028  
HPD02358100HPCPHI19550800040041400 00022  1500 00015  1600 00002  2500 00039  
HPD02358100HPCPHI19550800050021600 00071  2500 00071  
HPD02358100HPCPHI19550800080051900 00006  2000 00001  2100 00001  2200 00001  2500 00009  
HPD02358100HPCPHI19550800100042000 00007  2100 00001  2200 00001  2500 00009  
HPD02358100HPCPHI19550800160042100 00001  2200 00003  2300 00001  2500 00005  
HPD02358100HPCPHI19550800240031500 00058  1600 00003  2500 00061  
HPD02358100HPCPHI19550900010020100 00000g 2500 00000  
HPD02358100HPCPHI19550900080051500 00001  1600 00003  1700 00002  1800 00001  2500 00007  
HPD02358100HPCPHI19551000010020100 00000g 2500 00000  
HPD02358100HPCPHI19551100010020100 00000g 2500 00000  
HPD02358100HPCPHI19551100130110400 00008  0500 00008  0600 00006  0700 00004  0900 00010  1000 00003  1100 00001  1600 00001  2300 00001  2400 00001  2500 00043  
HPD02358100HPCPHI19551100140020800 99999a 2500 00000I 
HPD02358100HPCPHI19551100150020500 00073A 2500 00073P 
HPD02358100HPCPHI19551100160032100 00002  2200 00001  2500 00003  
HPD02358100HPCPHI19551100170090400 00003  0500 00002  0600 00005  0700 00002  0800 00002  0900 00005  1000 00003  1100 00001  2500 00023  
HPD02358100HPCPHI19551100210022200 00002  2500 00002  
HPD02358100HPCPHI19551100220050100 00004  0200 00002  0300 00005  0400 00001  2500 00012  
HPD02358100HPCPHI19551200010090100 00000g 1600 00002  1700 00009  1800 00001  1900 00005  2000 00004  2100 00003  2200 00002  2500 00026  
HPD02358100HPCPHI19551200020100100 00001  0300 00001  0400 00003  0600 00001  0700 00001  0900 00002  1300 00002  1400 00002  2400 00002  2500 00015  
HPD02358100HPCPHI19551200030032300 00002  2400 00009  2500 00011  
HPD02358100HPCPHI19551200040030100 00004  0200 00004  2500 00008  
HPD02358100HPCPHI19551200060042100 00001  2200 00002  2300 00002  2500 00005  
HPD02358100HPCPHI19551200270021800 00002  2500 00002  
HPD02358100HPCPHI19560100010020100 00000g 2500 00000  
HPD02358100HPCPHI19560100160100700 00001  0800 00003  0900 00010  1000 00004  1100 00005  1200 00003  1300 00001  1600 00002  1700 00001  2500 00030  
HPD02358100HPCPHI19560100200040100 99999a 0400 00004A 2400 00002  2500 00006  
HPD02358100HPCPHI19560100210080100 00001  0200 00001  0300 00010  0400 00002  0500 00005  0600 00003  0700 00003  2500 00025  
HPD02358100HPCPHI19560100230051200 00003  1300 00002  1400 00005  1900 00002  2500 00012  
HPD02358100HPCPHI19560100240040400 00003  0500 00003  0700 00002  2500 00008  
HPD02358100HPCPHI19560100250070300 00001  0400 00001  0500 00002  0600 00001  1900 00001  2000 00002  2500 00008  
HPD02358100HPCPHI19560100260100300 00001  0400 00001  0600 00001  1300 00002  1400 00002  1500 00003  1600 00001  1700 00001  1900 00001  2500 00013  
HPD02358100HPCPHI19560100270150300 00001  0400 00001  0500 00001  0600 00004  0700 00002  1000 00004  1100 00001  1600 00003  1700 00006  1800 00001  1900 00002  2200 00004  2300 00001  2400 00001  2500 00032  
HPD02358100HPCPHI19560100280130100 00001  0200 00001  0300 00004  0400 00001  0500 00002  0600 00003  1100 00003  1200 00001  1400 00004  1500 00001  1700 00001  2200 00005  2500 00027  
HPD02358100HPCPHI19560100290040100 00001  0500 00001  0600 00002  2500 00004  
HPD02358100HPCPHI19560100310080900 00003  1000 00002  1100 00001  1200 00002  1300 00002  1400 00001  1600 00001  2500 00012  
HPD02358100HPCPHI19560200010060100 00000g 0400 00001  0500 00009  1500 00004  1600 00001  2500 00015  
HPD02358100HPCPHI19560200080070100 00001  0200 00003  0300 00001  0400 00001  0500 00001  0600 00001  2500 00008  
HPD02358100HPCPHI19560200160031100 99999a 1800 00019A 2500 00019  
HPD02358100HPCPHI19560200230050700 00001  0800 00002  1000 00001  1100 00001  2500 00005  
HPD02358100HPCPHI19560200240040500 00002  0600 00005  0700 00003  2500 00010  
HPD02358100HPCPHI19560300010020100 00000g 2500 00000  
HPD02358100HPCPHI19560300120130100 00002  0200 00001  0300 00001  0500 00001  0600 00001  0700 00001  1000 00001  1100 00001  1200 00001  1300 00002  1400 00001  1500 00001  2500 00014  
HPD02358100HPCPHI19560400010020100 00000g 2500 00000  
HPD02358100HPCPHI19560400140080100 00005  0200 00004  0300 00001  1200 00001  1300 00005  1600 00007  1700 00001  2500 00024  
HPD02358100HPCPHI19560400180060500 00005  0600 00005  0800 00002  0900 00002  1000 00001  2500 00015  
HPD02358100HPCPHI19560400200021900 00003  2500 00003  
HPD02358100HPCPHI19560500010020100 00000g 2500 00000  
HPD02358100HPCPHI19560500190031300 00012  1800 00002  2500 00014  
HPD02358100HPCPHI19560500200041300 00004  1500 00010  1600 00001  2500 00015  
HPD02358100HPCPHI19560500230031400 00003  1500 00001  2500 00004  
HPD02358100HPCPHI19560600010020100 00000g 2500 00000  
HPD02358100HPCPHI19560600290051700 00003  2000 00008  2100 00010  2200 00002  2500 00023  
HPD02358100HPCPHI19560600300040400 00005  0600 00002  0700 00003  2500 00010  
HPD02358100HPCPHI19560700010020100 00000g 2500 00000  
HPD02358100HPCPHI19560700110071400 00001  1500 00005  1600 00002  1700 00005  1800 00006  1900 00005  2500 00024  
HPD02358100HPCPHI19560700120061500 00015  1600 00003  1900 00001  2000 00001  2100 00001  2500 00021  
HPD02358100HPCPHI19560700130041700 00004  1800 00003  1900 00002  2500 00009  
HPD02358100HPCPHI19560700140070100 00001  0200 00010  0300 00001  0400 00001  1400 00002  1600 00001  2500 00016  
HPD02358100HPCPHI19560700210031300 00005  1400 00003  2500 00008  
HPD02358100HPCPHI19560700250031700 00011  1800 00002  2500 00013  
HPD02358100HPCPHI19560700260042200 00002  2300 00015  2400 00007  2500 00024  
HPD02358100HPCPHI19560700270030100 00006  0200 00001  2500 00007  
HPD02358100HPCPHI19560700280051300 00004  1400 00008  1500 00001  1600 00002  2500 00015  
HPD02358100HPCPHI19560700290031700 00011  1800 00001  2500 00012  
HPD02358100HPCPHI19560700300040600 00001  0700 00011  0800 00006  2500 00018  
HPD02358100HPCPHI19560700310030200 00017  0300 00003  2500 00020  
HPD02358100HPCPHI19560800010040100 00000g 1800 00007  1900 00002  2500 00009  
HPD02358100HPCPHI19560800110061500 00005  1600 00001  1700 00001  1800 00002  1900 00001  2500 00010  
HPD02358100HPCPHI19560800120031400 00007  1500 00007  2500 00014  
HPD02358100HPCPHI19560800130041400 00001  1600 00001  1700 00001  2500 00003  
HPD02358100HPCPHI19560900010020100 00000g 2500 00000  
HPD02358100HPCPHI19560900060021400 00004  2500 00004  
HPD02358100HPCPHI19561000010050100 00000g 1500 00028  1600 00004  1700 00001  2500 00033  
HPD02358100HPCPHI19561000020031400 00001  1600 00002  2500 00003  
HPD02358100HPCPHI19561000030020200 00004  2500 00004  
HPD02358100HPCPHI19561000280021800 99999a 2500 00000I 
HPD02358100HPCPHI19561000290020900 00094A 2500 00094P 
HPD02358100HPCPHI19561100010020100 00000g 2500 00000  
HPD02358100HPCPHI19561200010020100 00000g 2500 00000  
HPD02358100HPCPHI19561200050031600 00002  1700 00004  2500 00006  
HPD02358100HPCPHI19561200070140300 00003  0400 00001  0600 00008  0700 00013  0800 00010  0900 00010  1000 00008  1100 00011  1200 00006  1300 00005  1400 00005  1500 00002  1600 00003  2500 00085  
HPD02358100HPCPHI19570100010020100 00000g 2500 00000  
HPD02358100HPCPHI19570100030032300 00002  2400 00001  2500 00003  
HPD02358100HPCPHI19570100040031600 00001  1700 00001  2500 00002  
HPD02358100HPCPHI19570100050110100 00002  0200 00001  0300 00001  0400 00001  0600 00001  0700 00004  1300 00003  1600 00001  1700 00001  1800 00002  2500 00017  
HPD02358100HPCPHI19570100070151100 00005  1200 00005  1300 00005  1400 00003  1500 00002  1600 00003  1700 00007  1800 00003  1900 00003  2000 00004  2100 00004  2200 00003  2300 00004  2400 00005  2500 00056  
HPD02358100HPCPHI19570100080140100 00004  0200 00001  0300 00004  0400 00005  0500 00001  0600 00004  0700 00001  0800 00004  0900 00002  1000 00006  1100 00003  1200 00004  1500 00002  2500 00041  
HPD02358100HPCPHI19570100100130200 00001  0300 00001  0600 00001  0700 00003  0800 00007  0900 00010  1000 00002  1100 00005  1200 00001  1300 00004  2000 00001  2100 00002  2500 00038  
HPD02358100HPCPHI19570100120190300 00001  0400 00004  0500 00004  0600 00002  0700 00001  0800 00003  0900 00002  1000 00001  1100 00001  1200 00002  1300 00001  1600 00001  1800 00001  1900 00001  2000 00002  2100 00001  2200 00001  2300 00001  2500 00030  
HPD02358100HPCPHI19570100130070100 00002  0200 00004  0300 00001  0400 00001  0500 00002  0700 00001  2500 00011  
HPD02358100HPCPHI19570100200052000 00002  2100 00004  2200 00004  2300 00001  2500 00011  
HPD02358100HPCPHI19570100210030700 99999a 1700 00025A 2500 00025  
HPD02358100HPCPHI19570100240041500 00003  1600 00002  1700 00001  2500 00006  
HPD02358100HPCPHI19570100250061800 00001  1900 00001  2000 00001  2100 00001  2200 00001  2500 00005  
HPD02358100HPCPHI19570100260220100 00002  0200 00002  0300 00005  0400 00007  0500 00008  0600 00006  0700 00003  0800 00002  0900 00003  1000 00005  1100 00002  1200 00001  1300 00004  1400 00002  1500 00003  1600 00005  1700 00001  2000 00001  2100 00001  2300 00002  2400 00002  2500 00067  
HPD02358100HPCPHI19570100270140100 00008  0200 00009  0300 00006  0400 00005  0500 00005  0600 00003  0700 00007  0800 00008  0900 00004  1000 00008  1100 00006  1200 00004  1300 00002  2500 00075  
HPD02358100HPCPHI19570100280160200 00001  0400 00001  1000 00002  1100 00001  1200 00001  1300 00003  1400 00002  1500 00001  1700 00002  1800 00001  1900 00003  2000 00001  2100 00001  2300 00001  2400 00001  2500 00022  
HPD02358100HPCPHI19570100290080300 00001  0400 00001  0500 00001  2100 00003  2200 00001  2300 00001  2400 00001  2500 00009  
HPD02358100HPCPHI19570100300120100 00004  0200 00003  0300 00003  0400 00005  0600 00003  0700 00002  0800 00002  0900 00002  1000 00001  1100 00001  1200 00002  2500 00028  
HPD02358100HPCPHI19570200010020100 00000g 2500 00000  
HPD02358100HPCPHI19570200180081800 00001  1900 00009  2000 00020  2100 00010  2200 00008  2300 00002  2400 00001  2500 00051  
HPD02358100HPCPHI19570200190130100 00001  0400 00001  0700 00002  1100 00001  1200 00001  1300 00001  1400 00002  1500 00001  1800 00013  1900 00005  2000 00004  2100 00002  2500 00034  
HPD02358100HPCPHI19570200210121100 00001  1200 00001  1300 00001  1400 00001  1500 00001  1700 00001  1800 00001  1900 00002  2100 00001  2200 00004  2300 00001  2500 00015  
HPD02358100HPCPHI19570200230071000 00002  1100 00007  1200 00011  1300 00006  1400 00006  1500 00003  2500 00035  
HPD02358100HPCPHI19570300010040100 00000g 0400 99999a 0800 00044A 2500 00044  
HPD02358100HPCPHI19570300030030800 00008  0900 00010  2500 00018  
HPD02358100HPCPHI19570300100060200 00002  0400 00003  0500 00001  0600 00001  0700 00001  2500 00008  
HPD02358100HPCPHI19570300160031800 00001  1900 00001  2500 00002  
HPD02358100HPCPHI19570300220050100 00004  0500 00003  0600 00001  0700 00001  2500 00009  
HPD02358100HPCPHI19570400010090100 00000g 0700 00005  0900 00001  1000 00003  1100 00001  1300 00003  1400 00001  1500 00001  2500 00015  
HPD02358100HPCPHI19570400020100900 00001  1000 00001  1200 00001  1500 00001  1600 00001  1700 00005  1800 00003  1900 00002  2000 00003  2500 00018  
HPD02358100HPCPHI19570400180080900 00007  1000 00008  1100 00005  1200 00005  1400 00001  1500 00002  1600 00001  2500 00029  
HPD02358100HPCPHI19570400210021800 00005  2500 00005  
HPD02358100HPCPHI19570400220131100 00001  1200 00001  1300 00001  1400 00002  1500 00002  1600 00001  1700 00001  1900 00004  2000 00005  2100 00007  2200 00008  2300 00003  2500 00036  
HPD02358100HPCPHI19570400230040100 00001  0200 00001  0300 00001  2500 00003  
HPD02358100HPCPHI19570500010020100 00000g 2500 00000  
HPD02358100HPCPHI19570500060071100 00002  1200 00013  1600 00005  1700 00008  1800 00002  2400 00002  2500 00032  
HPD02358100HPCPHI19570500070090100 00001  0200 00001  0300 00002  0400 00001  0500 00002  0600 00003  0800 00001  1200 00002  2500 00013  
HPD02358100HPCPHI19570500100041500 00001  1900 00001  2000 00001  2500 00003  
HPD02358100HPCPHI19570500110100500 00001  1400 00001  1500 00003  1600 00002  1700 00004  1800 00001  2100 00002  2200 00002  2300 00001  2500 00017  
HPD02358100HPCPHI19570500120130400 00001  0500 00001  0600 00001  0700 00001  0800 00003  0900 00007  1000 00003  1500 00005  1600 00001  1700 00009  1800 00003  2100 00002  2500 00037  
HPD02358100HPCPHI19570500150061000 00008  1100 00003  1400 00001  1500 00001  1600 00002  2500 00015  
HPD02358100HPCPHI19570500190100700 00002  0800 00002  0900 00004  1000 00003  1100 00001  1200 00005  1300 00005  1600 00001  1700 00001  2500 00024  
HPD02358100HPCPHI19570500210110900 00003  1000 00005  1100 00005  1200 00008  1300 00004  1400 00004  1500 00005  1600 00009  1700 00007  1800 00001  2500 00051  
HPD02358100HPCPHI19570500220042100 00001  2200 00003  2300 00001  2500 00005  
HPD02358100HPCPHI19570500230090200 00001  0300 00006  0400 00002  1000 00002  1100 00004  1700 00002  1800 00002  1900 00001  2500 00020  
HPD02358100HPCPHI19570500240040900 00001  1000 00016  1100 00005  2500 00022  
HPD02358100HPCPHI19570600010020100 00000g 2500 00000  
HPD02358100HPCPHI19570600090042200 00001  2300 00003  2400 00001  2500 00005  
HPD02358100HPCPHI19570600100140100 00004  0200 00005  0300 00005  0400 00005  0500 00004  0800 00003  0900 00001  1300 00001  1400 00005  1500 00003  1600 00001  1700 00001  2000 00001  2500 00039  
HPD02358100HPCPHI19570600110040400 00001  1700 00002  1800 00002  2500 00005  
HPD02358100HPCPHI19570700010020100 00000g 2500 00000  
HPD02358100HPCPHI19570700030021800 00006  2500 00006  
HPD02358100HPCPHI19570700060031600 00001  1700 00002  2500 00003  
HPD02358100HPCPHI19570700090051500 00002  1600 00003  1700 00002  2400 00006  2500 00013  
HPD02358100HPCPHI19570700100030100 00001  1500 00018  2500 00019  
HPD02358100HPCPHI19570700110031400 00010  1500 00005  2500 00015  
HPD02358100HPCPHI19570700130031400 00005  2000 00001  2500 00006  
HPD02358100HPCPHI19570700170031300 99999a 1600 00009A 2500 00009  
HPD02358100HPCPHI19570700260061400 00002  1500 00001  1600 00012  1700 00012  1800 00001  2500 00028  
HPD02358100HPCPHI19570700280071200 00010  1300 00001  1600 00001  2000 00001  2100 00007  2200 00005  2500 00025  
HPD02358100HPCPHI19570700300031500 00039  1600 00001  2500 00040  
HPD02358100HPCPHI19570800010020100 00000g 2500 00000  
HPD02358100HPCPHI19570800040031300 00002  1400 00001  2500 00003  
HPD02358100HPCPHI19570800050041400 00010  1500 00003  1600 00002  2500 00015  
HPD02358100HPCPHI19570800090021400 99999[ 2500 00000I 
HPD02358100HPCPHI19570800310022400 99999] 2500 00000I 
