HPD02453407HPCPHT20110100010020100 00000g 2500 00000  
HPD02453407HPCPHT20110100030020800 99999[ 2500 00000I 
HPD02453407HPCPHT20110100310022400 99999] 2500 00000I 
HPD02453407HPCPHT20110200010020100 99999[ 2500 00000I 
HPD02453407HPCPHT20110200280022400 99999] 2500 00000I 
HPD02453407HPCPHT20110300010020100 99999[ 2500 00000I 
HPD02453407HPCPHT20110300040021100 99999] 2500 00000I 
HPD02453407HPCPHT20110300130030200 99999[ 0300 99999] 2500 00000I 
HPD02453407HPCPHT20110300310022400 00010  2500 00010  
HPD02453407HPCPHT20110400010020100 00000g 2500 00000  
HPD02453407HPCPHT20110500010020100 00000g 2500 00000  
HPD02453407HPCPHT20110600010020100 00000g 2500 00000  
HPD02453407HPCPHT20110700010020100 00000g 2500 00000  
HPD02453407HPCPHT20110700090021800 00020  2500 00020  
HPD02453407HPCPHT20110700100021600 00030  2500 00030  
HPD02453407HPCPHT20110700180021600 00020  2500 00020  
HPD02453407HPCPHT20110700190021500 00010  2500 00010  
HPD02453407HPCPHT20110700200042000 00020  2100 00010  2200 00020  2500 00050  
HPD02453407HPCPHT20110700210021100 00010  2500 00010  
HPD02453407HPCPHT20110700230031700 00020  1800 00030  2500 00050  
HPD02453407HPCPHT20110700240050100 00040  0500 00030  0600 00010  1600 00010  2500 00090  
HPD02453407HPCPHT20110700250031300 00030  1400 00010  2500 00040  
HPD02453407HPCPHT20110700280032200 00010  2300 00010  2500 00020  
HPD02453407HPCPHT20110700290022400 00010  2500 00010  
HPD02453407HPCPHT20110700300021100 00010  2500 00010  
HPD02453407HPCPHT20110700310042000 00010  2100 00010  2200 00010  2500 00030  
HPD02453407HPCPHT20110800010020100 00000g 2500 00000  
HPD02453407HPCPHT20110800030030400 00010  0600 00010  2500 00020  
HPD02453407HPCPHT20110800060030200 00020  0600 00010  2500 00030  
HPD02453407HPCPHT20110800110022300 00020  2500 00020  
HPD02453407HPCPHT20110800120020700 00010  2500 00010  
HPD02453407HPCPHT20110800130031700 00010  2400 00040  2500 00050  
HPD02453407HPCPHT20110800140021200 00010  2500 00010  
HPD02453407HPCPHT20110800170031800 00030  2400 00010  2500 00040  
HPD02453407HPCPHT20110800190021400 00010  2500 00010  
HPD02453407HPCPHT20110800220031700 00010  1800 00120  2500 00130  
HPD02453407HPCPHT20110800240031700 00030  2300 00010  2500 00040  
HPD02453407HPCPHT20110800250022200 00010  2500 00010  
HPD02453407HPCPHT20110900010030100 00000g 0200 99999[ 2500 00000I 
HPD02453407HPCPHT20110900020022400 99999] 2500 00000I 
HPD02453407HPCPHT20110900050040100 00020  0200 00010  0600 00010  2500 00040  
HPD02453407HPCPHT20110900090061200 00020  1300 00020  1600 00010  1900 00020  2000 00020  2500 00090  
HPD02453407HPCPHT20110900100020200 00010  2500 00010  
HPD02453407HPCPHT20110900140021300 00010  2500 00010  
HPD02453407HPCPHT20110900150021800 00030  2500 00030  
HPD02453407HPCPHT20111000010020100 00000g 2500 00000  
HPD02453407HPCPHT20111000020031300 00020  1400 00010  2500 00030  
HPD02453407HPCPHT20111100010030100 00000g 0200 99999{ 2500 00000P 
HPD02453407HPCPHT20111100300022400 99999} 2500 00000P 
