HPD02048703HPCPHT20070100010020100 00000g 2500 00000  
HPD02048703HPCPHT20070100030021700 00010  2500 00010  
HPD02048703HPCPHT20070100170021300 00010  2500 00010  
HPD02048703HPCPHT20070100200030400 00010  0900 00010  2500 00020  
HPD02048703HPCPHT20070100230021600 00010  2500 00010  
HPD02048703HPCPHT20070100290021500 00010  2500 00010  
HPD02048703HPCPHT20070100310021700 00010  2500 00010  
HPD02048703HPCPHT20070200010020100 00000g 2500 00000  
HPD02048703HPCPHT20070200040021500 00010  2500 00010  
HPD02048703HPCPHT20070200190021500 00010  2500 00010  
HPD02048703HPCPHT20070200250021600 00010  2500 00010  
HPD02048703HPCPHT20070300010020100 00000g 2500 00000  
HPD02048703HPCPHT20070300040021500 00010  2500 00010  
HPD02048703HPCPHT20070300130021100 00010  2500 00010  
HPD02048703HPCPHT20070300230030700 00010  0900 00010  2500 00020  
HPD02048703HPCPHT20070300300021500 00010  2500 00010  
HPD02048703HPCPHT20070300310021200 00010  2500 00010  
HPD02048703HPCPHT20070400010030100 00000g 1100 00010  2500 00010  
HPD02048703HPCPHT20070400120021100 00010  2500 00010  
HPD02048703HPCPHT20070500010020100 00000g 2500 00000  
HPD02048703HPCPHT20070500020021300 00010  2500 00010  
HPD02048703HPCPHT20070500110020900 00010  2500 00010  
HPD02048703HPCPHT20070500230021600 00010  2500 00010  
HPD02048703HPCPHT20070500290021100 00010  2500 00010  
HPD02048703HPCPHT20070600010030100 00000g 1100 00010  2500 00010  
HPD02048703HPCPHT20070700010030100 00000g 1100 00010  2500 00010  
HPD02048703HPCPHT20070700110021300 00010  2500 00010  
HPD02048703HPCPHT20070700130020900 00010  2500 00010  
HPD02048703HPCPHT20070700150021900 00010  2500 00010  
HPD02048703HPCPHT20070700160031700 00010  1900 00010  2500 00020  
HPD02048703HPCPHT20070700210021600 00020  2500 00020  
HPD02048703HPCPHT20070700220022000 00010  2500 00010  
HPD02048703HPCPHT20070700230021300 00010  2500 00010  
HPD02048703HPCPHT20070700240021100 00010  2500 00010  
HPD02048703HPCPHT20070700270031600 00010  1700 00010  2500 00020  
HPD02048703HPCPHT20070700280032200 00010  2300 00010  2500 00020  
HPD02048703HPCPHT20070700290021300 00010  2500 00010  
HPD02048703HPCPHT20070700300021400 00010  2500 00010  
HPD02048703HPCPHT20070800010020100 00000g 2500 00000  
HPD02048703HPCPHT20070800030021300 99999[ 2500 00000I 
HPD02048703HPCPHT20070800070021200 99999] 2500 00000I 
HPD02048703HPCPHT20070800130031600 00010  1800 00050  2500 00060  
HPD02048703HPCPHT20070800220041700 00020 R1900 00020 R2000 00010 R2500 00050 R
HPD02048703HPCPHT20070900010030100 00000g 0200 99999{ 2500 00000P 
HPD02048703HPCPHT20070900300022400 99999} 2500 00000P 
HPD02048703HPCPHT20071000010020100 00000g 2500 00000  
HPD02048703HPCPHT20071000050021200 00010  2500 00010  
HPD02048703HPCPHT20071000060021500 00010  2500 00010  
HPD02048703HPCPHT20071100010030100 00000g 1200 00010  2500 00010  
HPD02048703HPCPHT20071100150021400 00010  2500 00010  
HPD02048703HPCPHT20071100300081200 00010  1400 00010  1500 00010  1900 00010  2000 00010  2200 00010  2400 00020  2500 00080  
HPD02048703HPCPHT20071200010060100 00010  0200 00010  0600 00010  0700 00010  1200 00010  2500 00050  
HPD02048703HPCPHT20071200030021200 99999[ 2500 00000I 
HPD02048703HPCPHT20071200300020800 99999] 2500 00000I 
