HPD02915803HPCPHT20090100010020100 00000g 2500 00000  
HPD02915803HPCPHT20090100040030100 00010  0400 00010  2500 00020  
HPD02915803HPCPHT20090200010020100 00000g 2500 00000  
HPD02915803HPCPHT20090200070052000 00010  2100 00010  2200 00010  2300 00010  2500 00040  
HPD02915803HPCPHT20090200080040100 00010  0200 00010  1000 00010  2500 00030  
HPD02915803HPCPHT20090200100030300 00010  1300 00010  2500 00020  
HPD02915803HPCPHT20090200170020100 00010  2500 00010  
HPD02915803HPCPHT20090300010020100 00000g 2500 00000  
HPD02915803HPCPHT20090400010020100 00000g 2500 00000  
HPD02915803HPCPHT20090400060021700 00010  2500 00010  
HPD02915803HPCPHT20090400110080200 00010  0800 00010  0900 00010  1000 00010  1900 00010  2100 00010  2300 00010  2500 00070  
HPD02915803HPCPHT20090500010020100 00000g 2500 00000  
HPD02915803HPCPHT20090500210021300 00010  2500 00010  
HPD02915803HPCPHT20090500220021500 00010  2500 00010  
HPD02915803HPCPHT20090500230020300 00010  2500 00010  
HPD02915803HPCPHT20090500280021400 00010  2500 00010  
HPD02915803HPCPHT20090500300021300 00010  2500 00010  
HPD02915803HPCPHT20090600010030100 00000g 1400 00010  2500 00010  
HPD02915803HPCPHT20090600170021500 00010  2500 00010  
HPD02915803HPCPHT20090600280021500 00010  2500 00010  
HPD02915803HPCPHT20090600300021300 00010  2500 00010  
HPD02915803HPCPHT20090700010040100 00000g 1500 00010  2100 00010  2500 00020  
HPD02915803HPCPHT20090700020021600 00010  2500 00010  
HPD02915803HPCPHT20090700030021400 00010  2500 00010  
HPD02915803HPCPHT20090700150021900 00010  2500 00010  
HPD02915803HPCPHT20090700190021300 00010  2500 00010  
HPD02915803HPCPHT20090700200031700 00060  1800 00010  2500 00070  
HPD02915803HPCPHT20090700210031500 00010  1600 00010  2500 00020  
HPD02915803HPCPHT20090700230041500 00010  1700 00010  1800 00020  2500 00040  
HPD02915803HPCPHT20090700270021300 00010  2500 00010  
HPD02915803HPCPHT20090800010020100 00000g 2500 00000  
HPD02915803HPCPHT20090800130022200 00010  2500 00010  
HPD02915803HPCPHT20090800220021400 00050  2500 00050  
HPD02915803HPCPHT20090800250031200 00030  1700 00010  2500 00040  
HPD02915803HPCPHT20090900010020100 00000g 2500 00000  
HPD02915803HPCPHT20090900030021200 99999[ 2500 00000I 
HPD02915803HPCPHT20090900100021200 99999] 2500 00000I 
HPD02915803HPCPHT20091000010020100 00000g 2500 00000  
HPD02915803HPCPHT20091000150021100 00010  2500 00010  
HPD02915803HPCPHT20091100010030100 00000g 1500 00010  2500 00010  
HPD02915803HPCPHT20091100210021600 00010  2500 00010  
HPD02915803HPCPHT20091100290021600 00010  2500 00010  
HPD02915803HPCPHT20091200010020100 00000g 2500 00000  
HPD02915803HPCPHT20091200070130800 00010  1000 00010  1300 00010  1500 00010  1700 00010  1800 00010  1900 00010  2000 00010  2100 00030  2200 00020  2300 00030  2400 00010  2500 00170  
HPD02915803HPCPHT20091200100021600 00010  2500 00010  
HPD02915803HPCPHT20091200110021600 00010  2500 00010  
HPD02915803HPCPHT20091200130030900 00010  1000 00010  2500 00020  
HPD02915803HPCPHT20091200220031500 00010  1600 00010  2500 00020  
