HPD02834906HPCPHT20010100010020100 00000g 2500 00000  
HPD02834906HPCPHT20010100080022300 00010  2500 00010  
HPD02834906HPCPHT20010100090100100 00020  0200 00020  0300 00010  0400 00010  0500 00010  0600 00010  1300 00020  1500 00010  1600 00010  2500 00120  
HPD02834906HPCPHT20010100120031700 00010  2100 00010  2500 00020  
HPD02834906HPCPHT20010100130060200 00010  0400 00010  0600 00010  0900 00010  1100 00010  2500 00050  
HPD02834906HPCPHT20010100160021400 00010  2500 00010  
HPD02834906HPCPHT20010100170041100 00010  1200 00010  1300 00010  2500 00030  
HPD02834906HPCPHT20010100270060700 00010  0800 00010  1400 00010  1600 00010  1700 00010  2500 00050  
HPD02834906HPCPHT20010100280051500 00010  1700 00010  1900 00010  2400 00010  2500 00040  
HPD02834906HPCPHT20010100290030900 00010  1300 00030  2500 00040  
HPD02834906HPCPHT20010200010020100 00000g 2500 00000  
HPD02834906HPCPHT20010200090081100 00010  1200 00020  1300 00020  1400 00020  1500 00020  1600 00020  1700 00010  2500 00120  
HPD02834906HPCPHT20010200130021900 00010  2500 00010  
HPD02834906HPCPHT20010200140031300 00010  1500 00020  2500 00030  
HPD02834906HPCPHT20010200150021000 00010  2500 00010  
HPD02834906HPCPHT20010200250032000 00010  2300 00010  2500 00020  
HPD02834906HPCPHT20010200270052100 00010  2200 00020  2300 00010  2400 00010  2500 00050  
HPD02834906HPCPHT20010200280030500 00010  1800 00010  2500 00020  
HPD02834906HPCPHT20010300010020100 00000g 2500 00000  
HPD02834906HPCPHT20010300070061000 00030  1100 00030  1200 00010  1300 00020  2300 00010  2500 00100  
HPD02834906HPCPHT20010300080020600 00010  2500 00010  
HPD02834906HPCPHT20010300100050700 00010  0800 00020  0900 00010  1000 00010  2500 00050  
HPD02834906HPCPHT20010400010020100 00000g 2500 00000  
HPD02834906HPCPHT20010400050061800 00010  1900 00010  2100 00020  2300 00010  2400 00010  2500 00060  
HPD02834906HPCPHT20010400060090100 00020  0200 00020  0400 00020  0500 00020  0600 00010  0800 00010  0900 00010  1200 00010  2500 00120  
HPD02834906HPCPHT20010400100041200 00010  1300 00020  1500 00020  2500 00050  
HPD02834906HPCPHT20010400210051700 00010  1800 00020  1900 00010  2300 00010  2500 00050  
HPD02834906HPCPHT20010400220060100 00010  0300 00010  0500 00010  0800 00010  0900 00020  2500 00060  
HPD02834906HPCPHT20010500010020100 00000g 2500 00000  
HPD02834906HPCPHT20010500190030600 00010  0800 00010  2500 00020  
HPD02834906HPCPHT20010500260021400 99999{ 2500 00000P 
HPD02834906HPCPHT20010500310022400 99999} 2500 00000P 
HPD02834906HPCPHT20010600010020100 99999{ 2500 00000P 
HPD02834906HPCPHT20010600040020900 99999} 2500 00000P 
HPD02834906HPCPHT20010700010020100 00000g 2500 00000  
HPD02834906HPCPHT20010700020021500 00010  2500 00010  
HPD02834906HPCPHT20010700250031400 00030  1500 00030  2500 00060  
HPD02834906HPCPHT20010700290042100 00020  2200 00030  2300 00010  2500 00060  
HPD02834906HPCPHT20010700300080100 00010  0200 00020  0300 00010  0400 00040  0500 00040  0600 00020  0700 00020  2500 00160  
HPD02834906HPCPHT20010800010020100 00000g 2500 00000  
HPD02834906HPCPHT20010800030041800 00070  1900 00010  2000 00010  2500 00090  
HPD02834906HPCPHT20010800040052000 00070  2100 00030  2200 00020  2300 00020  2500 00140  
HPD02834906HPCPHT20010800080022300 00010  2500 00010  
HPD02834906HPCPHT20010800090030100 00010  0200 00020  2500 00030  
HPD02834906HPCPHT20010800110031600 00110 R1800 00010  2500 00120 R
HPD02834906HPCPHT20010800130021900 00010  2500 00010  
HPD02834906HPCPHT20010900010020100 00000g 2500 00000  
HPD02834906HPCPHT20010900040021000 99999{ 2500 00000P 
HPD02834906HPCPHT20010900300022400 99999} 2500 00000P 
HPD02834906HPCPHT20011000010020100 00000g 2500 00000  
HPD02834906HPCPHT20011000060021700 00010  2500 00010  
HPD02834906HPCPHT20011000070032200 00010  2300 00010  2500 00020  
HPD02834906HPCPHT20011000120022000 99999{ 2500 00000P 
HPD02834906HPCPHT20011000310022400 99999} 2500 00000P 
HPD02834906HPCPHT20011100010030100 99999{ 1700 99999} 2500 00000P 
HPD02834906HPCPHT20011100050031900 00010  2100 00010  2500 00020  
HPD02834906HPCPHT20011100250021100 00010  2500 00010  
HPD02834906HPCPHT20011200010020100 00000g 2500 00000  
HPD02834906HPCPHT20011200040081100 00020  1200 00010  1300 00020  1400 00020  1500 00020  1700 00010  2200 00010  2500 00110  
HPD02834906HPCPHT20011200110051400 00010  1500 00020  1600 00010  2100 00010  2500 00050  
HPD02834906HPCPHT20011200120050700 00010  1400 00010  1600 00010  1800 00010  2500 00040  
HPD02834906HPCPHT20011200130021300 00010  2500 00010  
HPD02834906HPCPHT20011200150021100 00010  2500 00010  
