HPD02174900HPCPHI19800600010020100 99999[ 2500 00000I 
HPD02174900HPCPHI19800600300022400 99999] 2500 00000I 
HPD02174900HPCPHI19800700010020100 00000g 2500 00000  
HPD02174900HPCPHI19800800010020100 00000g 2500 00000  
HPD02174900HPCPHT19800800030040100 00010  0300 00010  0600 00010  2500 00030  
HPD02174900HPCPHT19800800080051500 00010  1600 00080  1700 00010  1900 00010  2500 00110  
HPD02174900HPCPHT19800800130051700 00010  1800 00010  2000 00010  2200 00010  2500 00040  
HPD02174900HPCPHT19800800140020200 00010  2500 00010  
HPD02174900HPCPHT19800800220041500 00010  1900 00020  2400 00010  2500 00040  
HPD02174900HPCPHT19800800230021100 00010  2500 00010  
HPD02174900HPCPHT19800800240080300 00010  0400 00010  0900 00010  1000 00010  2000 00010  2100 00010  2200 00010  2500 00070  
HPD02174900HPCPHT19800900010020100 00000g 2500 00000  
HPD02174900HPCPHT19800900020021400 00010  2500 00010  
HPD02174900HPCPHT19800900050041800 00010  1900 00010  2400 00010  2500 00030  
HPD02174900HPCPHT19800900070030600 00010  0700 00010  2500 00020  
HPD02174900HPCPHT19800900090022400 00010  2500 00010  
HPD02174900HPCPHT19800900100040900 00010  1300 00020  1600 00010  2500 00040  
HPD02174900HPCPHT19801000010020100 00000g 2500 00000  
HPD02174900HPCPHT19801000130030500 00010  0700 00010  2500 00020  
HPD02174900HPCPHT19801000140031700 00010  2000 00010  2500 00020  
HPD02174900HPCPHT19801000250021500 00010  2500 00010  
HPD02174900HPCPHT19801000280021100 00010  2500 00010  
HPD02174900HPCPHT19801100010020100 00000g 2500 00000  
HPD02174900HPCPHT19801200010020100 00000g 2500 00000  
HPD02174900HPCPHT19801200060070500 00010  1800 00010  1900 00010  2000 00010  2100 00010  2300 00020  2500 00070  
HPD02174900HPCPHT19801200070020100 00020  2500 00020  
HPD02174900HPCPHT19801200130040300 00010  0500 00010  0800 00010  2500 00030  
HPD02174900HPCPHT19810100010020100 00000g 2500 00000  
HPD02174900HPCPHT19810100110031500 00010  2000 00010  2500 00020  
HPD02174900HPCPHT19810100120090400 00010  0600 00010  0900 00010  1000 00010  1300 00010  1600 00010  2000 00010  2400 00010  2500 00080  
HPD02174900HPCPHT19810100130040200 00010  0500 00010  0700 00010  2500 00030  
HPD02174900HPCPHT19810100160021600 00010  2500 00010  
HPD02174900HPCPHT19810200010020100 00000g 2500 00000  
HPD02174900HPCPHT19810200030021000 00010  2500 00010  
HPD02174900HPCPHT19810200080022300 00010  2500 00010  
HPD02174900HPCPHT19810200090090200 00010  0400 00010  0600 00010  0800 00010  1000 00010  1200 00010  1300 00010  1500 00010  2500 00080  
HPD02174900HPCPHT19810200100021400 00010  2500 00010  
HPD02174900HPCPHT19810200260040500 00010  0700 00010  0800 00010  2500 00030  
HPD02174900HPCPHT19810200280021400 00010  2500 00010  
HPD02174900HPCPHT19810300010050100 00000g 0200 00010  0300 00010  0500 00010  2500 00030  
HPD02174900HPCPHT19810300020130400 00010  0600 00010  0800 00020  0900 00020  1000 00010  1200 00010  1300 00010  1500 00010  1600 00010  1700 00010  1900 00010  2000 00010  2500 00140  
HPD02174900HPCPHT19810300030030300 00010  2400 00010  2500 00020  
HPD02174900HPCPHT19810300040020500 00010  2500 00010  
HPD02174900HPCPHT19810300050041700 00010  2000 00010  2200 00010  2500 00030  
HPD02174900HPCPHT19810300060030600 00010  0900 00020  2500 00030  
HPD02174900HPCPHT19810300070020500 00010  2500 00010  
HPD02174900HPCPHT19810300100022000 00010  2500 00010  
HPD02174900HPCPHT19810300120060800 00010  0900 00010  1000 00010  1100 00010  1300 00010  2500 00050  
HPD02174900HPCPHT19810300140021100 00010  2500 00010  
HPD02174900HPCPHT19810300200021100 00010  2500 00010  
HPD02174900HPCPHT19810300210021000 00010  2500 00010  
HPD02174900HPCPHT19810300280021500 00010  2500 00010  
HPD02174900HPCPHT19810400010020100 00000g 2500 00000  
HPD02174900HPCPHT19810400020051700 00010  1800 00030  1900 00020  2000 00010  2500 00070  
HPD02174900HPCPHT19810400030030800 00010  2100 00010  2500 00020  
HPD02174900HPCPHT19810400040021500 00010  2500 00010  
HPD02174900HPCPHT19810400120021600 00010  2500 00010  
HPD02174900HPCPHT19810400180021000 00010  2500 00010  
HPD02174900HPCPHT19810500010020100 00000g 2500 00000  
HPD02174900HPCPHT19810500270022100 00010  2500 00010  
HPD02174900HPCPHT19810500290021200 00010  2500 00010  
HPD02174900HPCPHT19810600010030100 00000g 1300 00020  2500 00020  
HPD02174900HPCPHT19810600020021100 00010  2500 00010  
HPD02174900HPCPHT19810600250021500 00010  2500 00010  
HPD02174900HPCPHT19810600280021200 00010  2500 00010  
HPD02174900HPCPHT19810700010020100 00000g 2500 00000  
HPD02174900HPCPHT19810700080020200 99999[ 2500 00000I 
HPD02174900HPCPHT19810700170021100 99999] 2500 00000I 
HPD02174900HPCPHT19810700230031400 00030  1500 00010  2500 00040  
HPD02174900HPCPHT19810700270031400 00010  1500 00010  2500 00020  
HPD02174900HPCPHT19810700300021900 00010  2500 00010  
HPD02174900HPCPHT19810700310032200 00060  2300 00010  2500 00070  
HPD02174900HPCPHT19810800010030100 00000g 0600 00010  2500 00010  
HPD02174900HPCPHT19810800030020900 00010  2500 00010  
HPD02174900HPCPHT19810800080071500 00040  1600 00070  1700 00010  2000 00020  2100 00010  2200 00010  2500 00160  
HPD02174900HPCPHT19810800120031200 00010  1300 00020  2500 00030  
HPD02174900HPCPHT19810800130020300 00010  2500 00010  
HPD02174900HPCPHT19810800180031600 00010  1700 00010  2500 00020  
HPD02174900HPCPHT19810800200021500 00010  2500 00010  
HPD02174900HPCPHT19810800220021300 00010  2500 00010  
HPD02174900HPCPHT19810800280021700 00010  2500 00010  
HPD02174900HPCPHT19810800310031600 00010  1700 00010  2500 00020  
HPD02174900HPCPHT19810900010020100 00000g 2500 00000  
HPD02174900HPCPHT19810900050021600 00010  2500 00010  
HPD02174900HPCPHT19810900070021300 00010  2500 00010  
HPD02174900HPCPHT19810900160031600 00060  1700 00020  2500 00080  
HPD02174900HPCPHT19810900180021600 00010  2500 00010  
HPD02174900HPCPHT19810900230031400 00040  1500 00010  2500 00050  
HPD02174900HPCPHT19810900290021400 00010  2500 00010  
HPD02174900HPCPHT19811000010030100 00000g 2400 00010  2500 00010  
HPD02174900HPCPHT19811000020050100 00010  1100 00010  1600 00010  1800 00010  2500 00040  
HPD02174900HPCPHT19811000110041300 00010  1400 00010  1600 00010  2500 00030  
HPD02174900HPCPHT19811000120020900 00010  2500 00010  
HPD02174900HPCPHT19811100010020100 00000g 2500 00000  
HPD02174900HPCPHT19811100270061500 00010  1900 00010  2100 00010  2200 00010  2400 00010  2500 00050  
HPD02174900HPCPHT19811100280051800 00010  2200 00020  2300 00020  2400 00010  2500 00060  
HPD02174900HPCPHT19811100290110100 00010  0200 00010  0400 00010  0600 00010  0800 00010  1000 00010  1100 00010  1400 00010  1700 00010  2000 00010  2500 00100  
HPD02174900HPCPHT19811200010020100 99999[ 2500 00000I 
HPD02174900HPCPHT19811200310022400 99999] 2500 00000I 
HPD02174900HPCPHT19820100010020100 99999[ 2500 00000I 
HPD02174900HPCPHT19820100060021100 99999] 2500 00000I 
HPD02174900HPCPHT19820100110031100 00010  2300 00010  2500 00020  
HPD02174900HPCPHT19820100120030900 00010  1700 00010  2500 00020  
HPD02174900HPCPHT19820100130021000 00010  2500 00010  
HPD02174900HPCPHT19820100210031600 00010  1700 00010  2500 00020  
HPD02174900HPCPHT19820100220021000 00020  2500 00020  
HPD02174900HPCPHT19820100290020900 00010  2500 00010  
HPD02174900HPCPHT19820100300021500 00010  2500 00010  
HPD02174900HPCPHT19820200010020100 00000g 2500 00000  
HPD02174900HPCPHT19820200080031000 00010  1500 00010  2500 00020  
HPD02174900HPCPHT19820200100031700 00010  2000 00010  2500 00020  
HPD02174900HPCPHT19820200110040800 00010  0900 00010  1000 00010  2500 00030  
HPD02174900HPCPHT19820200240061300 00010  2100 00010  2200 00010  2300 00010  2400 00020  2500 00060  
HPD02174900HPCPHT19820200250050100 00010  0300 00010  0400 00010  0500 00010  2500 00040  
HPD02174900HPCPHT19820300010020100 00000g 2500 00000  
HPD02174900HPCPHT19820300020021400 00010  2500 00010  
HPD02174900HPCPHT19820300120110300 00010  0500 00010  0700 00010  0900 00010  1100 00010  1200 00010  1700 00010  1800 00010  1900 00010  2000 00010  2500 00100  
HPD02174900HPCPHT19820300130050700 00010  1000 00010  1100 00010  1200 00010  2500 00040  
HPD02174900HPCPHT19820300150060100 00010  0200 00010  0300 00010  0400 00010  1100 00010  2500 00050  
HPD02174900HPCPHT19820300180041200 00010  1700 00010  2100 00010  2500 00030  
HPD02174900HPCPHT19820300190021200 00010  2500 00010  
HPD02174900HPCPHT19820300260040900 00010  1100 00010  1500 00010  2500 00030  
HPD02174900HPCPHT19820300290021100 00010  2500 00010  
HPD02174900HPCPHT19820400010030100 00000g 1400 00010  2500 00010  
HPD02174900HPCPHT19820400020020100 00010  2500 00010  
HPD02174900HPCPHT19820500010050100 00000g 1700 00020  1800 00010  2000 00010  2500 00040  
HPD02174900HPCPHT19820500020040200 00010  0300 00010  1600 00010  2500 00030  
HPD02174900HPCPHT19820500040030900 00010  1300 00010  2500 00020  
HPD02174900HPCPHT19820500110022200 00010  2500 00010  
HPD02174900HPCPHT19820500120050500 00010  1000 00010  1600 00010  1900 00010  2500 00040  
HPD02174900HPCPHT19820500260032000 00010  2100 00010  2500 00020  
HPD02174900HPCPHT19820600010020100 00000g 2500 00000  
HPD02174900HPCPHT19820700010020100 00000g 2500 00000  
HPD02174900HPCPHT19820700070050600 00010  0700 00010  0800 00010  1500 00010  2500 00040  
HPD02174900HPCPHT19820700160041700 00010  1900 00010  2000 00010  2500 00030  
HPD02174900HPCPHT19820700170031900 00030  2000 00020  2500 00050  
HPD02174900HPCPHT19820700180021300 00010  2500 00010  
HPD02174900HPCPHT19820700220021500 00010  2500 00010  
HPD02174900HPCPHT19820700240021600 00010  2500 00010  
HPD02174900HPCPHT19820700260050200 00030  0300 00010  0400 00010  0700 00010  2500 00060  
HPD02174900HPCPHT19820700280021800 00010  2500 00010  
HPD02174900HPCPHT19820700300040800 00010  1400 00010  2100 00010  2500 00030  
HPD02174900HPCPHT19820700310022000 00010  2500 00010  
HPD02174900HPCPHT19820800010020100 00000g 2500 00000  
HPD02174900HPCPHT19820800060022400 00010  2500 00010  
HPD02174900HPCPHT19820800090021700 00020  2500 00020  
HPD02174900HPCPHT19820800100022300 00020  2500 00020  
HPD02174900HPCPHT19820800110032200 00020  2300 00010  2500 00030  
HPD02174900HPCPHT19820800130040800 00010  0900 00010  1000 00020  2500 00040  
HPD02174900HPCPHT19820800140031300 00010  1500 00090  2500 00100  
HPD02174900HPCPHT19820800180022300 00010  2500 00010  
HPD02174900HPCPHT19820800190031700 00010  1800 00010  2500 00020  
HPD02174900HPCPHT19820800200022400 00010  2500 00010  
HPD02174900HPCPHT19820800210040100 00010  0200 00010  1100 00010  2500 00030  
HPD02174900HPCPHT19820800240022300 00010  2500 00010  
HPD02174900HPCPHT19820800300021500 00010  2500 00010  
HPD02174900HPCPHT19820900010020100 00000g 2500 00000  
HPD02174900HPCPHT19820900100051500 00010  1600 00040  1700 00010  2200 00010  2500 00070  
HPD02174900HPCPHT19820900110050600 00010  0700 00010  1200 00010  1400 00010  2500 00040  
HPD02174900HPCPHT19820900160021400 00010  2500 00010  
HPD02174900HPCPHT19820900210021100 00010  2500 00010  
HPD02174900HPCPHT19820900270061000 00030  1100 00070  1200 00030  1300 00010  1500 00010  2500 00150  
HPD02174900HPCPHT19820900280021800 00010  2500 00010  
HPD02174900HPCPHT19821000010020100 00000g 2500 00000  
HPD02174900HPCPHT19821000290021800 00010  2500 00010  
HPD02174900HPCPHT19821100010020100 00000g 2500 00000  
HPD02174900HPCPHT19821100080031900 00010  2400 00010  2500 00020  
HPD02174900HPCPHT19821100090070100 00010  0200 00010  0300 00010  0400 00010  0600 00010  1100 00010  2500 00060  
HPD02174900HPCPHT19821100100061200 00010  1400 00010  1600 00020  1900 00010  2000 00010  2500 00060  
HPD02174900HPCPHT19821100110030600 00010  1800 00010  2500 00020  
HPD02174900HPCPHT19821100170090200 00010  0500 00010  0900 00010  1400 00010  1600 00010  1700 00010  2000 00010  2400 00010  2500 00080  
HPD02174900HPCPHT19821100180030800 00010  1600 00010  2500 00020  
HPD02174900HPCPHT19821100240050600 00010  1000 00010  1800 00010  2100 00010  2500 00040  
HPD02174900HPCPHT19821100260021600 00010  2500 00010  
HPD02174900HPCPHT19821100290022400 00010  2500 00010  
HPD02174900HPCPHT19821100300160100 00010  0300 00010  0400 00010  0500 00010  0700 00010  0800 00010  1000 00010  1200 00020  1400 00010  1500 00010  1700 00010  1800 00020  1900 00010  2000 00040  2100 00040  2500 00230  
HPD02174900HPCPHT19821200010030100 00000g 0500 00010  2500 00010  
HPD02174900HPCPHT19821200020020100 00010  2500 00010  
HPD02174900HPCPHT19821200080022300 00010  2500 00010  
HPD02174900HPCPHT19821200090030900 00010  2400 00010  2500 00020  
HPD02174900HPCPHT19821200100100400 00010  0500 00010  0700 00010  0800 00010  1000 00010  1100 00010  1200 00010  1400 00010  1700 00010  2500 00090  
HPD02174900HPCPHT19821200110021500 00010  2500 00010  
HPD02174900HPCPHT19821200230080200 00010  0600 00010  0700 00010  0800 00010  0900 00030  1100 00010  1200 00010  2500 00090  
HPD02174900HPCPHT19821200300020800 00010  2500 00010  
HPD02174900HPCPHT19830100010020100 00000g 2500 00000  
HPD02174900HPCPHT19830100170021200 00010  2500 00010  
HPD02174900HPCPHT19830100210021500 00010  2500 00010  
HPD02174900HPCPHT19830100270042100 00030  2200 00010  2300 00010  2500 00050  
HPD02174900HPCPHT19830100280030100 00010  1200 00010  2500 00020  
HPD02174900HPCPHT19830100290061600 00010  1700 00010  1800 00010  1900 00010  2100 00010  2500 00050  
HPD02174900HPCPHT19830200010040100 00000g 0700 00010  1000 00010  2500 00020  
HPD02174900HPCPHT19830200020022300 00010  2500 00010  
HPD02174900HPCPHT19830200030060300 00010  0800 00020  1700 00010  1800 00010  1900 00010  2500 00060  
HPD02174900HPCPHT19830200040050200 00010  0800 00010  1200 00010  1300 00010  2500 00040  
HPD02174900HPCPHT19830200060020100 00010  2500 00010  
HPD02174900HPCPHT19830200070030600 00010  1500 00010  2500 00020  
HPD02174900HPCPHT19830200080051200 00010  1400 00010  1500 00010  1600 00010  2500 00040  
HPD02174900HPCPHT19830200140020700 00010  2500 00010  
HPD02174900HPCPHT19830300010020100 00000g 2500 00000  
HPD02174900HPCPHT19830300020021100 99999[ 2500 00000I 
HPD02174900HPCPHT19830300310022400 99999] 2500 00000I 
HPD02174900HPCPHT19830400010020100 99999[ 2500 00000I 
HPD02174900HPCPHT19830400040021100 99999] 2500 00000I 
HPD02174900HPCPHT19830400050022300 00010  2500 00010  
HPD02174900HPCPHT19830400060020900 00010  2500 00010  
HPD02174900HPCPHT19830400070021500 00010  2500 00010  
HPD02174900HPCPHT19830400120021200 00010  2500 00010  
HPD02174900HPCPHT19830400130020800 00010  2500 00010  
HPD02174900HPCPHT19830400180021200 00010  2500 00010  
HPD02174900HPCPHT19830400210031400 00010  1700 00020  2500 00030  
HPD02174900HPCPHT19830400220021800 00010  2500 00010  
HPD02174900HPCPHT19830500010020100 00000g 2500 00000  
HPD02174900HPCPHT19830500290021700 00010  2500 00010  
HPD02174900HPCPHT19830600010020100 00000g 2500 00000  
HPD02174900HPCPHT19830700010020100 00000g 2500 00000  
HPD02174900HPCPHT19830700070041600 00010  1900 00010  2400 00010  2500 00030  
HPD02174900HPCPHT19830700200021700 00010  2500 00010  
HPD02174900HPCPHT19830700210041300 00010  2200 00010  2400 00010  2500 00030  
HPD02174900HPCPHT19830700220020100 00010  2500 00010  
HPD02174900HPCPHT19830700230021600 00010  2500 00010  
HPD02174900HPCPHT19830700280021400 00010  2500 00010  
HPD02174900HPCPHT19830700300021900 00010  2500 00010  
HPD02174900HPCPHT19830800010030100 00000g 2200 00010  2500 00010  
HPD02174900HPCPHT19830800020040200 00010  0300 00010  0400 00010  2500 00030  
HPD02174900HPCPHT19830800030032000 00030  2100 00030  2500 00060  
HPD02174900HPCPHT19830800080021800 00010  2500 00010  
HPD02174900HPCPHT19830800090031500 00090  1600 00020  2500 00110  
HPD02174900HPCPHT19830800100021600 00010  2500 00010  
HPD02174900HPCPHT19830800140021800 00010  2500 00010  
HPD02174900HPCPHT19830800150022300 00010  2500 00010  
HPD02174900HPCPHT19830800160040900 00010  2100 00010  2200 00040  2500 00060  
HPD02174900HPCPHT19830800190021200 00010  2500 00010  
HPD02174900HPCPHT19830800230041900 00010  2000 00040  2100 00010  2500 00060  
HPD02174900HPCPHT19830800280031600 00010  1800 00010  2500 00020  
HPD02174900HPCPHT19830800310021400 00010  2500 00010  
HPD02174900HPCPHT19830900010020100 00000g 2500 00000  
HPD02174900HPCPHT19830900100021800 00020  2500 00020  
HPD02174900HPCPHT19830900130021700 00050  2500 00050  
HPD02174900HPCPHT19830900140021400 00010  2500 00010  
HPD02174900HPCPHT19830900180021800 00010  2500 00010  
HPD02174900HPCPHT19830900190022400 00010  2500 00010  
HPD02174900HPCPHT19830900200020100 00010  2500 00010  
HPD02174900HPCPHT19830900240021800 00010  2500 00010  
HPD02174900HPCPHT19830900260031600 00040  1800 00020  2500 00060  
HPD02174900HPCPHT19830900280060700 00020  0900 00010  1000 00010  2100 00010  2200 00010  2500 00060  
HPD02174900HPCPHT19830900290120800 00010  0900 00020  1000 00010  1100 00010  1300 00030  1400 00020  1500 00030  1600 00010  1700 00010  2100 00010  2300 00010  2500 00170  
HPD02174900HPCPHT19830900300080400 00010  0600 00020  0700 00010  0800 00010  1300 00010  1600 00010  1700 00030  2500 00100  
HPD02174900HPCPHT19831000010150100 00000g 0200 00010  0500 00010  0700 00010  0800 00010  0900 00020  1000 00040  1100 00020  1200 00030  1300 00020  1400 00010  1800 00010  2100 00010  2300 00010  2500 00210  
HPD02174900HPCPHT19831000020040100 00010  0400 00010  0600 00010  2500 00030  
HPD02174900HPCPHT19831000080040400 00020  0700 00010  0900 00010  2500 00040  
HPD02174900HPCPHT19831000230021400 00010  2500 00010  
HPD02174900HPCPHT19831000280021200 00010  2500 00010  
HPD02174900HPCPHT19831100010020100 00000g 2500 00000  
HPD02174900HPCPHT19831100180030900 00010  1500 00010  2500 00020  
HPD02174900HPCPHT19831100210130200 00010  0300 00010  0400 00010  0500 00030  0600 00010  0700 00010  0800 00020  1000 00010  1100 00010  1300 00010  1500 00010  2400 00010  2500 00150  
HPD02174900HPCPHT19831100220021100 00010  2500 00010  
HPD02174900HPCPHT19831100250021600 00010  2500 00010  
HPD02174900HPCPHT19831100260020100 00010  2500 00010  
HPD02174900HPCPHT19831200010030100 00000g 1600 00010  2500 00010  
HPD02174900HPCPHT19831200020090400 00010  0700 00010  0800 00010  0900 00020  1100 00010  1400 00010  1700 00010  2000 00010  2500 00090  
HPD02174900HPCPHT19831200040050300 00010  0500 00010  0700 00010  0800 00010  2500 00040  
HPD02174900HPCPHT19831200250051100 00010  1400 00020  1700 00010  2400 00010  2500 00050  
HPD02174900HPCPHT19831200260022000 00010  2500 00010  
HPD02174900HPCPHT19831200270060300 00010  0500 00010  0700 00010  0900 00010  2300 00010  2500 00050  
HPD02174900HPCPHT19840100010020100 00000g 2500 00000  
HPD02174900HPCPHT19840100040021000 00010  2500 00010  
HPD02174900HPCPHT19840100050041600 00010  1700 00010  1900 00010  2500 00030  
HPD02174900HPCPHT19840100130022200 00010  2500 00010  
HPD02174900HPCPHT19840100140030700 00010  1100 00010  2500 00020  
HPD02174900HPCPHT19840200010020100 00000g 2500 00000  
HPD02174900HPCPHT19840300010020100 00000g 2500 00000  
HPD02174900HPCPHT19840300270030100 00010  1700 00010  2500 00020  
HPD02174900HPCPHT19840400010020100 00000g 2500 00000  
HPD02174900HPCPHT19840400060031900 00010  2300 00010  2500 00020  
HPD02174900HPCPHT19840400070021300 00010  2500 00010  
HPD02174900HPCPHT19840400260030600 00010  1600 00010  2500 00020  
HPD02174900HPCPHT19840400280031400 00010  1700 00010  2500 00020  
HPD02174900HPCPHT19840400300031000 99999{ 2400 99999} 2500 00000P 
HPD02174900HPCPHT19840500010020100 00000g 2500 00000  
HPD02174900HPCPHT19840500130021900 00010  2500 00010  
HPD02174900HPCPHT19840600010020100 00000g 2500 00000  
HPD02174900HPCPHT19840600250060700 00030  0800 00020  0900 00020  1400 00010  2100 00010  2500 00090  
HPD02174900HPCPHT19840600260021400 00010  2500 00010  
HPD02174900HPCPHT19840600290021700 00010  2500 00010  
HPD02174900HPCPHT19840700010020100 00000g 2500 00000  
HPD02174900HPCPHT19840700020041800 00010  2300 00020  2400 00010  2500 00040  
HPD02174900HPCPHT19840700030020200 00010  2500 00010  
HPD02174900HPCPHT19840700040021000 00010  2500 00010  
HPD02174900HPCPHT19840700060021700 99999{ 2500 00000P 
HPD02174900HPCPHT19840700070021600 99999} 2500 00000P 
HPD02174900HPCPHT19840700120050200 00010  1500 00020  1600 00030  1700 00010  2500 00070  
HPD02174900HPCPHT19840700130021800 00010  2500 00010  
HPD02174900HPCPHT19840700170021800 00010  2500 00010  
HPD02174900HPCPHT19840700190032100 00030  2200 00010  2500 00040  
HPD02174900HPCPHT19840700200021400 00010  2500 00010  
HPD02174900HPCPHT19840700210021200 00010  2500 00010  
HPD02174900HPCPHT19840700230031500 00010  1700 00010  2500 00020  
HPD02174900HPCPHT19840700240021700 99999{ 2500 00000P 
HPD02174900HPCPHT19840700250021600 99999} 2500 00000P 
HPD02174900HPCPHT19840700280061300 00020  1400 00010  1700 00030  1800 00010  2400 00010  2500 00080  
HPD02174900HPCPHT19840700290060500 00010  1800 00010  2100 00010  2200 00010  2300 00010  2500 00050  
HPD02174900HPCPHT19840800010030100 00000g 1900 00010  2500 00010  
HPD02174900HPCPHT19840800040051800 00030  1900 00010  2000 00010  2100 00010  2500 00060  
HPD02174900HPCPHT19840800050031700 00140  1800 00010  2500 00150  
HPD02174900HPCPHT19840800100041800 00080  1900 00010  2000 00010  2500 00100  
HPD02174900HPCPHT19840800140022200 00010  2500 00010  
HPD02174900HPCPHT19840800180022200 00020  2500 00020  
HPD02174900HPCPHT19840800190021300 00010  2500 00010  
HPD02174900HPCPHT19840800220022300 00010  2500 00010  
HPD02174900HPCPHT19840800230041100 00010  1300 00010  1400 00010  2500 00030  
HPD02174900HPCPHT19840800270041500 00040  1600 00060  1800 00010  2500 00110  
HPD02174900HPCPHT19840900010030100 00000g 1900 00010  2500 00010  
HPD02174900HPCPHT19840900100032100 00010  2300 00010  2500 00020  
HPD02174900HPCPHT19840900110030300 00010  0400 00010  2500 00020  
HPD02174900HPCPHT19840900140021000 00010  2500 00010  
HPD02174900HPCPHT19840900170030300 00010  1400 00010  2500 00020  
HPD02174900HPCPHT19840900180021100 00010  2500 00010  
HPD02174900HPCPHT19840900210021500 00010  2500 00010  
HPD02174900HPCPHT19840900230020800 00010  2500 00010  
HPD02174900HPCPHT19840900250081300 00010  1400 00010  1600 00010  1700 00010  1800 00020  1900 00010  2100 00010  2500 00080  
HPD02174900HPCPHT19840900260130400 00010  0500 00020  0700 00010  0800 00030  1000 00010  1100 00040  1200 00020  1300 00010  1400 00030  1500 00010  1700 00010  1900 00010  2500 00210  
HPD02174900HPCPHT19841000010050100 00000g 1700 00010  1800 00020  1900 00030  2500 00060  
HPD02174900HPCPHT19841000020100500 00010  0900 00010  1000 00010  1100 00010  1300 00010  1400 00010  2000 00010  2100 00010  2300 00010  2500 00090  
HPD02174900HPCPHT19841000030040700 00020  0800 00020  1300 00010  2500 00050  
HPD02174900HPCPHT19841000040020200 00010  2500 00010  
HPD02174900HPCPHT19841000110022200 00010  2500 00010  
HPD02174900HPCPHT19841000120020900 00010  2500 00010  
HPD02174900HPCPHT19841000150051000 00010  1300 00010  1500 00020  1600 00010  2500 00050  
HPD02174900HPCPHT19841000210031300 00010  1400 00010  2500 00020  
HPD02174900HPCPHT19841000270021400 00010  2500 00010  
HPD02174900HPCPHT19841100010020100 00000g 2500 00000  
HPD02174900HPCPHT19841100170021400 00010  2500 00010  
HPD02174900HPCPHT19841100230100700 00010  0900 00010  1000 00010  1100 00010  1200 00010  1300 00010  1400 00010  1500 00010  1600 00010  2500 00090  
HPD02174900HPCPHT19841100240022300 00010  2500 00010  
HPD02174900HPCPHT19841100250070500 00010  0700 00010  0800 00010  0900 00010  1000 00020  1300 00010  2500 00070  
HPD02174900HPCPHT19841200010020100 00000g 2500 00000  
HPD02174900HPCPHT19841200030022400 00010  2500 00010  
HPD02174900HPCPHT19841200040021000 00010  2500 00010  
HPD02174900HPCPHT19841200080040700 00010  1700 00010  1800 00010  2500 00030  
HPD02174900HPCPHT19841200100051800 00010  2000 00010  2100 00010  2300 00010  2500 00040  
HPD02174900HPCPHT19841200110070100 00010  0900 00010  1000 00010  1100 00010  1300 00010  1900 00010  2500 00060  
HPD02174900HPCPHT19841200120021400 99999{ 2500 00000P 
HPD02174900HPCPHT19841200310022400 99999} 2500 00000P 
HPD02174900HPCPHT19850100010020100 99999{ 2500 00000P 
HPD02174900HPCPHT19850100080041200 99999} 1400 00010  1600 00010  2500 00020P 
HPD02174900HPCPHT19850100230030700 00010  2300 00010  2500 00020  
HPD02174900HPCPHT19850100240030200 00010  0800 00010  2500 00020  
HPD02174900HPCPHT19850100260110100 00010  0200 00010  0400 00010  0600 00020  0700 00010  0800 00010  1000 00010  1100 00010  1300 00010  1500 00010  2500 00110  
HPD02174900HPCPHT19850100270040200 00010  0700 00010  2400 00010  2500 00030  
HPD02174900HPCPHT19850100290030200 00010  1300 00010  2500 00020  
HPD02174900HPCPHT19850100310020200 00010  2500 00010  
HPD02174900HPCPHT19850200010020100 00000g 2500 00000  
HPD02174900HPCPHT19850200020032100 00010  2400 00010  2500 00020  
HPD02174900HPCPHT19850200030040400 00010  0500 00010  0800 00010  2500 00030  
HPD02174900HPCPHT19850200040030200 00010  0600 00010  2500 00020  
HPD02174900HPCPHT19850200100020200 00010  2500 00010  
HPD02174900HPCPHT19850200210050800 00010  1000 00010  1200 00010  1300 00010  2500 00040  
HPD02174900HPCPHT19850200220070800 00010  1000 00010  1100 00010  1500 00010  1800 00010  2300 00010  2500 00060  
HPD02174900HPCPHT19850200280020400 00010  2500 00010  
HPD02174900HPCPHT19850300010020100 00000g 2500 00000  
HPD02174900HPCPHT19850300070022100 00010  2500 00010  
HPD02174900HPCPHT19850300110041700 00010  2000 00010  2400 00010  2500 00030  
HPD02174900HPCPHT19850300120050200 00010  0400 00010  0600 00010  0800 00010  2500 00040  
HPD02174900HPCPHT19850300140020400 00010  2500 00010  
HPD02174900HPCPHT19850300150060700 00010  0800 00010  0900 00020  1000 00010  1300 00010  2500 00060  
HPD02174900HPCPHT19850300160020200 00010  2500 00010  
HPD02174900HPCPHT19850300190020900 00010  2500 00010  
HPD02174900HPCPHT19850300220021600 00010  2500 00010  
HPD02174900HPCPHT19850300280022400 00010  2500 00010  
HPD02174900HPCPHT19850300290050100 00010  0700 00010  1200 00010  1800 00010  2500 00040  
HPD02174900HPCPHT19850400010020100 00000g 2500 00000  
HPD02174900HPCPHT19850400040021500 00010  2500 00010  
HPD02174900HPCPHT19850400180021000 00010  2500 00010  
HPD02174900HPCPHT19850400210020300 00010  2500 00010  
HPD02174900HPCPHT19850400220021500 00010  2500 00010  
HPD02174900HPCPHT19850400260040600 00010  0900 00010  1200 00010  2500 00030  
HPD02174900HPCPHT19850400270061600 00010  2100 00010  2200 00010  2300 00020  2400 00010  2500 00060  
HPD02174900HPCPHT19850400280022300 00010  2500 00010  
HPD02174900HPCPHT19850500010020100 00000g 2500 00000  
HPD02174900HPCPHT19850500020021800 00010  2500 00010  
HPD02174900HPCPHT19850500170021800 00010  2500 00010  
HPD02174900HPCPHT19850600010020100 00000g 2500 00000  
HPD02174900HPCPHT19850700010020100 00000g 2500 00000  
HPD02174900HPCPHT19850700130021400 00010  2500 00010  
HPD02174900HPCPHT19850700200060100 00030  0200 00010  0300 00010  0400 00010  2100 00010  2500 00070  
HPD02174900HPCPHT19850700220021700 00010  2500 00010  
HPD02174900HPCPHT19850700240021900 00010  2500 00010  
HPD02174900HPCPHT19850700270041500 00010  1600 00010  1800 00010  2500 00030  
HPD02174900HPCPHT19850700300020200 00010  2500 00010  
HPD02174900HPCPHT19850700310021900 00010  2500 00010  
HPD02174900HPCPHT19850800010030100 00000g 1000 99999a 2500 00000I 
HPD02174900HPCPHT19850800310022400 00240A 2500 00240P 
HPD02174900HPCPHT19850900010020100 99999a 2500 00000I 
HPD02174900HPCPHT19850900020031000 00010A 1700 00010  2500 00020P 
HPD02174900HPCPHT19850900060031700 00010  2200 00010  2500 00020  
HPD02174900HPCPHT19850900070020600 00010  2500 00010  
HPD02174900HPCPHT19850900110031000 00010  1200 00010  2500 00020  
HPD02174900HPCPHT19850900170022100 00010  2500 00010  
HPD02174900HPCPHT19850900180130100 00010  0300 00030  0400 00030  0500 00010  0700 00030  0800 00010  1000 00010  1100 00030  1200 00030  1400 00010  1500 00010  1600 00010  2500 00220  
HPD02174900HPCPHT19850900190032000 00010  2100 00010  2500 00020  
HPD02174900HPCPHT19850900270031800 00020  1900 00010  2500 00030  
HPD02174900HPCPHT19850900280100300 00010  0400 00010  0500 00010  0600 00010  0700 00010  0800 00010  0900 00010  1000 00020  1200 00010  2500 00100  
HPD02174900HPCPHT19851000010030100 99999{ 0900 99999} 2500 00000P 
HPD02174900HPCPHT19851000040021100 00010  2500 00010  
HPD02174900HPCPHT19851000090031100 00010  1300 00010  2500 00020  
HPD02174900HPCPHT19851000100061600 00020  1700 00010  1900 00010  2000 00010  2200 00010  2500 00060  
HPD02174900HPCPHT19851000170060200 00010  0300 00020  0400 00020  0500 00010  0900 00010  2500 00070  
HPD02174900HPCPHT19851000310021500 00010  2500 00010  
HPD02174900HPCPHT19851100010020100 00000g 2500 00000  
HPD02174900HPCPHT19851100110060500 00010  0700 00010  0900 00010  1300 00010  1700 00010  2500 00050  
HPD02174900HPCPHT19851100120060700 00010  0800 00020  0900 00010  1300 00010  1600 00010  2500 00060  
HPD02174900HPCPHT19851100160021400 00010  2500 00010  
HPD02174900HPCPHT19851100240022100 00010  2500 00010  
HPD02174900HPCPHT19851100250081200 00010  1600 00010  2000 00010  2100 00010  2200 00020  2300 00010  2400 00010  2500 00080  
HPD02174900HPCPHT19851100260070100 00010  0200 00010  0300 00030  0500 00010  0800 00010  0900 00010  2500 00080  
HPD02174900HPCPHT19851100290042100 00010  2300 00010  2400 00010  2500 00030  
HPD02174900HPCPHT19851100300050100 00020  0200 00010  0300 00010  0400 00010  2500 00050  
HPD02174900HPCPHT19851200010020100 00000g 2500 00000  
HPD02174900HPCPHT19851200110050900 00010  1300 00010  1600 00010  2000 00010  2500 00040  
HPD02174900HPCPHT19851200120030100 00010  0500 00010  2500 00020  
HPD02174900HPCPHT19851200310021800 00010  2500 00010  
HPD02174900HPCPHT19860100010020100 00000g 2500 00000  
HPD02174900HPCPHT19860100300031800 00010  2300 00010  2500 00020  
HPD02174900HPCPHT19860200010040100 00000g 0300 00010  0500 00010  2500 00020  
HPD02174900HPCPHT19860200040020500 00010  2500 00010  
HPD02174900HPCPHT19860200060022000 00010  2500 00010  
HPD02174900HPCPHT19860200080051600 00010  1800 00010  2300 00010  2400 00010  2500 00040  
HPD02174900HPCPHT19860200090030200 00010  0900 00010  2500 00020  
HPD02174900HPCPHT19860200150061700 00010  1900 00010  2100 00010  2300 00010  2400 00010  2500 00050  
HPD02174900HPCPHT19860200160030100 00010  0200 00010  2500 00020  
HPD02174900HPCPHT19860300010020100 00000g 2500 00000  
HPD02174900HPCPHT19860300020021500 00010  2500 00010  
HPD02174900HPCPHT19860300090020600 00010  2500 00010  
HPD02174900HPCPHT19860300100030900 00010  1800 00010  2500 00020  
HPD02174900HPCPHT19860300110080200 00010  0500 00010  0600 00010  0900 00020  1100 00010  1700 00020  1900 00010  2500 00090  
HPD02174900HPCPHT19860300120051900 00010  2200 00010  2300 00010  2400 00010  2500 00040  
HPD02174900HPCPHT19860300130021000 00010  2500 00010  
HPD02174900HPCPHT19860300140060100 00010  0500 00010  0700 00010  0900 00010  1100 00010  2500 00050  
HPD02174900HPCPHT19860300160041300 00010  2100 00010  2400 00010  2500 00030  
HPD02174900HPCPHT19860300170040200 00010  0900 00010  1300 00010  2500 00030  
HPD02174900HPCPHT19860300180020800 00010  2500 00010  
HPD02174900HPCPHT19860400010030100 00000g 2100 00010  2500 00010  
HPD02174900HPCPHT19860400020020200 00010  2500 00010  
HPD02174900HPCPHT19860500010020100 00000g 2500 00000  
HPD02174900HPCPHT19860500160022000 00010  2500 00010  
HPD02174900HPCPHT19860500310022300 00010  2500 00010  
HPD02174900HPCPHT19860600010030100 00000g 2200 00010  2500 00010  
HPD02174900HPCPHT19860600020031700 00010  1800 00030  2500 00040  
HPD02174900HPCPHT19860600030031400 00020  1800 00010  2500 00030  
HPD02174900HPCPHT19860600160022000 00020  2500 00020  
HPD02174900HPCPHT19860600250021000 99999[ 2500 00000I 
HPD02174900HPCPHT19860600300022400 99999] 2500 00000I 
HPD02174900HPCPHT19860700010020100 00000g 2500 00000  
HPD02174900HPCPHT19860700020021600 00020  2500 00020  
HPD02174900HPCPHT19860700040021300 00030  2500 00030  
HPD02174900HPCPHT19860700140041700 00010  2000 00010  2200 00010  2500 00030  
HPD02174900HPCPHT19860700150041400 00050  1500 00060  1900 00010  2500 00120  
HPD02174900HPCPHT19860700160041500 00010  1600 00010  2000 00020  2500 00040  
HPD02174900HPCPHT19860700170020900 00010  2500 00010  
HPD02174900HPCPHT19860700180031900 00010  2100 00010  2500 00020  
HPD02174900HPCPHT19860700200041500 00080  2200 00010  2400 00010  2500 00100  
HPD02174900HPCPHT19860700210041400 00010  1600 00010  1700 00010  2500 00030  
HPD02174900HPCPHT19860800010020100 00000g 2500 00000  
HPD02174900HPCPHT19860800020031500 00020  1600 00010  2500 00030  
HPD02174900HPCPHT19860800030021000 00010  2500 00010  
HPD02174900HPCPHT19860800080031600 00020  1700 00010  2500 00030  
HPD02174900HPCPHT19860800090021800 00020  2500 00020  
HPD02174900HPCPHT19860800120040300 00010  0500 00010  1000 00010  2500 00030  
HPD02174900HPCPHT19860800130021700 00010  2500 00010  
HPD02174900HPCPHT19860800230021500 00010  2500 00010  
HPD02174900HPCPHT19860800270020100 00010  2500 00010  
HPD02174900HPCPHT19860800280050600 00010  0700 00010  0900 00010  2400 00010  2500 00040  
HPD02174900HPCPHT19860800290060100 00040  0200 00010  0500 00010  0600 00010  1600 00010  2500 00080  
HPD02174900HPCPHT19860800300021400 00010  2500 00010  
HPD02174900HPCPHT19860900010030100 00000g 1900 00010  2500 00010  
HPD02174900HPCPHT19860900090021200 00020  2500 00020  
HPD02174900HPCPHT19860900100021200 00010  2500 00010  
HPD02174900HPCPHT19860900230091600 00030  1700 00020  1900 00010  2000 00020  2100 00010  2200 00050  2300 00020  2400 00010  2500 00170  
HPD02174900HPCPHT19860900240050100 00010  0200 00030  0300 00010  0400 00010  2500 00060  
HPD02174900HPCPHT19861000010020100 00000g 2500 00000  
HPD02174900HPCPHT19861000030030800 99999{ 1000 99999} 2500 00000P 
HPD02174900HPCPHT19861000080021700 00010  2500 00010  
HPD02174900HPCPHT19861000090031600 00010  2100 00010  2500 00020  
HPD02174900HPCPHT19861000100050100 00010  0300 00010  0700 00020  1000 00010  2500 00050  
HPD02174900HPCPHT19861000110051600 00020  1800 00050  1900 00020  2000 00010  2500 00100  
HPD02174900HPCPHT19861000150021600 00010  2500 00010  
HPD02174900HPCPHT19861100010020100 00000g 2500 00000  
HPD02174900HPCPHT19861100020080100 00010  0200 00010  1000 00010  1100 00010  1200 00020  1400 00010  1600 00010  2500 00080  
HPD02174900HPCPHT19861100030061100 00010  1800 00010  1900 00020  2100 00010  2300 00010  2500 00060  
HPD02174900HPCPHT19861100180061400 00010  1600 00010  1700 00010  1800 00050  2200 00010  2500 00090  
HPD02174900HPCPHT19861100190021900 00010  2500 00010  
HPD02174900HPCPHT19861200010020100 00000g 2500 00000  
HPD02174900HPCPHT19861200060060300 00010  0700 00010  1000 00010  1100 00010  1700 00010  2500 00050  
HPD02174900HPCPHT19861200070050100 00010  1000 00010  1100 00010  2000 00010  2500 00040  
HPD02174900HPCPHT19861200080020400 00010  2500 00010  
HPD02174900HPCPHT19861200170060500 00010  0600 00010  0700 00010  1600 00020  1700 00010  2500 00060  
HPD02174900HPCPHT19861200200021900 00010  2500 00010  
HPD02174900HPCPHT19870100010020100 00000g 2500 00000  
HPD02174900HPCPHT19870100050050800 00010  1000 00010  1300 00010  1600 00010  2500 00040  
HPD02174900HPCPHT19870100070022100 00010  2500 00010  
HPD02174900HPCPHT19870100150051300 00010  2100 00010  2200 00010  2300 00010  2500 00040  
HPD02174900HPCPHT19870100160021200 00010  2500 00010  
HPD02174900HPCPHT19870100190022300 00010  2500 00010  
HPD02174900HPCPHT19870100200020100 00010  2500 00010  
HPD02174900HPCPHT19870100300032200 00010  2300 00010  2500 00020  
HPD02174900HPCPHT19870100310040100 00020  0300 00020  1100 00010  2500 00050  
HPD02174900HPCPHT19870200010020100 00000g 2500 00000  
HPD02174900HPCPHT19870200180041400 00010  1700 00010  1800 00010  2500 00030  
HPD02174900HPCPHT19870200190022000 00010  2500 00010  
HPD02174900HPCPHT19870200200030100 00010  0500 00010  2500 00020  
HPD02174900HPCPHT19870200240070500 00010  1000 00010  1600 00010  1800 00010  2000 00010  2300 00010  2500 00060  
HPD02174900HPCPHT19870200250060400 00010  0900 00010  1100 00010  1300 00010  1800 00010  2500 00050  
HPD02174900HPCPHT19870200260030500 00010  1200 00010  2500 00020  
HPD02174900HPCPHT19870300010020100 00000g 2500 00000  
HPD02174900HPCPHT19870300150051600 00010  1700 00010  2000 00010  2300 00010  2500 00040  
HPD02174900HPCPHT19870300160041100 00010  1300 00010  1700 00010  2500 00030  
HPD02174900HPCPHT19870300220020900 00010  2500 00010  
HPD02174900HPCPHT19870300240020900 00010  2500 00010  
HPD02174900HPCPHT19870400010020100 00000g 2500 00000  
HPD02174900HPCPHT19870400040020400 00010  2500 00010  
HPD02174900HPCPHT19870400070021500 00010  2500 00010  
HPD02174900HPCPHT19870400240022000 00020  2500 00020  
HPD02174900HPCPHT19870400250031500 00020  1600 00050  2500 00070  
HPD02174900HPCPHT19870400270041700 00040  1800 00010  2200 00010  2500 00060  
HPD02174900HPCPHT19870400290021600 00010  2500 00010  
HPD02174900HPCPHT19870500010020100 00000g 2500 00000  
HPD02174900HPCPHT19870500100021500 00020  2500 00020  
HPD02174900HPCPHT19870500110021200 00010  2500 00010  
HPD02174900HPCPHT19870500150021800 00010  2500 00010  
HPD02174900HPCPHT19870500200051100 00010  1200 00010  1400 00010  1900 00010  2500 00040  
HPD02174900HPCPHT19870500270021600 99999[ 2500 00000I 
HPD02174900HPCPHT19870500310022400 99999] 2500 00000I 
HPD02174900HPCPHT19870600010020100 00000g 2500 00000  
HPD02174900HPCPHT19870600040031700 00050  2400 99999a 2500 00050I 
HPD02174900HPCPHT19870600250021500 00030A 2500 00030P 
HPD02174900HPCPHT19870700010020100 00000g 2500 00000  
HPD02174900HPCPHT19870700150021200 00010  2500 00010  
HPD02174900HPCPHT19870700240021800 00010  2500 00010  
HPD02174900HPCPHT19870700250041700 00020  1800 00010  2200 00010  2500 00040  
HPD02174900HPCPHT19870700260020200 99999{ 2500 00000P 
HPD02174900HPCPHT19870700310022400 99999} 2500 00000P 
HPD02174900HPCPHT19870800010020100 99999{ 2500 00000P 
HPD02174900HPCPHT19870800070020800 99999} 2500 00000P 
HPD02174900HPCPHT19870800080031600 00020  1700 00010  2500 00030  
HPD02174900HPCPHT19870800100021500 00010  2500 00010  
HPD02174900HPCPHT19870800110021500 99999{ 2500 00000P 
HPD02174900HPCPHT19870800200021000 99999} 2500 00000P 
HPD02174900HPCPHT19870800230020100 00010  2500 00010  
HPD02174900HPCPHT19870900010020100 00000g 2500 00000  
HPD02174900HPCPHT19870900030021800 00010  2500 00010  
HPD02174900HPCPHT19870900090021400 00010  2500 00010  
HPD02174900HPCPHT19870900230042200 00030  2300 00020  2400 00010  2500 00060  
HPD02174900HPCPHT19870900240020500 00010  2500 00010  
HPD02174900HPCPHT19870900270021500 00010  2500 00010  
HPD02174900HPCPHT19871000010020100 00000g 2500 00000  
HPD02174900HPCPHT19871000130021300 00010  2500 00010  
HPD02174900HPCPHT19871000230050400 00010  0500 00010  0700 00010  1000 00010  2500 00040  
HPD02174900HPCPHT19871000240020800 00010  2500 00010  
HPD02174900HPCPHT19871000290041300 00010  2000 00010  2300 00010  2500 00030  
HPD02174900HPCPHT19871000310091000 00010  1200 00010  1500 00010  1600 00020  1700 00010  1900 00010  2000 00010  2100 00010  2500 00090  
HPD02174900HPCPHT19871100010100100 00010  0600 00010  0800 00020  0900 00040  1000 00020  1100 00010  1200 00010  1300 00010  2000 00010  2500 00140  
HPD02174900HPCPHT19871100050020800 00010  2500 00010  
HPD02174900HPCPHT19871100070021300 00010  2500 00010  
HPD02174900HPCPHT19871100140031600 00010  1800 00010  2500 00020  
HPD02174900HPCPHT19871100150021000 00010  2500 00010  
HPD02174900HPCPHT19871200010020100 00000g 2500 00000  
HPD02174900HPCPHT19871200020021000 99999a 2500 00000I 
HPD02174900HPCPHT19871200140022300 00040A 2500 00040P 
HPD02174900HPCPHT19871200160031800 00010  2000 00010  2500 00020  
HPD02174900HPCPHT19871200170070700 00010  1000 00010  1100 00010  1200 00020  1300 00010  1600 00010  2500 00070  
HPD02174900HPCPHT19871200180021400 00010  2500 00010  
HPD02174900HPCPHT19871200200021400 00010  2500 00010  
HPD02174900HPCPHT19871200250031500 00010  1600 00010  2500 00020  
HPD02174900HPCPHT19871200260031400 00010  1500 00010  2500 00020  
HPD02174900HPCPHT19880100010020100 00000g 2500 00000  
HPD02174900HPCPHT19880100050022000 00010  2500 00010  
HPD02174900HPCPHT19880100060030300 00010  0600 00010  2500 00020  
HPD02174900HPCPHT19880100160020600 00010  2500 00010  
HPD02174900HPCPHT19880100170081500 00010  1600 00010  1800 00010  1900 00010  2000 00020  2100 00010  2200 00020  2500 00090  
HPD02174900HPCPHT19880100180080300 00010  0800 00010  0900 00010  1000 00010  1200 00010  1300 00030  2200 00010  2500 00090  
HPD02174900HPCPHT19880200010020100 00000g 2500 00000  
HPD02174900HPCPHT19880200020070600 00010  1300 00010  1400 00010  1800 00010  2200 00010  2400 00010  2500 00060  
HPD02174900HPCPHT19880200030060100 00010  0400 00020  0500 00010  0600 00010  0800 00010  2500 00060  
HPD02174900HPCPHT19880300010020100 00000g 2500 00000  
HPD02174900HPCPHT19880400010020100 00000g 2500 00000  
HPD02174900HPCPHT19880400140040200 00010  0300 00010  1200 00010  2500 00030  
HPD02174900HPCPHT19880400150022100 00010  2500 00010  
HPD02174900HPCPHT19880400160040200 00010  0300 00010  1200 00010  2500 00030  
HPD02174900HPCPHT19880400170070400 00010  0700 00010  1000 00010  1200 00010  1400 00010  1600 00010  2500 00060  
HPD02174900HPCPHT19880400190020300 99999{ 2500 00000P 
HPD02174900HPCPHT19880400300022400 99999} 2500 00000P 
HPD02174900HPCPHT19880500010020100 00000g 2500 00000  
HPD02174900HPCPHT19880600010020100 00000g 2500 00000  
HPD02174900HPCPHT19880600240032100 00010  2300 00010  2500 00020  
HPD02174900HPCPHT19880700010020100 00000g 2500 00000  
HPD02174900HPCPHT19880700050021100 00010  2500 00010  
HPD02174900HPCPHT19880700100021100 00010  2500 00010  
HPD02174900HPCPHT19880700170021500 00020  2500 00020  
HPD02174900HPCPHT19880700180031500 00010  1900 00070  2500 00080  
HPD02174900HPCPHT19880700210021000 00010  2500 00010  
HPD02174900HPCPHT19880700270041300 00030  1400 00010  1500 00010  2500 00050  
HPD02174900HPCPHT19880700290041400 00010  2200 00020  2400 00010  2500 00040  
HPD02174900HPCPHT19880700300022300 00010  2500 00010  
HPD02174900HPCPHT19880800010030100 00000g 1300 00010  2500 00010  
HPD02174900HPCPHT19880800040041600 00010  1700 00030  1800 00010  2500 00050  
HPD02174900HPCPHT19880800060030300 00010  0900 99999{ 2500 00010P 
HPD02174900HPCPHT19880800310022400 99999} 2500 00000P 
HPD02174900HPCPHT19880900010020100 99999{ 2500 00000P 
HPD02174900HPCPHT19880900070021100 99999} 2500 00000P 
HPD02174900HPCPHT19880900090021000 99999{ 2500 00000P 
HPD02174900HPCPHT19880900120021600 99999} 2500 00000P 
HPD02174900HPCPHT19880900200031700 00010  2300 00010  2500 00020  
HPD02174900HPCPHT19880900220020700 99999{ 2500 00000P 
HPD02174900HPCPHT19880900300021300 99999} 2500 00000P 
HPD02174900HPCPHT19881000010020100 00000g 2500 00000  
HPD02174900HPCPHT19881000110021700 00010  2500 00010  
HPD02174900HPCPHT19881000140061400 00010  1600 00030  1700 00010  1800 00010  2000 00010  2500 00070  
HPD02174900HPCPHT19881000180021000 00010  2500 00010  
HPD02174900HPCPHT19881000190020900 00010  2500 00010  
HPD02174900HPCPHT19881100010020100 00000g 2500 00000  
HPD02174900HPCPHT19881100110020600 00010  2500 00010  
HPD02174900HPCPHT19881100140022200 00010  2500 00010  
HPD02174900HPCPHT19881100240031100 00010  2200 00010  2500 00020  
HPD02174900HPCPHT19881100250030900 00010  2200 00010  2500 00020  
HPD02174900HPCPHT19881100260020900 00010  2500 00010  
HPD02174900HPCPHT19881200010020100 00000g 2500 00000  
HPD02174900HPCPHT19881200070022300 00020  2500 00020  
HPD02174900HPCPHT19881200080030100 00010  0200 00010  2500 00020  
HPD02174900HPCPHT19881200190020500 00010  2500 00010  
HPD02174900HPCPHT19881200250031000 00010  2200 00010  2500 00020  
HPD02174900HPCPHT19881200260021000 00010  2500 00010  
HPD02174900HPCPHT19890100010020100 00000g 2500 00000  
HPD02174900HPCPHT19890100040070600 00010  0800 00020  0900 00020  1100 00010  1800 00010  2100 00010  2500 00080  
HPD02174900HPCPHT19890100060041100 00010  1600 00010  1800 00010  2500 00030  
HPD02174900HPCPHT19890100240031700 00010  2100 00010  2500 00020  
HPD02174900HPCPHT19890100270050100 00010  0400 00020  1000 00020  1200 00010  2500 00060  
HPD02174900HPCPHT19890100280021000 00010  2500 00010  
HPD02174900HPCPHT19890200010020100 00000g 2500 00000  
HPD02174900HPCPHT19890200050050800 00010  1500 00010  1700 00010  1900 00010  2500 00040  
HPD02174900HPCPHT19890300010020100 00000g 2500 00000  
HPD02174900HPCPHT19890300020021700 00010  2500 00010  
HPD02174900HPCPHT19890300030031100 00010  1500 00010  2500 00020  
HPD02174900HPCPHT19890300260140200 00030  0300 00010  0400 00020  0500 00010  0800 00030  0900 00020  1000 00010  1100 00020  1200 00010  1300 00020  1400 00010  1500 00010  1700 00010  2500 00210  
HPD02174900HPCPHT19890400010020100 00000g 2500 00000  
HPD02174900HPCPHT19890400040020900 99999[ 2500 00000I 
HPD02174900HPCPHT19890400070021300 99999] 2500 00000I 
HPD02174900HPCPHT19890500010020100 00000g 2500 00000  
HPD02174900HPCPHT19890500160030500 00010  1200 00010  2500 00020  
HPD02174900HPCPHT19890600010020100 00000g 2500 00000  
HPD02174900HPCPHT19890600090021400 99999[ 2500 00000I 
HPD02174900HPCPHT19890600190020900 99999] 2500 00000I 
HPD02174900HPCPHT19890700010020100 00000g 2500 00000  
HPD02174900HPCPHT19890700090041700 00010  2200 00010  2300 00010  2500 00030  
HPD02174900HPCPHT19890700110020800 00010  2500 00010  
HPD02174900HPCPHT19890700170031800 00010  1900 00020  2500 00030  
HPD02174900HPCPHT19890700200021800 00010  2500 00010  
HPD02174900HPCPHT19890700240021300 00010  2500 00010  
HPD02174900HPCPHT19890700250031300 00010  1600 00010  2500 00020  
HPD02174900HPCPHT19890700270021600 00010  2500 00010  
HPD02174900HPCPHT19890800010020100 00000g 2500 00000  
HPD02174900HPCPHT19890800030021600 00010  2500 00010  
HPD02174900HPCPHT19890800120031400 00030  1500 00030  2500 00060  
HPD02174900HPCPHT19890800180080100 00030  0300 00010  0500 00010  0600 00010  0700 00010  0900 00010  1000 00010  2500 00090  
HPD02174900HPCPHT19890800300021500 00020  2500 00020  
HPD02174900HPCPHT19890900010020100 00000g 2500 00000  
HPD02174900HPCPHT19890900030041000 00010  1900 00020  2000 00010  2500 00040  
HPD02174900HPCPHT19890900180020900 00010  2500 00010  
HPD02174900HPCPHT19891000010020100 00000g 2500 00000  
HPD02174900HPCPHT19891000040021100 99999{ 2500 00000P 
HPD02174900HPCPHT19891000310022400 99999} 2500 00000P 
HPD02174900HPCPHT19891100010020100 99999{ 2500 00000P 
HPD02174900HPCPHT19891100300022400 99999} 2500 00000P 
HPD02174900HPCPHT19891200010030100 99999{ 0700 99999} 2500 00000P 
HPD02174900HPCPHT19891200280032300 00010  2400 00010  2500 00020  
HPD02174900HPCPHT19891200290060300 00010  0600 00010  0700 00010  0800 00010  1000 00010  2500 00050  
HPD02174900HPCPHT19900100010020100 00000g 2500 00000  
HPD02174900HPCPHT19900100020022000 00010  2500 00010  
HPD02174900HPCPHT19900100030030700 00010  1100 00010  2500 00020  
HPD02174900HPCPHT19900100040021000 99999{ 2500 00000P 
HPD02174900HPCPHT19900100310022400 99999} 2500 00000P 
HPD02174900HPCPHT19900200010020100 00000g 2500 00000  
HPD02174900HPCPHT19900200040021100 99999{ 2500 00000P 
HPD02174900HPCPHT19900200280022400 99999} 2500 00000P 
HPD02174900HPCPHT19900300010020100 99999{ 2500 00000P 
HPD02174900HPCPHT19900300120030900 99999} 1000 99999[ 2500 00000P 
HPD02174900HPCPHT19900300310022400 99999] 2500 00000I 
HPD02174900HPCPHT19900400010020100 00000g 2500 00000  
HPD02174900HPCPHT19900400040020900 99999{ 2500 00000P 
HPD02174900HPCPHT19900400300022400 99999} 2500 00000P 
HPD02174900HPCPHT19900500010020100 99999{ 2500 00000P 
HPD02174900HPCPHT19900500310022400 99999} 2500 00000P 
HPD02174900HPCPHT19900600010020100 99999{ 2500 00000P 
HPD02174900HPCPHT19900600300022400 99999} 2500 00000P 
HPD02174900HPCPHT19900700010020100 99999{ 2500 00000P 
HPD02174900HPCPHT19900700300021300 99999} 2500 00000P 
HPD02174900HPCPHT19900800010020100 99999{ 2500 00000P 
HPD02174900HPCPHT19900800310022400 99999} 2500 00000P 
HPD02174900HPCPHT19900900010020100 99999{ 2500 00000P 
HPD02174900HPCPHT19900900300022400 99999} 2500 00000P 
HPD02174900HPCPHT19901000010020100 99999{ 2500 00000P 
HPD02174900HPCPHT19901000310022400 99999} 2500 00000P 
HPD02174900HPCPHT19901100010020100 99999{ 2500 00000P 
HPD02174900HPCPHT19901100300022400 99999} 2500 00000P 
HPD02174900HPCPHT19901200010020100 99999{ 2500 00000P 
HPD02174900HPCPHT19901200310022400 99999} 2500 00000P 
HPD02174900HPCPHT19910100010020100 00000g 2500 00000  
HPD02174900HPCPHT19910100050021200 99999[ 2500 00000I 
HPD02174900HPCPHT19910100310022400 99999] 2500 00000I 
HPD02174900HPCPHT19910200010020100 99999[ 2500 00000I 
HPD02174900HPCPHT19910200030031500 99999] 1600 99999{ 2500 00000P 
HPD02174900HPCPHT19910200280022400 99999} 2500 00000P 
HPD02174900HPCPHT19910300010020100 99999{ 2500 00000P 
HPD02174900HPCPHT19910300050021100 99999} 2500 00000P 
HPD02174900HPCPHT19910300140020900 00010  2500 00010  
HPD02174900HPCPHT19910300150022400 00010  2500 00010  
HPD02174900HPCPHT19910300160021000 00010  2500 00010  
HPD02174900HPCPHT19910300190071200 00010  1300 00010  1400 00010  1500 00010  1600 00010  1700 00010  2500 00060  
HPD02174900HPCPHT19910300200042000 00010  2200 00010  2400 00010  2500 00030  
HPD02174900HPCPHT19910300210070300 00010  0800 00010  1000 00010  1300 00010  2000 00010  2300 00010  2500 00060  
HPD02174900HPCPHT19910300220030100 00010  0200 00010  2500 00020  
HPD02174900HPCPHT19910300260070400 00010  1000 00010  1100 00020  1200 00010  1300 00010  1500 00010  2500 00070  
HPD02174900HPCPHT19910300270031800 00010  2100 00010  2500 00020  
HPD02174900HPCPHT19910300280021000 00010  2500 00010  
HPD02174900HPCPHT19910400010020100 99999{ 2500 00000P 
HPD02174900HPCPHT19910400300022400 99999} 2500 00000P 
HPD02174900HPCPHT19910500010020100 00000g 2500 00000  
HPD02174900HPCPHT19910500310041000 00020  1100 00010  1300 00010  2500 00040  
HPD02174900HPCPHT19910600010020100 00000g 2500 00000  
HPD02174900HPCPHT19910600020021300 99999{ 2500 00000P 
HPD02174900HPCPHT19910600300022400 99999} 2500 00000P 
HPD02174900HPCPHT19910700010020100 99999{ 2500 00000P 
HPD02174900HPCPHT19910700310022400 99999} 2500 00000P 
HPD02174900HPCPHT19910800010020100 99999{ 2500 00000P 
HPD02174900HPCPHT19910800310022400 99999} 2500 00000P 
HPD02174900HPCPHT19910900010020100 99999{ 2500 00000P 
HPD02174900HPCPHT19910900300022400 99999} 2500 00000P 
HPD02174900HPCPHT19911000010020100 99999{ 2500 00000P 
HPD02174900HPCPHT19911000310022400 99999} 2500 00000P 
HPD02174900HPCPHT19911100010020100 99999{ 2500 00000P 
HPD02174900HPCPHT19911100300022400 99999} 2500 00000P 
HPD02174900HPCPHT19911200010020100 99999{ 2500 00000P 
HPD02174900HPCPHT19911200310022400 99999} 2500 00000P 
HPD02174900HPCPHT19920100010020100 99999[ 2500 00000I 
HPD02174900HPCPHT19920100040031400 99999] 1500 99999{ 2500 00000P 
HPD02174900HPCPHT19920100310022400 99999} 2500 00000P 
HPD02174900HPCPHT19920200010020100 00000g 2500 00000  
HPD02174900HPCPHT19920200040021100 99999{ 2500 00000P 
HPD02174900HPCPHT19920200290022400 99999} 2500 00000P 
HPD02174900HPCPHT19920300010020100 99999{ 2500 00000P 
HPD02174900HPCPHT19920300310022400 99999} 2500 00000P 
HPD02174900HPCPHT19920400010020100 99999{ 2500 00000P 
HPD02174900HPCPHT19920400300022400 99999} 2500 00000P 
HPD02174900HPCPHT19920500010020100 99999{ 2500 00000P 
HPD02174900HPCPHT19920500310022400 99999} 2500 00000P 
HPD02174900HPCPHT19920600010020100 99999{ 2500 00000P 
HPD02174900HPCPHT19920600300022400 99999} 2500 00000P 
HPD02174900HPCPHT19920700010020100 99999{ 2500 00000P 
HPD02174900HPCPHT19920700310022400 99999} 2500 00000P 
HPD02174900HPCPHT19920800010030100 00000g 0900 99999[ 2500 00000I 
HPD02174900HPCPHT19920800310022000 99999] 2500 00000I 
HPD02174900HPCPHT19920900010020100 00000g 2500 00000  
HPD02174900HPCPHT19920900050021300 99999{ 2500 00000P 
HPD02174900HPCPHT19920900300022400 99999} 2500 00000P 
HPD02174900HPCPHT19921000010020100 99999{ 2500 00000P 
HPD02174900HPCPHT19921000310022400 99999} 2500 00000P 
HPD02174900HPCPHT19921100010020100 99999{ 2500 00000P 
HPD02174900HPCPHT19921100300022400 99999} 2500 00000P 
HPD02174900HPCPHT19921200010020100 99999{ 2500 00000P 
HPD02174900HPCPHT19921200310022400 99999} 2500 00000P 
HPD02174900HPCPHT19930100010020100 99999{ 2500 00000P 
HPD02174900HPCPHT19930100310022400 99999} 2500 00000P 
HPD02174900HPCPHT19930200010020100 99999{ 2500 00000P 
HPD02174900HPCPHT19930200280022400 99999} 2500 00000P 
HPD02174900HPCPHT19930300010020100 99999{ 2500 00000P 
HPD02174900HPCPHT19930300310022400 99999} 2500 00000P 
HPD02174900HPCPHT19930400010020100 99999{ 2500 00000P 
HPD02174900HPCPHT19930400300022400 99999} 2500 00000P 
HPD02174900HPCPHT19930500010020100 99999{ 2500 00000P 
HPD02174900HPCPHT19930500310022400 99999} 2500 00000P 
HPD02174900HPCPHT19930600010020100 99999{ 2500 00000P 
HPD02174900HPCPHT19930600300022400 99999} 2500 00000P 
HPD02174900HPCPHT19930700010020100 99999{ 2500 00000P 
HPD02174900HPCPHT19930700310022400 99999} 2500 00000P 
HPD02174900HPCPHT19930800010020100 99999{ 2500 00000P 
HPD02174900HPCPHT19930800310022400 99999} 2500 00000P 
HPD02174900HPCPHT19930900010020100 99999{ 2500 00000P 
HPD02174900HPCPHT19930900300022400 99999} 2500 00000P 
HPD02174900HPCPHT19931000010020100 99999{ 2500 00000P 
HPD02174900HPCPHT19931000310022400 99999} 2500 00000P 
HPD02174902HPCPHT19931100010020100 99999{ 2500 00000P 
HPD02174902HPCPHT19931100300022400 99999} 2500 00000P 
HPD02174902HPCPHT19931200010020100 99999{ 2500 00000P 
HPD02174902HPCPHT19931200310022400 99999} 2500 00000P 
HPD02174902HPCPHT19940100010020100 99999{ 2500 00000P 
HPD02174902HPCPHT19940100310022400 99999} 2500 00000P 
HPD02174902HPCPHT19940200010020100 99999{ 2500 00000P 
HPD02174902HPCPHT19940200280022400 99999} 2500 00000P 
HPD02174902HPCPHT19940300010020100 99999{ 2500 00000P 
HPD02174902HPCPHT19940300310022400 99999} 2500 00000P 
HPD02174902HPCPHT19940400010020100 99999{ 2500 00000P 
HPD02174902HPCPHT19940400300022400 99999} 2500 00000P 
HPD02174902HPCPHT19940500010020100 99999{ 2500 00000P 
HPD02174902HPCPHT19940500310022400 99999} 2500 00000P 
HPD02174902HPCPHT19940600010020100 99999{ 2500 00000P 
HPD02174902HPCPHT19940600210021200 99999} 2500 00000P 
HPD02174902HPCPHT19940700010030100 00000g 1100 99999{ 2500 00000P 
HPD02174902HPCPHT19940700310022400 99999} 2500 00000P 
HPD02174902HPCPHT19940800010040100 99999{ 0800 99999} 0900 99999{ 2500 00000P 
HPD02174902HPCPHT19940800310022400 99999} 2500 00000P 
HPD02174902HPCPHT19940900010020100 99999{ 2500 00000P 
HPD02174902HPCPHT19940900050021400 99999} 2500 00000P 
HPD02174902HPCPHT19940900090021500 00020  2500 00020  
HPD02174902HPCPHT19940900140020900 00010  2500 00010  
HPD02174902HPCPHT19941000010020100 00000g 2500 00000  
HPD02174902HPCPHT19941000140030400 00010  1000 00010  2500 00020  
HPD02174902HPCPHT19941000150130800 00010  1000 00010  1100 00010  1200 00010  1300 00010  1400 00030  1500 00010  1600 00020  1700 00010  1800 00020  1900 00010  2000 00010  2500 00160  
HPD02174902HPCPHT19941000160060500 00010  0800 00010  1200 00010  1800 00010  2000 00010  2500 00050  
HPD02174902HPCPHT19941100010020100 00000g 2500 00000  
HPD02174902HPCPHT19941100020022200 00010  2500 00010  
HPD02174902HPCPHT19941100030090600 00010  0900 00010  1000 00010  1100 00010  1200 00020  1400 00020  1500 00020  1800 00010  2500 00110  
HPD02174902HPCPHT19941100070022300 00010  2500 00010  
HPD02174902HPCPHT19941100110100900 00010  1200 00010  1400 00010  1500 00020  1600 00020  1700 00010  1900 00010  2000 00010  2200 00010  2500 00110  
HPD02174902HPCPHT19941100120050400 00010  0500 00010  0700 00020  1000 00010  2500 00050  
HPD02174902HPCPHT19941100190020300 00010  2500 00010  
HPD02174902HPCPHT19941100270020800 00010  2500 00010  
HPD02174902HPCPHT19941200010020100 00000g 2500 00000  
HPD02174902HPCPHT19941200040022400 00010  2500 00010  
HPD02174902HPCPHT19941200050110100 00010  0200 00010  0300 00010  0500 00010  1400 00010  1700 00010  1900 00010  2100 00010  2300 00010  2400 00010  2500 00100  
HPD02174902HPCPHT19941200060030200 00010  0300 00010  2500 00020  
HPD02174902HPCPHT19941200080020200 99999{ 2500 00000P 
HPD02174902HPCPHT19941200150031600 99999} 1700 99999[ 2500 00000P 
HPD02174902HPCPHT19941200310022400 99999] 2500 00000I 
HPD02174902HPCPHT19950100010020100 99999[ 2500 00000I 
HPD02174902HPCPHT19950100110041800 99999] 1900 00000  2300 00010  2500 00010I 
HPD02174902HPCPHT19950100130021100 00010  2500 00010  
HPD02174902HPCPHT19950100150022300 00010  2500 00010  
HPD02174902HPCPHT19950100170030600 00010  0900 00010  2500 00020  
HPD02174902HPCPHT19950100250042100 00020  2200 00010  2300 00010  2500 00040  
HPD02174902HPCPHT19950100260090200 00010  0500 00010  0900 00010  1000 00010  1100 00010  1200 00010  1400 00010  1700 00010  2500 00080  
HPD02174902HPCPHT19950100270030100 00010  0800 00040  2500 00050  
HPD02174902HPCPHT19950200010020100 00000g 2500 00000  
HPD02174902HPCPHT19950200130030300 00010  1200 00010  2500 00020  
HPD02174902HPCPHT19950200140070500 00010  1200 00010  1400 00010  1700 00010  2000 00010  2200 00010  2500 00060  
HPD02174902HPCPHT19950200150050800 00010  1200 00010  1300 00020  1400 00010  2500 00050  
HPD02174902HPCPHT19950200160020900 00010  2500 00010  
HPD02174902HPCPHT19950200230020100 00010  2500 00010  
HPD02174902HPCPHT19950200240020900 99999{ 2500 00000P 
HPD02174902HPCPHT19950200280022400 99999} 2500 00000P 
HPD02174902HPCPHT19950300010030100 99999{ 0900 99999} 2500 00000P 
HPD02174902HPCPHT19950300090031000 99999[ 1900 99999] 2500 00000I 
HPD02174902HPCPHT19950400010020100 00000g 2500 00000  
HPD02174902HPCPHT19950500010030100 00000g 0900 99999[ 2500 00000I 
HPD02174902HPCPHT19950500080021000 99999] 2500 00000I 
HPD02174902HPCPHT19950500240021200 00010  2500 00010  
HPD02174902HPCPHT19950500280021900 00010  2500 00010  
HPD02174902HPCPHT19950600010020100 00000g 2500 00000  
HPD02174902HPCPHT19950600100021600 00010  2500 00010  
HPD02174902HPCPHT19950600110021300 00010  2500 00010  
HPD02174902HPCPHT19950600300030800 99999[ 2400 99999] 2500 00000I 
HPD02174902HPCPHT19950700010020100 99999[ 2500 00000I 
HPD02174902HPCPHT19950700310022400 99999] 2500 00000I 
HPD02174902HPCPHT19950800010020100 00000g 2500 00000  
HPD02174902HPCPHT19950800070021700 99999{ 2500 00000P 
HPD02174902HPCPHT19950800310022400 99999} 2500 00000P 
HPD02174902HPCPHT19950900010020100 00000g 2500 00000  
HPD02174902HPCPHT19950900270032100 00010  2200 00010  2500 00020  
HPD02174902HPCPHT19950900280060400 00010  0500 00020  0700 00030  0800 00010  0900 00010  2500 00080  
HPD02174902HPCPHT19951000010020100 00000g 2500 00000  
HPD02174902HPCPHT19951000310022400 00000  2500 00000  
HPD02174902HPCPHT19951100010050100 00000g 1200 00010  2300 00020  2400 00020  2500 00050  
HPD02174902HPCPHT19951100030020900 00010  2500 00010  
HPD02174902HPCPHT19951100060030200 00010  0400 00010  2500 00020  
HPD02174902HPCPHT19951100080021100 00010  2500 00010  
HPD02174902HPCPHT19951200010020100 00000g 2500 00000  
HPD02174902HPCPHT19951200160022200 00010  2500 00010  
HPD02174902HPCPHT19951200170080200 00010  0400 00010  0500 00010  0800 00010  1100 00020  1200 99999a 1800 00010A 2500 00070  
HPD02174902HPCPHT19951200180021200 00000  2500 00000  
HPD02174902HPCPHT19960100010020100 00000g 2500 00000  
HPD02174902HPCPHT19960100170040800 00010  0900 00010  1000 00010  2500 00030  
HPD02174902HPCPHT19960100220021900 00010  2500 00010  
HPD02174902HPCPHT19960100250021400 00010  2500 00010  
HPD02174902HPCPHT19960100310032300 00010  2400 00010  2500 00020  
HPD02174902HPCPHT19960200010050100 00020  0200 00020  0300 00010  1100 00010  2500 00060  
HPD02174902HPCPHT19960200020020500 00010  2500 00010  
HPD02174902HPCPHT19960200220020800 00010  2500 00010  
HPD02174902HPCPHT19960200240021300 00010  2500 00010  
HPD02174902HPCPHT19960200260060100 00010  0300 00010  0800 00010  1100 00010  1400 00010  2500 00050  
HPD02174902HPCPHT19960200270020200 00010  2500 00010  
HPD02174902HPCPHT19960300010020100 00000g 2500 00000  
HPD02174902HPCPHT19960300130041000 00010  1200 00010  2400 00010  2500 00030  
HPD02174902HPCPHT19960300140031100 00010  1300 00010  2500 00020  
HPD02174902HPCPHT19960300220021300 00010  2500 00010  
HPD02174902HPCPHT19960400010020100 00000g 2500 00000  
HPD02174902HPCPHT19960400040021100 00010  2500 00010  
HPD02174902HPCPHT19960400110021800 00010  2500 00010  
HPD02174902HPCPHT19960500010020100 00000g 2500 00000  
HPD02174902HPCPHT19960500260020200 00010  2500 00010  
HPD02174902HPCPHT19960600010020100 00000g 2500 00000  
HPD02174902HPCPHT19960600140021700 00010  2500 00010  
HPD02174902HPCPHT19960600240021100 00010  2500 00010  
HPD02174902HPCPHT19960600250021100 00010  2500 00010  
HPD02174902HPCPHT19960600260090600 00010  0700 00010  0800 00010  0900 00010  1000 00030  1100 00010  1200 00020  1400 00010  2500 00110  
HPD02174902HPCPHT19960600270021300 00010  2500 00010  
HPD02174902HPCPHT19960700010020100 00000g 2500 00000  
HPD02174902HPCPHT19960700030021400 00010  2500 00010  
HPD02174902HPCPHT19960700060021200 00010  2500 00010  
HPD02174902HPCPHT19960700070031500 00020  1600 00010  2500 00030  
HPD02174902HPCPHT19960700080042100 00040  2200 00010  2400 00010  2500 00060  
HPD02174902HPCPHT19960700090030900 00010  1100 00010  2500 00020  
HPD02174902HPCPHT19960700110041600 00010  1700 00090  1900 00010  2500 00110  
HPD02174902HPCPHT19960700120041600 00010  1700 00040  1800 00010  2500 00060  
HPD02174902HPCPHT19960700140031900 00010  2100 00010  2500 00020  
HPD02174902HPCPHT19960700150022000 99999[ 2500 00000I 
HPD02174902HPCPHT19960700310022400 99999] 2500 00000I 
HPD02174902HPCPHT19960800010020100 99999[ 2500 00000I 
HPD02174902HPCPHT19960800190031200 99999] 1600 00010  2500 00010I 
HPD02174902HPCPHT19960800210021600 00010  2500 00010  
HPD02174902HPCPHT19960800250031200 00010  1600 00030  2500 00040  
HPD02174902HPCPHT19960900010040100 00000g 1500 00010  1600 00010  2500 00020  
HPD02174902HPCPHT19960900020031100 00010  1600 00010  2500 00020  
HPD02174902HPCPHT19960900050021300 00010  2500 00010  
HPD02174902HPCPHT19960900060021800 00010  2500 00010  
HPD02174902HPCPHT19960900100080700 00010  0900 00010  1400 00020  1800 00010  1900 00030  2000 00010  2200 00010  2500 00100  
HPD02174902HPCPHT19960900110070600 00030  0700 00010  0800 00060  0900 00010  1000 00010  1700 00010  2500 00130  
HPD02174902HPCPHT19960900130021800 00010  2500 00010  
HPD02174902HPCPHT19960900140050400 00010  0500 00010  0900 00010  1000 99999{ 2500 00030P 
HPD02174902HPCPHT19960900300022400 99999} 2500 00000P 
HPD02174902HPCPHT19961000010020100 00000g 2500 00000  
HPD02174902HPCPHT19961000250021200 00010  2500 00010  
HPD02174902HPCPHT19961000260021800 00010  2500 00010  
HPD02174902HPCPHT19961000270020100 00010  2500 00010  
HPD02174902HPCPHT19961100010020100 00000g 2500 00000  
HPD02174902HPCPHT19961100150041800 00010  1900 00020  2000 00010  2500 00040  
HPD02174902HPCPHT19961100220021900 00010  2500 00010  
HPD02174902HPCPHT19961100230030200 00020  0900 00010  2500 00030  
HPD02174902HPCPHT19961100290070500 00010  0700 00010  0800 00010  0900 00010  1100 00020  1400 00010  2500 00070  
HPD02174902HPCPHT19961200010020100 00000g 2500 00000  
HPD02174902HPCPHT19970100010020100 00000g 2500 00000  
HPD02174902HPCPHT19970100030040400 00020  1000 00020  2300 00010  2500 00050  
HPD02174902HPCPHT19970100070022300 99999{ 2500 00000P 
HPD02174902HPCPHT19970100080032300 99999} 2400 99999[ 2500 00000P 
HPD02174902HPCPHT19970100310022400 99999] 2500 00000I 
HPD02174902HPCPHT19970200010020100 99999[ 2500 00000I 
HPD02174902HPCPHT19970200280022400 99999] 2500 00000I 
HPD02174902HPCPHT19970300010020100 99999[ 2500 00000I 
HPD02174902HPCPHT19970300310022400 99999] 2500 00000I 
HPD02174902HPCPHT19970400010020100 99999[ 2500 00000I 
HPD02174902HPCPHT19970400300022400 99999] 2500 00000I 
HPD02174902HPCPHT19970500010020100 99999[ 2500 00000I 
HPD02174902HPCPHT19970500190021100 99999] 2500 00000I 
HPD02174902HPCPHT19970500200021900 00010  2500 00010  
HPD02174902HPCPHT19970500210040700 00010  1200 99999{ 1300 99999} 2500 00010P 
HPD02174902HPCPHT19970600010020100 00000g 2500 00000  
HPD02174902HPCPHT19970600030021300 00010  2500 00010  
HPD02174902HPCPHT19970600060031700 00010  1800 00010  2500 00020  
HPD02174902HPCPHT19970600070021200 00010  2500 00010  
HPD02174902HPCPHT19970700010020100 00000g 2500 00000  
HPD02174902HPCPHT19970700180021800 00010  2500 00010  
HPD02174902HPCPHT19970700200021500 00020  2500 00020  
HPD02174902HPCPHT19970700210022200 00010  2500 00010  
HPD02174902HPCPHT19970700290021400 00010  2500 00010  
HPD02174902HPCPHT19970800010020100 99999[ 2500 00000I 
HPD02174902HPCPHT19970800310022400 99999] 2500 00000I 
HPD02174902HPCPHT19970900010020100 99999[ 2500 00000I 
HPD02174902HPCPHT19970900050022300 99999] 2500 00000I 
HPD02174902HPCPHT19970900070030600 00020  0700 00010  2500 00030  
HPD02174902HPCPHT19970900090020700 00010  2500 00010  
HPD02174902HPCPHT19970900120022000 00010  2500 00010  
HPD02174902HPCPHT19970900130022100 00010  2500 00010  
HPD02174902HPCPHT19970900150061400 00010  1500 00010  1600 00020  1700 00030  1800 00010  2500 00080  
HPD02174902HPCPHT19970900210021700 00010  2500 00010  
HPD02174902HPCPHT19970900300020800 00010  2500 00010  
HPD02174902HPCPHT19971000010030100 00000g 0700 00010  2500 00010  
HPD02174902HPCPHT19971000070051000 00010  1100 00020  1200 00050  1300 00010  2500 00090  
HPD02174902HPCPHT19971000210032300 00010  2400 00020  2500 00030  
HPD02174902HPCPHT19971000220030200 00030  0300 00020  2500 00050  
HPD02174902HPCPHT19971000240020900 00010  2500 00010  
HPD02174902HPCPHT19971000280020700 00010  2500 00010  
HPD02174902HPCPHT19971000290022300 99999{ 2500 00000P 
HPD02174902HPCPHT19971000310022400 99999} 2500 00000P 
HPD02174902HPCPHT19971100010020100 99999{ 2500 00000P 
HPD02174902HPCPHT19971100060030900 99999} 1000 99999[ 2500 00000P 
HPD02174902HPCPHT19971100300022400 99999] 2500 00000I 
HPD02174902HPCPHT19971200010020100 99999[ 2500 00000I 
HPD02174902HPCPHT19971200310022400 99999] 2500 00000I 
HPD02174902HPCPHT19980100010020100 99999[ 2500 00000I 
HPD02174902HPCPHT19980100310022400 99999] 2500 00000I 
HPD02174902HPCPHT19980200010020100 99999[ 2500 00000I 
HPD02174902HPCPHT19980200280022400 99999] 2500 00000I 
HPD02174902HPCPHT19980300010020100 99999[ 2500 00000I 
HPD02174902HPCPHT19980300310022400 99999] 2500 00000I 
HPD02174902HPCPHT19980400010020100 99999[ 2500 00000I 
HPD02174902HPCPHT19980400300022400 99999] 2500 00000I 
HPD02174902HPCPHT19980500010020100 99999[ 2500 00000I 
HPD02174902HPCPHT19980500310022400 99999] 2500 00000I 
HPD02174902HPCPHT19980600010020100 99999[ 2500 00000I 
HPD02174902HPCPHT19980600300022400 99999] 2500 00000I 
HPD02174902HPCPHT19980700010020100 99999[ 2500 00000I 
HPD02174902HPCPHT19980700310022400 99999] 2500 00000I 
HPD02174902HPCPHT19980800010020100 99999[ 2500 00000I 
HPD02174902HPCPHT19980800310022400 99999] 2500 00000I 
HPD02174902HPCPHT19980900010020100 99999[ 2500 00000I 
HPD02174902HPCPHT19980900300022400 99999] 2500 00000I 
HPD02174902HPCPHT19981000010020100 99999[ 2500 00000I 
HPD02174902HPCPHT19981000310022400 99999] 2500 00000I 
HPD02174902HPCPHT19981100010020100 99999[ 2500 00000I 
HPD02174902HPCPHT19981100300022400 99999] 2500 00000I 
HPD02174902HPCPHT19981200010020100 99999[ 2500 00000I 
HPD02174902HPCPHT19981200310022400 99999] 2500 00000I 
