HPD02927102HPCPHT20050100010020100 00000g 2500 00000  
HPD02927102HPCPHT20050100030080700 00010  1300 00010  1900 00010  2100 00010  2200 00010  2300 00010  2400 00010  2500 00070  
HPD02927102HPCPHT20050100040080100 00010  0500 00010  1400 00010  1500 00010  1600 00010  2100 00010  2400 00010  2500 00070  
HPD02927102HPCPHT20050100050020200 00010  2500 00010  
HPD02927102HPCPHT20050100240021100 00010  2500 00010  
HPD02927102HPCPHT20050100260051700 00010  1800 00010  2100 00010  2400 00010  2500 00040  
HPD02927102HPCPHT20050100270030600 00010  1000 00010  2500 00020  
HPD02927102HPCPHT20050100290041500 00010  1700 00010  2200 00010  2500 00030  
HPD02927102HPCPHT20050100300021900 00010  2500 00010  
HPD02927102HPCPHT20050200010020100 00000g 2500 00000  
HPD02927102HPCPHT20050200050032000 00020  2100 00010  2500 00030  
HPD02927102HPCPHT20050200060022400 00010  2500 00010  
HPD02927102HPCPHT20050200070040100 00010  0500 00010  0900 00010  2500 00030  
HPD02927102HPCPHT20050200100041300 00010  1500 00010  1900 00010  2500 00030  
HPD02927102HPCPHT20050200110050200 00010  1100 00010  2200 00010  2400 00020  2500 00050  
HPD02927102HPCPHT20050200120080100 00020  0200 00030  0300 00010  0400 00010  0600 00020  0800 00010  0900 00010  2500 00110  
HPD02927102HPCPHT20050200180070300 00010  0500 00010  0800 00010  1000 00010  2300 00010  2400 00020  2500 00070  
HPD02927102HPCPHT20050200190070300 00010  0400 00010  0600 00010  0900 00020  1000 00010  1200 00020  2500 00080  
HPD02927102HPCPHT20050200210040200 00010  0400 00010  0500 00010  2500 00030  
HPD02927102HPCPHT20050200220020800 00010  2500 00010  
HPD02927102HPCPHT20050200230021200 00010  2500 00010  
HPD02927102HPCPHT20050300010020100 00000g 2500 00000  
HPD02927102HPCPHT20050300050050400 00010  0700 00010  1300 00010  2300 00010  2500 00040  
HPD02927102HPCPHT20050300060030300 00010  1900 00010  2500 00020  
HPD02927102HPCPHT20050300190021400 00010  2500 00010  
HPD02927102HPCPHT20050300200050200 00010  0600 00010  0900 00010  1200 00010  2500 00040  
HPD02927102HPCPHT20050300250051000 00010  1100 00020  1500 00010  1800 00010  2500 00050  
HPD02927102HPCPHT20050300270020900 00010  2500 00010  
HPD02927102HPCPHT20050400010040100 00000g 1400 99999{ 1700 99999} 2500 00000P 
HPD02927102HPCPHT20050400230032200 00010  2400 00010  2500 00020  
HPD02927102HPCPHT20050400240040300 00020  0400 00010  0800 00010  2500 00040  
HPD02927102HPCPHT20050400290020600 00010  2500 00010  
HPD02927102HPCPHT20050500010020100 00000g 2500 00000  
HPD02927102HPCPHT20050500070030500 99999{ 1200 99999} 2500 00000P 
HPD02927102HPCPHT20050500170021500 00010  2500 00010  
HPD02927102HPCPHT20050500280021600 00010  2500 00010  
HPD02927102HPCPHT20050500290021400 00010  2500 00010  
HPD02927102HPCPHT20050600010040100 00000g 0800 99999[ 1400 99999] 2500 00000I 
HPD02927102HPCPHT20050600210031800 00010  1900 00010  2500 00020  
HPD02927102HPCPHT20050600250020200 00010  2500 00010  
HPD02927102HPCPHT20050700010020100 00000g 2500 00000  
HPD02927102HPCPHT20050700170021800 00010  2500 00010  
HPD02927102HPCPHT20050700180020700 00010  2500 00010  
HPD02927102HPCPHT20050700210021800 00020  2500 00020  
HPD02927102HPCPHT20050700220020200 00010  2500 00010  
HPD02927102HPCPHT20050700230032100 00010  2200 00010  2500 00020  
HPD02927102HPCPHT20050700240031800 00010  2000 00020  2500 00030  
HPD02927102HPCPHT20050700250021500 00010  2500 00010  
HPD02927102HPCPHT20050700300021500 00010  2500 00010  
HPD02927102HPCPHT20050800010050100 00000g 0900 99999[ 1200 99999] 2000 00010  2500 00010I 
HPD02927102HPCPHT20050800030021500 00010  2500 00010  
HPD02927102HPCPHT20050800050031200 00010  1600 00010  2500 00020  
HPD02927102HPCPHT20050800090021900 00010  2500 00010  
HPD02927102HPCPHT20050800140041400 00160  1600 00010  1800 00010  2500 00180  
HPD02927102HPCPHT20050800170031700 00020  1900 00010  2500 00030  
HPD02927102HPCPHT20050800180021000 00010  2500 00010  
HPD02927102HPCPHT20050800230020200 00010  2500 00010  
HPD02927102HPCPHT20050900010040100 00000g 0900 99999[ 1200 99999] 2500 00000I 
HPD02927102HPCPHT20050900020021700 00010  2500 00010  
HPD02927102HPCPHT20050900030020200 00010  2500 00010  
HPD02927102HPCPHT20050900040032100 00010  2200 00010  2500 00020  
HPD02927102HPCPHT20050900070031300 00050  1400 00030  2500 00080  
HPD02927102HPCPHT20050900090031900 00010  2100 00020  2500 00030  
HPD02927102HPCPHT20050900200020100 00010  2500 00010  
HPD02927102HPCPHT20051000010020100 00000g 2500 00000  
HPD02927102HPCPHT20051000090091500 00010  1600 00020  1700 00010  1800 00010  1900 00010  2100 00010  2200 00010  2300 00010  2500 00090  
HPD02927102HPCPHT20051000170022200 00010  2500 00010  
HPD02927102HPCPHT20051000180040400 00010  0500 00010  1300 00010  2500 00030  
HPD02927102HPCPHT20051100010020100 00000g 2500 00000  
HPD02927102HPCPHT20051200010020100 00000g 2500 00000  
HPD02927102HPCPHT20051200130030100 00010  0800 00010  2500 00020  
