HPD02646802HPCPHT20020100010020100 00000g 2500 00000  
HPD02646802HPCPHT20020100300030300 00010  1200 00010  2500 00020  
HPD02646802HPCPHT20020100310020900 00010  2500 00010  
HPD02646802HPCPHT20020200010020100 00000g 2500 00000  
HPD02646802HPCPHT20020300010020100 00000g 2500 00000  
HPD02646802HPCPHT20020300080020200 00010  2500 00010  
HPD02646802HPCPHT20020400010020100 00000g 2500 00000  
HPD02646802HPCPHT20020400020031200 99999[ 1300 99999] 2500 00000I 
HPD02646802HPCPHT20020400060031100 00010  1600 00030  2500 00040  
HPD02646802HPCPHT20020400070020400 00010  2500 00010  
HPD02646802HPCPHT20020400290021000 00010  2500 00010  
HPD02646802HPCPHT20020500010020100 00000g 2500 00000  
HPD02646802HPCPHT20020600010020100 00000g 2500 00000  
HPD02646802HPCPHT20020700010020100 00000g 2500 00000  
HPD02646802HPCPHT20020700030022400 00010  2500 00010  
HPD02646802HPCPHT20020700160031900 00040  2000 00010  2500 00050  
HPD02646802HPCPHT20020700170021700 99999{ 2500 00000P 
HPD02646802HPCPHT20020700180021600 99999} 2500 00000P 
HPD02646802HPCPHT20020700260021700 99999{ 2500 00000P 
HPD02646802HPCPHT20020700280021600 99999} 2500 00000P 
HPD02646802HPCPHT20020800010020100 00000g 2500 00000  
HPD02646802HPCPHT20020800050031800 00020  1900 00010  2500 00030  
HPD02646802HPCPHT20020800060020900 00010  2500 00010  
HPD02646802HPCPHT20020900010020100 00000g 2500 00000  
HPD02646802HPCPHT20020900070032300 00010  2400 00020  2500 00030  
HPD02646802HPCPHT20020900080040500 00030  1200 00010  1900 00010  2500 00050  
HPD02646802HPCPHT20020900100051800 00020  1900 00010  2000 00010  2300 00010  2500 00050  
HPD02646802HPCPHT20020900110030100 00010  0800 00010  2500 00020  
HPD02646802HPCPHT20021000010020100 00000g 2500 00000  
HPD02646802HPCPHT20021000180021700 00010  2500 00010  
HPD02646802HPCPHT20021000230020900 00010  2500 00010  
HPD02646802HPCPHT20021000270021700 00010  2500 00010  
HPD02646802HPCPHT20021100010020100 00000g 2500 00000  
HPD02646802HPCPHT20021100100050100 00010  0200 00010  0300 00010  0400 00010  2500 00040  
HPD02646802HPCPHT20021100300040600 00010  1200 00010  1800 00010  2500 00030  
HPD02646802HPCPHT20021200010020100 00000g 2500 00000  
HPD02646802HPCPHT20021200020022400 00010  2500 00010  
HPD02646802HPCPHT20021200030050100 00010  0200 00010  0300 00010  0600 00010  2500 00040  
HPD02646802HPCPHT20021200180021000 00010  2500 00010  
HPD02646802HPCPHT20021200230031200 00010  1300 00010  2500 00020  
HPD02646802HPCPHT20021200240021100 00010  2500 00010  
HPD02646802HPCPHT20021200300021000 00010  2500 00010  
