HPD02915803HPCPHT20030100010020100 00000g 2500 00000  
HPD02915803HPCPHT20030100060040600 00010  1400 99999[ 1600 99999] 2500 00010I 
HPD02915803HPCPHT20030100080030800 00010  1100 00020  2500 00030  
HPD02915803HPCPHT20030100110021200 00010  2500 00010  
HPD02915803HPCPHT20030100200021900 00010  2500 00010  
HPD02915803HPCPHT20030200010060100 00000g 0400 99999{ 0800 99999} 0900 99999[ 1400 99999] 2500 00000P 
HPD02915803HPCPHT20030200120052000 00010  2100 00010  2200 00010  2400 00010  2500 00040  
HPD02915803HPCPHT20030200130110100 00010  0200 00010  0300 00020  0400 00010  0500 00030  0600 00010  0700 00020  0900 00010  1000 00010  1100 00010  2500 00140  
HPD02915803HPCPHT20030200140021200 00010  2500 00010  
HPD02915803HPCPHT20030200250061200 00010  1600 00010  1800 00020  1900 00010  2100 00010  2500 00060  
HPD02915803HPCPHT20030200260030400 00010  1000 00010  2500 00020  
HPD02915803HPCPHT20030200270040300 00010  1400 00010  1700 00010  2500 00030  
HPD02915803HPCPHT20030200280040100 00010  0600 00010  0700 00010  2500 00030  
HPD02915803HPCPHT20030300010050100 00000g 0800 99999[ 1400 99999] 1700 00010  2500 00010I 
HPD02915803HPCPHT20030300150022400 00010  2500 00010  
HPD02915803HPCPHT20030300160080200 00010  0300 00010  0500 00010  0600 00010  1100 00010  1200 00010  1400 00010  2500 00070  
HPD02915803HPCPHT20030300310031300 99999[ 2400 99999] 2500 00000I 
HPD02915803HPCPHT20030400010020100 00000g 2500 00000  
HPD02915803HPCPHT20030400150030500 00020  0800 00010  2500 00030  
HPD02915803HPCPHT20030400180022400 00010  2500 00010  
HPD02915803HPCPHT20030500010020100 00000g 2500 00000  
HPD02915803HPCPHT20030500030021700 00010  2500 00010  
HPD02915803HPCPHT20030600010020100 00000g 2500 00000  
HPD02915803HPCPHT20030700010020100 00000g 2500 00000  
HPD02915803HPCPHT20030700210031700 00010  1900 00010  2500 00020  
HPD02915803HPCPHT20030700230020300 00010  2500 00010  
HPD02915803HPCPHT20030700300032100 00020  2200 00030  2500 00050  
HPD02915803HPCPHT20030700310030100 00010  1500 00010  2500 00020  
HPD02915803HPCPHT20030800010040100 00000g 0900 00010  1000 00010  2500 00020  
HPD02915803HPCPHT20030800080020800 99999{ 2500 00000P 
HPD02915803HPCPHT20030800310022400 99999} 2500 00000P 
HPD02915803HPCPHT20030900010040100 99999{ 0800 99999} 1100 99999{ 2500 00000P 
HPD02915803HPCPHT20030900300022400 99999} 2500 00000P 
HPD02915803HPCPHT20031000010040100 99999{ 0800 99999} 1000 99999{ 2500 00000P 
HPD02915803HPCPHT20031000310022400 99999} 2500 00000P 
HPD02915803HPCPHT20031100010020100 00000g 2500 00000  
HPD02915803HPCPHT20031100090021800 99999[ 2500 00000I 
HPD02915803HPCPHT20031100300022400 99999] 2500 00000I 
HPD02915803HPCPHT20031200010030100 00000g 0200 99999[ 2500 00000I 
HPD02915803HPCPHT20031200120021400 99999] 2500 00000I 
HPD02915803HPCPHT20031200140020800 00010  2500 00010  
HPD02915803HPCPHT20031200250051200 00010  1300 00010  1400 00010  1500 00010  2500 00040  
HPD02915803HPCPHT20031200310021700 00010  2500 00010  
