HPD02174902HPCPHT20040100010020100 99999{ 2500 00000P 
HPD02174902HPCPHT20040100070021500 99999} 2500 00000P 
HPD02174902HPCPHT20040100150021300 00010  2500 00010  
HPD02174902HPCPHT20040100200021300 00010  2500 00010  
HPD02174902HPCPHT20040100210050800 00010  1000 00010  1100 00010  1500 00010  2500 00040  
HPD02174902HPCPHT20040100220021500 00010  2500 00010  
HPD02174902HPCPHT20040100250050900 00010  1100 00010  2000 00010  2300 00010  2500 00040  
HPD02174902HPCPHT20040200010020100 00000g 2500 00000  
HPD02174902HPCPHT20040200030021500 00010  2500 00010  
HPD02174902HPCPHT20040200040021000 00010  2500 00010  
HPD02174902HPCPHT20040200050021800 00010  2500 00010  
HPD02174902HPCPHT20040200230041000 00010  1100 00010  1500 00010  2500 00030  
HPD02174902HPCPHT20040200240020100 00010  2500 00010  
HPD02174902HPCPHT20040200270041100 00010  1500 00010  1700 00010  2500 00030  
HPD02174902HPCPHT20040200280021300 00010  2500 00010  
HPD02174902HPCPHT20040300010020100 00000g 2500 00000  
HPD02174902HPCPHT20040300020021200 00010  2500 00010  
HPD02174902HPCPHT20040300030031700 00010  1800 00010  2500 00020  
HPD02174902HPCPHT20040300040050800 00010  2000 00010  2100 00010  2300 00010  2500 00040  
HPD02174902HPCPHT20040300050030300 00010  1000 00010  2500 00020  
HPD02174902HPCPHT20040300060021300 00010  2500 00010  
HPD02174902HPCPHT20040300120042200 00010  2300 00010  2400 00010  2500 00030  
HPD02174902HPCPHT20040300140021100 00010  2500 00010  
HPD02174902HPCPHT20040400010040100 00000g 0800 99999[ 1400 99999] 2500 00000I 
HPD02174902HPCPHT20040400020060400 00010  1100 00010  1500 00010  1600 00010  1800 00010  2500 00050  
HPD02174902HPCPHT20040400030020200 00010  2500 00010  
HPD02174902HPCPHT20040400040031700 00020  1800 00010  2500 00030  
HPD02174902HPCPHT20040400050021500 00010  2500 00010  
HPD02174902HPCPHT20040400100021700 00010  2500 00010  
HPD02174902HPCPHT20040400130021600 00010  2500 00010  
HPD02174902HPCPHT20040500010020100 00000g 2500 00000  
HPD02174902HPCPHT20040600010040100 00000g 0800 99999[ 1500 99999] 2500 00000I 
HPD02174902HPCPHT20040700010020100 00000g 2500 00000  
HPD02174902HPCPHT20040700110021600 00010  2500 00010  
HPD02174902HPCPHT20040700130021600 00010  2500 00010  
HPD02174902HPCPHT20040700140021900 00010  2500 00010  
HPD02174902HPCPHT20040700160021500 00010  2500 00010  
HPD02174902HPCPHT20040700170021200 00010  2500 00010  
HPD02174902HPCPHT20040700180021500 00010  2500 00010  
HPD02174902HPCPHT20040700200031400 00010  1500 00010  2500 00020  
HPD02174902HPCPHT20040700230021200 00010  2500 00010  
HPD02174902HPCPHT20040700250021500 00010  2500 00010  
HPD02174902HPCPHT20040700280021600 00010  2500 00010  
HPD02174902HPCPHT20040700290021100 00010  2500 00010  
HPD02174902HPCPHT20040800010020100 00000g 2500 00000  
HPD02174902HPCPHT20040800070021700 00010  2500 00010  
HPD02174902HPCPHT20040800080020900 00010  2500 00010  
HPD02174902HPCPHT20040800130031900 00020  2300 00010  2500 00030  
HPD02174902HPCPHT20040800180051200 00010  1700 00010  1800 00010  1900 00010  2500 00040  
HPD02174902HPCPHT20040800190020800 00010  2500 00010  
HPD02174902HPCPHT20040800200021400 00030  2500 00030  
HPD02174902HPCPHT20040900010020100 00000g 2500 00000  
HPD02174902HPCPHT20040900030042000 00010  2100 00050  2200 00010  2500 00070  
HPD02174902HPCPHT20040900040020500 00010  2500 00010  
HPD02174902HPCPHT20040900180031800 00010  2000 00010  2500 00020  
HPD02174902HPCPHT20040900190060400 00010  1000 00010  1100 00010  1500 00050  1600 00030  2500 00110  
HPD02174902HPCPHT20040900230021500 00010  2500 00010  
HPD02174902HPCPHT20040900260021400 00010  2500 00010  
HPD02174902HPCPHT20040900280022400 00020  2500 00020  
HPD02174902HPCPHT20040900300021300 00010  2500 00010  
HPD02174902HPCPHT20041000010020100 00000g 2500 00000  
HPD02174902HPCPHT20041000210051800 00010  2000 00010  2200 00010  2400 00010  2500 00040  
HPD02174902HPCPHT20041000270040500 00010  0600 00020  0800 00010  2500 00040  
HPD02174902HPCPHT20041000280060900 00010  1200 00010  1400 00010  1600 00010  1800 00010  2500 00050  
HPD02174902HPCPHT20041100010020100 00000g 2500 00000  
HPD02174902HPCPHT20041100070022000 00010  2500 00010  
HPD02174902HPCPHT20041100080030300 00010  0500 00010  2500 00020  
HPD02174902HPCPHT20041100130021400 00010  2500 00010  
HPD02174902HPCPHT20041100160020400 00010  2500 00010  
HPD02174902HPCPHT20041100210041500 00010  1700 00010  2200 00010  2500 00030  
HPD02174902HPCPHT20041100220031000 00010  1600 00010  2500 00020  
HPD02174902HPCPHT20041100230030300 00010  0500 00010  2500 00020  
HPD02174902HPCPHT20041100280021100 00010  2500 00010  
HPD02174902HPCPHT20041200010020100 00000g 2500 00000  
HPD02174902HPCPHT20041200040051500 00010  1700 00010  1900 00010  2200 00010  2500 00040  
HPD02174902HPCPHT20041200050020200 00010  2500 00010  
HPD02174902HPCPHT20041200060030400 00010  1200 00010  2500 00020  
HPD02174902HPCPHT20041200280032300 00010  2400 00010  2500 00020  
HPD02174902HPCPHT20041200290150300 00010  0400 00010  0500 00010  0600 00030  0700 00010  0800 00010  0900 00010  1000 00010  1100 00020  1200 00010  1300 00030  1400 00010  1500 00040  1600 00010  2500 00220  
HPD02174902HPCPHT20041200300050100 00010  0200 00010  0700 00010  1400 00010  2500 00040  
