HPD02563503HPCPHT20090100010020100 00010  2500 00010  
HPD02563503HPCPHT20090100040090600 00010  0800 00010  0900 00020  1000 00010  1100 00010  1200 00010  1300 00010  1600 00010  2500 00090  
HPD02563503HPCPHT20090100220030600 00010  1600 00010  2500 00020  
HPD02563503HPCPHT20090200010020100 00000g 2500 00000  
HPD02563503HPCPHT20090200070020700 99999{ 2500 00000P 
HPD02563503HPCPHT20090200100022400 99999} 2500 00000P 
HPD02563503HPCPHT20090300010020100 00000g 2500 00000  
HPD02563503HPCPHT20090300120031700 00010  1900 00010  2500 00020  
HPD02563503HPCPHT20090300140021700 00010  2500 00010  
HPD02563503HPCPHT20090400010020100 00000g 2500 00000  
HPD02563503HPCPHT20090400110030400 00010  1400 00010  2500 00020  
HPD02563503HPCPHT20090400120021600 00010  2500 00010  
HPD02563503HPCPHT20090500010020100 00000g 2500 00000  
HPD02563503HPCPHT20090500070022200 00010  2500 00010  
HPD02563503HPCPHT20090500160021800 00010  2500 00010  
HPD02563503HPCPHT20090500170022300 00010  2500 00010  
HPD02563503HPCPHT20090500180021700 00010  2500 00010  
HPD02563503HPCPHT20090500220050400 00020  0500 00010  0600 00010  0800 00010  2500 00050  
HPD02563503HPCPHT20090500230050600 00010  1900 00010  2000 00040  2100 00050  2500 00110  
HPD02563503HPCPHT20090500240021300 00010  2500 00010  
HPD02563503HPCPHT20090500250031600 00010  2200 00010  2500 00020  
HPD02563503HPCPHT20090600010020100 00000g 2500 00000  
HPD02563503HPCPHT20090600260022000 00010  2500 00010  
HPD02563503HPCPHT20090700010020100 00000g 2500 00000  
HPD02563503HPCPHT20090700180020600 00010  2500 00010  
HPD02563503HPCPHT20090700200031800 00010  1900 00010  2500 00020  
HPD02563503HPCPHT20090800010020100 00000g 2500 00000  
HPD02563503HPCPHT20090800090021800 00010  2500 00010  
HPD02563503HPCPHT20090800120032000 00010  2100 00010  2500 00020  
HPD02563503HPCPHT20090800140022000 00010  2500 00010  
HPD02563503HPCPHT20090800260021500 00010  2500 00010  
HPD02563503HPCPHT20090900010030100 00000g 1600 99999[ 2500 00000I 
HPD02563503HPCPHT20090900100021300 99999] 2500 00000I 
HPD02563503HPCPHT20091000010020100 00000g 2500 00000  
HPD02563503HPCPHT20091100010030100 00000g 0200 00010  2500 00010  
HPD02563503HPCPHT20091100020021600 99999[ 2500 00000I 
HPD02563503HPCPHT20091100270020800 99999] 2500 00000I 
HPD02563503HPCPHT20091100280022000 00020  2500 00020  
HPD02563503HPCPHT20091100290021300 00010  2500 00010  
HPD02563503HPCPHT20091200010020100 00000g 2500 00000  
HPD02563503HPCPHT20091200040021400 00010  2500 00010  
HPD02563503HPCPHT20091200070111000 00010  1200 00010  1300 00010  1700 00010  1800 00010  2000 00010  2100 00010  2200 00010  2300 00010  2400 00010  2500 00100  
HPD02563503HPCPHT20091200080020300 00010  2500 00010  
HPD02563503HPCPHT20091200130021500 00010  2500 00010  
HPD02563503HPCPHT20091200260031200 99999[ 1600 99999] 2500 00000I 
HPD02563503HPCPHT20091200280020900 99999[ 2500 00000I 
HPD02563503HPCPHT20091200310022400 99999] 2500 00000I 
