HPD02899507HPCPHT20000100010020100 00000g 2500 00000  
HPD02899507HPCPHT20000100020021100 00010  2500 00010  
HPD02899507HPCPHT20000100040022100 99999{ 2500 00000P 
HPD02899507HPCPHT20000100310022400 99999} 2500 00000P 
HPD02899507HPCPHT20000200010020100 00000g 2500 00000  
HPD02899507HPCPHT20000200240021900 00010  2500 00010  
HPD02899507HPCPHT20000300010020100 00000g 2500 00000  
HPD02899507HPCPHT20000300050020200 00010  2500 00010  
HPD02899507HPCPHT20000300060091400 00010  1700 00010  1800 00010  1900 00010  2000 00010  2100 00010  2200 00010  2400 00010  2500 00080  
HPD02899507HPCPHT20000300070030300 00010  1000 00010  2500 00020  
HPD02899507HPCPHT20000300210021100 00010  2500 00010  
HPD02899507HPCPHT20000400010020100 00000g 2500 00000  
HPD02899507HPCPHT20000400040030900 99999{ 1500 99999} 2500 00000P 
HPD02899507HPCPHT20000500010020100 00000g 2500 00000  
HPD02899507HPCPHT20000600010020100 00000g 2500 00000  
HPD02899507HPCPHT20000600080020900 99999{ 2500 00000P 
HPD02899507HPCPHT20000600300022400 99999} 2500 00000P 
HPD02899507HPCPHT20000700010020100 99999{ 2500 00000P 
HPD02899507HPCPHT20000700050021000 99999} 2500 00000P 
HPD02899507HPCPHT20000700070021800 00010  2500 00010  
HPD02899507HPCPHT20000700150021900 00010  2500 00010  
HPD02899507HPCPHT20000700210021000 99999{ 2500 00000P 
HPD02899507HPCPHT20000700230020900 99999} 2500 00000P 
HPD02899507HPCPHT20000700280021900 00020  2500 00020  
HPD02899507HPCPHT20000800010020100 00000g 2500 00000  
HPD02899507HPCPHT20000800030020900 00010  2500 00010  
HPD02899507HPCPHT20000800040020100 00010  2500 00010  
HPD02899507HPCPHT20000800050021400 00010  2500 00010  
HPD02899507HPCPHT20000800060022100 00010  2500 00010  
HPD02899507HPCPHT20000800070032000 00050  2100 00030  2500 00080  
HPD02899507HPCPHT20000800080020700 00010  2500 00010  
HPD02899507HPCPHT20000800090022200 00010  2500 00010  
HPD02899507HPCPHT20000800100021000 00010  2500 00010  
HPD02899507HPCPHT20000800110030900 00030  1000 00040  2500 00070  
HPD02899507HPCPHT20000800130021800 00040  2500 00040  
HPD02899507HPCPHT20000800140022100 00010  2500 00010  
HPD02899507HPCPHT20000800170031700 00010  2300 00010  2500 00020  
HPD02899507HPCPHT20000800180020200 00010  2500 00010  
HPD02899507HPCPHT20000800220031900 00020  2100 00010  2500 00030  
HPD02899507HPCPHT20000800230042000 00010  2300 00020  2400 00010  2500 00040  
HPD02899507HPCPHT20000800270042100 00010  2300 00010  2400 00010  2500 00030  
HPD02899507HPCPHT20000800280022400 00020  2500 00020  
HPD02899507HPCPHT20000800290040100 00010  1700 00030  1900 00010  2500 00050  
HPD02899507HPCPHT20000800300021500 00010  2500 00010  
HPD02899507HPCPHT20000800310021100 00010  2500 00010  
HPD02899507HPCPHT20000900010020100 00000g 2500 00000  
HPD02899507HPCPHT20000900040030900 99999a 1300 00010A 2500 00010  
HPD02899507HPCPHT20000900100021500 00050  2500 00050  
HPD02899507HPCPHT20000900280021500 00010  2500 00010  
HPD02899507HPCPHT20000900290021700 00010  2500 00010  
HPD02899507HPCPHT20001000010020100 00000g 2500 00000  
HPD02899507HPCPHT20001000100041400 00010  1500 00010  2000 00010  2500 00030  
HPD02899507HPCPHT20001000110140600 00010  0700 00020  0800 00010  0900 00010  1000 00030  1100 00010  1300 00010  1500 00020  1700 00010  1800 00010  2000 00010  2100 00010  2200 00010  2500 00170  
HPD02899507HPCPHT20001000120050100 00010  0200 00010  0400 00010  0900 00010  2500 00040  
HPD02899507HPCPHT20001000190071800 00010  1900 00010  2000 00010  2100 00010  2300 00010  2400 00010  2500 00060  
HPD02899507HPCPHT20001000200020200 00010  2500 00010  
HPD02899507HPCPHT20001000210070800 00020  0900 00010  1000 00010  1100 00010  1300 00010  1700 00010  2500 00070  
HPD02899507HPCPHT20001000220090800 00010  0900 00010  1000 00010  1700 00010  1900 00010  2000 00040  2100 00010  2400 00010  2500 00110  
HPD02899507HPCPHT20001000270031500 00010  1600 00020  2500 00030  
HPD02899507HPCPHT20001000280030100 00010  0400 00010  2500 00020  
HPD02899507HPCPHT20001000310030200 00020  0300 00010  2500 00030  
HPD02899507HPCPHT20001100010020100 00000g 2500 00000  
HPD02899507HPCPHT20001100030032300 00010  2400 00010  2500 00020  
HPD02899507HPCPHT20001100040060100 00010  1300 00030  1400 00010  1600 00010  2000 00010  2500 00070  
HPD02899507HPCPHT20001100060061700 00010  1800 00030  1900 00030  2000 00040  2100 00010  2500 00120  
HPD02899507HPCPHT20001100100032200 00010  2400 00010  2500 00020  
HPD02899507HPCPHT20001100110030300 00010  0500 00010  2500 00020  
HPD02899507HPCPHT20001100150021200 00010  2500 00010  
HPD02899507HPCPHT20001200010020100 00000g 2500 00000  
HPD02899507HPCPHT20001200150021300 00010  2500 00010  
