HPD02275407HPCPHT20010100010020100 00000g 2500 00000  
HPD02275407HPCPHT20010100090030400 00010  1700 00010  2500 00020  
HPD02275407HPCPHT20010100120022300 00010  2500 00010  
HPD02275407HPCPHT20010100130020500 00010  2500 00010  
HPD02275407HPCPHT20010100160031400 00010  1700 00010  2500 00020  
HPD02275407HPCPHT20010100200021300 00010  2500 00010  
HPD02275407HPCPHT20010200010020100 00000g 2500 00000  
HPD02275407HPCPHT20010200110021200 00010  2500 00010  
HPD02275407HPCPHT20010300010030100 00000g 1500 00010  2500 00010  
HPD02275407HPCPHT20010300300021200 00010  2500 00010  
HPD02275407HPCPHT20010400010040100 00000g 1600 99999[ 1800 99999] 2500 00000I 
HPD02275407HPCPHT20010400060030500 00010  0900 00010  2500 00020  
HPD02275407HPCPHT20010400070021500 00010  2500 00010  
HPD02275407HPCPHT20010400210021400 00010  2500 00010  
HPD02275407HPCPHT20010500010020100 00000g 2500 00000  
HPD02275407HPCPHT20010500210020800 00010  2500 00010  
HPD02275407HPCPHT20010600010020100 00000g 2500 00000  
HPD02275407HPCPHT20010600100021700 00010  2500 00010  
HPD02275407HPCPHT20010600200021000 00010  2500 00010  
HPD02275407HPCPHT20010600250020900 00010  2500 00010  
HPD02275407HPCPHT20010600260021100 00010  2500 00010  
HPD02275407HPCPHT20010600300021700 00010  2500 00010  
HPD02275407HPCPHT20010700010020100 00000g 2500 00000  
HPD02275407HPCPHT20010700170040200 00010  0400 00010  1500 00010  2500 00030  
HPD02275407HPCPHT20010700220020800 00010  2500 00010  
HPD02275407HPCPHT20010700230021700 00010  2500 00010  
HPD02275407HPCPHT20010700270021700 00010  2500 00010  
HPD02275407HPCPHT20010800010020100 00000g 2500 00000  
HPD02275407HPCPHT20010800120041900 00010  2000 00020  2100 00010  2500 00040  
HPD02275407HPCPHT20010800130040100 00010  0900 00010  2100 00010  2500 00030  
HPD02275407HPCPHT20010800140050100 00020  0200 00010  0300 00010  0900 00010  2500 00050  
HPD02275407HPCPHT20010800150021800 00010  2500 00010  
HPD02275407HPCPHT20010800160021500 00010  2500 00010  
HPD02275407HPCPHT20010800210020700 00010  2500 00010  
HPD02275407HPCPHT20010800220020100 00010  2500 00010  
HPD02275407HPCPHT20010800280021300 00010  2500 00010  
HPD02275407HPCPHT20010900010020100 00000g 2500 00000  
HPD02275407HPCPHT20010900020031500 99999{ 1600 99999} 2500 00000P 
HPD02275407HPCPHT20010900130030300 00010  1500 00010  2500 00020  
HPD02275407HPCPHT20010900140021700 00010  2500 00010  
HPD02275407HPCPHT20010900230021600 00010  2500 00010  
HPD02275407HPCPHT20011000010020100 00000g 2500 00000  
HPD02275407HPCPHT20011000030022100 00010  2500 00010  
HPD02275407HPCPHT20011000070021100 00010  2500 00010  
HPD02275407HPCPHT20011000080021500 00010  2500 00010  
HPD02275407HPCPHT20011000120021300 00010  2500 00010  
HPD02275407HPCPHT20011100010020100 00000g 2500 00000  
HPD02275407HPCPHT20011200010020100 00000g 2500 00000  
HPD02275407HPCPHT20011200030021600 00010  2500 00010  
HPD02275407HPCPHT20011200110031800 00010  2100 00010  2500 00020  
HPD02275407HPCPHT20011200120030400 00010  1300 00010  2500 00020  
HPD02275407HPCPHT20011200150021600 00010  2500 00010  
HPD02275407HPCPHT20011200160021200 00010  2500 00010  
