HPD02301002HPCPHI20080100010020100 00000g 2500 00000  
HPD02301002HPCPHI20080100050220400 00000T 0500 00000T 0600 00001  0700 00004  0800 00006  0900 00005  1000 00003  1100 00003  1200 00003  1300 00005  1400 00005  1500 00002  1600 00003  1700 00005  1800 00004  1900 00003  2000 00007  2100 00003  2200 00008  2300 00011  2400 00014  2500 00095  
HPD02301002HPCPHI20080100060220100 00011  0200 00012  0300 00000T 0400 00010  0500 00002  0600 00000T 0700 00000T 0800 00000T 0900 00000T 1300 00000T 1400 00001  1500 00004  1600 00002  1700 00009  1800 00002  1900 00000T 2000 00000T 2100 00000T 2200 00000T 2300 00000T 2400 00000T 2500 00053  
HPD02301002HPCPHI20080100070160100 00001  0200 00004  0300 00007  0400 00007  0500 00009  0600 00009  0700 00009  0800 00004  0900 00005  1000 00010  1100 00002  1200 00001  1300 00000T 1400 00000T 1500 00000T 2500 00068  
HPD02301002HPCPHI20080100130041800 00000T 1900 00000T 2000 00000T 2500 00000T 
HPD02301002HPCPHI20080100230032100 00000T 2300 00000T 2500 00000T 
HPD02301002HPCPHI20080100240210100 00000T 0200 00000T 0300 00000T 0400 00000T 0500 00000T 0600 00000T 0700 00001  0800 00001  0900 00000T 1000 00000T 1100 00000T 1200 00000T 1300 00001  1400 00003  1500 00003  1600 00003  1700 00003  1800 00003  1900 00000T 2000 00000T 2500 00018  
HPD02301002HPCPHI20080100250070100 00000T 0200 00002  0300 00000T 0400 00000T 0500 00000T 0700 00001  2500 00003  
HPD02301002HPCPHI20080100270200600 00000T 0700 00000T 0800 00003  0900 00006  1000 00008  1100 00007  1200 00010  1300 00013  1400 00011  1500 00011  1600 00010  1700 00011  1800 00006  1900 00008  2000 00006  2100 00010  2200 00004  2300 00004  2400 00000T 2500 00128  
HPD02301002HPCPHI20080100280210100 00000T 0200 00000T 0300 00000T 0400 00000T 0500 00001  0600 00000T 0700 00000T 1000 00000T 1100 00001  1200 00000T 1300 00001  1400 00001  1500 00002  1600 00003  1700 00002  1800 00002  1900 00000T 2000 00005  2100 00003  2200 00000T 2500 00021  
HPD02301002HPCPHI20080100290030100 00000T 0800 00006  2500 00006  
HPD02301002HPCPHI20080100300100800 00000T 0900 00001  1000 00000T 1100 00000T 1200 00002  1300 00000T 1500 00000T 1600 00000T 1700 00000T 2500 00003  
HPD02301002HPCPHI20080200010020100 00000g 2500 00000  
HPD02301002HPCPHI20080200020041800 00000T 1900 00001  2000 00000T 2500 00001  
HPD02301002HPCPHI20080200030190700 00000T 0800 00000T 0900 00002  1000 00000T 1100 00004  1200 00002  1300 00002  1400 00000T 1500 00003  1600 00007  1700 00004  1800 00002  1900 00004  2000 00004  2100 00003  2200 00006  2300 00002  2400 00004  2500 00049  
HPD02301002HPCPHI20080200040110100 00000T 0200 00000T 0300 00000T 0400 00000T 0500 00002  0600 00002  0700 00001  0800 00000T 0900 00000T 1400 00000T 2500 00005  
HPD02301002HPCPHI20080200140220100 00000T 0200 00000T 0300 00000T 0600 00000T 0700 00005  0800 00008  0900 00006  1000 00005  1100 00003  1200 00003  1300 00004  1400 00006  1500 00007  1600 00001  1700 00001  1800 00000T 1900 00000T 2000 00000T 2200 00000T 2300 00000T 2400 00000T 2500 00049  
HPD02301002HPCPHI20080200150140100 00000T 0700 00000T 0800 00000T 0900 00001  1000 00000T 1100 00000T 1400 00000T 1500 00000T 1600 00000T 1700 00000T 1800 00000T 1900 00000T 2000 00000T 2500 00001  
HPD02301002HPCPHI20080200200110700 00000T 1600 00000T 1700 00003  1800 00016  1900 00005  2000 00009  2100 00019  2200 00014  2300 00012  2400 00000T 2500 00078  
HPD02301002HPCPHI20080200210060100 00000T 0200 00000T 1100 00000T 1900 00000T 2100 00000T 2500 00000T 
HPD02301002HPCPHI20080200220220400 00000T 0500 00002  0600 00003  0700 00003  0800 00002  0900 00001  1000 00000T 1100 00002  1200 00003  1300 00001  1400 00002  1500 00002  1600 00003  1700 00001  1800 00000T 1900 00002  2000 00001  2100 00001  2200 00004  2300 00008  2400 00005  2500 00046  
HPD02301002HPCPHI20080200230060100 00000T 0200 00000T 0300 00000T 0400 00001  0500 00000T 2500 00001  
HPD02301002HPCPHI20080200240100600 00001  0700 00002  0800 00004  0900 00007  1000 00004  1100 00003  1200 00003  1300 00002  1400 00000T 2500 00026  
HPD02301002HPCPHI20080300010020100 00000g 2500 00000  
HPD02301002HPCPHI20080300080042200 00000T 2300 00000T 2400 00000T 2500 00000T 
HPD02301002HPCPHI20080300090030100 00000T 0600 00000T 2500 00000T 
HPD02301002HPCPHI20080300160140600 00000T 0700 00000T 0800 00000T 0900 00000T 1000 00000T 1100 00000T 1200 00001  1300 00002  1400 00000T 1500 00000T 1600 00000T 1700 00000T 1800 00000T 2500 00003  
HPD02301002HPCPHI20080300170060400 00001  0500 00000T 1000 00000T 1100 00000T 1200 00000T 2500 00001  
HPD02301002HPCPHI20080400010020100 00000g 2500 00000  
HPD02301002HPCPHI20080400030041500 00000T 1600 00000T 1700 00000T 2500 00000T 
HPD02301002HPCPHI20080400090110100 00000T 0200 00000T 0300 00000T 0500 00000T 0600 00000T 0700 00000T 0800 00000T 1400 00000T 1500 00000T 1600 00000T 2500 00000T 
HPD02301002HPCPHI20080500010020100 00000g 2500 00000  
HPD02301002HPCPHI20080500060081300 00000T 1400 00001  1500 00001  1600 00000T 1700 00004  1800 00000T 1900 00000T 2500 00006  
HPD02301002HPCPHI20080500130120100 00000T 0200 00000T 0300 00002  0400 00009  0500 00014  0600 00008  0700 00001  0800 00000T 0900 00000T 1000 00000T 1100 00000T 2500 00034  
HPD02301002HPCPHI20080500150031800 00000T 2000 00000T 2500 00000T 
HPD02301002HPCPHI20080500210021400 00000T 2500 00000T 
HPD02301002HPCPHI20080500220081000 00001  1100 00000T 1800 00000T 1900 00000T 2100 00000T 2200 00004  2300 00000T 2500 00005  
HPD02301002HPCPHI20080500230210200 00000T 0300 00001  0400 00013  0500 00007  0600 00000T 0700 00008  0800 00009  0900 00006  1000 00005  1200 00000T 1300 00001  1400 00001  1500 00000T 1700 00000T 1800 00004  1900 00001  2100 00002  2200 00004  2300 00001  2400 00000T 2500 00063  
HPD02301002HPCPHI20080500240110700 00001  0800 00000T 1000 00001  1100 00001  1200 00001  1300 00000T 1400 00001  1500 00003  1700 00000T 1800 00001  2500 00009  
HPD02301002HPCPHI20080600010020100 00000g 2500 00000  
HPD02301002HPCPHI20080600040042000 00000T 2100 00002  2200 00000T 2500 00002  
HPD02301002HPCPHI20080600260021700 00000T 2500 00000T 
HPD02301002HPCPHI20080700010060100 00000g 1200 00009  1300 00016  1400 00004  1500 00001  2500 00030  
HPD02301002HPCPHI20080700050030100 00000T 0200 00000T 2500 00000T 
HPD02301002HPCPHI20080700070031500 00005  1600 00000T 2500 00005  
HPD02301002HPCPHI20080700110030800 00000T 0900 00000T 2500 00000T 
HPD02301002HPCPHI20080700120080200 00000T 0300 00000T 0400 00000T 1400 00000T 1500 00010  1600 00000T 1700 00002  2500 00012  
HPD02301002HPCPHI20080700130100700 00000T 0800 00000T 0900 00000T 1800 00000T 2000 00000T 2100 00001  2200 00001  2300 00013  2400 00018  2500 00033  
HPD02301002HPCPHI20080700140070100 00002  1400 00021  1500 00001  1600 00002  1700 00001  1800 00001  2500 00028  
HPD02301002HPCPHI20080700150071200 00014  1300 00038  1400 00012  1500 00001  1600 00000T 1700 00001  2500 00066  
HPD02301002HPCPHI20080700190061500 00000T 1600 00000T 2200 00000T 2300 00001  2400 00000T 2500 00001  
HPD02301002HPCPHI20080700200080900 00000T 1000 00000T 1100 00000T 1400 00000T 1600 00000T 1700 00001  1800 00000T 2500 00001  
HPD02301002HPCPHI20080700210021300 00000T 2500 00000T 
HPD02301002HPCPHI20080700230041500 00000T 1600 00014  1700 00000T 2500 00014  
HPD02301002HPCPHI20080700240042200 00000T 2300 00003  2400 00000T 2500 00003  
HPD02301002HPCPHI20080700250080100 00001  1900 00000T 2000 00018  2100 00012  2200 00004  2300 00001  2400 00000T 2500 00036  
HPD02301002HPCPHI20080700260041300 00000T 1400 00006  1500 00000T 2500 00006  
HPD02301002HPCPHI20080700280021700 00000T 2500 00000T 
HPD02301002HPCPHI20080800010020100 00000g 2500 00000  
HPD02301002HPCPHI20080800030051600 00027  1700 00005  2200 00000T 2300 00000T 2500 00032  
HPD02301002HPCPHI20080800040032200 00010  2300 00007  2500 00017  
HPD02301002HPCPHI20080800050021600 00000T 2500 00000T 
HPD02301002HPCPHI20080800060070100 00001  0200 00000T 1100 00000T 1400 00001  1500 00007  1600 00001  2500 00010  
HPD02301002HPCPHI20080800080071400 00011  1500 00001  1600 00000T 1800 00000T 1900 00002  2000 00000T 2500 00014  
HPD02301002HPCPHI20080800090061300 00000T 1400 00000T 1600 00004  1700 00003  1800 00001  2500 00008  
HPD02301002HPCPHI20080800100031600 00005  1700 00006  2500 00011  
HPD02301002HPCPHI20080800110021400 00000T 2500 00000T 
HPD02301002HPCPHI20080800120031500 00000T 1600 00000T 2500 00000T 
HPD02301002HPCPHI20080800130022100 00000T 2500 00000T 
HPD02301002HPCPHI20080800140050600 00000T 1300 00000T 1400 00000T 1500 00000T 2500 00000T 
HPD02301002HPCPHI20080800150071600 00001  1700 00000T 1800 00003  1900 00004  2000 00000T 2100 00000T 2500 00008  
HPD02301002HPCPHI20080800160150300 00001  0400 00006  0500 00000T 0600 00000T 0700 00000T 0800 00004  0900 00000T 1000 00001  1700 00039  1800 00008  1900 00010  2000 00008  2200 00001  2300 00000T 2500 00078  
HPD02301002HPCPHI20080800170031600 00005  1700 00000T 2500 00005  
HPD02301002HPCPHI20080800180070200 00001  0300 00000T 1800 00000T 1900 00000T 2100 00001  2200 00005  2500 00007  
HPD02301002HPCPHI20080800230031400 00010  1500 00000T 2500 00010  
HPD02301002HPCPHI20080800240030300 00000T 1800 00002  2500 00002  
HPD02301002HPCPHI20080800250060700 00004  1400 00002  1500 00000T 1900 00000T 2000 00000T 2500 00006  
HPD02301002HPCPHI20080800260020900 00000T 2500 00000T 
HPD02301002HPCPHI20080800270031400 00000T 1500 00000T 2500 00000T 
HPD02301002HPCPHI20080800300041600 00017  1900 00000T 2000 00000T 2500 00017  
HPD02301002HPCPHI20080800310071400 00008  1500 00005  1600 00000T 1700 00002  1800 00000T 2200 00000T 2500 00015  
HPD02301002HPCPHI20080900010020100 00000g 2500 00000  
HPD02301002HPCPHI20080900070021700 00016  2500 00016  
HPD02301002HPCPHI20080900080041500 00000T 1600 00000T 1700 00000T 2500 00000T 
HPD02301002HPCPHI20080900090101200 00000T 1300 00006  1500 00000T 1800 00001  1900 00001  2000 00013  2100 00000T 2300 00002  2400 00001  2500 00024  
HPD02301002HPCPHI20080900100050100 00000T 0200 00012  0300 00001  0400 00000T 2500 00013  
HPD02301002HPCPHI20080900160041500 00000T 1600 00011  1700 00001  2500 00012  
HPD02301002HPCPHI20080900180031500 00001  1600 00002  2500 00003  
HPD02301002HPCPHI20080900270022000 00001  2500 00001  
HPD02301002HPCPHI20081000010020100 00000g 2500 00000  
HPD02301002HPCPHI20081000040041300 00005  1400 00014  1500 00002  2500 00021  
HPD02301002HPCPHI20081000050020100 00000T 2500 00000T 
HPD02301002HPCPHI20081000110040700 00000T 0800 00000T 0900 00000T 2500 00000T 
HPD02301002HPCPHI20081100010020100 00000g 2500 00000  
HPD02301002HPCPHI20081100020031400 00001  1500 00002  2500 00003  
HPD02301002HPCPHI20081100070040300 00000T 0400 00000T 0900 00000T 2500 00000T 
HPD02301002HPCPHI20081100090091700 00000T 1800 00013  1900 00002  2000 00003  2100 00007  2200 00004  2300 00000T 2400 00000T 2500 00029  
HPD02301002HPCPHI20081100250041400 00000T 1500 00000T 1700 00000T 2500 00000T 
HPD02301002HPCPHI20081100260150800 00000T 0900 00000T 1000 00000T 1100 00004  1200 00003  1300 00002  1400 00003  1500 00003  1600 00004  1700 00003  1800 00002  1900 00001  2000 00012  2100 00000T 2500 00037  
HPD02301002HPCPHI20081100270180100 00000T 0200 00007  0300 00008  0400 00015  0500 00004  0600 00000T 0700 00003  0800 00003  1200 00001  1300 00004  1500 00000T 1600 00000T 1700 00000T 1800 00000T 1900 00001  2300 00000T 2400 00000T 2500 00046  
HPD02301002HPCPHI20081100280090100 00000T 0200 00000T 0300 00000T 0400 00002  0500 00000T 0600 00000T 0800 00000T 1500 00012  2500 00014  
HPD02301002HPCPHI20081200010020100 00000g 2500 00000  
HPD02301002HPCPHI20081200080042200 00001  2300 00001  2400 00000T 2500 00002  
HPD02301002HPCPHI20081200090020300 00000T 2500 00000T 
HPD02301002HPCPHI20081200120031800 00001  1900 00000T 2500 00001  
HPD02301002HPCPHI20081200130111500 00000T 1600 00000T 1700 00000T 1800 00001  1900 00000T 2000 00000T 2100 00000T 2200 00001  2300 00002  2400 00001  2500 00005  
HPD02301002HPCPHI20081200140070100 00001  0200 00000T 0300 00005  0400 00000T 0500 00000T 0700 00000T 2500 00006  
HPD02301002HPCPHI20081200150160900 00000T 1000 00000T 1100 00000T 1300 00000T 1400 00000T 1500 00000T 1600 00000T 1700 00001  1800 00002  1900 00002  2000 00002  2100 00005  2200 00005  2300 00004  2400 00003  2500 00024  
HPD02301002HPCPHI20081200160250100 00004  0200 00003  0300 00004  0400 00003  0500 00003  0600 00003  0700 00001  0800 00002  0900 00001  1000 00002  1100 00000T 1200 00002  1300 00000T 1400 00001  1500 00003  1600 00000T 1700 00001  1800 00000T 1900 00000T 2000 00000T 2100 00000T 2200 00000T 2300 00001  2400 00001  2500 00035  
HPD02301002HPCPHI20081200170220100 00000T 0200 00000T 0300 00002  0400 00001  0500 00001  0600 00000T 0800 00000T 0900 00003  1000 00006  1100 00009  1200 00007  1300 00008  1400 00003  1500 00000T 1700 00003  1800 00001  2000 00004  2100 00006  2200 00017  2300 00018  2400 00017  2500 00106  
HPD02301002HPCPHI20081200180200100 00010  0200 00008  0300 00005  0400 00006  0500 00007  0600 00002  0700 00002  0800 00002  0900 00000T 1000 00001  1100 00001  1200 00000T 1300 00001  1400 00002  1500 00001  1600 00000T 1700 00022  1800 00000T 1900 00000T 2500 00070  
HPD02301002HPCPHI20081200220131300 00000T 1400 00002  1500 00002  1600 00002  1700 00003  1800 00001  1900 00002  2000 00005  2100 00001  2200 00002  2300 00001  2400 00002  2500 00023  
HPD02301002HPCPHI20081200230170100 00003  0200 00026  0300 00000T 0400 00001  0500 00002  0600 00001  0700 00001  0800 00000T 1000 00000T 1100 00000T 1400 00000T 1500 00000T 1600 00000T 1700 00000T 1800 00000T 1900 00000T 2500 00034  
HPD02301002HPCPHI20081200240042200 00000T 2300 00002  2400 00005  2500 00007  
HPD02301002HPCPHI20081200250250100 00011  0200 00004  0300 00001  0400 00005  0500 00004  0600 00005  0700 00000T 0800 00002  0900 00001  1000 00000T 1100 00024  1200 00002  1300 00002  1400 00002  1500 00003  1600 00005  1700 00001  1800 00000T 1900 00003  2000 00008  2100 00010  2200 00011  2300 00007  2400 00005  2500 00116  
HPD02301002HPCPHI20081200260100100 00009  0200 00000T 0300 00001  0400 00000T 0500 00000T 0600 00035  1300 00000T 1400 00000T 1600 00000T 2500 00045  
