HPD02185200HPCPHI19780600010020100 99999[ 2500 00000I 
HPD02185200HPCPHI19780600280021100 99999] 2500 00000I 
HPD02185200HPCPHI19780700010020100 00000g 2500 00000  
HPD02185200HPCPHT19780700080022100 00020  2500 00020  
HPD02185200HPCPHT19780700120021500 00020  2500 00020  
HPD02185200HPCPHT19780700180021700 00010  2500 00010  
HPD02185200HPCPHT19780700220031500 00050  1600 00010  2500 00060  
HPD02185200HPCPHT19780700230030900 00010  2300 00020  2500 00030  
HPD02185200HPCPHT19780700240050200 00010  0300 00020  0400 00020  1400 00010  2500 00060  
HPD02185200HPCPHT19780700300020900 00010  2500 00010  
HPD02185200HPCPHT19780800010020100 00000g 2500 00000  
HPD02185200HPCPHT19780800070021900 00010  2500 00010  
HPD02185200HPCPHT19780800090031700 00010  1800 00010  2500 00020  
HPD02185200HPCPHT19780800110032100 00020  2200 00010  2500 00030  
HPD02185200HPCPHT19780800190031800 00020  1900 00010  2500 00030  
HPD02185200HPCPHT19780800210061900 00020  2000 00010  2100 00010  2200 00010  2300 00010  2500 00060  
HPD02185200HPCPHT19780800240021000 00010  2500 00010  
HPD02185200HPCPHT19780900010030100 00000g 2400 00020  2500 00020  
HPD02185200HPCPHT19780900020060100 00010  0200 00010  0300 00020  0700 00010  1600 00010  2500 00060  
HPD02185200HPCPHT19780900030020800 00010  2500 00010  
HPD02185200HPCPHT19780900180021300 00010  2500 00010  
HPD02185200HPCPHT19781000010020100 00000g 2500 00000  
HPD02185200HPCPHT19781000210110500 00010  0600 00010  0700 00010  0800 00010  0900 00050  1000 00050  1100 00020  1300 00010  1500 00010  2200 00010  2500 00190  
HPD02185200HPCPHT19781000220021000 00010  2500 00010  
HPD02185200HPCPHT19781000230040800 00010  1900 00010  2300 00010  2500 00030  
HPD02185200HPCPHT19781000240030400 00010  1200 00010  2500 00020  
HPD02185200HPCPHT19781000250020800 00010  2500 00010  
HPD02185200HPCPHT19781000260021300 00020  2500 00020  
HPD02185200HPCPHT19781100010020100 00000g 2500 00000  
HPD02185200HPCPHT19781100100041800 00010  1900 00010  2300 00010  2500 00030  
HPD02185200HPCPHT19781100110022400 00010  2500 00010  
HPD02185200HPCPHT19781100120030400 00010  0500 00010  2500 00020  
HPD02185200HPCPHT19781100230060200 00010  1900 00010  2100 00010  2300 00010  2400 00010  2500 00050  
HPD02185200HPCPHT19781100240190100 00010  0200 00020  0300 00010  0400 00010  0500 00010  0600 00010  0700 00010  0900 00010  1000 00010  1100 00010  1300 00010  1600 00010  1800 00010  1900 00010  2000 00010  2100 00010  2200 00030  2300 00010  2500 00210  
HPD02185200HPCPHT19781100250021000 00010  2500 00010  
HPD02185200HPCPHT19781100300021300 00010  2500 00010  
HPD02185200HPCPHT19781200010020100 00000g 2500 00000  
HPD02185200HPCPHT19781200060040900 00010  1000 00010  1800 00010  2500 00030  
HPD02185200HPCPHT19781200170041200 00010  1600 00010  2200 00010  2500 00030  
HPD02185200HPCPHT19781200180150400 00010  0500 00010  0700 00010  0800 00010  0900 00010  1000 00010  1100 00010  1200 00020  1300 00010  1500 00010  1600 00010  1800 00010  2000 00010  2400 00010  2500 00150  
HPD02185200HPCPHT19781200190020600 00010  2500 00010  
HPD02185200HPCPHT19781200200021000 00010  2500 00010  
HPD02185200HPCPHT19781200280021600 00010  2500 00010  
HPD02185200HPCPHT19781200300060300 00010  0500 00010  0800 00010  1200 00010  1900 00010  2500 00050  
HPD02185200HPCPHT19781200310030200 00010  1300 00010  2500 00020  
HPD02185200HPCPHT19790100010020100 00000g 2500 00000  
HPD02185200HPCPHT19790100050022400 00010  2500 00010  
HPD02185200HPCPHT19790100060040400 00010  0600 00010  1200 00010  2500 00030  
HPD02185200HPCPHT19790100070020800 00010  2500 00010  
HPD02185200HPCPHT19790100100020300 00010  2500 00010  
HPD02185200HPCPHT19790100120022000 00010  2500 00010  
HPD02185200HPCPHT19790100160060300 00010  0700 00010  0900 00010  1300 00010  2400 00010  2500 00050  
HPD02185200HPCPHT19790100170100800 00010  1300 00010  1700 00020  1800 00020  1900 00010  2000 00010  2100 00010  2200 00020  2300 00010  2500 00120  
HPD02185200HPCPHT19790100180080100 00010  0300 00010  0400 00010  0500 00010  0700 00010  1100 00010  2400 00010  2500 00070  
HPD02185200HPCPHT19790100250080700 00010  1100 00010  1200 00010  1300 00020  1600 00010  2100 00010  2400 00010  2500 00080  
HPD02185200HPCPHT19790100260040300 00010  1400 00010  1600 00010  2500 00030  
HPD02185200HPCPHT19790200010020100 00000g 2500 00000  
HPD02185200HPCPHT19790200050031100 00010  1300 00010  2500 00020  
HPD02185200HPCPHT19790200210021900 00010  2500 00010  
HPD02185200HPCPHT19790200220030500 00010  0600 00010  2500 00020  
HPD02185200HPCPHT19790200230021900 00010  2500 00010  
HPD02185200HPCPHT19790300010030100 00000g 1400 00010  2500 00010  
HPD02185200HPCPHT19790300020020800 00010  2500 00010  
HPD02185200HPCPHT19790300190020900 00010  2500 00010  
HPD02185200HPCPHT19790300210040400 00010  0500 00010  0700 00010  2500 00030  
HPD02185200HPCPHT19790300280022400 00010  2500 00010  
HPD02185200HPCPHT19790300290020100 00010  2500 00010  
HPD02185200HPCPHT19790400010020100 00000g 2500 00000  
HPD02185200HPCPHT19790400100040700 00010  0900 00010  1000 00010  2500 00030  
HPD02185200HPCPHT19790500010020100 00000g 2500 00000  
HPD02185200HPCPHT19790500090030700 00010  1300 00010  2500 00020  
HPD02185200HPCPHT19790500200021300 00010  2500 00010  
HPD02185200HPCPHT19790500240021900 00010  2500 00010  
HPD02185200HPCPHT19790500250021400 00010  2500 00010  
HPD02185200HPCPHT19790500260041700 00020  1800 00010  1900 00010  2500 00040  
HPD02185200HPCPHT19790600010030100 00000g 2400 00020  2500 00020  
HPD02185200HPCPHT19790600020030100 00010  1000 00010  2500 00020  
HPD02185200HPCPHT19790600030031500 00010  2400 00010  2500 00020  
HPD02185200HPCPHT19790600050031900 00010  2200 00010  2500 00020  
HPD02185200HPCPHT19790600080021500 00010  2500 00010  
HPD02185200HPCPHT19790600090021100 00010  2500 00010  
HPD02185200HPCPHT19790700010020100 00000g 2500 00000  
HPD02185200HPCPHT19790700180070100 00010  0200 00030  0300 00020  0400 00020  0600 00010  0900 00010  2500 00100  
HPD02185200HPCPHT19790700190020800 00010  2500 00010  
HPD02185200HPCPHT19790700200021500 00010  2500 00010  
HPD02185200HPCPHT19790700210050200 00010  0300 00020  0600 00010  1300 00010  2500 00050  
HPD02185200HPCPHT19790700220021100 00010  2500 00010  
HPD02185200HPCPHT19790700310041400 00010  1500 00010  1900 00010  2500 00030  
HPD02185200HPCPHT19790800010020100 00000g 2500 00000  
HPD02185200HPCPHT19790800020020800 99999a 2500 00000I 
HPD02185200HPCPHT19790800290020800 00150A 2500 00150P 
HPD02185200HPCPHT19790900010020100 00000g 2500 00000  
HPD02185200HPCPHT19791000010020100 00000g 2500 00000  
HPD02185200HPCPHT19791000210030600 00030  0700 00010  2500 00040  
HPD02185200HPCPHT19791100010020100 00000g 2500 00000  
HPD02185200HPCPHT19791100070021100 00010  2500 00010  
HPD02185200HPCPHT19791200010020100 99999[ 2500 00000I 
HPD02185200HPCPHT19791200310022400 99999] 2500 00000I 
HPD02185200HPCPHT19800100010020100 99999[ 2500 00000I 
HPD02185200HPCPHT19800100230021400 99999] 2500 00000I 
HPD02185200HPCPHT19800100260021600 00010  2500 00010  
HPD02185200HPCPHT19800100300080300 00010  0400 00010  0500 00010  0600 00020  0700 00020  0900 00010  1700 00010  2500 00090  
HPD02185200HPCPHT19800200010030100 00000g 0900 00010  2500 00010  
HPD02185200HPCPHT19800200070031100 00010  1500 00010  2500 00020  
HPD02185200HPCPHT19800200080100800 00010  0900 00010  1000 00030  1200 00010  1400 00010  1500 00010  1600 00010  1700 00010  2000 00010  2500 00110  
HPD02185200HPCPHT19800200090040100 00010  0300 00010  1200 00010  2500 00030  
HPD02185200HPCPHT19800200130091600 00010  1700 00010  1900 00010  2000 00030  2100 00080  2200 00030  2300 00040  2400 00020  2500 00230  
HPD02185200HPCPHT19800200140130100 00010  0700 00010  0900 00020  1000 00040  1200 00050  1300 00030  1400 00010  1500 00030  1700 00010  1900 00010  2000 00010  2300 00020  2500 00250  
HPD02185200HPCPHT19800200150110900 00010  1000 00030  1100 00020  1200 00010  1300 00010  1600 00020  1700 00030  1800 00010  2000 00020  2100 00010  2500 00170  
HPD02185200HPCPHT19800200170040300 00010  0400 00030  0500 00010  2500 00050  
HPD02185200HPCPHT19800200190032200 00010  2400 00050  2500 00060  
HPD02185200HPCPHT19800200200080100 00010  0400 00010  0500 00010  0600 00010  1400 00010  1500 00010  1700 00020  2500 00080  
HPD02185200HPCPHT19800200210021600 00010  2500 00010  
HPD02185200HPCPHT19800300010020100 00000g 2500 00000  
HPD02185200HPCPHT19800300030051500 00010  1600 00010  1700 00010  1800 00010  2500 00040  
HPD02185200HPCPHT19800300040030200 00010  0300 00010  2500 00020  
HPD02185200HPCPHT19800300110050100 00010  0400 00010  0700 00010  1200 00010  2500 00040  
HPD02185200HPCPHT19800300230021000 00010  2500 00010  
HPD02185200HPCPHT19800300280021000 00010  2500 00010  
HPD02185200HPCPHT19800400010020100 00000g 2500 00000  
HPD02185200HPCPHT19800500010020100 00000g 2500 00000  
HPD02185200HPCPHT19800500030021800 00010  2500 00010  
HPD02185200HPCPHT19800500150030400 00020  0500 00010  2500 00030  
HPD02185200HPCPHT19800600010020100 00000g 2500 00000  
HPD02185200HPCPHT19800600290021600 00010  2500 00010  
HPD02185200HPCPHT19800700010020100 00000g 2500 00000  
HPD02185200HPCPHT19800700060022400 00010  2500 00010  
HPD02185200HPCPHT19800700070030100 00010  1000 00010  2500 00020  
HPD02185200HPCPHT19800700120021700 00010  2500 00010  
HPD02185200HPCPHT19800700180031700 00010  1800 00010  2500 00020  
HPD02185200HPCPHT19800700190021600 00010  2500 00010  
HPD02185200HPCPHT19800700210022400 00010  2500 00010  
HPD02185200HPCPHT19800700220031600 00030  1700 00010  2500 00040  
HPD02185200HPCPHT19800700230021500 00010  2500 00010  
HPD02185200HPCPHT19800700280021800 00010  2500 00010  
HPD02185200HPCPHT19800800010020100 00000g 2500 00000  
HPD02185200HPCPHT19800800060031700 00010  1900 00060  2500 00070  
HPD02185200HPCPHT19800800070021800 00010  2500 00010  
HPD02185200HPCPHT19800800090021500 00010  2500 00010  
HPD02185200HPCPHT19800800110021800 00010  2500 00010  
HPD02185200HPCPHT19800800130021500 00010  2500 00010  
HPD02185200HPCPHT19800800140040800 00010  0900 00010  1000 00010  2500 00030  
HPD02185200HPCPHT19800800220021900 00010  2500 00010  
HPD02185200HPCPHT19800800230051200 00010  1900 00010  2100 00010  2400 00010  2500 00040  
HPD02185200HPCPHT19800800240040400 00010  1300 00010  1800 00010  2500 00030  
HPD02185200HPCPHT19800800250020800 00010  2500 00010  
HPD02185200HPCPHT19800800270020400 00010  2500 00010  
HPD02185200HPCPHT19800800290021400 99999[ 2500 00000I 
HPD02185200HPCPHT19800800310022400 99999] 2500 00000I 
HPD02185200HPCPHT19800900010020100 00000g 2500 00000  
HPD02185200HPCPHT19800900060020900 00010  2500 00010  
HPD02185200HPCPHT19800900090021400 00010  2500 00010  
HPD02185200HPCPHT19800900160021100 00010  2500 00010  
HPD02185200HPCPHT19801000010020100 00000g 2500 00000  
HPD02185200HPCPHT19801000130040600 00010  0700 00010  1300 00010  2500 00030  
HPD02185200HPCPHT19801000150021200 00010  2500 00010  
HPD02185200HPCPHT19801000310031200 99999[ 2400 99999] 2500 00000I 
HPD02185200HPCPHT19801100010020100 99999[ 2500 00000I 
HPD02185200HPCPHT19801100300022400 99999] 2500 00000I 
HPD02185200HPCPHT19801200010020100 99999[ 2500 00000I 
HPD02185200HPCPHT19801200310022400 99999] 2500 00000I 
