HPD02827300HPCPHI19800700010020100 99999[ 2500 00000I 
HPD02827300HPCPHI19800700140021200 99999] 2500 00000I 
HPD02827300HPCPHT19800700210021600 00070  2500 00070  
HPD02827300HPCPHT19800700240021100 00010  2500 00010  
HPD02827300HPCPHT19800700250041700 00010  1900 00010  2400 00010  2500 00030  
HPD02827300HPCPHT19800700260020900 00010  2500 00010  
HPD02827300HPCPHT19800700270030900 00010  1900 00010  2500 00020  
HPD02827300HPCPHT19800800010020100 00000g 2500 00000  
HPD02827300HPCPHT19800800030030600 00020  0700 00010  2500 00030  
HPD02827300HPCPHT19800800080021900 00010  2500 00010  
HPD02827300HPCPHT19800800100021800 00010  2500 00010  
HPD02827300HPCPHT19800800130030800 00010  2200 00060  2500 00070  
HPD02827300HPCPHT19800800140040300 00050  0500 00010  0800 00010  2500 00070  
HPD02827300HPCPHT19800800240021800 00010  2500 00010  
HPD02827300HPCPHT19800900010020100 00000g 2500 00000  
HPD02827300HPCPHT19800900040041700 00040  1800 00010  1900 00020  2500 00070  
HPD02827300HPCPHT19800900050030500 00010  0900 00010  2500 00020  
HPD02827300HPCPHT19800900070031900 00020  2000 00040  2500 00060  
HPD02827300HPCPHT19800900080020900 00010  2500 00010  
HPD02827300HPCPHT19800900100020800 00010  2500 00010  
HPD02827300HPCPHT19801000010020100 00000g 2500 00000  
HPD02827300HPCPHT19801000120032300 00010  2400 00010  2500 00020  
HPD02827300HPCPHT19801000140020900 00010  2500 00010  
HPD02827300HPCPHT19801100010020100 00000g 2500 00000  
HPD02827300HPCPHT19801200010020100 00000g 2500 00000  
HPD02827300HPCPHT19801200060021800 00010  2500 00010  
HPD02827300HPCPHT19801200080060100 00010  0300 00010  0700 00020  0900 00010  1300 00010  2500 00060  
HPD02827300HPCPHT19810100010020100 00000g 2500 00000  
HPD02827300HPCPHT19810100110031600 00010  1900 00010  2500 00020  
HPD02827300HPCPHT19810100120050100 00010  0300 00010  0600 00010  1200 00010  2500 00040  
HPD02827300HPCPHT19810100130020900 00010  2500 00010  
HPD02827300HPCPHT19810100280022100 00010  2500 00010  
HPD02827300HPCPHT19810200010020100 00000g 2500 00000  
HPD02827300HPCPHT19810200080032200 00010  2400 00010  2500 00020  
HPD02827300HPCPHT19810200090130200 00010  0300 00010  0400 00010  0500 00010  0600 00010  0700 00010  0800 00010  0900 00010  1000 00010  1100 00010  1200 00010  1300 00010  2500 00120  
HPD02827300HPCPHT19810200100021300 00010  2500 00010  
HPD02827300HPCPHT19810200260050300 00010  0400 00010  0600 00010  0700 00010  2500 00040  
HPD02827300HPCPHT19810300010030100 00000g 2100 00010  2500 00010  
HPD02827300HPCPHT19810300020120200 00020  0300 00020  0500 00010  0600 00020  0700 00020  0800 00010  0900 00010  1200 00010  1300 00010  1500 00010  1600 00010  2500 00150  
HPD02827300HPCPHT19810300030021600 00010  2500 00010  
HPD02827300HPCPHT19810300050070200 00010  1500 00030  1600 00030  1700 00010  2000 00010  2200 00010  2500 00100  
HPD02827300HPCPHT19810300060110100 00010  0200 00010  0400 00010  0600 00010  1000 00010  1100 00020  1200 00010  1300 00010  1400 00010  1500 00010  2500 00110  
HPD02827300HPCPHT19810300070020100 00010  2500 00010  
HPD02827300HPCPHT19810300140020300 00010  2500 00010  
HPD02827300HPCPHT19810300200030800 00010  0900 00010  2500 00020  
HPD02827300HPCPHT19810300270020200 00010  2500 00010  
HPD02827300HPCPHT19810400010020100 00000g 2500 00000  
HPD02827300HPCPHT19810400020071800 00010  1900 00020  2100 00010  2200 00020  2300 00010  2400 00020  2500 00090  
HPD02827300HPCPHT19810400030020100 00010  2500 00010  
HPD02827300HPCPHT19810400120022000 00010  2500 00010  
HPD02827300HPCPHT19810400180030200 00010  0800 00010  2500 00020  
HPD02827300HPCPHT19810400300021800 00010  2500 00010  
HPD02827300HPCPHT19810500010030100 00000g 0600 00010  2500 00010  
HPD02827300HPCPHT19810500280021100 00030  2500 00030  
HPD02827300HPCPHT19810600010020100 00000g 2500 00000  
HPD02827300HPCPHT19810600280021800 00010  2500 00010  
HPD02827300HPCPHT19810700010020100 00000g 2500 00000  
HPD02827300HPCPHT19810700080021900 00020  2500 00020  
HPD02827300HPCPHT19810700090021400 00010  2500 00010  
HPD02827300HPCPHT19810700100022400 00010  2500 00010  
HPD02827300HPCPHT19810700110030100 00020  1000 00010  2500 00030  
HPD02827300HPCPHT19810700120021700 00070  2500 00070  
HPD02827300HPCPHT19810700130022200 00010  2500 00010  
HPD02827300HPCPHT19810700160020200 00010  2500 00010  
HPD02827300HPCPHT19810700170021600 00010  2500 00010  
HPD02827300HPCPHT19810700270031200 00010  1300 00040  2500 00050  
HPD02827300HPCPHT19810700280031900 00010  2000 00010  2500 00020  
HPD02827300HPCPHT19810700310021700 00010  2500 00010  
HPD02827300HPCPHT19810800010030100 00000g 1600 00010  2500 00010  
HPD02827300HPCPHT19810800080031800 00010  1900 00010  2500 00020  
HPD02827300HPCPHT19810800110030300 00010  0500 00010  2500 00020  
HPD02827300HPCPHT19810800190021800 00010  2500 00010  
HPD02827300HPCPHT19810800220021700 00010  2500 00010  
HPD02827300HPCPHT19810800270022000 00010  2500 00010  
HPD02827300HPCPHT19810800290021200 00010  2500 00010  
HPD02827300HPCPHT19810900010020100 00050  2500 00050  
HPD02827300HPCPHT19810900050031500 00010  2200 00010  2500 00020  
HPD02827300HPCPHT19810900060031200 00010  1300 00010  2500 00020  
HPD02827300HPCPHT19810900230040200 00060  0300 00010  0400 00010  2500 00080  
HPD02827300HPCPHT19811000010070100 00000g 0300 00010  1200 00010  2200 00030  2300 00020  2400 00010  2500 00080  
HPD02827300HPCPHT19811000020070500 00020  0600 00010  0700 00010  1300 00010  1400 00020  1600 00010  2500 00080  
HPD02827300HPCPHT19811000110021000 00010  2500 00010  
HPD02827300HPCPHT19811100010020100 99999[ 2500 00000I 
HPD02827300HPCPHT19811100080022400 99999] 2500 00000I 
HPD02827300HPCPHT19811100270031400 00010  2400 00010  2500 00020  
HPD02827300HPCPHT19811100280080100 00020  0200 00010  0300 00020  0400 00010  0500 00010  0600 00010  1800 00010  2500 00090  
HPD02827300HPCPHT19811100290170100 00020  0200 00010  0300 00010  0400 00020  0500 00010  0700 00030  0800 00010  0900 00010  1100 00010  1300 00020  1400 00010  1600 00010  1700 00010  1800 00020  1900 00010  2200 00010  2500 00220  
HPD02827300HPCPHT19811200010020100 00000g 2500 00000  
HPD02827300HPCPHT19820100010090100 99999a 1000 00030A 1100 99999a 1200 00050A 1300 99999a 1600 00060A 1700 99999a 2100 00030A 2500 00170  
HPD02827300HPCPHT19820100020021900 00030  2500 00030  
HPD02827300HPCPHT19820100030030900 00010  1100 00020  2500 00030  
HPD02827300HPCPHT19820100040022100 00010  2500 00010  
HPD02827300HPCPHT19820100120040300 00020  0400 99999a 1700 00040A 2500 00060  
HPD02827300HPCPHT19820100130021000 00010  2500 00010  
HPD02827300HPCPHT19820100210051000 00010  1500 00030  1600 00020  1800 00010  2500 00070  
HPD02827300HPCPHT19820100220030600 00010  1000 00020  2500 00030  
HPD02827300HPCPHT19820100250021700 99999[ 2500 00000I 
HPD02827300HPCPHT19820100310022400 99999] 2500 00000I 
HPD02827300HPCPHT19820200010020100 99999[ 2500 00000I 
HPD02827300HPCPHT19820200280022400 99999] 2500 00000I 
HPD02827300HPCPHT19820300010020100 99999[ 2500 00000I 
HPD02827300HPCPHT19820300150021100 99999] 2500 00000I 
HPD02827300HPCPHT19820300180091300 00020  1400 00030  1500 00020  1600 00020  1700 00010  1800 00010  2000 00020  2100 00010  2500 00140  
HPD02827300HPCPHT19820300260090600 00010  0700 00010  0800 00010  1000 00010  1200 00010  1400 00010  1500 00010  1600 00010  2500 00080  
HPD02827300HPCPHT19820300290030500 00010  0600 00010  2500 00020  
HPD02827300HPCPHT19820400010020100 00000g 2500 00000  
HPD02827300HPCPHT19820500010040100 00000g 2100 00010  2300 00010  2500 00020  
HPD02827300HPCPHT19820500030022400 00010  2500 00010  
HPD02827300HPCPHT19820500040040600 00020  0800 00030  2000 00010  2500 00060  
HPD02827300HPCPHT19820500050020800 00010  2500 00010  
HPD02827300HPCPHT19820500120040600 00010  0700 00010  1100 00010  2500 00030  
HPD02827300HPCPHT19820600010020100 00000g 2500 00000  
HPD02827300HPCPHT19820700010020100 00000g 2500 00000  
HPD02827300HPCPHT19820700070040600 00010  0800 00010  0900 00010  2500 00030  
HPD02827300HPCPHT19820700210020100 00010  2500 00010  
HPD02827300HPCPHT19820700240021800 00010  2500 00010  
HPD02827300HPCPHT19820700290041000 00010  1600 00030  1700 00010  2500 00050  
HPD02827300HPCPHT19820700300022000 00010  2500 00010  
HPD02827300HPCPHT19820700310022300 00020  2500 00020  
HPD02827300HPCPHT19820800010030100 00000g 0400 00010  2500 00010  
HPD02827300HPCPHT19820800070020100 00050  2500 00050  
HPD02827300HPCPHT19820800100030800 00010  2100 00010  2500 00020  
HPD02827300HPCPHT19820800110032100 00020  2300 00020  2500 00040  
HPD02827300HPCPHT19820800120040900 00010  1000 00010  1200 00010  2500 00030  
HPD02827300HPCPHT19820800130021000 00010  2500 00010  
HPD02827300HPCPHT19820800200041800 00020  1900 00010  2400 00050  2500 00080  
HPD02827300HPCPHT19820800210030100 00010  0200 00010  2500 00020  
HPD02827300HPCPHT19820800230041900 00010  2000 00090  2100 00010  2500 00110  
HPD02827300HPCPHT19820800240031800 00010  1900 00030  2500 00040  
HPD02827300HPCPHT19820800250020100 00010  2500 00010  
HPD02827300HPCPHT19820800260021200 00010  2500 00010  
HPD02827300HPCPHT19820900010020100 00000g 2500 00000  
HPD02827300HPCPHT19820900050031700 00080  1800 00010  2500 00090  
HPD02827300HPCPHT19820900070022000 00090  2500 00090  
HPD02827300HPCPHT19820900080020300 00010  2500 00010  
HPD02827300HPCPHT19820900100031400 00020  1500 00010  2500 00030  
HPD02827300HPCPHT19820900110080100 00010  0700 00020  0800 00030  1200 00060  1600 00010  1800 00010  1900 00010  2500 00150  
HPD02827300HPCPHT19821000010020100 00000g 2500 00000  
HPD02827300HPCPHT19821000260031800 00010  2000 00010  2500 00020  
HPD02827300HPCPHT19821100010020100 00000g 2500 00000  
HPD02827300HPCPHT19821100080101000 00010  1400 00010  1600 00010  1700 00010  1800 00010  2000 00010  2100 00010  2200 00010  2300 00020  2500 00100  
HPD02827300HPCPHT19821100090080200 00020  0300 00010  0400 00010  0500 00010  0600 00010  0800 00010  0900 00010  2500 00080  
HPD02827300HPCPHT19821100100080800 00010  0900 00010  1000 00010  1700 00040  1800 00020  1900 00030  2000 00010  2500 00130  
HPD02827300HPCPHT19821100110020600 00010  2500 00010  
HPD02827300HPCPHT19821100170160100 00010  0200 00010  0300 00010  0400 00010  0600 00010  0900 00010  1300 00010  1400 00020  1500 00010  1600 00010  1700 00010  1900 00010  2000 00010  2200 00010  2300 00010  2500 00160  
HPD02827300HPCPHT19821100180070100 00010  0400 00010  0700 00010  0900 00010  1000 00010  1100 00010  2500 00060  
HPD02827300HPCPHT19821100260021300 00010  2500 00010  
HPD02827300HPCPHT19821100290022100 00020  2500 00020  
HPD02827300HPCPHT19821100300160100 00010  0200 00020  0300 00030  0800 00010  0900 00020  1000 00020  1100 00010  1200 00010  1300 00010  1400 00010  1500 00010  1600 00040  1700 00050  1800 00030  1900 00020  2500 00300  
HPD02827300HPCPHT19821200010040100 00000g 1000 00010  1200 00010  2500 00020  
HPD02827300HPCPHT19821200020021000 00010  2500 00010  
HPD02827300HPCPHT19821200080042100 00010  2200 00010  2300 00010  2500 00030  
HPD02827300HPCPHT19821200090080900 00010  1700 00010  1800 00010  1900 00010  2200 00010  2300 00010  2400 00020  2500 00080  
HPD02827300HPCPHT19821200100100300 00010  0600 00010  1200 00010  1300 00020  1500 00010  1600 00010  1700 00010  1800 00010  2200 00010  2500 00100  
HPD02827300HPCPHT19821200110020200 00010  2500 00010  
HPD02827300HPCPHT19821200220032000 00010  2200 00010  2500 00020  
HPD02827300HPCPHT19821200230050500 00010  0600 00020  0700 00040  0900 00010  2500 00080  
HPD02827300HPCPHT19821200300031200 00010  1300 00010  2500 00020  
HPD02827300HPCPHT19830100010020100 00000g 2500 00000  
HPD02827300HPCPHT19830100170021200 00010  2500 00010  
HPD02827300HPCPHT19830100190021700 00010  2500 00010  
HPD02827300HPCPHT19830100270061800 00010  1900 00040  2000 00030  2100 00010  2200 00030  2500 00120  
HPD02827300HPCPHT19830100280020100 00010  2500 00010  
HPD02827300HPCPHT19830100290100900 00010  1000 00020  1100 00010  1200 00020  1300 00030  1400 00020  1500 00010  1600 00010  1700 00010  2500 00140  
HPD02827300HPCPHT19830100300022400 00010  2500 00010  
HPD02827300HPCPHT19830100310021900 00010  2500 00010  
HPD02827300HPCPHT19830200010020100 00000g 2500 00000  
HPD02827300HPCPHT19830200020041900 00010  2300 00010  2400 00010  2500 00030  
HPD02827300HPCPHT19830200030090100 00010  0600 00010  1100 00010  1400 00010  1600 00010  2200 00010  2300 00020  2400 00020  2500 00100  
HPD02827300HPCPHT19830200040100100 00030  0200 00010  0400 00010  0500 00010  0600 00010  0800 00010  0900 00020  1000 00030  2200 00010  2500 00140  
HPD02827300HPCPHT19830200050021300 99999[ 2500 00000I 
HPD02827300HPCPHT19830200280022400 99999] 2500 00000I 
HPD02827300HPCPHT19830300010020100 99999[ 2500 00000I 
HPD02827300HPCPHT19830300310022400 99999] 2500 00000I 
HPD02827300HPCPHT19830400010020100 99999[ 2500 00000I 
HPD02827300HPCPHT19830400080021200 99999] 2500 00000I 
HPD02827300HPCPHT19830400120020400 99999[ 2500 00000I 
HPD02827300HPCPHT19830400300022400 99999] 2500 00000I 
HPD02827300HPCPHT19830500010020100 00000g 2500 00000  
HPD02827300HPCPHT19830600010020100 99999[ 2500 00000I 
HPD02827300HPCPHT19830600080021500 99999] 2500 00000I 
HPD02827300HPCPHT19830700010020100 00000g 2500 00000  
HPD02827300HPCPHT19830700100031500 00010  1700 00020  2500 00030  
HPD02827300HPCPHT19830700110021700 00010  2500 00010  
HPD02827300HPCPHT19830700120021500 00010  2500 00010  
HPD02827300HPCPHT19830700130021600 00010  2500 00010  
HPD02827300HPCPHT19830700220021700 00020  2500 00020  
HPD02827300HPCPHT19830700240021600 00010  2500 00010  
HPD02827300HPCPHT19830700250021100 00020  2500 00020  
HPD02827300HPCPHT19830700300021900 00040  2500 00040  
HPD02827300HPCPHT19830800010020100 00000g 2500 00000  
HPD02827300HPCPHT19830800080021600 00010  2500 00010  
HPD02827300HPCPHT19830800090031100 00010  1800 00010  2500 00020  
HPD02827300HPCPHT19830800110050400 00100  0600 00010  1000 00010  1200 00010  2500 00130  
HPD02827300HPCPHT19830800130021800 00010  2500 00010  
HPD02827300HPCPHT19830800140051100 00010  1300 00010  1700 00010  1800 00080  2500 00110  
HPD02827300HPCPHT19830800150031800 00010  2400 00010  2500 00020  
HPD02827300HPCPHT19830800160050100 00010  0500 00010  1100 00010  1700 00010  2500 00040  
HPD02827300HPCPHT19830800170061100 00030  1200 00020  1300 00030  1400 00030  1700 00010  2500 00120  
HPD02827300HPCPHT19830800180021000 00010  2500 00010  
HPD02827300HPCPHT19830800190021000 00010  2500 00010  
HPD02827300HPCPHT19830800250021200 00010  2500 00010  
HPD02827300HPCPHT19830900010020100 00000g 2500 00000  
HPD02827300HPCPHT19830900060021900 00090  2500 00090  
HPD02827300HPCPHT19830900180020400 00010  2500 00010  
HPD02827300HPCPHT19830900200021500 00010  2500 00010  
HPD02827300HPCPHT19830900260041300 00050  1400 00010  1500 00010  2500 00070  
HPD02827300HPCPHT19830900280041600 00020  1900 00010  2200 00010  2500 00040  
HPD02827300HPCPHT19830900290081000 00010  1100 00010  1200 00050  1300 00010  1400 00020  1500 00010  2300 00010  2500 00120  
HPD02827300HPCPHT19830900300100100 00020  0200 00040  0300 00010  0400 00020  0500 00010  0700 00040  1000 00020  1100 00010  1400 00010  2500 00180  
HPD02827300HPCPHT19831000010100100 00000g 0500 00020  0700 00010  0800 00020  0900 00010  1000 00020  1100 00010  1500 00010  2200 00010  2500 00110  
HPD02827300HPCPHT19831000030020800 00010  2500 00010  
HPD02827300HPCPHT19831000080070100 00010  0200 00020  0300 00020  0500 00020  0600 00010  0700 00010  2500 00090  
HPD02827300HPCPHT19831000190020700 00010  2500 00010  
HPD02827300HPCPHT19831100010020100 00000g 2500 00000  
HPD02827300HPCPHT19831100180020700 00010  2500 00010  
HPD02827300HPCPHT19831100200052000 00010  2100 00010  2200 00010  2400 00010  2500 00040  
HPD02827300HPCPHT19831100210090100 00040  0200 00020  0500 00010  0800 00010  1100 00010  1300 00010  1400 00010  2100 00010  2500 00120  
HPD02827300HPCPHT19831100220021700 00010  2500 00010  
HPD02827300HPCPHT19831100250031000 00010  1100 00020  2500 00030  
HPD02827300HPCPHT19831200010070100 00000g 0700 00010  1700 00010  2100 00010  2200 00010  2400 00010  2500 00050  
HPD02827300HPCPHT19831200020100200 00010  0300 00010  0800 00010  1400 00010  1700 00010  1800 00010  1900 00010  2100 00020  2300 00010  2500 00100  
HPD02827300HPCPHT19831200040040400 00010  0500 00020  0600 00030  2500 00060  
HPD02827300HPCPHT19831200250060700 00010  1000 00010  1300 00020  1600 00010  2100 00010  2500 00060  
HPD02827300HPCPHT19831200260040600 00010  1400 00010  2400 00010  2500 00030  
HPD02827300HPCPHT19831200270090100 00010  0200 00030  0300 00030  0400 00030  0500 00030  0600 00010  0700 00010  0800 00010  2500 00160  
HPD02827300HPCPHT19831200280020500 00010  2500 00010  
HPD02827300HPCPHT19840100010020100 00000g 2500 00000  
HPD02827300HPCPHT19840100050041400 00010  1500 00010  1700 00010  2500 00030  
HPD02827300HPCPHT19840200010020100 00000g 2500 00000  
HPD02827300HPCPHT19840300010020100 00000g 2500 00000  
HPD02827300HPCPHT19840300270020100 00010  2500 00010  
HPD02827300HPCPHT19840400010020100 00000g 2500 00000  
HPD02827300HPCPHT19840400060081200 00010  1300 00010  1500 00010  1700 00010  1800 00010  1900 00010  2100 00010  2500 00070  
HPD02827300HPCPHT19840400070020900 00010  2500 00010  
HPD02827300HPCPHT19840400280051200 00010  1300 00010  1700 00010  2100 00010  2500 00040  
HPD02827300HPCPHT19840500010020100 00000g 2500 00000  
HPD02827300HPCPHT19840500140032000 00010  2200 00010  2500 00020  
HPD02827300HPCPHT19840600010020100 00000g 2500 00000  
HPD02827300HPCPHT19840600250020900 00010  2500 00010  
HPD02827300HPCPHT19840600260051300 00010  1600 00070  1700 00030  1800 00010  2500 00120  
HPD02827300HPCPHT19840600270031500 00040  1600 00020  2500 00060  
HPD02827300HPCPHT19840600280020900 00010  2500 00010  
HPD02827300HPCPHT19840700010020100 00000g 2500 00000  
HPD02827300HPCPHT19840700030030200 00020  0400 00010  2500 00030  
HPD02827300HPCPHT19840700060031800 00010  2000 00010  2500 00020  
HPD02827300HPCPHT19840700130030200 00010  2200 00020  2500 00030  
HPD02827300HPCPHT19840700140022000 00010  2500 00010  
HPD02827300HPCPHT19840700160021000 00030  2500 00030  
HPD02827300HPCPHT19840700210031300 00010  1400 00020  2500 00030  
HPD02827300HPCPHT19840700220041000 00010  1200 00010  1300 00050  2500 00070  
HPD02827300HPCPHT19840700230021900 00010  2500 00010  
HPD02827300HPCPHT19840800010020100 00000g 2500 00000  
HPD02827300HPCPHT19840800040051800 00050  2000 00010  2100 00010  2400 00010  2500 00080  
HPD02827300HPCPHT19840800060041600 00020  1700 00010  2200 00010  2500 00040  
HPD02827300HPCPHT19840800070031200 00010  1900 00010  2500 00020  
HPD02827300HPCPHT19840800080031900 00010  2000 00010  2500 00020  
HPD02827300HPCPHT19840800090041500 00010  2000 00010  2100 00010  2500 00030  
HPD02827300HPCPHT19840800100060100 00010  1100 00010  1500 00040  1600 00010  1800 99999a 2500 00070I 
HPD02827300HPCPHT19840800310022400 99999A 2500 00000I 
HPD02827300HPCPHT19840900010020100 99999, 2500 00000I 
HPD02827300HPCPHT19840900180031100 00410A 1300 99999{ 2500 00410P 
HPD02827300HPCPHT19840900190021300 99999} 2500 00000P 
HPD02827300HPCPHT19840900250071200 00020  1400 00020  1500 00010  1700 00010  1800 00020  1900 00010  2500 00090  
HPD02827300HPCPHT19840900260080200 00020  0300 00010  0800 00020  0900 00010  1000 00030  1200 00010  1500 00010  2500 00110  
HPD02827300HPCPHT19841000010020100 00000g 2500 00000  
HPD02827300HPCPHT19841000030080300 00140  0500 00010  0600 00010  0800 00010  1600 00020  1700 00010  1800 00010  2500 00210  
HPD02827300HPCPHT19841000120030500 00050  0600 00010  2500 00060  
HPD02827300HPCPHT19841000150021200 00040  2500 00040  
HPD02827300HPCPHT19841000160020800 00010  2500 00010  
HPD02827300HPCPHT19841000170022000 00010  2500 00010  
HPD02827300HPCPHT19841000210030800 00010  1200 00010  2500 00020  
HPD02827300HPCPHT19841100010020100 00000g 2500 00000  
HPD02827300HPCPHT19841100220032300 00010  2400 00010  2500 00020  
HPD02827300HPCPHT19841100230080200 00020  0300 00010  0400 00020  0500 00010  0600 00010  1100 00010  1300 00010  2500 00090  
HPD02827300HPCPHT19841100240032300 00020  2400 00010  2500 00030  
HPD02827300HPCPHT19841100250100100 00010  0200 00010  0300 00010  0400 00010  0500 00020  0700 00020  0800 00020  1000 00020  1100 00020  2500 00140  
HPD02827300HPCPHT19841200010020100 00000g 2500 00000  
HPD02827300HPCPHT19841200040050600 00010  0700 00020  0800 00010  1300 00010  2500 00050  
HPD02827300HPCPHT19841200080060500 00010  1000 00010  1400 00010  1500 00010  1600 00010  2500 00050  
HPD02827300HPCPHT19841200100051700 00010  1800 00010  1900 00010  2200 00010  2500 00040  
HPD02827300HPCPHT19841200110050900 00010  1300 00010  1400 00010  1700 00010  2500 00040  
HPD02827300HPCPHT19841200120050600 00010  1200 00010  2300 00010  2400 00010  2500 00040  
HPD02827300HPCPHT19841200130080100 00030  0200 00010  0400 00020  0500 00010  1100 00010  1400 00010  1800 00010  2500 00100  
HPD02827300HPCPHT19841200190022100 00010  2500 00010  
HPD02827300HPCPHT19841200270130500 00010  0600 00010  0800 00020  0900 00020  1000 00020  1100 00020  1200 00020  1300 00020  1400 00010  1500 00020  1600 00020  1700 00010  2500 00200  
HPD02827300HPCPHT19841200280080200 00010  0900 00010  1000 00010  1200 00010  1600 00020  2200 00020  2400 00010  2500 00090  
HPD02827300HPCPHT19850100010020100 00000g 2500 00000  
HPD02827300HPCPHT19850100070041900 00010  2100 00010  2400 00020  2500 00040  
HPD02827300HPCPHT19850100080050700 00010  0900 00010  1300 00010  1500 00010  2500 00040  
HPD02827300HPCPHT19850100230030400 00010  0600 00010  2500 00020  
HPD02827300HPCPHT19850100250022400 00010  2500 00010  
HPD02827300HPCPHT19850100260080100 00020  0300 00010  0500 00010  1300 00040  2000 00010  2300 00010  2400 00010  2500 00110  
HPD02827300HPCPHT19850100270070200 00010  0400 00010  0500 00010  1200 00010  2100 00010  2200 00010  2500 00060  
HPD02827300HPCPHT19850100290020100 00010  2500 00010  
HPD02827300HPCPHT19850100300041700 00010  1800 00010  2100 00020  2500 00040  
HPD02827300HPCPHT19850100310021100 00010  2500 00010  
HPD02827300HPCPHT19850200010020100 00000g 2500 00000  
HPD02827300HPCPHT19850200020022100 00010  2500 00010  
HPD02827300HPCPHT19850200030080100 00010  0300 00010  0400 00010  0700 00010  0800 00010  2300 00010  2400 00030  2500 00090  
HPD02827300HPCPHT19850200040030200 00020  0400 00010  2500 00030  
HPD02827300HPCPHT19850200090022300 00010  2500 00010  
HPD02827300HPCPHT19850200210070200 00020  0300 00020  0400 00010  0500 00010  0600 00010  1200 00010  2500 00080  
HPD02827300HPCPHT19850200220021900 00010  2500 00010  
HPD02827300HPCPHT19850300010020100 00000g 2500 00000  
HPD02827300HPCPHT19850300110060900 00010  1400 00010  1600 00010  1900 00010  2400 00010  2500 00050  
HPD02827300HPCPHT19850300120040200 00010  0300 00010  0500 00010  2500 00030  
HPD02827300HPCPHT19850300150030700 00010  0800 00010  2500 00020  
HPD02827300HPCPHT19850300180021000 00020  2500 00020  
HPD02827300HPCPHT19850300280032300 00020  2400 00020  2500 00040  
HPD02827300HPCPHT19850300290040100 00010  0200 00010  1500 00010  2500 00030  
HPD02827300HPCPHT19850400010020100 00000g 2500 00000  
HPD02827300HPCPHT19850400180030600 00010  0800 00010  2500 00020  
HPD02827300HPCPHT19850400210060500 00010  0600 00010  0700 00010  1100 00010  1200 00010  2500 00050  
HPD02827300HPCPHT19850400260021600 00010  2500 00010  
HPD02827300HPCPHT19850400270032200 00020  2300 00020  2500 00040  
HPD02827300HPCPHT19850400280021400 00010  2500 00010  
HPD02827300HPCPHT19850500010020100 00000g 2500 00000  
HPD02827300HPCPHT19850600010020100 00000g 2500 00000  
HPD02827300HPCPHT19850700010020100 00000g 2500 00000  
HPD02827300HPCPHT19850700080021100 00010  2500 00010  
HPD02827300HPCPHT19850700140021700 00030  2500 00030  
HPD02827300HPCPHT19850700150032300 00010  2400 00010  2500 00020  
HPD02827300HPCPHT19850700160040100 00010  1500 99999[ 1900 99999] 2500 00010I 
HPD02827300HPCPHT19850700170041700 00080  1800 00060  1900 00010  2500 00150  
HPD02827300HPCPHT19850700200020400 00050  2500 00050  
HPD02827300HPCPHT19850700260030800 00030  0900 00010  2500 00040  
HPD02827300HPCPHT19850700270041100 00010  1200 00010  1700 00010  2500 00030  
HPD02827300HPCPHT19850700290022300 00010  2500 00010  
HPD02827300HPCPHT19850800010030100 00000g 0300 00010  2500 00010  
HPD02827300HPCPHT19850800130020400 99999{ 2500 00000P 
HPD02827300HPCPHT19850800150041400 99999} 1500 99999[ 1900 99999] 2500 00000P 
HPD02827300HPCPHT19850800200040500 00060  0600 00010  0700 00010  2500 00080  
HPD02827300HPCPHT19850800250021900 00010  2500 00010  
HPD02827300HPCPHT19850900010020100 00000g 2500 00000  
HPD02827300HPCPHT19850900060051700 00040  1800 00030  2000 00010  2300 00010  2500 00090  
HPD02827300HPCPHT19850900110060400 00010  0600 00010  0900 00010  1100 00030  1200 00020  2500 00080  
HPD02827300HPCPHT19850900180080500 00010  0700 00010  0800 00040  0900 00010  1000 00020  1100 00020  1800 00020  2500 00130  
HPD02827300HPCPHT19850900280021100 00020  2500 00020  
HPD02827300HPCPHT19851000010020100 00000g 2500 00000  
HPD02827300HPCPHT19851000100051400 00030  1500 00010  1600 00030  1700 00010  2500 00080  
HPD02827300HPCPHT19851000150032200 00020  2300 00010  2500 00030  
HPD02827300HPCPHT19851000170050200 00010  0400 00020  0600 00010  0900 00010  2500 00050  
HPD02827300HPCPHT19851000310031200 00010  1900 00010  2500 00020  
HPD02827300HPCPHT19851100010020100 00000g 2500 00000  
HPD02827300HPCPHT19851100110020400 00010  2500 00010  
HPD02827300HPCPHT19851100120080300 00020  0400 00030  0500 00040  0600 00020  0700 00020  0800 00010  0900 00010  2500 00150  
HPD02827300HPCPHT19851100250140800 00010  0900 00020  1000 00020  1200 00010  1500 00010  1700 00010  1800 00010  1900 00020  2000 00030  2100 00010  2200 00010  2300 00010  2400 00010  2500 00180  
HPD02827300HPCPHT19851100260080100 00010  0200 00010  0500 00010  0600 00030  0700 00010  0900 00010  1000 00030  2500 00110  
HPD02827300HPCPHT19851100290052100 00010  2200 00010  2300 00020  2400 00030  2500 00070  
HPD02827300HPCPHT19851100300030100 00010  0300 00030  2500 00040  
HPD02827300HPCPHT19851200010020100 00000g 2500 00000  
HPD02827300HPCPHT19851200030020400 00010  2500 00010  
HPD02827300HPCPHT19851200110061000 00010  1600 00010  1800 00010  1900 00010  2100 00020  2500 00060  
HPD02827300HPCPHT19851200120030200 00010  1000 00010  2500 00020  
HPD02827300HPCPHT19860100010020100 00000g 2500 00000  
HPD02827300HPCPHT19860100300031600 00010  1700 00010  2500 00020  
HPD02827300HPCPHT19860200010020100 00010  2500 00010  
HPD02827300HPCPHT19860200040021500 00010  2500 00010  
HPD02827300HPCPHT19860200080061500 00010  1700 00010  2100 00010  2200 00010  2400 00010  2500 00050  
HPD02827300HPCPHT19860200090070200 00010  0400 00020  0500 00010  0700 00010  1000 00020  1300 00010  2500 00080  
HPD02827300HPCPHT19860200130021100 00010  2500 00010  
HPD02827300HPCPHT19860200150061700 00010  2000 00020  2200 00010  2300 00020  2400 00020  2500 00080  
HPD02827300HPCPHT19860200160030100 00010  0200 00010  2500 00020  
HPD02827300HPCPHT19860200180021000 00010  2500 00010  
HPD02827300HPCPHT19860300010020100 00000g 2500 00000  
HPD02827300HPCPHT19860300100060900 00010  1500 00010  1600 00010  1700 00010  2400 00010  2500 00050  
HPD02827300HPCPHT19860300110120100 00020  0200 00010  0400 00030  0500 00020  0600 00010  0700 00030  0800 00010  0900 00010  1100 00010  1800 00010  2100 00010  2500 00170  
HPD02827300HPCPHT19860300120030100 00010  2100 00040  2500 00050  
HPD02827300HPCPHT19860300140060200 00010  0400 00010  0500 00010  0700 00010  0900 00010  2500 00050  
HPD02827300HPCPHT19860300160081700 00010  1900 00020  2000 00020  2100 00010  2200 00020  2300 00010  2400 00020  2500 00110  
HPD02827300HPCPHT19860300170060100 00020  0200 00010  1100 00010  1300 00010  1500 00010  2500 00060  
HPD02827300HPCPHT19860300240021100 00010  2500 00010  
HPD02827300HPCPHT19860400010040100 00000g 1400 00060  2400 00010  2500 00070  
HPD02827300HPCPHT19860500010020100 00000g 2500 00000  
HPD02827300HPCPHT19860500200021900 00010  2500 00010  
HPD02827300HPCPHT19860500310031600 00040  1900 00010  2500 00050  
HPD02827300HPCPHT19860600010020100 00000g 2500 00000  
HPD02827300HPCPHT19860600170021900 00010  2500 00010  
HPD02827300HPCPHT19860600250021900 00010  2500 00010  
HPD02827300HPCPHT19860700010040100 00000g 1900 00010  2000 00030  2500 00040  
HPD02827300HPCPHT19860700020021900 00010  2500 00010  
HPD02827300HPCPHT19860700040030900 00020  1000 00010  2500 00030  
HPD02827300HPCPHT19860700170020100 00010  2500 00010  
HPD02827300HPCPHT19860700180021300 00010  2500 00010  
HPD02827300HPCPHT19860700200051900 00010  2200 00030  2300 00010  2400 00010  2500 00060  
HPD02827300HPCPHT19860700210070600 00020  0700 00010  1000 00010  1300 00010  1500 00010  1600 00010  2500 00070  
HPD02827300HPCPHT19860700220050300 00010  1600 00010  1800 00010  1900 00020  2500 00050  
HPD02827300HPCPHT19860800010020100 00000g 2500 00000  
HPD02827300HPCPHT19860800060020300 00010  2500 00010  
HPD02827300HPCPHT19860800090032000 00010  2100 00030  2500 00040  
HPD02827300HPCPHT19860800100020900 00010  2500 00010  
HPD02827300HPCPHT19860800140031900 00100  2000 00010  2500 00110  
HPD02827300HPCPHT19860800210021500 00010  2500 00010  
HPD02827300HPCPHT19860800250021700 00010  2500 00010  
HPD02827300HPCPHT19860800280052100 00030  2200 00010  2300 00010  2400 00020  2500 00070  
HPD02827300HPCPHT19860800290050200 00010  0400 00010  1900 00020  2000 00010  2500 00050  
HPD02827300HPCPHT19860900010030100 00020  0400 00010  2500 00030  
HPD02827300HPCPHT19860900100021200 00040  2500 00040  
HPD02827300HPCPHT19860900230052000 00010  2200 00030  2300 00020  2400 00010  2500 00070  
HPD02827300HPCPHT19860900250020500 00010  2500 00010  
HPD02827300HPCPHT19860900290020600 00010  2500 00010  
HPD02827300HPCPHT19861000010020100 00000g 2500 00000  
HPD02827300HPCPHT19861000020022400 00010  2500 00010  
HPD02827300HPCPHT19861000090061300 00020  1400 00010  1500 00010  1600 00010  1900 00010  2500 00060  
HPD02827300HPCPHT19861000100050600 00010  1000 00020  1100 00020  1300 00010  2500 00060  
HPD02827300HPCPHT19861000110051100 00050  1200 00030  1300 00010  1400 00050  2500 00140  
HPD02827300HPCPHT19861100010020100 00000g 2500 00000  
HPD02827300HPCPHT19861100020020300 99999{ 2500 00000P 
HPD02827300HPCPHT19861100130020900 99999} 2500 00000P 
HPD02827300HPCPHT19861100180041400 00010  1600 00020  1900 00040  2500 00070  
HPD02827300HPCPHT19861200010020100 00000g 2500 00000  
HPD02827300HPCPHT19861200060120700 00010  0800 00010  0900 00010  1000 00020  1200 00020  1300 00010  1400 00010  1500 00010  1600 00010  1700 00010  2400 00010  2500 00130  
HPD02827300HPCPHT19861200070050900 00010  1000 00030  1100 00010  1600 00010  2500 00060  
HPD02827300HPCPHT19861200080030200 00010  1100 00010  2500 00020  
HPD02827300HPCPHT19861200090032300 00010  2400 00010  2500 00020  
HPD02827300HPCPHT19861200170031400 00020  1500 00010  2500 00030  
HPD02827300HPCPHT19861200200050800 00010  1200 00010  1300 00010  1400 00020  2500 00050  
HPD02827300HPCPHT19870100010020100 00000g 2500 00000  
HPD02827300HPCPHT19870100050050700 00040  0800 00030  0900 00010  1900 00010  2500 00090  
HPD02827300HPCPHT19870100070042000 00010  2100 00010  2200 00010  2500 00030  
HPD02827300HPCPHT19870100150022400 00010  2500 00010  
HPD02827300HPCPHT19870100160020200 00010  2500 00010  
HPD02827300HPCPHT19870100200020200 00010  2500 00010  
HPD02827300HPCPHT19870100270020800 00010  2500 00010  
HPD02827300HPCPHT19870100310080100 00010  0200 00010  0300 00010  0700 00010  0800 00020  1000 00010  1200 00010  2500 00080  
HPD02827300HPCPHT19870200010030100 00000g 1000 00010  2500 00010  
HPD02827300HPCPHT19870200090021300 00010  2500 00010  
HPD02827300HPCPHT19870200160021200 00010  2500 00010  
HPD02827300HPCPHT19870200200020700 00010  2500 00010  
HPD02827300HPCPHT19870200240160400 00010  0500 00010  0600 00010  0700 00010  0800 00010  0900 00030  1000 00020  1100 00020  1200 00020  1300 00030  1400 00020  1500 00020  1600 00020  1700 00010  1900 00010  2500 00250  
HPD02827300HPCPHT19870200250071000 00060  1100 00010  1200 00020  1500 00010  1600 00010  2100 00010  2500 00120  
HPD02827300HPCPHT19870200260020800 00010  2500 00010  
HPD02827300HPCPHT19870300010020100 00000g 2500 00000  
HPD02827300HPCPHT19870300140021000 00010  2500 00010  
HPD02827300HPCPHT19870300150041300 00010  1400 00040  1500 00010  2500 00060  
HPD02827300HPCPHT19870300160040800 00010  1000 00010  1800 00010  2500 00030  
HPD02827300HPCPHT19870300220030400 00010  0600 00010  2500 00020  
HPD02827300HPCPHT19870300290021700 99999[ 2500 00000I 
HPD02827300HPCPHT19870300310022400 99999] 2500 00000I 
HPD02827300HPCPHT19870400010020100 00000g 2500 00000  
HPD02827300HPCPHT19870400040020100 00010  2500 00010  
HPD02827300HPCPHT19870400290020900 00010  2500 00010  
HPD02827300HPCPHT19870500010020100 00000g 2500 00000  
HPD02827300HPCPHT19870500200041500 00010  1600 00010  1700 00010  2500 00030  
HPD02827300HPCPHT19870600010020100 00000g 2500 00000  
HPD02827300HPCPHT19870700010030100 00000g 1900 99999{ 2500 00000P 
HPD02827300HPCPHT19870700310022400 99999} 2500 00000P 
HPD02827300HPCPHT19870800010020100 00000g 2500 00000  
HPD02827300HPCPHT19870800020051900 00030  2000 00040  2100 00010  2300 00010  2500 00090  
HPD02827300HPCPHT19870800040021900 00020  2500 00020  
HPD02827300HPCPHT19870900010020100 00000g 2500 00000  
HPD02827300HPCPHT19870900220022200 00010  2500 00010  
HPD02827300HPCPHT19870900230022300 00010  2500 00010  
HPD02827300HPCPHT19870900270021800 00010  2500 00010  
HPD02827300HPCPHT19871000010020100 00000g 2500 00000  
HPD02827300HPCPHT19871000130031100 00010  1200 00010  2500 00020  
HPD02827300HPCPHT19871000220022100 00010  2500 00010  
HPD02827300HPCPHT19871000230060300 00010  0400 00020  0500 00020  1600 00010  1700 00050  2500 00110  
HPD02827300HPCPHT19871000240021200 00010  2500 00010  
HPD02827300HPCPHT19871000290061300 00010  2000 00010  2100 00020  2200 00010  2300 00010  2500 00060  
HPD02827300HPCPHT19871000300020200 00010  2500 00010  
HPD02827300HPCPHT19871000310081000 00010  1400 00010  1500 00010  1600 00010  1700 00010  1800 00010  2100 00010  2500 00070  
HPD02827300HPCPHT19871100010110100 00000g 0300 00020  0600 00050  0700 00010  0800 00050  0900 00010  1000 00010  1100 00020  1500 00020  2300 00010  2500 00200  
HPD02827300HPCPHT19871100050031000 00010  1900 00020  2500 00030  
HPD02827300HPCPHT19871100060021000 00010  2500 00010  
HPD02827300HPCPHT19871100150020200 00010  2500 00010  
HPD02827300HPCPHT19871200010020100 00000g 2500 00000  
HPD02827300HPCPHT19871200050020900 00040  2500 00040  
HPD02827300HPCPHT19871200130021500 00010  2500 00010  
HPD02827300HPCPHT19871200170081000 00010  1200 00020  1400 00010  1500 00020  1600 00010  1900 00010  2100 00010  2500 00090  
HPD02827300HPCPHT19871200180040100 00010  0300 00010  1200 00010  2500 00030  
HPD02827300HPCPHT19871200240021100 00010  2500 00010  
HPD02827300HPCPHT19880100010020100 00000g 2500 00000  
HPD02827300HPCPHT19880100050031100 00010  2400 00010  2500 00020  
HPD02827300HPCPHT19880100060040100 00010  0200 00010  0300 00010  2500 00030  
HPD02827300HPCPHT19880100160050100 00010  0200 00020  0300 00010  0400 00010  2500 00050  
HPD02827300HPCPHT19880100170081400 00010  1800 00020  1900 00010  2000 00030  2100 00030  2200 00020  2400 00010  2500 00130  
HPD02827300HPCPHT19880100180160200 00010  0500 00010  0600 00030  0700 00020  0800 00020  0900 00010  1000 00010  1100 00010  1200 00010  1300 00010  1500 00020  1600 00010  1900 00010  2000 00020  2100 00010  2500 00210  
HPD02827300HPCPHT19880100190021100 00010  2500 00010  
HPD02827300HPCPHT19880200010020100 00000g 2500 00000  
HPD02827300HPCPHT19880200020041100 00010  2300 00010  2400 00010  2500 00030  
HPD02827300HPCPHT19880200030060100 00020  0200 00020  0300 00030  0400 00010  0500 00010  2500 00090  
HPD02827300HPCPHT19880200260022000 00010  2500 00010  
HPD02827300HPCPHT19880300010020100 00000g 2500 00000  
HPD02827300HPCPHT19880300020020400 00010  2500 00010  
HPD02827300HPCPHT19880400010020100 00000g 2500 00000  
HPD02827300HPCPHT19880400150051900 00010  2000 00030  2200 00010  2400 00010  2500 00060  
HPD02827300HPCPHT19880400160030200 00010  0800 00010  2500 00020  
HPD02827300HPCPHT19880400170090200 00010  0700 00010  1000 00010  1100 00010  1400 00010  1500 00010  1600 00010  1700 00010  2500 00080  
HPD02827300HPCPHT19880400180020300 00010  2500 00010  
HPD02827300HPCPHT19880400210071000 00020  1100 00020  1200 00010  2000 00010  2100 00010  2300 00030  2500 00100  
HPD02827300HPCPHT19880400220080100 00010  0400 00010  0500 00030  0600 00020  0700 00020  0800 00010  1100 00010  2500 00110  
HPD02827300HPCPHT19880400240020400 00010  2500 00010  
HPD02827300HPCPHT19880500010020100 00000g 2500 00000  
HPD02827300HPCPHT19880600010020100 00000g 2500 00000  
HPD02827300HPCPHT19880600280021000 00010  2500 00010  
HPD02827300HPCPHT19880600290031800 00010  1900 00010  2500 00020  
HPD02827300HPCPHT19880600300021700 00040  2500 00040  
HPD02827300HPCPHT19880700010020100 00000g 2500 00000  
HPD02827300HPCPHT19880700090021700 00010  2500 00010  
HPD02827300HPCPHT19880700270021900 00010  2500 00010  
HPD02827300HPCPHT19880700290042200 00030  2300 00020  2400 00010  2500 00060  
HPD02827300HPCPHT19880700310030100 00010  0200 00030  2500 00040  
HPD02827300HPCPHT19880800010020100 00000g 2500 00000  
HPD02827300HPCPHT19880800040020700 99999{ 2500 00000P 
HPD02827300HPCPHT19880800050022400 99999} 2500 00000P 
HPD02827300HPCPHT19880800110020700 99999{ 2500 00000P 
HPD02827300HPCPHT19880800120022400 99999} 2500 00000P 
HPD02827300HPCPHT19880800140021600 00060  2500 00060  
HPD02827300HPCPHT19880800150020500 00010  2500 00010  
HPD02827300HPCPHT19880800190031800 00020  2000 00010  2500 00030  
HPD02827300HPCPHT19880800200032300 00070  2400 00050  2500 00120  
HPD02827300HPCPHT19880800210031100 00010  1600 00010  2500 00020  
HPD02827300HPCPHT19880800230020700 99999{ 2500 00000P 
HPD02827300HPCPHT19880800240022400 99999} 2500 00000P 
HPD02827300HPCPHT19880800250021500 00020  2500 00020  
HPD02827300HPCPHT19880800270021500 00040  2500 00040  
HPD02827300HPCPHT19880800280021300 00010  2500 00010  
HPD02827300HPCPHT19880800290020700 00010  2500 00010  
HPD02827300HPCPHT19880800310020800 00020  2500 00020  
HPD02827300HPCPHT19880900010020100 00000g 2500 00000  
HPD02827300HPCPHT19881000010020100 00000g 2500 00000  
HPD02827300HPCPHT19881000100022400 00020  2500 00020  
HPD02827300HPCPHT19881000140081200 00010  1400 00030  1500 00020  1600 00040  1700 00020  1800 00020  1900 00010  2500 00150  
HPD02827300HPCPHT19881000190030700 00010  1100 00010  2500 00020  
HPD02827300HPCPHT19881100010020100 00000g 2500 00000  
HPD02827300HPCPHT19881100140041700 00010  1900 00010  2000 00010  2500 00030  
HPD02827300HPCPHT19881100240071900 00010  2000 00020  2100 00020  2200 00010  2300 00010  2400 00010  2500 00080  
HPD02827300HPCPHT19881100250071100 00010  1200 00020  1300 00010  1400 00010  1700 00010  2100 00010  2500 00070  
HPD02827300HPCPHT19881200010020100 00000g 2500 00000  
HPD02827300HPCPHT19881200190020300 00010  2500 00010  
HPD02827300HPCPHT19881200210021600 00010  2500 00010  
HPD02827300HPCPHT19881200250051600 00010  1700 00010  1800 00020  1900 00010  2500 00050  
HPD02827300HPCPHT19881200260022000 00010  2500 00010  
HPD02827300HPCPHT19890100010020100 00000g 2500 00000  
HPD02827300HPCPHT19890100040110500 00020  0600 00030  0700 00010  0800 00010  0900 00040  1000 00030  1400 00010  1700 00010  1800 00010  2100 00010  2500 00180  
HPD02827300HPCPHT19890100050040100 00010  0200 00020  0700 00010  2500 00040  
HPD02827300HPCPHT19890100060041400 00010  1500 00010  1700 00010  2500 00030  
HPD02827300HPCPHT19890100240032000 00010  2100 00010  2500 00020  
HPD02827300HPCPHT19890100250050200 00010  0600 00010  0800 00010  0900 00010  2500 00040  
HPD02827300HPCPHT19890100260032300 00010  2400 00010  2500 00020  
HPD02827300HPCPHT19890100270090100 00010  0200 00010  0900 00010  1200 00010  1400 00010  1500 00010  1600 00020  2100 00010  2500 00090  
HPD02827300HPCPHT19890200010020100 00000g 2500 00000  
HPD02827300HPCPHT19890200040022300 99999{ 2500 00000P 
HPD02827300HPCPHT19890200050020900 99999} 2500 00000P 
HPD02827300HPCPHT19890300010040100 99999{ 0800 99999} 0900 99999[ 2500 00000P 
HPD02827300HPCPHT19890300030021700 99999] 2500 00000I 
HPD02827300HPCPHT19890300250022400 00010  2500 00010  
HPD02827300HPCPHT19890300260110100 00020  0300 00010  0400 00050  0500 00020  0600 00030  0700 00010  0800 00030  0900 00030  1200 00010  2100 00010  2500 00220  
HPD02827300HPCPHT19890400010020100 00000g 2500 00000  
HPD02827300HPCPHT19890500010020100 00000g 2500 00000  
HPD02827300HPCPHT19890500160030300 00010  1800 00010  2500 00020  
HPD02827300HPCPHT19890600010020100 00000g 2500 00000  
HPD02827300HPCPHT19890700010020100 00000g 2500 00000  
HPD02827300HPCPHT19890700100041900 00010  2000 00010  2100 00010  2500 00030  
HPD02827300HPCPHT19890700230021700 00040  2500 00040  
HPD02827300HPCPHT19890700250041900 00010  2100 00010  2200 00010  2500 00030  
HPD02827300HPCPHT19890700270022100 00010  2500 00010  
HPD02827300HPCPHT19890700290041500 00010  1600 00030  1800 00010  2500 00050  
HPD02827300HPCPHT19890800010020100 00000g 2500 00000  
HPD02827300HPCPHT19890800050021800 00010  2500 00010  
HPD02827300HPCPHT19890800070021800 00010  2500 00010  
HPD02827300HPCPHT19890800150041800 00060  1900 00010  2000 00010  2500 00080  
HPD02827300HPCPHT19890800170032300 00050  2400 00010  2500 00060  
HPD02827300HPCPHT19890800180020600 00010  2500 00010  
HPD02827300HPCPHT19890900010020100 00000g 2500 00000  
HPD02827300HPCPHT19890900030030400 00020  1300 00010  2500 00030  
HPD02827300HPCPHT19891000010020100 00000g 2500 00000  
HPD02827300HPCPHT19891000030022000 00010  2500 00010  
HPD02827300HPCPHT19891000040021500 00010  2500 00010  
HPD02827300HPCPHT19891000050030100 00010  0500 00010  2500 00020  
HPD02827300HPCPHT19891000210041700 00020  1800 00020  1900 00010  2500 00050  
HPD02827300HPCPHT19891100010030100 00000g 0900 99999{ 2500 00000P 
HPD02827300HPCPHT19891100300022400 99999} 2500 00000P 
HPD02827300HPCPHT19891200010020100 99999{ 2500 00000P 
HPD02827300HPCPHT19891200290031000 99999} 1100 99999[ 2500 00000P 
HPD02827300HPCPHT19891200310022400 99999] 2500 00000I 
HPD02827300HPCPHT19900100010020100 00000g 2500 00000  
HPD02827300HPCPHT19900100020051800 00030  1900 00020  2100 00010  2400 00010  2500 00070  
HPD02827300HPCPHT19900100030050200 00010  0300 00010  0400 00010  1000 00010  2500 00040  
HPD02827300HPCPHT19900100160030500 00010  0600 00010  2500 00020  
HPD02827300HPCPHT19900100180042000 00020  2200 00010  2300 00010  2500 00040  
HPD02827300HPCPHT19900100190040100 00010  0300 00010  0400 00010  2500 00030  
HPD02827300HPCPHT19900100200021100 00010  2500 00010  
HPD02827300HPCPHT19900200010070100 00000g 1500 00010  1600 00010  2000 00020  2100 00020  2200 00020  2500 00080  
HPD02827300HPCPHT19900200020040300 00010  0400 00010  0600 00010  2500 00030  
HPD02827300HPCPHT19900200050020600 00010  2500 00010  
HPD02827300HPCPHT19900200140060700 00010  0800 00010  0900 00010  1000 00010  2100 00010  2500 00050  
HPD02827300HPCPHT19900200150021000 00010  2500 00010  
HPD02827300HPCPHT19900200190080400 00020  0500 00010  0600 00010  0700 00010  0900 00010  1200 00010  1500 00010  2500 00080  
HPD02827300HPCPHT19900200200021000 00010  2500 00010  
HPD02827300HPCPHT19900300010020100 00000g 2500 00000  
HPD02827300HPCPHT19900300100051300 00010  1400 00010  1500 00010  2400 00020  2500 00050  
HPD02827300HPCPHT19900300110060100 00010  0200 00010  1000 00010  2300 00010  2400 00010  2500 00050  
HPD02827300HPCPHT19900300120040100 00010  0200 00010  0400 00010  2500 00030  
HPD02827300HPCPHT19900300130020500 00010  2500 00010  
HPD02827300HPCPHT19900300140021100 00010  2500 00010  
HPD02827300HPCPHT19900300150020900 00010  2500 00010  
HPD02827300HPCPHT19900300280021000 00010  2500 00010  
HPD02827300HPCPHT19900300290110200 00010  0400 00010  0600 00010  0700 00010  0900 00010  1000 00030  1100 00010  1400 00010  1600 00010  2300 00010  2500 00120  
HPD02827300HPCPHT19900300300020700 00010  2500 00010  
HPD02827300HPCPHT19900300310021800 00010  2500 00010  
HPD02827300HPCPHT19900400010020100 00000g 2500 00000  
HPD02827300HPCPHT19900400050021400 00010  2500 00010  
HPD02827300HPCPHT19900400240100200 00010  0500 00010  0600 00010  0700 00010  0800 00020  1100 00010  1300 00010  1600 00030  1700 00010  2500 00120  
HPD02827300HPCPHT19900400250020600 00010  2500 00010  
HPD02827300HPCPHT19900500010020100 00000g 2500 00000  
HPD02827300HPCPHT19900500280031900 00010  2400 00020  2500 00030  
HPD02827300HPCPHT19900600010020100 00000g 2500 00000  
HPD02827300HPCPHT19900600100030300 00010  0400 00010  2500 00020  
HPD02827300HPCPHT19900700010020100 00000g 2500 00000  
HPD02827300HPCPHT19900700020051800 00010  1900 00030  2000 00010  2100 00010  2500 00060  
HPD02827300HPCPHT19900700060021400 00010  2500 00010  
HPD02827300HPCPHT19900700070021100 00010  2500 00010  
HPD02827300HPCPHT19900700110031100 00010  1200 00020  2500 00030  
HPD02827300HPCPHT19900700210021300 00030  2500 00030  
HPD02827300HPCPHT19900700230042000 00050  2100 00010  2400 00010  2500 00070  
HPD02827300HPCPHT19900700310021300 00010  2500 00010  
HPD02827300HPCPHT19900800010020100 00000g 2500 00000  
HPD02827300HPCPHT19900800030022100 00010  2500 00010  
HPD02827300HPCPHT19900800120022200 00010  2500 00010  
HPD02827300HPCPHT19900800130042000 00010  2100 00010  2200 00010  2500 00030  
HPD02827300HPCPHT19900800140060700 00010  1100 00030  1200 00020  1300 00060  1400 00010  2500 00130  
HPD02827300HPCPHT19900800150050400 00020  0500 00010  0800 00010  0900 00010  2500 00050  
HPD02827300HPCPHT19900800290020900 00010  2500 00010  
HPD02827300HPCPHT19900800310021100 00010  2500 00010  
HPD02827300HPCPHT19900900010040100 00000g 0700 00010  0800 00010  2500 00020  
HPD02827300HPCPHT19900900030041700 00010  1800 00040  2200 00010  2500 00060  
HPD02827300HPCPHT19900900080021800 00030  2500 00030  
HPD02827300HPCPHT19900900140032300 00010  2400 00010  2500 00020  
HPD02827300HPCPHT19900900150021500 00020  2500 00020  
HPD02827300HPCPHT19900900180021000 00010  2500 00010  
HPD02827300HPCPHT19900900200020600 00010  2500 00010  
HPD02827300HPCPHT19900900210022000 00010  2500 00010  
HPD02827300HPCPHT19901000010020100 00000g 2500 00000  
HPD02827300HPCPHT19901000190021900 00010  2500 00010  
HPD02827300HPCPHT19901100010020100 00000g 2500 00000  
HPD02827300HPCPHT19901100020040400 00010  0500 00010  0600 00010  2500 00030  
HPD02827300HPCPHT19901100200060600 00010  0800 00010  0900 00010  1100 00010  1300 00010  2500 00050  
HPD02827300HPCPHT19901100260031100 00040  1200 00020  2500 00060  
HPD02827300HPCPHT19901200010020100 00000g 2500 00000  
HPD02827300HPCPHT19901200120032100 00010  2300 00010  2500 00020  
HPD02827300HPCPHT19901200150071600 00010  1800 00010  1900 00010  2100 00010  2200 00010  2400 00010  2500 00060  
HPD02827300HPCPHT19901200200060300 00010  0600 00010  1000 00010  1300 00010  1500 00010  2500 00050  
HPD02827300HPCPHT19901200210041900 00010  2100 00010  2300 00010  2500 00030  
HPD02827300HPCPHT19901200220020100 00010  2500 00010  
HPD02827300HPCPHT19901200280080500 00010  0700 00010  0800 00010  1000 00010  1200 00020  1300 00010  1700 00010  2500 00080  
HPD02827300HPCPHT19901200290041000 00010  1200 00010  1300 00010  2500 00030  
HPD02827300HPCPHT19910100010020100 00000g 2500 00000  
HPD02827300HPCPHT19910100030022000 00010  2500 00010  
HPD02827300HPCPHT19910100040130400 00010  0500 00010  0600 00010  0700 00020  0800 00010  0900 00010  1000 00010  1200 00010  1500 00010  1600 00010  1700 00010  1800 00010  2500 00130  
HPD02827300HPCPHT19910100050051700 00010  1800 00010  2000 00010  2100 00010  2500 00040  
HPD02827300HPCPHT19910100210021100 00010  2500 00010  
HPD02827300HPCPHT19910200010020100 00000g 2500 00000  
HPD02827300HPCPHT19910200170050500 00010  2000 00010  2100 00010  2200 00010  2500 00040  
HPD02827300HPCPHT19910200280150100 00010  0200 00010  0300 00020  0400 00010  0500 00010  0600 00020  0900 00010  1200 00030  1300 00010  1400 00010  1500 00010  1800 00010  2000 00010  2300 00010  2500 00180  
HPD02827300HPCPHT19910300010020100 99999[ 2500 00000I 
HPD02827300HPCPHT19910300310022400 99999] 2500 00000I 
HPD02827300HPCPHT19910400010020100 00000g 2500 00000  
HPD02827300HPCPHT19910500010020100 00000g 2500 00000  
HPD02827300HPCPHT19910500200021200 99999[ 2500 00000I 
HPD02827300HPCPHT19910500310022400 99999] 2500 00000I 
HPD02827300HPCPHT19910600010020100 99999[ 2500 00000I 
HPD02827300HPCPHT19910600060021600 99999] 2500 00000I 
HPD02827300HPCPHT19910600260021500 00010  2500 00010  
HPD02827300HPCPHT19910700010020100 00000g 2500 00000  
HPD02827300HPCPHT19910700050021700 00010  2500 00010  
HPD02827300HPCPHT19910700270041300 00010  1500 00010  1600 00010  2500 00030  
HPD02827300HPCPHT19910700280031500 00030  1600 00040  2500 00070  
HPD02827300HPCPHT19910800010020100 00000g 2500 00000  
HPD02827300HPCPHT19910800110040200 00010  0500 00020  0600 00030  2500 00060  
HPD02827300HPCPHT19910800240021500 00010  2500 00010  
HPD02827300HPCPHT19910800260031700 00070  1800 00010  2500 00080  
HPD02827300HPCPHT19910800270020800 00010  2500 00010  
HPD02827300HPCPHT19910900010050100 00000g 0800 00010  1000 00010  1200 00010  2500 00030  
HPD02827300HPCPHT19910900040032200 00010  2300 00010  2500 00020  
HPD02827300HPCPHT19910900050030700 00010  1900 00010  2500 00020  
HPD02827300HPCPHT19910900270031700 00050  2100 00010  2500 00060  
HPD02827300HPCPHT19910900300022300 00010  2500 00010  
HPD02827300HPCPHT19911000010020100 00000g 2500 00000  
HPD02827300HPCPHT19911000220021700 00010  2500 00010  
HPD02827300HPCPHT19911000230020500 00010  2500 00010  
HPD02827300HPCPHT19911000270050900 00010  1000 00030  1100 00010  1600 00010  2500 00060  
HPD02827300HPCPHT19911100010020100 00000g 2500 00000  
HPD02827300HPCPHT19911100100052000 00010  2100 00040  2200 00010  2300 00010  2500 00070  
HPD02827300HPCPHT19911100140032200 00010  2400 00010  2500 00020  
HPD02827300HPCPHT19911100150020600 00010  2500 00010  
HPD02827300HPCPHT19911100160020600 00010  2500 00010  
HPD02827300HPCPHT19911100180021700 00010  2500 00010  
HPD02827300HPCPHT19911100300130100 00010  0200 00010  0300 00030  0500 00010  0700 00010  0800 00010  0900 00010  1000 00010  1100 00020  1200 00010  1400 00010  1900 00010  2500 00150  
HPD02827300HPCPHT19911200010020100 00000g 2500 00000  
HPD02827300HPCPHT19911200100051400 00010  1700 00010  1800 00010  1900 00010  2500 00040  
HPD02827300HPCPHT19911200110050100 00010  1400 00040  1700 00010  1900 00020  2500 00080  
HPD02827300HPCPHT19911200120020400 00010  2500 00010  
HPD02827300HPCPHT19911200180060600 00010  0900 00010  1300 00010  1500 00010  1600 00010  2500 00050  
HPD02827300HPCPHT19911200190110500 00010  1000 00010  1100 00010  1200 00020  1300 00010  1400 00030  1500 00020  1700 00010  1800 00010  2000 00010  2500 00140  
HPD02827300HPCPHT19911200200021700 00010  2500 00010  
HPD02827300HPCPHT19911200220040500 00010  0600 00010  0900 00010  2500 00030  
HPD02827300HPCPHT19911200300040500 00010  1400 00010  2000 00010  2500 00030  
HPD02827300HPCPHT19920100010020100 00000g 2500 00000  
HPD02827300HPCPHT19920100030032300 00010  2400 00020  2500 00030  
HPD02827300HPCPHT19920100040030200 00010  1100 00010  2500 00020  
HPD02827300HPCPHT19920100050022300 00010  2500 00010  
HPD02827300HPCPHT19920100060110600 00020  0700 00010  0800 00020  0900 00020  1000 00010  1100 00010  1200 00010  1500 00010  1700 00010  2400 00010  2500 00130  
HPD02827300HPCPHT19920100110032300 00010  2400 00020  2500 00030  
HPD02827300HPCPHT19920100120070100 00040  0200 00020  0300 00010  0800 00020  0900 00010  1100 00010  2500 00110  
HPD02827300HPCPHT19920100200030800 00010  1600 00010  2500 00020  
HPD02827300HPCPHT19920200010020100 00000g 2500 00000  
HPD02827300HPCPHT19920200070080400 00010  0600 00010  0700 00010  0800 00010  1200 00010  1300 00010  1900 00010  2500 00070  
HPD02827300HPCPHT19920200080021700 00010  2500 00010  
HPD02827300HPCPHT19920200100070500 00010  0600 00010  1000 00020  1300 00010  2200 00010  2300 00010  2500 00070  
HPD02827300HPCPHT19920200110030300 00010  0900 00010  2500 00020  
HPD02827300HPCPHT19920200120020500 00010  2500 00010  
HPD02827300HPCPHT19920200130070400 00010  0500 00020  0600 00010  0800 00010  1400 00010  1500 00010  2500 00070  
HPD02827300HPCPHT19920200160030100 00020  2400 00010  2500 00030  
HPD02827300HPCPHT19920300010020100 00000g 2500 00000  
HPD02827300HPCPHT19920300020070400 00010  1500 00010  1600 00010  1700 00020  2000 00010  2200 00010  2500 00070  
HPD02827300HPCPHT19920300030060100 00010  0300 00010  0500 00010  1200 00010  1300 00010  2500 00050  
HPD02827300HPCPHT19920300040040800 00010  1000 00010  1300 00010  2500 00030  
HPD02827300HPCPHT19920300070031800 00010  2000 00010  2500 00020  
HPD02827300HPCPHT19920300080110400 00010  0500 00020  0600 00010  0700 00010  0800 00010  1100 00010  1200 00010  1500 00010  1700 00020  1800 00010  2500 00120  
HPD02827300HPCPHT19920300090080300 00010  0500 00010  0600 00020  0700 00010  0800 00010  0900 00010  1300 00010  2500 00080  
HPD02827300HPCPHT19920300210020700 00010  2500 00010  
HPD02827300HPCPHT19920300220021100 00010  2500 00010  
HPD02827300HPCPHT19920300270080700 00020  0800 00010  0900 00010  1000 00010  1900 00010  2000 00010  2200 00010  2500 00080  
HPD02827300HPCPHT19920300280031200 00010  2300 00010  2500 00020  
HPD02827300HPCPHT19920300300022200 00010  2500 00010  
HPD02827300HPCPHT19920300310060300 00010  0600 00010  1000 00010  1400 00010  1500 00010  2500 00050  
HPD02827300HPCPHT19920400010050100 00000g 2000 00010  2300 00010  2400 00020  2500 00040  
HPD02827300HPCPHT19920400020020700 00010  2500 00010  
HPD02827300HPCPHT19920500010020100 00000g 2500 00000  
HPD02827300HPCPHT19920500040031700 00020  2300 00010  2500 00030  
HPD02827300HPCPHT19920500050040200 00020  1100 00010  1700 00030  2500 00060  
HPD02827300HPCPHT19920500060020800 00010  2500 00010  
HPD02827300HPCPHT19920500100030100 00010  0300 00010  2500 00020  
HPD02827300HPCPHT19920500190021100 00010  2500 00010  
HPD02827300HPCPHT19920500200041900 00010  2100 00010  2200 00020  2500 00040  
HPD02827300HPCPHT19920500210060800 00010  1000 00010  1100 00020  1600 00010  1700 00010  2500 00060  
HPD02827300HPCPHT19920500220030900 00010  1800 00010  2500 00020  
HPD02827300HPCPHT19920500230041600 00030  1700 00010  1800 00010  2500 00050  
HPD02827300HPCPHT19920500280021800 00010  2500 00010  
HPD02827300HPCPHT19920500300030500 00010  0600 00010  2500 00020  
HPD02827300HPCPHT19920600010030100 00000g 1700 00010  2500 00010  
HPD02827300HPCPHT19920700010020100 00000g 2500 00000  
HPD02827300HPCPHT19920700100021800 00020  2500 00020  
HPD02827300HPCPHT19920700230022400 00010  2500 00010  
HPD02827300HPCPHT19920700240070200 00010  0400 00010  0500 00020  0600 00020  0800 00020  0900 00010  2500 00090  
HPD02827300HPCPHT19920700300022000 00020  2500 00020  
HPD02827300HPCPHT19920700310031700 00010  1900 00010  2500 00020  
HPD02827300HPCPHT19920800010020100 00000g 2500 00000  
HPD02827300HPCPHT19920800060022200 00010  2500 00010  
HPD02827300HPCPHT19920800110051200 00010  1800 00010  1900 00010  2000 00010  2500 00040  
HPD02827300HPCPHT19920800130021300 00010  2500 00010  
HPD02827300HPCPHT19920800150031000 00010  1600 00020  2500 00030  
HPD02827300HPCPHT19920800220080700 00060  0800 00050  0900 00020  1000 00020  2200 00010  2300 00040  2400 00020  2500 00220  
HPD02827300HPCPHT19920800230130300 00060  0400 00040  0500 00060  0600 00030  0700 00010  0800 00010  1000 00010  1100 00010  1200 00010  1300 00010  2100 00010  2400 00010  2500 00270  
HPD02827300HPCPHT19920800240020300 00010  2500 00010  
HPD02827300HPCPHT19920900010020100 00000g 2500 00000  
HPD02827300HPCPHT19920900190032200 00020  2400 00010  2500 00030  
HPD02827300HPCPHT19920900200021700 00010  2500 00010  
HPD02827300HPCPHT19921000010020100 00000g 2500 00000  
HPD02827300HPCPHT19921000230032100 00010  2200 00010  2500 00020  
HPD02827300HPCPHT19921000240021500 00010  2500 00010  
HPD02827300HPCPHT19921000280040500 00010  0900 00010  1100 00010  2500 00030  
HPD02827300HPCPHT19921000300022300 00010  2500 00010  
HPD02827300HPCPHT19921100010020100 00000g 2500 00000  
HPD02827300HPCPHT19921100100041600 00010  1700 00020  1800 00010  2500 00040  
HPD02827300HPCPHT19921200010020100 00000g 2500 00000  
HPD02827300HPCPHT19921200040190100 00010  0300 00020  0500 00020  0600 00010  0700 00020  0800 00030  0900 00010  1000 00020  1100 00010  1200 00020  1300 00020  1400 00010  1500 00010  1600 00010  1700 00010  1800 00020  1900 00030  2000 00010  2500 00290  
HPD02827300HPCPHT19921200050030500 00010  1400 00010  2500 00020  
HPD02827300HPCPHT19921200080090300 00010  0400 00010  0500 00020  0600 00020  0700 00010  0800 00010  1000 00010  2400 00010  2500 00100  
HPD02827300HPCPHT19921200100021000 00010  2500 00010  
HPD02827300HPCPHT19921200120021900 00010  2500 00010  
HPD02827300HPCPHT19921200180031600 00010  2200 00010  2500 00020  
HPD02827300HPCPHT19921200270042100 00010  2300 00010  2400 00010  2500 00030  
HPD02827300HPCPHT19921200280170100 00010  0200 00010  0300 00010  0400 00030  0500 00010  0600 00030  0700 00020  0800 00010  0900 00010  1000 00010  1100 00010  1200 00010  1300 00010  1400 00010  1500 00010  1800 00010  2500 00210  
HPD02827300HPCPHT19921200290020700 00010  2500 00010  
HPD02827300HPCPHT19930100010020100 00000g 2500 00000  
HPD02827300HPCPHT19930100030040400 00020  0500 00010  0700 00010  2500 00040  
HPD02827300HPCPHT19930100060140700 00010  0900 00010  1100 00010  1300 00010  1400 00010  1500 00010  1600 00010  1800 00010  2000 00010  2100 00010  2200 00010  2300 00010  2400 00010  2500 00130  
HPD02827300HPCPHT19930100070160100 00010  0300 00010  0400 00030  0700 00010  0800 00020  1000 00010  1100 00020  1500 00010  1600 00030  1800 00010  1900 00010  2000 00010  2100 00030  2200 00050  2400 00020  2500 00280  
HPD02827300HPCPHT19930100080100100 00010  0200 00010  0300 00010  0400 00020  0500 00010  0600 00010  0700 00030  0800 00010  0900 00010  2500 00120  
HPD02827300HPCPHT19930100090021100 00010  2500 00010  
HPD02827300HPCPHT19930100100130900 00010  1100 00010  1300 00010  1500 00010  1600 00010  1700 00010  1800 00010  2000 00010  2100 00010  2200 00030  2300 00020  2400 00030  2500 00170  
HPD02827300HPCPHT19930100110040100 00010  0200 00010  0500 00010  2500 00030  
HPD02827300HPCPHT19930100120022400 00020  2500 00020  
HPD02827300HPCPHT19930100140090700 00010  0900 00010  1400 00020  1700 00010  1900 00020  2000 00010  2100 00020  2300 00010  2500 00110  
HPD02827300HPCPHT19930100150020400 00010  2500 00010  
HPD02827300HPCPHT19930100160061800 00010  1900 00010  2000 00010  2100 00010  2400 00010  2500 00050  
HPD02827300HPCPHT19930100170090300 00010  0400 00020  0900 00010  1000 00010  1300 00010  1400 00010  2100 00010  2200 00010  2500 00090  
HPD02827300HPCPHT19930100180120200 00020  0400 00010  0700 00020  0800 00010  0900 00020  1200 00010  1500 00010  1700 00030  1800 00010  1900 00020  2100 00010  2500 00170  
HPD02827300HPCPHT19930100190020300 00010  2500 00010  
HPD02827300HPCPHT19930100310021500 00010  2500 00010  
HPD02827300HPCPHT19930200010020100 00000g 2500 00000  
HPD02827300HPCPHT19930200080110700 00010  1100 00010  1300 00010  1500 00010  1600 00010  1800 00020  2100 00020  2200 00040  2300 00030  2400 00010  2500 00170  
HPD02827300HPCPHT19930200090120100 00010  0400 00020  0500 00010  0600 00010  0800 00010  0900 00010  1000 00030  1100 00010  1300 00020  1500 00010  1600 00020  2500 00160  
HPD02827300HPCPHT19930200100021400 00020  2500 00020  
HPD02827300HPCPHT19930200140060900 00010  1200 00010  1500 00010  1800 00010  2000 00010  2500 00050  
HPD02827300HPCPHT19930200150050600 00010  0900 00010  1000 00010  1100 00010  2500 00040  
HPD02827300HPCPHT19930200190110400 00010  0500 00010  1000 00010  1600 00020  1700 00010  1800 00010  1900 00010  2000 00020  2200 00010  2400 00010  2500 00120  
HPD02827300HPCPHT19930200200030500 00010  0800 00010  2500 00020  
HPD02827300HPCPHT19930200240031200 00010  2000 00010  2500 00020  
HPD02827300HPCPHT19930200280090500 00010  0600 00010  0700 00010  0800 00010  0900 00010  1100 00010  1600 00010  1900 00010  2500 00080  
HPD02827300HPCPHT19930300010050100 00000g 0600 00010  0800 00010  0900 00010  2500 00030  
HPD02827300HPCPHT19930300180022000 00030  2500 00030  
HPD02827300HPCPHT19930300260121400 00010  1500 00010  1600 00020  1700 00010  1800 00020  1900 00020  2000 00030  2100 00010  2200 00010  2300 00010  2400 00010  2500 00160  
HPD02827300HPCPHT19930300270050500 00010  0600 00010  0700 00010  1400 00010  2500 00040  
HPD02827300HPCPHT19930300280032100 00010  2400 00010  2500 00020  
HPD02827300HPCPHT19930300290030100 00020  0200 00010  2500 00030  
HPD02827300HPCPHT19930300300021000 00010  2500 00010  
HPD02827300HPCPHT19930400010020100 00000g 2500 00000  
HPD02827300HPCPHT19930500010020100 00000g 2500 00000  
HPD02827300HPCPHT19930500140031500 00010  1600 00020  2500 00030  
HPD02827300HPCPHT19930500150032100 00010  2200 00010  2500 00020  
HPD02827300HPCPHT19930600010020100 00000g 2500 00000  
HPD02827300HPCPHT19930600060021600 00010  2500 00010  
HPD02827300HPCPHT19930700010020100 00000g 2500 00000  
HPD02827300HPCPHT19930800010020100 00000g 2500 00000  
HPD02827300HPCPHT19930800070030100 00010  0200 00010  2500 00020  
HPD02827300HPCPHT19930800200022000 00030  2500 00030  
HPD02827300HPCPHT19930800240032200 00020  2400 00010  2500 00030  
HPD02827300HPCPHT19930800260022300 00010  2500 00010  
HPD02827300HPCPHT19930800270120400 00010  0500 00010  0600 00010  0700 00020  0800 00010  0900 00020  1000 00030  1200 00010  1400 00010  2300 00010  2400 00020  2500 00160  
HPD02827300HPCPHT19930800280020300 00020  2500 00020  
HPD02827300HPCPHT19930800300030600 00010  1500 00010  2500 00020  
HPD02827300HPCPHT19930900010020100 00000g 2500 00000  
HPD02827300HPCPHT19930900120041900 00020  2100 00030  2200 00040  2500 00090  
HPD02827300HPCPHT19930900130021200 00010  2500 00010  
HPD02827300HPCPHT19931000010020100 00000g 2500 00000  
HPD02827300HPCPHT19931000060060600 00010  1400 00050  1500 00020  1800 00010  2300 00010  2500 00100  
HPD02827300HPCPHT19931000070040200 00020  0300 00010  0800 00010  2500 00040  
HPD02827300HPCPHT19931000160041100 00010  1600 00010  2100 00010  2500 00030  
HPD02827300HPCPHT19931000170020500 00010  2500 00010  
HPD02827306HPCPHT19931100010020100 00000g 2500 00000  
HPD02827306HPCPHT19931100110041100 00020  1200 00010  1600 00020  2500 00050  
HPD02827306HPCPHT19931100120051300 00020  1400 00010  1500 00010  1600 00010  2500 00050  
HPD02827306HPCPHT19931100130080100 00010  0200 00010  0400 00010  0500 00010  1100 00010  1200 00010  1300 00010  2500 00070  
HPD02827306HPCPHT19931100140141000 00010  1200 00010  1300 00010  1400 00010  1500 00020  1600 00030  1700 00020  1800 00030  1900 00010  2100 00020  2200 00020  2300 00030  2400 00010  2500 00230  
HPD02827306HPCPHT19931100150050100 00020  0200 00010  0500 00010  0800 00010  2500 00050  
HPD02827306HPCPHT19931100230030400 00010  0600 00010  2500 00020  
HPD02827306HPCPHT19931200010020100 00000g 2500 00000  
HPD02827306HPCPHT19931200110022400 00010  2500 00010  
HPD02827306HPCPHT19931200120020400 00010  2500 00010  
HPD02827306HPCPHT19940100010020100 00000g 2500 00000  
HPD02827306HPCPHT19940100250031300 00020  1400 00010  2500 00030  
HPD02827306HPCPHT19940100280021500 00000  2500 00000  
HPD02827306HPCPHT19940200010020100 00000g 2500 00000  
HPD02827306HPCPHT19940200070080900 99999a 1700 00050A 1900 00010  2000 00010  2100 00010  2300 00010  2400 00010  2500 00100  
HPD02827306HPCPHT19940200080120100 00010  0200 00010  0300 00010  0400 00010  0500 00010  0600 00010  0800 00010  1400 00040  1500 00020  1600 00010  1800 00010  2500 00150  
HPD02827306HPCPHT19940200170022400 00010  2500 00010  
HPD02827306HPCPHT19940200180020400 00010  2500 00010  
HPD02827306HPCPHT19940200190030800 00010  0900 00010  2500 00020  
HPD02827306HPCPHT19940300010020100 00000g 2500 00000  
HPD02827306HPCPHT19940300070060900 00010  1200 00010  1300 00010  1400 00010  1800 00010  2500 00050  
HPD02827306HPCPHT19940300190061500 00010  1600 00010  1900 00010  2000 00010  2200 00020  2500 00060  
HPD02827306HPCPHT19940300200040400 00010  0700 00040  0800 00010  2500 00060  
HPD02827306HPCPHT19940300210021100 00010  2500 00010  
HPD02827306HPCPHT19940300250071900 00010  2000 00020  2100 00010  2200 00010  2300 00010  2400 00010  2500 00070  
HPD02827306HPCPHT19940300260040100 00010  1200 00010  1300 00010  2500 00030  
HPD02827306HPCPHT19940400010020100 00000g 2500 00000  
HPD02827306HPCPHT19940400100021800 00010  2500 00010  
HPD02827306HPCPHT19940400240041900 00010  2000 00010  2100 00010  2500 00030  
HPD02827306HPCPHT19940400260052000 00010  2200 00020  2300 00010  2400 00020  2500 00060  
HPD02827306HPCPHT19940400270050200 00010  1000 00020  1400 00010  1600 00010  2500 00050  
HPD02827306HPCPHT19940500010020100 00000g 2500 00000  
HPD02827306HPCPHT19940500090021500 00010  2500 00010  
HPD02827306HPCPHT19940500110021500 00010  2500 00010  
HPD02827306HPCPHT19940500240032200 00010  2400 00020  2500 00030  
HPD02827306HPCPHT19940500250020200 00020  2500 00020  
HPD02827306HPCPHT19940600010020100 00000g 2500 00000  
HPD02827306HPCPHT19940700010020100 00000g 2500 00000  
HPD02827306HPCPHT19940700050021200 99999{ 2500 00000P 
HPD02827306HPCPHT19940700310022400 99999} 2500 00000P 
HPD02827306HPCPHT19940800010020100 99999{ 2500 00000P 
HPD02827306HPCPHT19940800070031800 99999} 1900 99999{ 2500 00000P 
HPD02827306HPCPHT19940800100021300 99999} 2500 00000P 
HPD02827306HPCPHT19940800190022200 00010  2500 00010  
HPD02827306HPCPHT19940900010020100 00000g 2500 00000  
HPD02827306HPCPHT19940900020051700 00010  1800 00030  2100 00040  2400 00010  2500 00090  
HPD02827306HPCPHT19940900030040100 00010  1100 00010  1800 00080  2500 00100  
HPD02827306HPCPHT19940900040030800 00010  1600 00050  2500 00060  
HPD02827306HPCPHT19940900130022000 00010  2500 00010  
HPD02827306HPCPHT19940900210030100 00010  1100 00010  2500 00020  
HPD02827306HPCPHT19941000010020100 00000g 2500 00000  
HPD02827306HPCPHT19941000150050900 00010  1000 00040  1100 00040  1200 00020  2500 00110  
HPD02827306HPCPHT19941000170021000 00000  2500 00000  
HPD02827306HPCPHT19941100010020100 00000g 2500 00000  
HPD02827306HPCPHT19941100030040500 00020  0600 00020  2400 00010  2500 00050  
HPD02827306HPCPHT19941100040020900 00010  2500 00010  
HPD02827306HPCPHT19941100110022400 00020  2500 00020  
HPD02827306HPCPHT19941100120090100 00010  0500 00020  0600 00010  0700 00030  0800 00020  0900 00010  1100 00010  1200 00010  2500 00120  
HPD02827306HPCPHT19941100190020300 00010  2500 00010  
HPD02827306HPCPHT19941200010020100 00000g 2500 00000  
HPD02827306HPCPHT19941200050130200 00010  0300 00010  0400 00020  0500 00010  0700 00010  0900 00010  1000 00010  1500 00010  1700 00010  2100 00010  2300 00010  2400 00010  2500 00130  
HPD02827306HPCPHT19941200060070200 00010  0300 00020  0500 00020  0600 00010  0700 00010  1300 00010  2500 00080  
HPD02827306HPCPHT19941200070020800 00020  2500 00020  
HPD02827306HPCPHT19941200230090400 00010  0500 00010  1100 00010  1200 00010  1300 00010  1400 00010  1500 00020  1600 00010  2500 00090  
HPD02827306HPCPHT19941200250042000 00020  2100 00030  2200 00020  2500 00070  
HPD02827306HPCPHT19941200260050100 00010  0200 00010  0300 00010  0600 00010  2500 00040  
HPD02827306HPCPHT19941200290022400 00010  2500 00010  
HPD02827306HPCPHT19941200300020400 00010  2500 00010  
HPD02827306HPCPHT19950100010020100 00000g 2500 00000  
HPD02827306HPCPHT19950100040110600 00010  1100 00010  1400 00010  1700 00010  1800 00020  1900 00010  2100 00010  2200 00020  2300 00020  2400 00030  2500 00150  
HPD02827306HPCPHT19950100050120100 00020  0200 00030  0300 00010  0400 00020  0600 00010  0800 00010  0900 00040  1000 00040  1200 00020  1900 00010  2000 00010  2500 00220  
HPD02827306HPCPHT19950100070021800 00000  2500 00000  
HPD02827306HPCPHT19950100120022100 00030  2500 00030  
HPD02827306HPCPHT19950100160021700 00010  2500 00010  
HPD02827306HPCPHT19950100170040300 00010  0400 00010  0500 00010  2500 00030  
HPD02827306HPCPHT19950100250071400 00010  1500 00020  1600 00010  1900 00010  2300 00010  2400 00010  2500 00070  
HPD02827306HPCPHT19950100260110100 00010  0200 00010  0300 00010  0400 00020  0700 00010  0800 00020  0900 00010  1100 00020  1300 00010  1900 00010  2500 00130  
HPD02827306HPCPHT19950200010020100 00000g 2500 00000  
HPD02827306HPCPHT19950200130040900 00010  1300 00010  1400 00010  2500 00030  
HPD02827306HPCPHT19950200140090500 00010  0800 00010  1700 00010  1800 00010  1900 00020  2000 00010  2300 00020  2400 00020  2500 00110  
HPD02827306HPCPHT19950200150100100 00010  0300 00010  0500 00020  0800 00010  1000 00030  1100 00030  1200 00010  1300 00010  1900 00010  2500 00140  
HPD02827306HPCPHT19950200240021200 00010  2500 00010  
HPD02827306HPCPHT19950300010030100 00000g 0400 00010  2500 00010  
HPD02827306HPCPHT19950300050062000 00010  2100 00010  2200 00010  2300 00020  2400 00020  2500 00070  
HPD02827306HPCPHT19950300060060100 00020  0200 00020  0300 00010  0400 00010  0500 00020  2500 00080  
HPD02827306HPCPHT19950300110020100 99999{ 2500 00000P 
HPD02827306HPCPHT19950300120022400 99999} 2500 00000P 
HPD02827306HPCPHT19950300170021300 00000  2500 00000  
HPD02827306HPCPHT19950400010020100 00000g 2500 00000  
HPD02827306HPCPHT19950400160021300 00010  2500 00010  
HPD02827306HPCPHT19950400220021200 00010  2500 00010  
HPD02827306HPCPHT19950500010020100 00000g 2500 00000  
HPD02827306HPCPHT19950500160020400 99999{ 2500 00000P 
HPD02827306HPCPHT19950500310022400 99999} 2500 00000P 
HPD02827306HPCPHT19950600010020100 00000g 2500 00000  
HPD02827306HPCPHT19950700010030100 00000g 2000 00000  2500 00000  
HPD02827306HPCPHT19950700130020900 00010  2500 00010  
HPD02827306HPCPHT19950700150031700 00010  1800 00010  2500 00020  
HPD02827306HPCPHT19950700170021100 00010  2500 00010  
HPD02827306HPCPHT19950700310021800 00020  2500 00020  
HPD02827306HPCPHT19950800010020100 99999{ 2500 00000P 
HPD02827306HPCPHT19950800310022400 99999} 2500 00000P 
HPD02827306HPCPHT19950900010050100 99999{ 0600 99999} 0700 99999[ 0900 99999] 2500 00000P 
HPD02827306HPCPHT19950900170070300 00010  0400 00010  0500 00040  0600 00030  1100 00070  2400 00020  2500 00180  
HPD02827306HPCPHT19950900220020900 99999{ 2500 00000P 
HPD02827306HPCPHT19950900300022400 99999} 2500 00000P 
HPD02827306HPCPHT19951000010020100 99999{ 2500 00000P 
HPD02827306HPCPHT19951000030030800 99999} 0900 99999{ 2500 00000P 
HPD02827306HPCPHT19951000310022400 99999} 2500 00000P 
HPD02827306HPCPHT19951100010070100 00000g 1400 00010  2100 00010  2200 00030  2300 00030  2400 00010  2500 00090  
HPD02827306HPCPHT19951100020020100 00010  2500 00010  
HPD02827306HPCPHT19951100050022400 00010  2500 00010  
HPD02827306HPCPHT19951100060050200 00010  0300 00010  0900 00010  1000 00010  2500 00040  
HPD02827306HPCPHT19951200010040100 99999{ 0900 99999} 1000 99999{ 2500 00000P 
HPD02827306HPCPHT19951200310022400 99999} 2500 00000P 
HPD02827306HPCPHT19960100010040100 99999{ 1600 99999} 1700 99999{ 2500 00000P 
HPD02827306HPCPHT19960100310022400 99999} 2500 00000P 
HPD02827306HPCPHT19960200010020100 99999{ 2500 00000P 
HPD02827306HPCPHT19960200020021000 99999} 2500 00000P 
HPD02827306HPCPHT19960200220020500 00010  2500 00010  
HPD02827306HPCPHT19960200250032200 00010  2400 00020  2500 00030  
HPD02827306HPCPHT19960200260080100 00020  0200 00010  1300 00010  1400 00010  1500 00010  1600 00010  2400 00010  2500 00080  
HPD02827306HPCPHT19960200270031100 00010  1300 00010  2500 00020  
HPD02827306HPCPHT19960300010020100 00000g 2500 00000  
HPD02827306HPCPHT19960300020021300 99999{ 2500 00000P 
HPD02827306HPCPHT19960300310022400 99999} 2500 00000P 
HPD02827306HPCPHT19960400010020100 99999{ 2500 00000P 
HPD02827306HPCPHT19960400300022400 99999} 2500 00000P 
HPD02827306HPCPHT19960500010020100 00000g 2500 00000  
HPD02827306HPCPHT19960600010050100 99999{ 0800 99999} 0900 99999[ 1100 99999] 2500 00000P 
HPD02827306HPCPHT19960600270020800 00010  2500 00010  
HPD02827306HPCPHT19960600290020600 00010  2500 00010  
HPD02827306HPCPHT19960600300021700 00040  2500 00040  
HPD02827306HPCPHT19960700010030100 00000g 1600 00020  2500 00020  
HPD02827306HPCPHT19960700030021800 00010  2500 00010  
HPD02827306HPCPHT19960700040021100 00010  2500 00010  
HPD02827306HPCPHT19960700070020500 00010  2500 00010  
HPD02827306HPCPHT19960700110022100 00020  2500 00020  
HPD02827306HPCPHT19960700120021000 00010  2500 00010  
HPD02827306HPCPHT19960700130041800 00030  1900 00020  2000 00010  2500 00060  
HPD02827306HPCPHT19960700140061100 00010  2000 00040  2100 00020  2200 00010  2400 00010  2500 00090  
HPD02827306HPCPHT19960700150031400 00010  1600 00010  2500 00020  
HPD02827306HPCPHT19960700160031300 00070  1400 00010  2500 00080  
HPD02827306HPCPHT19960700250042100 00010  2200 00010  2300 00010  2500 00030  
HPD02827306HPCPHT19960700270022100 00030  2500 00030  
HPD02827306HPCPHT19960700290022200 00010  2500 00010  
HPD02827306HPCPHT19960800010030100 00000g 0200 00010  2500 00010  
HPD02827306HPCPHT19960800180022200 00010  2500 00010  
HPD02827306HPCPHT19960800190020100 00010  2500 00010  
HPD02827306HPCPHT19960800220021800 00010  2500 00010  
HPD02827306HPCPHT19960800250031500 00010  1600 00010  2500 00020  
HPD02827306HPCPHT19960800260021000 00010  2500 00010  
HPD02827306HPCPHT19960900010020100 00000g 2500 00000  
HPD02827306HPCPHT19960900050050900 00020  1000 00030  1100 00010  1300 00010  2500 00070  
HPD02827306HPCPHT19960900060022300 00010  2500 00010  
HPD02827306HPCPHT19960900090020400 00010  2500 00010  
HPD02827306HPCPHT19960900100041800 00010  2100 00010  2200 00010  2500 00030  
HPD02827306HPCPHT19960900110040500 00010  0600 00010  0700 00010  2500 00030  
HPD02827306HPCPHT19960900130031800 00010  2000 00020  2500 00030  
HPD02827306HPCPHT19960900180020500 00020  2500 00020  
HPD02827306HPCPHT19961000010020100 00000g 2500 00000  
HPD02827306HPCPHT19961000250021100 00010  2500 00010  
HPD02827306HPCPHT19961000260031700 00010  1800 00020  2500 00030  
HPD02827306HPCPHT19961000270020100 00010  2500 00010  
HPD02827306HPCPHT19961000280030600 00010  1000 00010  2500 00020  
HPD02827306HPCPHT19961100010020100 00000g 2500 00000  
HPD02827306HPCPHT19961100220041500 00010  1600 00010  1700 00010  2500 00030  
HPD02827306HPCPHT19961100290040700 00030  0900 00010  1800 00010  2500 00050  
HPD02827306HPCPHT19961100300021100 00010  2500 00010  
HPD02827306HPCPHT19961200010020100 00000g 2500 00000  
HPD02827306HPCPHT19970100010020100 00000g 2500 00000  
HPD02827306HPCPHT19970100030031500 00010  2000 00020  2500 00030  
HPD02827306HPCPHT19970100070021300 00010  2500 00010  
HPD02827306HPCPHT19970100120032300 00010  2400 00010  2500 00020  
HPD02827306HPCPHT19970100130200100 00010  0200 00010  0300 00040  0500 00020  0600 00040  0700 00040  0800 00030  0900 00010  1000 00020  1100 00010  1200 00010  1300 00020  1800 00030  1900 00020  2000 00020  2100 00020  2200 00020  2300 00010  2400 00010  2500 00390  
HPD02827306HPCPHT19970100140110100 00010  0300 00010  0500 00040  0600 00010  1000 00010  1100 00020  1200 00010  1500 00010  1600 00010  1700 00010  2500 00140  
HPD02827306HPCPHT19970100170021200 00010  2500 00010  
HPD02827306HPCPHT19970100190021700 00010  2500 00010  
HPD02827306HPCPHT19970100260051000 00010  1900 00010  2200 00010  2400 00020  2500 00050  
HPD02827306HPCPHT19970100270040100 00010  0200 00010  0500 00010  2500 00030  
HPD02827306HPCPHT19970200010020100 00000g 2500 00000  
HPD02827306HPCPHT19970200130030100 00010  0300 00010  2500 00020  
HPD02827306HPCPHT19970200160021200 00010  2500 00010  
HPD02827306HPCPHT19970200270121200 00010  1500 00010  1600 00010  1700 00020  1800 00020  1900 00020  2000 00040  2100 00040  2200 00020  2300 00020  2400 00030  2500 00240  
HPD02827306HPCPHT19970200280090100 00030  0300 00010  0400 00010  0500 00010  0600 00020  0700 00010  0800 00010  1000 00010  2500 00110  
HPD02827306HPCPHT19970300010020100 00000g 2500 00000  
HPD02827306HPCPHT19970300030021400 00010  2500 00010  
HPD02827306HPCPHT19970400010020100 00000g 2500 00000  
HPD02827306HPCPHT19970400020040800 00010  0900 00010  1000 00010  2500 00030  
HPD02827306HPCPHT19970400030060700 00010  1000 00010  1700 00010  1800 00010  2300 00010  2500 00050  
HPD02827306HPCPHT19970400040040300 00010  0700 00010  1700 00010  2500 00030  
HPD02827306HPCPHT19970400050030900 00010  1000 00010  2500 00020  
HPD02827306HPCPHT19970500010020100 00000g 2500 00000  
HPD02827306HPCPHT19970500190022400 00010  2500 00010  
HPD02827306HPCPHT19970500200021200 00010  2500 00010  
HPD02827306HPCPHT19970500210021100 00010  2500 00010  
HPD02827306HPCPHT19970600010020100 00000g 2500 00000  
HPD02827306HPCPHT19970600150022000 00010  2500 00010  
HPD02827306HPCPHT19970700010020100 00000g 2500 00000  
HPD02827306HPCPHT19970800010020100 00000g 2500 00000  
HPD02827306HPCPHT19970800030050700 00010  0800 00020  1200 00010  1300 00010  2500 00050  
HPD02827306HPCPHT19970800050041300 00010  1700 00030  1800 00020  2500 00060  
HPD02827306HPCPHT19970800090020200 00010  2500 00010  
HPD02827306HPCPHT19970800150021000 00010  2500 00010  
HPD02827306HPCPHT19970800250041600 00060  1700 00010  1800 00030  2500 00100  
HPD02827306HPCPHT19970800260040700 00010  0800 00130  0900 00010  2500 00150  
HPD02827306HPCPHT19970900010020100 00000g 2500 00000  
HPD02827306HPCPHT19970900050031400 00010  2400 00010  2500 00020  
HPD02827306HPCPHT19970900080031700 00000 q1800 00000 q2500 00000P 
HPD02827306HPCPHT19970900110051200 00030  1300 00010  1400 00020  1500 00010  2500 00070  
HPD02827306HPCPHT19970900130021400 00010  2500 00010  
HPD02827306HPCPHT19970900150021900 00010  2500 00010  
HPD02827306HPCPHT19970900250022400 00010  2500 00010  
HPD02827306HPCPHT19970900260080300 00010  0400 00010  0500 00020  0800 00010  0900 00010  1000 00010  1200 00010  2500 00080  
HPD02827306HPCPHT19971000010020100 00000g 2500 00000  
HPD02827306HPCPHT19971000070020900 00010  2500 00010  
HPD02827306HPCPHT19971000210042200 00010  2300 00030  2400 00010  2500 00050  
HPD02827306HPCPHT19971000220030100 00010  2000 00010  2500 00020  
HPD02827306HPCPHT19971000240021600 00010  2500 00010  
HPD02827306HPCPHT19971100010020100 00000g 2500 00000  
HPD02827306HPCPHT19971100110021700 00040  2500 00040  
HPD02827306HPCPHT19971100120051000 00010  1100 00050  1200 00010  1300 00010  2500 00080  
HPD02827306HPCPHT19971100140030300 00010  0400 00010  2500 00020  
HPD02827306HPCPHT19971100270020200 00010  2500 00010  
HPD02827306HPCPHT19971200010030100 00000g 2300 00010  2500 00010  
HPD02827306HPCPHT19971200060021900 00010  2500 00010  
HPD02827306HPCPHT19971200070120200 00010  0300 00010  0400 00020  0500 00010  0600 00030  1200 00010  1500 00010  1900 00010  2000 00010  2200 00010  2400 00010  2500 00140  
HPD02827306HPCPHT19971200080080100 00010  0200 00010  0300 00020  0400 00020  0500 00030  0600 00040  0700 00010  2500 00140  
HPD02827306HPCPHT19971200190020600 00010  2500 00010  
HPD02827306HPCPHT19971200210022300 00010  2500 00010  
HPD02827306HPCPHT19971200220080100 00020  0400 00010  0500 00010  0600 00010  0800 00010  1300 00010  1400 00010  2500 00080  
HPD02827306HPCPHT19971200240030800 00010  1100 00010  2500 00020  
HPD02827306HPCPHT19971200250041300 00010  1500 00010  1700 00010  2500 00030  
HPD02827306HPCPHT19980100010020100 00000g 2500 00000  
HPD02827306HPCPHT19980100040060300 00010  0500 00010  1000 00010  2300 00010  2400 00020  2500 00060  
HPD02827306HPCPHT19980100050020200 00010  2500 00010  
HPD02827306HPCPHT19980100100061200 00010  1300 00010  1400 00010  1500 00010  1700 00010  2500 00050  
HPD02827306HPCPHT19980100300020500 00010  2500 00010  
HPD02827306HPCPHT19980200010020100 00000g 2500 00000  
HPD02827306HPCPHT19980200030042200 00010  2300 00010  2400 00010  2500 00030  
HPD02827306HPCPHT19980200040130100 00010  0200 00010  0300 00010  0400 00010  0500 00010  0600 00010  0700 00020  0800 00020  0900 00020  1200 00010  1300 00020  1500 00010  2500 00160  
HPD02827306HPCPHT19980200070050400 00010  0700 00010  0800 00010  0900 00010  2500 00040  
HPD02827306HPCPHT19980200080081000 00010  1100 00010  1200 00010  1300 00020  1400 00010  1500 00020  1600 00010  2500 00090  
HPD02827306HPCPHT19980200090110200 00020  0300 00010  0700 00010  1000 00010  1100 00010  1200 00010  1300 00020  1400 00010  1600 00010  1800 00010  2500 00120  
HPD02827306HPCPHT19980200140022400 00010  2500 00010  
HPD02827306HPCPHT19980200150080100 00010  0200 00010  0300 00040  0400 00020  0800 00010  1500 00010  1800 00010  2500 00110  
HPD02827306HPCPHT19980200170041600 00010  1900 00010  2200 00010  2500 00030  
HPD02827306HPCPHT19980200180020200 00010  2500 00010  
HPD02827306HPCPHT19980200200030900 00010  1500 00010  2500 00020  
HPD02827306HPCPHT19980200240131100 00010  1200 00020  1300 00010  1500 00020  1600 00010  1700 00010  1800 00010  1900 00010  2000 00010  2100 00020  2200 00010  2400 00010  2500 00150  
HPD02827306HPCPHT19980200250050200 00010  0500 00010  1400 00010  1600 00010  2500 00040  
HPD02827306HPCPHT19980300010020100 00000g 2500 00000  
HPD02827306HPCPHT19980300060022000 00010  2500 00010  
HPD02827306HPCPHT19980300140041100 00010  2000 00010  2200 00010  2500 00030  
HPD02827306HPCPHT19980300150030700 00010  0900 00010  2500 00020  
HPD02827306HPCPHT19980300170020900 00010  2500 00010  
HPD02827306HPCPHT19980300180030700 00020  1100 00010  2500 00030  
HPD02827306HPCPHT19980300250021100 00010  2500 00010  
HPD02827306HPCPHT19980300260120500 00010  0600 00030  0700 00020  0800 00020  0900 00010  1000 00010  1200 00010  1300 00020  1500 00010  2100 00010  2200 00010  2500 00160  
HPD02827306HPCPHT19980300270020500 00010  2500 00010  
HPD02827306HPCPHT19980300280091200 00010  1300 00010  1800 00060  1900 00050  2000 00040  2100 00020  2200 00010  2400 00010  2500 00210  
HPD02827306HPCPHT19980300290040400 00010  1200 00010  1900 00010  2500 00030  
HPD02827306HPCPHT19980300300031000 00020  1100 00010  2500 00030  
HPD02827306HPCPHT19980400010060100 00000g 1500 00010  1600 00010  1700 00020  1800 00010  2500 00050  
HPD02827306HPCPHT19980400020030800 00010  1200 00010  2500 00020  
HPD02827306HPCPHT19980400040020600 00010  2500 00010  
HPD02827306HPCPHT19980400070030300 00010  1000 00010  2500 00020  
HPD02827306HPCPHT19980400110022300 00010  2500 00010  
HPD02827306HPCPHT19980400120050100 00010  0200 00030  0300 00010  1200 00010  2500 00060  
HPD02827306HPCPHT19980400150021800 00010  2500 00010  
HPD02827306HPCPHT19980500010020100 00000g 2500 00000  
HPD02827306HPCPHT19980500070020800 00010  2500 00010  
HPD02827306HPCPHT19980500130031500 00010  1700 00010  2500 00020  
HPD02827306HPCPHT19980600010020100 00000g 2500 00000  
HPD02827306HPCPHT19980600300030800 99999[ 2400 99999] 2500 00000I 
HPD02827306HPCPHT19980700010030100 99999[ 0900 99999] 2500 00000I 
HPD02827306HPCPHT19980700070020500 00010  2500 00010  
HPD02827306HPCPHT19980700080021500 00010  2500 00010  
HPD02827306HPCPHT19980700130021200 00010  2500 00010  
HPD02827306HPCPHT19980700240021400 00010  2500 00010  
HPD02827306HPCPHT19980700250020500 00010  2500 00010  
HPD02827306HPCPHT19980700270021400 00010  2500 00010  
HPD02827306HPCPHT19980800010020100 00000g 2500 00000  
HPD02827306HPCPHT19980800150020800 00010  2500 00010  
HPD02827306HPCPHT19980800200021900 00020  2500 00020  
HPD02827306HPCPHT19980800230020800 99999{ 2500 00000P 
HPD02827306HPCPHT19980800250020700 99999} 2500 00000P 
HPD02827306HPCPHT19980800310021400 00010  2500 00010  
HPD02827306HPCPHT19980900010020100 00000g 2500 00000  
HPD02827306HPCPHT19980900020021000 00010  2500 00010  
HPD02827306HPCPHT19980900040060900 00010  1000 00010  1100 00010  1200 00020  1300 00010  2500 00060  
HPD02827306HPCPHT19980900050060900 00060  1000 00010  1500 00010  1600 00010  1900 00010  2500 00100  
HPD02827306HPCPHT19981000010020100 00000g 2500 00000  
HPD02827306HPCPHT19981000050020500 99999[ 2500 00000I 
HPD02827306HPCPHT19981000310022400 99999] 2500 00000I 
HPD02827306HPCPHT19981100010020100 00000g 2500 00000  
HPD02827306HPCPHT19981100070051600 00010  1900 00010  2000 00010  2200 00010  2500 00040  
HPD02827306HPCPHT19981100250022400 00010  2500 00010  
HPD02827306HPCPHT19981100260022200 00010  2500 00010  
HPD02827306HPCPHT19981100270120100 00010  0200 00010  0300 00010  0500 00010  0700 00010  0800 00010  1200 00010  1400 00010  1500 00010  1700 00010  1900 00010  2500 00110  
HPD02827306HPCPHT19981100280020100 00010  2500 00010  
HPD02827306HPCPHT19981200010050100 00000g 0500 00010 R0700 00010 R1000 00010 R2500 00030 R
HPD02827306HPCPHT19981200030021900 00010 R2500 00010 R
HPD02827306HPCPHT19981200060040100 00010 R0300 00010 R0400 00010 R2500 00030 R
HPD02827306HPCPHT19981200200020400 00010  2500 00010  
