HPD02058200HPCPHI19480700010020100 00000g 2500 00000  
HPD02058200HPCPHI19480700310031300 99999a 2400 99999A 2500 00000I 
HPD02058200HPCPHI19480800010020100 99999, 2500 00000I 
HPD02058200HPCPHI19480800310022400 99999A 2500 00000I 
HPD02058200HPCPHI19480900010020100 99999, 2500 00000I 
HPD02058200HPCPHI19480900300022400 00198A 2500 00198P 
HPD02058200HPCPHI19481000010040100 00000g 1300 99999[ 2400 99999] 2500 00000I 
HPD02058200HPCPHI19481000190070500 00001  0600 00001  0700 00001  1500 00001  1600 00005  1700 00002  2500 00011  
HPD02058200HPCPHI19481000200090400 00001  0500 00001  0700 00003  0800 00002  0900 00001  1400 00003  1500 00005  1600 00003  2500 00019  
HPD02058200HPCPHI19481000290021200 00010  2500 00010  
HPD02058200HPCPHI19481000300090200 00009  0300 00003  0400 00001  0500 00004  0600 00001  0800 00001  0900 00006  1000 00004  2500 00029  
HPD02058200HPCPHI19481100010040100 00000g 1300 99999[ 2400 99999] 2500 00000I 
HPD02058200HPCPHI19481200010040100 00000g 1300 99999[ 2400 99999] 2500 00000I 
HPD02058200HPCPHI19481200020021400 00005  2500 00005  
HPD02058200HPCPHI19481200160100100 00002  0200 00001  0500 00002  0600 00001  0700 00001  0900 00001  1000 00003  1100 00002  1200 00001  2500 00014  
HPD02058200HPCPHI19481200170050300 00004  0400 00004  0500 00002  0600 00002  2500 00012  
HPD02058200HPCPHI19481200210121300 00007  1400 00001  1600 00001  1700 00002  1800 00001  1900 00003  2000 00002  2100 00003  2200 00006  2300 00006  2400 00009  2500 00041  
HPD02058200HPCPHI19481200220110100 00018  0200 00018  0300 00006  0400 00031  0500 00004  0600 00004  0700 00006  0800 00002  1000 00004  1100 00002  2500 00095  
HPD02058200HPCPHI19481200260081000 00003  1100 00015  1200 00012  1300 00013  1400 00002  1500 00001  1600 00003  2500 00049  
HPD02058200HPCPHI19490100010070100 00000g 1600 00006  1700 00002  2000 00002  2100 00002  2200 00001  2500 00013  
HPD02058200HPCPHI19490100070090600 00007  0700 00009  0800 00002  1000 00006  1100 00003  1200 00001  1300 00001  2400 00002  2500 00031  
HPD02058200HPCPHI19490100090060400 00004  0500 00020  0600 00005  2100 00004  2200 00001  2500 00034  
HPD02058200HPCPHI19490100100062000 00001  2100 00005  2200 00009  2300 00013  2400 00002  2500 00030  
HPD02058200HPCPHI19490100110120100 00003  0200 00010  0300 00004  0400 00004  0500 00002  0700 00002  0800 00001  1000 00002  1100 00002  1200 00001  1300 00004  2500 00035  
HPD02058200HPCPHI19490100180031300 00007  1400 00011  2500 00018  
HPD02058200HPCPHI19490100210111100 00002  1200 00008  1300 00007  1400 00003  1500 00001  1700 00002  1800 00001  1900 00001  2100 00001  2200 00002  2500 00028  
HPD02058200HPCPHI19490100220070500 00002  1800 00011  1900 00006  2000 00002  2100 00001  2200 00002  2500 00024  
HPD02058200HPCPHI19490100230200500 00001  0600 00007  0700 00008  0800 00011  0900 00016  1000 00009  1100 00020  1200 00027  1300 00025  1400 00018  1500 00008  1600 00012  1700 00008  1800 00003  1900 00005  2000 00002  2100 00002  2200 00002  2400 00002  2500 00186  
HPD02058200HPCPHI19490100240030100 00001  1700 00002  2500 00003  
HPD02058200HPCPHI19490200010040100 00000g 1300 99999[ 2400 99999] 2500 00000I 
HPD02058200HPCPHI19490200030050100 00001  0200 00001  0300 00001  0400 00002  2500 00005  
HPD02058200HPCPHI19490200240051100 00003  1200 00008  2100 00004  2200 00008  2500 00023  
HPD02058200HPCPHI19490200250050600 00002  0700 00002  0800 00007  0900 00002  2500 00013  
HPD02058200HPCPHI19490300010040100 00000g 1300 99999[ 2400 99999] 2500 00000I 
HPD02058200HPCPHI19490300150020100 99999a 2500 00000I 
HPD02058200HPCPHI19490300310022400 00077A 2500 00077P 
HPD02058200HPCPHI19490400010040100 00000g 1300 99999[ 2400 99999] 2500 00000I 
HPD02058200HPCPHI19490500010040100 00000g 1300 99999[ 2400 99999] 2500 00000I 
HPD02058200HPCPHI19490500100020700 00002  2500 00002  
HPD02058200HPCPHI19490500280060500 00015  1900 00001  2000 00003  2100 00001  2200 00001  2500 00021  
HPD02058200HPCPHI19490600010040100 00000g 1300 99999[ 2400 99999] 2500 00000I 
HPD02058200HPCPHI19490600120031900 00005  2000 00010  2500 00015  
HPD02058200HPCPHI19490600130040600 00002  0700 00001  0900 00001  2500 00004  
HPD02058200HPCPHI19490600180032300 00006  2400 00001  2500 00007  
HPD02058200HPCPHI19490600300021400 00006  2500 00006  
HPD02058200HPCPHI19490700010040100 00000g 1300 99999[ 2400 99999] 2500 00000I 
HPD02058200HPCPHI19490700070100200 00030  0300 00008  0400 00001  1800 00001  1900 00001  2000 00001  2100 00001  2300 00001  2400 00001  2500 00045  
HPD02058200HPCPHI19490700080030400 00003  0500 00042  2500 00045  
HPD02058200HPCPHI19490700190032100 00003  2200 00011  2500 00014  
HPD02058200HPCPHI19490800010030100 00000g 2200 00011  2500 00011  
HPD02058200HPCPHI19490800090020300 00057  2500 00057  
HPD02058200HPCPHI19490800150021900 00003  2500 00003  
HPD02058200HPCPHI19490800200020500 00007  2500 00007  
HPD02058200HPCPHI19490900010040100 00000g 1300 99999[ 2400 99999] 2500 00000I 
HPD02058200HPCPHI19490900090020700 00005  2500 00005  
HPD02058200HPCPHI19490900100021600 00007  2500 00007  
HPD02058200HPCPHI19490900120041700 00033  1800 00002  2200 00002  2500 00037  
HPD02058200HPCPHI19490900130021000 00001  2500 00001  
HPD02058200HPCPHI19490900200021200 00001  2500 00001  
HPD02058200HPCPHI19490900220021200 00003  2500 00003  
HPD02058200HPCPHI19490900250032200 00002  2300 00011  2500 00013  
HPD02058200HPCPHI19490900260032200 00002  2300 00010  2500 00012  
HPD02058200HPCPHI19491000010040100 00000g 1300 99999[ 2400 99999] 2500 00000I 
HPD02058200HPCPHI19491000040020100 00010  2500 00010  
HPD02058200HPCPHI19491000150021300 00003  2500 00003  
HPD02058200HPCPHI19491000160040800 00005  1500 00003  1600 00018  2500 00026  
HPD02058200HPCPHI19491000170050900 00003  1000 00010  1100 00004  2400 00003  2500 00020  
HPD02058200HPCPHI19491000180040400 00012  0800 00006  2400 00001  2500 00019  
HPD02058200HPCPHI19491000190040100 00004  0200 00005  0300 00005  2500 00014  
HPD02058200HPCPHI19491100010040100 00000g 1300 99999[ 2400 99999] 2500 00000I 
HPD02058200HPCPHI19491100100081300 00002  1400 00001  1500 00002  1600 00043  1700 00016  1800 00002  1900 00009  2500 00075  
