HPD02532500HPCPHI19690300010020100 99999[ 2500 00000I 
HPD02532500HPCPHI19690300190021600 99999] 2500 00000I 
HPD02532500HPCPHI19690300220030700 99999[ 1900 99999] 2500 00000I 
HPD02532500HPCPHI19690400010020100 00000g 2500 00000  
HPD02532500HPCPHI19690500010020100 00000g 2500 00000  
HPD02532500HPCPHT19690500040041600 00010  2000 00010  2400 00010  2500 00030  
HPD02532500HPCPHT19690500050050100 00010  0200 00010  0500 00010  2300 00010  2500 00040  
HPD02532500HPCPHT19690500120021100 00010  2500 00010  
HPD02532500HPCPHT19690600010020100 99999[ 2500 00000I 
HPD02532500HPCPHT19690600300022400 99999] 2500 00000I 
HPD02532500HPCPHT19690700010020100 99999[ 2500 00000I 
HPD02532500HPCPHT19690700310022400 99999] 2500 00000I 
HPD02532500HPCPHT19690800010030100 00000g 1200 99999[ 2500 00000I 
HPD02532500HPCPHT19690800030021800 99999] 2500 00000I 
HPD02532500HPCPHT19690800070021400 00010  2500 00010  
HPD02532500HPCPHT19690800100021200 00070  2500 00070  
HPD02532500HPCPHT19690800110022200 00010  2500 00010  
HPD02532500HPCPHT19690800190020700 00010  2500 00010  
HPD02532500HPCPHT19690800220021200 00020  2500 00020  
HPD02532500HPCPHT19690800230031500 00010  1600 00010  2500 00020  
HPD02532500HPCPHT19690800260021500 00010  2500 00010  
HPD02532500HPCPHT19690800280081100 00010  1300 00010  1500 00010  1800 00010  2000 00020  2200 00010  2300 00010  2500 00080  
HPD02532500HPCPHT19690900010020100 00000g 2500 00000  
HPD02532500HPCPHT19690900020021400 00010  2500 00010  
HPD02532500HPCPHT19690900070021200 00010  2500 00010  
HPD02532500HPCPHT19690900130020500 00010  2500 00010  
HPD02532500HPCPHT19690900150031200 00020  1300 00010  2500 00030  
HPD02532500HPCPHT19691000010020100 00000g 2500 00000  
HPD02532500HPCPHT19691000210080900 00020  1000 00010  1200 00010  1400 00010  1500 00020  1600 00010  2300 00010  2500 00090  
HPD02532500HPCPHT19691000220020300 00010  2500 00010  
HPD02532500HPCPHT19691100010020100 00000g 2500 00000  
HPD02532500HPCPHT19691100070030500 00010  1200 00010  2500 00020  
HPD02532500HPCPHT19691100100070700 00010  1000 00010  1100 00030  1400 00010  1500 00010  1600 00010  2500 00080  
HPD02532500HPCPHT19691100150031900 00010  2400 00010  2500 00020  
HPD02532500HPCPHT19691100160040100 00010  0200 00010  0500 00010  2500 00030  
HPD02532500HPCPHT19691200010020100 00000g 2500 00000  
HPD02532500HPCPHT19691200030040900 00010  1800 00010  2400 00010  2500 00030  
HPD02532500HPCPHT19700100010020100 00000g 2500 00000  
HPD02532500HPCPHT19700100110022100 00010  2500 00010  
HPD02532500HPCPHT19700100150021200 00010  2500 00010  
HPD02532500HPCPHT19700200010020100 00000g 2500 00000  
HPD02532500HPCPHT19700200100021900 00010  2500 00010  
HPD02532500HPCPHT19700200110030300 00010  0600 00020  2500 00030  
HPD02532500HPCPHT19700200280032300 00030  2400 00010  2500 00040  
HPD02532500HPCPHT19700300010200100 00000g 0200 00010  0300 00010  0400 00010  0500 00010  0700 00010  0800 00010  0900 00020  1000 00010  1200 00010  1300 00010  1400 00020  1500 00020  1600 00010  1800 00010  1900 00020  2000 00020  2100 00010  2200 00010  2500 00230  
HPD02532500HPCPHT19700300020040500 00010  1400 00010  1600 00010  2500 00030  
HPD02532500HPCPHT19700300050040400 00010  1000 00010  1300 00010  2500 00030  
HPD02532500HPCPHT19700300100021700 00010  2500 00010  
HPD02532500HPCPHT19700300110021100 00010  2500 00010  
HPD02532500HPCPHT19700300310020500 00010  2500 00010  
HPD02532500HPCPHT19700400010020100 00000g 2500 00000  
HPD02532500HPCPHT19700400180020200 00010  2500 00010  
HPD02532500HPCPHT19700400270031800 00010  2000 00010  2500 00020  
HPD02532500HPCPHT19700500010020100 00000g 2500 00000  
HPD02532500HPCPHT19700600010020100 00000g 2500 00000  
HPD02532500HPCPHT19700700010020100 00000g 2500 00000  
HPD02532500HPCPHT19700700060021100 00020  2500 00020  
HPD02532500HPCPHT19700700070031100 00030  1200 00040  2500 00070  
HPD02532500HPCPHT19700700100021000 00070  2500 00070  
HPD02532500HPCPHT19700700180040100 00020  0200 00030  1700 00010  2500 00060  
HPD02532500HPCPHT19700700210041400 00020  1500 00060  2000 00010  2500 00090  
HPD02532500HPCPHT19700700220021100 00040  2500 00040  
HPD02532500HPCPHT19700700240021500 00010  2500 00010  
HPD02532500HPCPHT19700700250021000 00010  2500 00010  
HPD02532500HPCPHT19700800010020100 00000g 2500 00000  
HPD02532500HPCPHT19700800030020400 00010  2500 00010  
HPD02532500HPCPHT19700800060031600 00030  1700 00010  2500 00040  
HPD02532500HPCPHT19700800090021600 00020  2500 00020  
HPD02532500HPCPHT19700800100030800 00010  2000 00010  2500 00020  
HPD02532500HPCPHT19700800130041600 00020  1700 00030  1900 00010  2500 00060  
HPD02532500HPCPHT19700800150020400 00010  2500 00010  
HPD02532500HPCPHT19700800180030600 00010  1500 00010  2500 00020  
HPD02532500HPCPHT19700800190051100 00120  1500 00010  1600 00010  1800 00010  2500 00150  
HPD02532500HPCPHT19700800200030800 00050  0900 00010  2500 00060  
HPD02532500HPCPHT19700800240031400 00010  1500 00010  2500 00020  
HPD02532500HPCPHT19700900010020100 00000g 2500 00000  
HPD02532500HPCPHT19700900030032200 00020  2400 00020  2500 00040  
HPD02532500HPCPHT19700900040060100 00010  0400 00020  0500 00020  0600 00010  2300 00010  2500 00070  
HPD02532500HPCPHT19700900050130100 00010  0200 00020  0300 00030  0400 00030  0500 00010  0700 00010  0800 00010  0900 00010  1100 00010  1300 00090  1400 00090  1500 00010  2500 00330  
HPD02532500HPCPHT19700900120022300 00020  2500 00020  
HPD02532500HPCPHT19701000010020100 00000g 2500 00000  
HPD02532500HPCPHT19701000020031100 00010  1700 00010  2500 00020  
HPD02532500HPCPHT19701000030041500 00010  1800 00030  1900 00020  2500 00060  
HPD02532500HPCPHT19701000040021000 00010  2500 00010  
HPD02532500HPCPHT19701100010020100 00000g 2500 00000  
HPD02532500HPCPHT19701100260040700 00010  1000 00010  1800 00010  2500 00030  
HPD02532500HPCPHT19701100300030200 00010  0300 00010  2500 00020  
HPD02532500HPCPHT19701200010020100 00000g 2500 00000  
HPD02532500HPCPHT19701200140021400 00010  2500 00010  
HPD02532500HPCPHT19701200170022400 00010  2500 00010  
HPD02532500HPCPHT19701200190022300 00010  2500 00010  
HPD02532500HPCPHT19701200200050100 00010  0500 00010  1200 00010  2400 00010  2500 00040  
HPD02532500HPCPHT19701200210031900 00010  2200 00010  2500 00020  
HPD02532500HPCPHT19701200220021100 00010  2500 00010  
HPD02532500HPCPHT19710100010020100 00000g 2500 00000  
HPD02532500HPCPHT19710200010020100 00000g 2500 00000  
HPD02532500HPCPHT19710200170051100 00010  1200 00010  1500 00010  1600 00010  2500 00040  
HPD02532500HPCPHT19710200180021000 00010  2500 00010  
HPD02532500HPCPHT19710200190032000 00010  2100 00010  2500 00020  
HPD02532500HPCPHT19710300010030100 00000g 1600 00010  2500 00010  
HPD02532500HPCPHT19710400010020100 00000g 2500 00000  
HPD02532500HPCPHT19710400150020300 00010  2500 00010  
HPD02532500HPCPHT19710400170022100 00010  2500 00010  
HPD02532500HPCPHT19710400180021400 00010  2500 00010  
HPD02532500HPCPHT19710500010020100 00000g 2500 00000  
HPD02532500HPCPHT19710500060041400 00010  1500 00010  1600 00010  2500 00030  
HPD02532500HPCPHT19710500080021300 00010  2500 00010  
HPD02532500HPCPHT19710500290020700 00010  2500 00010  
HPD02532500HPCPHT19710600010020100 00000g 2500 00000  
HPD02532500HPCPHT19710700010020100 00000g 2500 00000  
HPD02532500HPCPHT19710700160031700 00010  1900 00010  2500 00020  
HPD02532500HPCPHT19710700190022200 00010  2500 00010  
HPD02532500HPCPHT19710700210032000 00010  2100 00010  2500 00020  
HPD02532500HPCPHT19710700230031000 00010  1200 00010  2500 00020  
HPD02532500HPCPHT19710700250021300 00010  2500 00010  
HPD02532500HPCPHT19710700260021500 00010  2500 00010  
HPD02532500HPCPHT19710700270022200 00010  2500 00010  
HPD02532500HPCPHT19710700290031700 00010  1800 00030  2500 00040  
HPD02532500HPCPHT19710700300021900 00020  2500 00020  
HPD02532500HPCPHT19710700310020300 00010  2500 00010  
HPD02532500HPCPHT19710800010020100 00000g 2500 00000  
HPD02532500HPCPHT19710800040022400 00010  2500 00010  
HPD02532500HPCPHT19710800050030100 00010  0300 00010  2500 00020  
HPD02532500HPCPHT19710800070021300 00010  2500 00010  
HPD02532500HPCPHT19710800100021600 00010  2500 00010  
HPD02532500HPCPHT19710800140042200 00010  2300 00010  2400 00010  2500 00030  
HPD02532500HPCPHT19710800180020800 00010  2500 00010  
HPD02532500HPCPHT19710800190031400 00070  1500 00010  2500 00080  
HPD02532500HPCPHT19710800210030800 00030  0900 00030  2500 00060  
HPD02532500HPCPHT19710800230041600 00010  1700 00030  1800 00010  2500 00050  
HPD02532500HPCPHT19710800250041500 00010  1600 00010  1700 00010  2500 00030  
HPD02532500HPCPHT19710800280021300 00030  2500 00030  
HPD02532500HPCPHT19710900010020100 00000g 2500 00000  
HPD02532500HPCPHT19710900070021000 00010  2500 00010  
HPD02532500HPCPHT19710900290100600 00010  0700 00010  0800 00020  0900 00010  1100 00020  1300 00010  1400 00020  1600 00010  1800 00010  2500 00120  
HPD02532500HPCPHT19710900300021200 00010  2500 00010  
HPD02532500HPCPHT19711000010030100 99999[ 2400 99999] 2500 00000I 
HPD02532500HPCPHT19711000020021500 00010  2500 00010  
HPD02532500HPCPHT19711000040021300 00010  2500 00010  
HPD02532500HPCPHT19711000240031300 99999[ 2400 99999] 2500 00000I 
HPD02532500HPCPHT19711000310030100 99999[ 2400 99999] 2500 00000I 
HPD02532500HPCPHT19711100010020100 00000g 2500 00000  
HPD02532500HPCPHT19711100200022100 00010  2500 00010  
HPD02532500HPCPHT19711100210020100 00010  2500 00010  
HPD02532500HPCPHT19711200010040100 00000g 1400 00010  1800 00010  2500 00020  
HPD02532500HPCPHT19711200040020600 00010  2500 00010  
HPD02532500HPCPHT19711200070031400 00010  1600 00010  2500 00020  
HPD02532500HPCPHT19711200120022200 00010  2500 00010  
HPD02532500HPCPHT19711200130020400 00010  2500 00010  
HPD02532500HPCPHT19711200210032000 00010  2200 00010  2500 00020  
HPD02532500HPCPHT19711200220030200 00010  0800 00010  2500 00020  
HPD02532500HPCPHT19711200240022000 00010  2500 00010  
HPD02532500HPCPHT19711200250030800 00010  1300 00010  2500 00020  
HPD02532500HPCPHT19720100010020100 00000g 2500 00000  
HPD02532500HPCPHT19720200010020100 00000g 2500 00000  
HPD02532500HPCPHT19720300010020100 00000g 2500 00000  
HPD02532500HPCPHT19720400010020100 00000g 2500 00000  
HPD02532500HPCPHT19720500010020100 00000g 2500 00000  
HPD02532500HPCPHT19720500310021300 00010  2500 00010  
HPD02532500HPCPHT19720600010030100 00000g 1700 00020  2500 00020  
HPD02532500HPCPHT19720600030021700 00010  2500 00010  
HPD02532500HPCPHT19720600070020200 00010  2500 00010  
HPD02532500HPCPHT19720600140031700 00010  1800 00020  2500 00030  
HPD02532500HPCPHT19720600150021300 00010  2500 00010  
HPD02532500HPCPHT19720600210021100 00010  2500 00010  
HPD02532500HPCPHT19720600220021800 00010  2500 00010  
HPD02532500HPCPHT19720700010020100 00000g 2500 00000  
HPD02532500HPCPHT19720700070021900 00010  2500 00010  
HPD02532500HPCPHT19720700080051700 00010  1800 00020  1900 00010  2000 00010  2500 00050  
HPD02532500HPCPHT19720700090021500 00010  2500 00010  
HPD02532500HPCPHT19720700160022300 00010  2500 00010  
HPD02532500HPCPHT19720700170021000 00010  2500 00010  
HPD02532500HPCPHT19720700240022400 00050  2500 00050  
HPD02532500HPCPHT19720700250030100 00010  0400 00010  2500 00020  
HPD02532500HPCPHT19720700300022000 00040  2500 00040  
HPD02532500HPCPHT19720800010020100 00000g 2500 00000  
HPD02532500HPCPHT19720800040031800 00030  1900 00010  2500 00040  
HPD02532500HPCPHT19720800080021600 00070  2500 00070  
HPD02532500HPCPHT19720800090041400 00010  1600 00040  2200 00010  2500 00060  
HPD02532500HPCPHT19720800110032200 00020  2300 00010  2500 00030  
HPD02532500HPCPHT19720800120022200 00010  2500 00010  
HPD02532500HPCPHT19720800260060900 00010  1500 00010  1900 00010  2000 00010  2200 00010  2500 00050  
HPD02532500HPCPHT19720800270031500 00030  1600 00010  2500 00040  
HPD02532500HPCPHT19720900010020100 00000g 2500 00000  
HPD02532500HPCPHT19720900020040900 00010  1400 00010  1500 00010  2500 00030  
HPD02532500HPCPHT19720900080020500 00020  2500 00020  
HPD02532500HPCPHT19720900170021100 00020  2500 00020  
HPD02532500HPCPHT19721000010020100 00000g 2500 00000  
HPD02532500HPCPHT19721000030030500 00010  1600 00010  2500 00020  
HPD02532500HPCPHT19721000040110300 00020  0400 00020  0500 00010  0700 00020  0800 00020  0900 00020  1000 00030  1100 00020  1400 00010  1500 99999[ 2500 00170I 
HPD02532500HPCPHT19721000310022400 99999] 2500 00000I 
HPD02532500HPCPHT19721100010020100 00000g 2500 00000  
HPD02532500HPCPHT19721100080031400 00010  1600 00210  2500 00220  
HPD02532500HPCPHT19721100110071200 00010  1400 00010  1500 00010  1600 00020  1700 00010  1800 00010  2500 00070  
HPD02532500HPCPHT19721100150020200 00010  2500 00010  
HPD02532500HPCPHT19721100160031900 00010  2300 00010  2500 00020  
HPD02532500HPCPHT19721100170030100 00010  0200 00020  2500 00030  
HPD02532500HPCPHT19721100200020300 00010  2500 00010  
HPD02532500HPCPHT19721200010020100 00000g 2500 00000  
HPD02532500HPCPHT19721200040061900 00020  2100 00020  2200 00010  2300 00020  2400 00020  2500 00090  
HPD02532500HPCPHT19721200050020100 00020  2500 00020  
HPD02532500HPCPHT19721200080021200 00010  2500 00010  
HPD02532500HPCPHT19721200090020100 00010  2500 00010  
HPD02532500HPCPHT19721200270042100 00010  2300 00010  2400 00020  2500 00040  
HPD02532500HPCPHT19721200280090100 00010  0200 00010  0300 00010  0400 00020  0500 00020  0600 00020  1200 00010  1500 00010  2500 00110  
HPD02532500HPCPHT19730100010020100 00000g 2500 00000  
HPD02532500HPCPHT19730100030021500 00010  2500 00010  
HPD02532500HPCPHT19730100040030800 00010  0900 00010  2500 00020  
HPD02532500HPCPHT19730100170020500 00010  2500 00010  
HPD02532500HPCPHT19730100190021000 00010  2500 00010  
HPD02532500HPCPHT19730200010020100 00000g 2500 00000  
HPD02532500HPCPHT19730200050022400 00010  2500 00010  
HPD02532500HPCPHT19730200070030300 00010  1200 00010  2500 00020  
HPD02532500HPCPHT19730200110070900 00010  1000 00020  1300 00020  1600 00010  1700 00010  1800 00010  2500 00080  
HPD02532500HPCPHT19730200130030700 00010  1600 00010  2500 00020  
HPD02532500HPCPHT19730200150041900 00010  2000 00010  2200 00010  2500 00030  
HPD02532500HPCPHT19730200160020100 00010  2500 00010  
HPD02532500HPCPHT19730200200022400 00010  2500 00010  
HPD02532500HPCPHT19730200210130100 00010  0700 00020  0800 00010  1100 00010  1200 00010  1300 00010  1400 00010  1600 00010  1800 00010  2000 00010  2100 00010  2400 00010  2500 00130  
HPD02532500HPCPHT19730200220021200 00010  2500 00010  
HPD02532500HPCPHT19730200280020300 00010  2500 00010  
HPD02532500HPCPHT19730300010020100 00000g 2500 00000  
HPD02532500HPCPHT19730300020022200 00020  2500 00020  
HPD02532500HPCPHT19730300040021500 00010  2500 00010  
HPD02532500HPCPHT19730300050021200 00010  2500 00010  
HPD02532500HPCPHT19730300060022200 00010  2500 00010  
HPD02532500HPCPHT19730300070060400 00010  0500 00010  0800 00010  1200 00010  1300 00010  2500 00050  
HPD02532500HPCPHT19730300090020100 00010  2500 00010  
HPD02532500HPCPHT19730300110022200 00010  2500 00010  
HPD02532500HPCPHT19730300120070200 00010  0300 00010  0400 00010  0500 00010  0700 00010  2000 00010  2500 00060  
HPD02532500HPCPHT19730300130090700 00010  0800 00010  1000 00010  1300 00010  1600 00010  1800 00010  1900 00010  2100 00010  2500 00080  
HPD02532500HPCPHT19730300140021000 00020  2500 00020  
HPD02532500HPCPHT19730300200022000 00020  2500 00020  
HPD02532500HPCPHT19730300220050700 00010  1000 00010  1200 00010  1300 00010  2500 00040  
HPD02532500HPCPHT19730300230021200 00010  2500 00010  
HPD02532500HPCPHT19730300260051400 00010  1700 00010  2100 00020  2400 00010  2500 00050  
HPD02532500HPCPHT19730300270051900 00010  2000 00010  2300 00010  2400 00010  2500 00040  
HPD02532500HPCPHT19730300280050600 00010  1600 00010  2000 00010  2100 00010  2500 00040  
HPD02532500HPCPHT19730300290020500 00010  2500 00010  
HPD02532500HPCPHT19730400010020100 99999[ 2500 00000I 
HPD02532500HPCPHT19730400300022400 99999] 2500 00000I 
HPD02532500HPCPHT19730500010020100 00000g 2500 00000  
HPD02532500HPCPHT19730500130031600 00010  1700 00010  2500 00020  
HPD02532500HPCPHT19730500310021700 00010  2500 00010  
HPD02532500HPCPHT19730600010020100 00000g 2500 00000  
HPD02532500HPCPHT19730600020051100 00020  1200 00010  1400 00020  1500 00010  2500 00060  
HPD02532500HPCPHT19730600130041300 00010  1400 00020  1500 00020  2500 00050  
HPD02532500HPCPHT19730700010020100 00000g 2500 00000  
HPD02532500HPCPHT19730700100021600 00010  2500 00010  
HPD02532500HPCPHT19730700130031100 00020  1200 00010  2500 00030  
HPD02532500HPCPHT19730700150041700 00020  1800 00070  2100 00020  2500 00110  
HPD02532500HPCPHT19730700180021400 00010  2500 00010  
HPD02532500HPCPHT19730700280021200 00010  2500 00010  
HPD02532500HPCPHT19730700290041300 00020  1400 00010  1600 00010  2500 00040  
HPD02532500HPCPHT19730800010020100 00000g 2500 00000  
HPD02532500HPCPHT19730800020021600 00010  2500 00010  
HPD02532500HPCPHT19730800040021100 00010  2500 00010  
HPD02532500HPCPHT19730800060030100 00010  0200 00020  2500 00030  
HPD02532500HPCPHT19730800160021400 00020  2500 00020  
HPD02532500HPCPHT19730800170050700 00010  1000 00010  1100 00030  1500 00010  2500 00060  
HPD02532500HPCPHT19730900010020100 00000g 2500 00000  
HPD02532500HPCPHT19731000010020100 00000g 2500 00000  
HPD02532500HPCPHT19731100010020100 00000g 2500 00000  
HPD02532500HPCPHT19731100180031900 00010  2100 00020  2500 00030  
HPD02532500HPCPHT19731100230021400 00010  2500 00010  
HPD02532500HPCPHT19731100260040900 00010  1000 00010  1200 00010  2500 00030  
HPD02532500HPCPHT19731200010020100 00000g 2500 00000  
HPD02532500HPCPHT19740100010040100 00000g 1200 00010  1400 00010  2500 00020  
HPD02532500HPCPHT19740100040022400 00010  2500 00010  
HPD02532500HPCPHT19740100050080100 00010  0300 00010  0400 00010  0500 00020  0600 00020  0700 00020  1000 00010  2500 00100  
HPD02532500HPCPHT19740100070042000 00010  2100 00010  2300 00010  2500 00030  
HPD02532500HPCPHT19740100080100100 00010  0300 00010  0500 00010  0800 00010  1100 00010  1200 00010  1400 00010  1700 00010  2100 00010  2500 00090  
HPD02532500HPCPHT19740100100020800 00010  2500 00010  
HPD02532500HPCPHT19740100200022300 00010  2500 00010  
HPD02532500HPCPHT19740100260022200 00010  2500 00010  
HPD02532500HPCPHT19740200010020100 00000g 2500 00000  
HPD02532500HPCPHT19740300010020100 00000g 2500 00000  
HPD02532500HPCPHT19740300080100700 00020  0800 00010  0900 00010  1000 00010  1200 00010  1300 00010  1700 00010  2200 00010  2400 00010  2500 00100  
HPD02532500HPCPHT19740300090040500 00010  0800 00010  0900 00010  2500 00030  
HPD02532500HPCPHT19740300200021200 00010  2500 00010  
HPD02532500HPCPHT19740300210021400 00010  2500 00010  
HPD02532500HPCPHT19740400010020100 00000g 2500 00000  
HPD02532500HPCPHT19740400020020600 00010  2500 00010  
HPD02532500HPCPHT19740500010020100 00000g 2500 00000  
HPD02532500HPCPHT19740600010020100 00000g 2500 00000  
HPD02532500HPCPHT19740700010020100 00000g 2500 00000  
HPD02532500HPCPHT19740700070020900 00030  2500 00030  
HPD02532500HPCPHT19740700080020800 00010  2500 00010  
HPD02532500HPCPHT19740700150030600 00010  1500 00010  2500 00020  
HPD02532500HPCPHT19740700180021800 00010  2500 00010  
HPD02532500HPCPHT19740700190031000 00040  1100 00050  2500 00090  
HPD02532500HPCPHT19740700200031300 00020  1400 00010  2500 00030  
HPD02532500HPCPHT19740700220022100 00010  2500 00010  
HPD02532500HPCPHT19740700290020900 00010  2500 00010  
HPD02532500HPCPHT19740700300021300 00010  2500 00010  
HPD02532500HPCPHT19740800010040100 00000g 1400 00150  1500 00010  2500 00160  
HPD02532500HPCPHT19740800020040400 00010  1200 00020  1900 00010  2500 00040  
HPD02532500HPCPHT19740800040021300 00010  2500 00010  
HPD02532500HPCPHT19740800060031500 00030  1700 00010  2500 00040  
HPD02532500HPCPHT19740800070031400 00010  2100 00010  2500 00020  
HPD02532500HPCPHT19740800240041100 00010  1600 00020  1700 00020  2500 00050  
HPD02532500HPCPHT19740900010020100 00000g 2500 00000  
HPD02532500HPCPHT19740900060021800 00010  2500 00010  
HPD02532500HPCPHT19740900140021400 00010  2500 00010  
HPD02532500HPCPHT19740900150021200 00030  2500 00030  
HPD02532500HPCPHT19740900180021200 99999[ 2500 00000I 
HPD02532500HPCPHT19740900300022400 99999] 2500 00000I 
HPD02532500HPCPHT19741000010020100 00000g 2500 00000  
HPD02532500HPCPHT19741000140021100 00010  2500 00010  
HPD02532500HPCPHT19741000220050800 00020  0900 00010  1100 00010  1200 00010  2500 00050  
HPD02532500HPCPHT19741000230020100 00010  2500 00010  
HPD02532500HPCPHT19741000270020200 00010  2500 00010  
HPD02532500HPCPHT19741000280081200 00010  1400 00010  1500 00010  1600 00010  1800 00010  2100 00010  2300 00010  2500 00070  
HPD02532500HPCPHT19741000290022300 00010  2500 00010  
HPD02532500HPCPHT19741000300050200 00020  0300 00010  0500 00020  0800 00010  2500 00060  
HPD02532500HPCPHT19741100010020100 00000g 2500 00000  
HPD02532500HPCPHT19741100020070100 00010  0300 00010  0600 00010  0700 00010  1100 00010  1600 00010  2500 00060  
HPD02532500HPCPHT19741200010020100 00000g 2500 00000  
HPD02532500HPCPHT19741200040061600 00010  2000 00010  2100 00010  2300 00010  2400 00010  2500 00050  
HPD02532500HPCPHT19741200050020100 00010  2500 00010  
HPD02532500HPCPHT19741200250022400 00010  2500 00010  
HPD02532500HPCPHT19741200290021100 00010  2500 00010  
HPD02532500HPCPHT19750100010020100 00000g 2500 00000  
HPD02532500HPCPHT19750100080022400 00010  2500 00010  
HPD02532500HPCPHT19750100280020600 00010  2500 00010  
HPD02532500HPCPHT19750100300021500 00010  2500 00010  
HPD02532500HPCPHT19750100310020200 00010  2500 00010  
HPD02532500HPCPHT19750200010020100 00000g 2500 00000  
HPD02532500HPCPHT19750200100021700 00010  2500 00010  
HPD02532500HPCPHT19750200140020900 00010  2500 00010  
HPD02532500HPCPHT19750200160022200 00010  2500 00010  
HPD02532500HPCPHT19750200170021000 00010  2500 00010  
HPD02532500HPCPHT19750300010020100 00000g 2500 00000  
HPD02532500HPCPHT19750300050022000 00010  2500 00010  
HPD02532500HPCPHT19750300080022000 00010  2500 00010  
HPD02532500HPCPHT19750300100022400 00010  2500 00010  
HPD02532500HPCPHT19750300110030700 00010  1500 00010  2500 00020  
HPD02532500HPCPHT19750300120021800 00020  2500 00020  
HPD02532500HPCPHT19750300140022200 00010  2500 00010  
HPD02532500HPCPHT19750300260020500 00010  2500 00010  
HPD02532500HPCPHT19750400010020100 00000g 2500 00000  
HPD02532500HPCPHT19750400070040400 00010  0500 00010  0700 00010  2500 00030  
HPD02532500HPCPHT19750400080020400 00010  2500 00010  
HPD02532500HPCPHT19750400100030100 00010  0200 00010  2500 00020  
HPD02532500HPCPHT19750400120030200 00010  0300 00010  2500 00020  
HPD02532500HPCPHT19750400180020800 00010  2500 00010  
HPD02532500HPCPHT19750500010020100 00000g 2500 00000  
HPD02532500HPCPHT19750600010020100 00000g 2500 00000  
HPD02532500HPCPHT19750700010020100 00000g 2500 00000  
HPD02532500HPCPHT19750700050021400 00010  2500 00010  
HPD02532500HPCPHT19750700070041600 00010  1700 00020  2400 00010  2500 00040  
HPD02532500HPCPHT19750700080031400 00010  2000 00010  2500 00020  
HPD02532500HPCPHT19750700120050400 00010  1400 00060  1500 00020  1600 00020  2500 00110  
HPD02532500HPCPHT19750700130021500 00050  2500 00050  
HPD02532500HPCPHT19750700150030900 00010  1000 00010  2500 00020  
HPD02532500HPCPHT19750700290020100 00010  2500 00010  
HPD02532500HPCPHT19750800010020100 00000g 2500 00000  
HPD02532500HPCPHT19750800100041300 00030  1700 00010  2100 00020  2500 00060  
HPD02532500HPCPHT19750800110021100 00010  2500 00010  
HPD02532500HPCPHT19750800120030100 00010  0300 00010  2500 00020  
HPD02532500HPCPHT19750900010020100 00000g 2500 00000  
HPD02532500HPCPHT19750900040031400 00010  1600 00010  2500 00020  
HPD02532500HPCPHT19750900060060700 00020  0800 00010  0900 00020  1000 00010  1100 00020  2500 00080  
HPD02532500HPCPHT19750900070040700 00010  0900 00010  1000 00010  2500 00030  
HPD02532500HPCPHT19751000010020100 00000g 2500 00000  
HPD02532500HPCPHT19751000190051200 00010  1700 00010  2200 00010  2300 00010  2500 00040  
HPD02532500HPCPHT19751000200030200 00010  0500 00010  2500 00020  
HPD02532500HPCPHT19751100010020100 00000g 2500 00000  
HPD02532500HPCPHT19751100270101500 00010  1600 00010  1700 00020  1800 00010  1900 00010  2000 00010  2100 00020  2200 00010  2400 00010  2500 00110  
HPD02532500HPCPHT19751100280050100 00010  0300 00040  0500 00010  2400 00010  2500 00070  
HPD02532500HPCPHT19751100290020100 00010  2500 00010  
HPD02532500HPCPHT19751200010020100 00000g 2500 00000  
HPD02532500HPCPHT19751200130022300 00010  2500 00010  
HPD02532500HPCPHT19751200200061800 00010  2100 00010  2200 00010  2300 00010  2400 00010  2500 00050  
HPD02532500HPCPHT19751200210040100 00010  0200 00010  0800 00010  2500 00030  
HPD02532500HPCPHT19760100010020100 00000g 2500 00000  
HPD02532500HPCPHT19760100230020300 00010  2500 00010  
HPD02532500HPCPHT19760200010020100 00000g 2500 00000  
HPD02532500HPCPHT19760200040080600 00010  1200 00010  1300 00010  1400 00010  2100 00010  2300 00020  2400 00010  2500 00080  
HPD02532500HPCPHT19760200050160100 00020  0200 00010  0400 00020  0500 00020  0600 00020  0700 00010  0800 00020  0900 00010  1000 00010  1300 00020  1400 00010  1500 00010  1700 00010  2200 00010  2400 00010  2500 00210  
HPD02532500HPCPHT19760200060040400 00010  0700 00010  1300 00010  2500 00030  
HPD02532500HPCPHT19760200070021000 00010  2500 00010  
HPD02532500HPCPHT19760200080051600 00010  1700 00010  2200 00010  2400 00010  2500 00040  
HPD02532500HPCPHT19760200090110100 00010  0200 00010  0300 00010  0400 00010  0500 00020  0600 00020  0700 00010  0800 00020  0900 00010  1000 00010  2500 00130  
HPD02532500HPCPHT19760200100030200 00010  1600 00010  2500 00020  
HPD02532500HPCPHT19760200130021300 00010  2500 00010  
HPD02532500HPCPHT19760300010030100 00000g 2400 00010  2500 00010  
HPD02532500HPCPHT19760300020030400 00010  0500 00010  2500 00020  
HPD02532500HPCPHT19760300030061100 00010  1300 00010  1900 00010  2100 00010  2200 00010  2500 00050  
HPD02532500HPCPHT19760300070031100 00020  1300 00010  2500 00030  
HPD02532500HPCPHT19760400010020100 00000g 2500 00000  
HPD02532500HPCPHT19760400130031400 00010  1900 00010  2500 00020  
HPD02532500HPCPHT19760400140070200 00020  0400 00020  0600 00010  0800 00020  1200 00010  2100 00010  2500 00090  
HPD02532500HPCPHT19760400150061900 00010  2100 00010  2200 00010  2300 00010  2400 00020  2500 00060  
HPD02532500HPCPHT19760400160040100 00010  0300 00010  1000 00010  2500 00030  
HPD02532500HPCPHT19760500010020100 00000g 2500 00000  
HPD02532500HPCPHT19760500030032200 00010  2300 00010  2500 00020  
HPD02532500HPCPHT19760500040030300 00010  1100 00010  2500 00020  
HPD02532500HPCPHT19760500080030600 00010  0900 00010  2500 00020  
HPD02532500HPCPHT19760500180021800 00010  2500 00010  
HPD02532500HPCPHT19760500190042100 00010  2300 00010  2400 00020  2500 00040  
HPD02532500HPCPHT19760600010020100 00000g 2500 00000  
HPD02532500HPCPHT19760600300021800 00010  2500 00010  
HPD02532500HPCPHT19760700010020100 00000g 2500 00000  
HPD02532500HPCPHT19760700070021000 00010  2500 00010  
HPD02532500HPCPHT19760700110022300 00010  2500 00010  
HPD02532500HPCPHT19760700180020500 00010  2500 00010  
HPD02532500HPCPHT19760700190031300 00020  1600 00010  2500 00030  
HPD02532500HPCPHT19760700200021000 00010  2500 00010  
HPD02532500HPCPHT19760700220031900 00010  2100 00010  2500 00020  
HPD02532500HPCPHT19760700230022000 00020  2500 00020  
HPD02532500HPCPHT19760700250021300 00160  2500 00160  
HPD02532500HPCPHT19760700270021200 00050  2500 00050  
HPD02532500HPCPHT19760700290031700 00010  1900 00010  2500 00020  
HPD02532500HPCPHT19760800010030100 00000g 1300 00010  2500 00010  
HPD02532500HPCPHT19760800100021200 00010  2500 00010  
HPD02532500HPCPHT19760800220021400 00010  2500 00010  
HPD02532500HPCPHT19760800290031600 00010  1700 00010  2500 00020  
HPD02532500HPCPHT19760900010030100 00000g 1600 00010  2500 00010  
HPD02532500HPCPHT19760900040032200 00020  2300 00010  2500 00030  
HPD02532500HPCPHT19760900050060800 00010  2000 00010  2100 00020  2200 00040  2300 00030  2500 00110  
HPD02532500HPCPHT19760900060020100 00030  2500 00030  
HPD02532500HPCPHT19760900210020700 00010  2500 00010  
HPD02532500HPCPHT19760900230061700 00020  1800 00010  2000 00020  2200 00010  2400 00010  2500 00070  
HPD02532500HPCPHT19760900240022200 00010  2500 00010  
HPD02532500HPCPHT19760900260031000 00010  2300 00010  2500 00020  
HPD02532500HPCPHT19761000010020100 00000g 2500 00000  
HPD02532500HPCPHT19761000080021500 00010  2500 00010  
HPD02532500HPCPHT19761000220051700 00010  1800 00010  1900 00030  2000 00010  2500 00060  
HPD02532500HPCPHT19761000230020200 00010  2500 00010  
HPD02532500HPCPHT19761100010020100 00000g 2500 00000  
HPD02532500HPCPHT19761100120022300 00010  2500 00010  
HPD02532500HPCPHT19761200010020100 00000g 2500 00000  
HPD02532500HPCPHT19761200190021700 00010  2500 00010  
HPD02532500HPCPHT19761200310100100 00010  0300 00010  0500 00010  0700 00010  1000 00010  1300 00010  1600 00010  1900 00010  2100 00010  2500 00090  
HPD02532500HPCPHT19770100010030100 00000g 2200 00010  2500 00010  
HPD02532500HPCPHT19770100030070600 00010  0800 00010  0900 00010  1000 00010  1100 00020  1300 00010  2500 00070  
HPD02532500HPCPHT19770100040022400 00010  2500 00010  
HPD02532500HPCPHT19770100050030200 00010  0800 00010  2500 00020  
HPD02532500HPCPHT19770100210021400 00010  2500 00010  
HPD02532500HPCPHT19770100220021400 00010  2500 00010  
HPD02532500HPCPHT19770200010020100 00000g 2500 00000  
HPD02532500HPCPHT19770200240021600 00020  2500 00020  
HPD02532500HPCPHT19770300010020100 00000g 2500 00000  
HPD02532500HPCPHT19770300250051500 00010  1600 00010  1700 00010  2000 00010  2500 00040  
HPD02532500HPCPHT19770300260022100 00010  2500 00010  
HPD02532500HPCPHT19770400010020100 00000g 2500 00000  
HPD02532500HPCPHT19770400020050300 00010  0700 00010  1300 00010  1600 00010  2500 00040  
HPD02532500HPCPHT19770500010020100 00000g 2500 00000  
HPD02532500HPCPHT19770500130031400 00010  1600 00010  2500 00020  
HPD02532500HPCPHT19770500240041200 00010  1300 00010  2000 00010  2500 00030  
HPD02532500HPCPHT19770600010020100 00000g 2500 00000  
HPD02532500HPCPHT19770600030021700 00010  2500 00010  
HPD02532500HPCPHT19770600250021200 00020  2500 00020  
HPD02532500HPCPHT19770700010020100 00000g 2500 00000  
HPD02532500HPCPHT19770700030020900 00010  2500 00010  
HPD02532500HPCPHT19770700170021400 00160  2500 00160  
HPD02532500HPCPHT19770700180020200 00010  2500 00010  
HPD02532500HPCPHT19770700210021400 00010  2500 00010  
HPD02532500HPCPHT19770700220021900 00010  2500 00010  
HPD02532500HPCPHT19770700230021800 00010  2500 00010  
HPD02532500HPCPHT19770700280032200 00020  2300 00020  2500 00040  
HPD02532500HPCPHT19770800010020100 00000g 2500 00000  
HPD02532500HPCPHT19770800020032000 00010  2200 00010  2500 00020  
HPD02532500HPCPHT19770800090031600 00030  1800 00010  2500 00040  
HPD02532500HPCPHT19770800140021100 00010  2500 00010  
HPD02532500HPCPHT19770800160022400 00010  2500 00010  
HPD02532500HPCPHT19770800170020100 00030  2500 00030  
HPD02532500HPCPHT19770800220020100 00020  2500 00020  
HPD02532500HPCPHT19770900010020100 00000g 2500 00000  
HPD02532500HPCPHT19770900030020100 00010  2500 00010  
HPD02532500HPCPHT19770900100040300 00020  0400 00020  0500 00010  2500 00050  
HPD02532500HPCPHT19770900110031000 00020  1200 00010  2500 00030  
HPD02532500HPCPHT19770900120041400 00050  1500 00010  1600 00010  2500 00070  
HPD02532500HPCPHT19770900220031700 00010  1800 00010  2500 00020  
HPD02532500HPCPHT19770900270130600 00010  0700 00010  0800 00020  0900 00020  1000 00010  1100 00010  1200 00010  1300 00010  1400 00010  1500 00030  1600 00020  1900 00010  2500 00170  
HPD02532500HPCPHT19771000010020100 00000g 2500 00000  
HPD02532500HPCPHT19771000060060300 00020  0400 00020  0500 00060  0700 00010  1300 00010  2500 00120  
HPD02532500HPCPHT19771000290030400 00020  1600 00020  2500 00040  
HPD02532500HPCPHT19771100010020100 00000g 2500 00000  
HPD02532500HPCPHT19771200010020100 00000g 2500 00000  
HPD02532500HPCPHT19771200260030800 00010  2100 00010  2500 00020  
HPD02532500HPCPHT19771200280030700 00010  1300 00010  2500 00020  
HPD02532500HPCPHT19771200290020100 00010  2500 00010  
HPD02532500HPCPHT19771200300021500 00010  2500 00010  
HPD02532500HPCPHT19780100010020100 00000g 2500 00000  
HPD02532500HPCPHT19780100100110100 00010  0200 00010  0300 00010  0500 00010  0800 00010  0900 00010  1600 00010  1800 00030  1900 00010  2100 00010  2500 00120  
HPD02532500HPCPHT19780100110021400 00010  2500 00010  
HPD02532500HPCPHT19780100150120100 00020  0200 00010  0300 00010  0400 00010  0500 00020  0600 00010  0700 00020  0800 00010  0900 00010  1200 00010  1300 00010  2500 00140  
HPD02532500HPCPHT19780100160032300 00010  2400 00010  2500 00020  
HPD02532500HPCPHT19780100170060100 00020  0200 00010  0400 00010  0700 00010  0800 00010  2500 00060  
HPD02532500HPCPHT19780100190050600 00010  1200 00010  1400 00010  1700 00010  2500 00040  
HPD02532500HPCPHT19780100200031300 00020  1400 00010  2500 00030  
HPD02532500HPCPHT19780100300051600 00010  1800 00010  2200 00010  2400 00010  2500 00040  
HPD02532500HPCPHT19780100310040200 00010  0700 00010  1100 00010  2500 00030  
HPD02532500HPCPHT19780200010020100 00000g 2500 00000  
HPD02532500HPCPHT19780200050021900 00010  2500 00010  
HPD02532500HPCPHT19780200060031400 00010  1600 00010  2500 00020  
HPD02532500HPCPHT19780200070020100 00010  2500 00010  
HPD02532500HPCPHT19780200100111000 00010  1100 00010  1200 00010  1400 00010  1500 00010  1600 00010  1700 00030  2100 00010  2300 00010  2400 00010  2500 00120  
HPD02532500HPCPHT19780200130070600 00010  1100 00010  1500 00010  1700 00010  1800 00020  1900 00010  2500 00070  
HPD02532500HPCPHT19780200140040400 00010  0700 00010  1100 00010  2500 00030  
HPD02532500HPCPHT19780200160020300 00010  2500 00010  
HPD02532500HPCPHT19780200270042000 00010  2200 00010  2400 00010  2500 00030  
HPD02532500HPCPHT19780200280110300 00010  0500 00010  0800 00020  0900 00010  1100 00010  1200 00010  1300 00010  1400 00010  1500 00010  1800 00010  2500 00110  
HPD02532500HPCPHT19780300010130100 00040  0200 00030  0300 00010  0500 00010  0600 00020  0700 00010  1200 00010  1400 00010  1800 00010  2200 00010  2300 00010  2400 00010  2500 00180  
HPD02532500HPCPHT19780300020060300 00010  0600 00010  1600 00010  1900 00010  2100 00010  2500 00050  
HPD02532500HPCPHT19780300030020100 00010  2500 00010  
HPD02532500HPCPHT19780300040022100 00010  2500 00010  
HPD02532500HPCPHT19780300050060300 00010  0400 00010  0800 00010  0900 00010  1000 00010  2500 00050  
HPD02532500HPCPHT19780300060030500 00010  0900 00010  2500 00020  
HPD02532500HPCPHT19780300110041900 00010  2000 00010  2200 00010  2500 00030  
HPD02532500HPCPHT19780300120031200 00010  1800 00010  2500 00020  
HPD02532500HPCPHT19780300210022400 00010  2500 00010  
HPD02532500HPCPHT19780300220040100 00020  0200 00010  0300 00020  2500 00050  
HPD02532500HPCPHT19780400010030100 00000g 0900 00010  2500 00010  
HPD02532500HPCPHT19780400020030900 00010  1600 00010  2500 00020  
HPD02532500HPCPHT19780400080050300 00010  0700 00010  0900 00020  1000 00010  2500 00050  
HPD02532500HPCPHT19780400100021200 00010  2500 00010  
HPD02532500HPCPHT19780500010060100 00000g 1000 00010  1100 00020  1500 00010  1600 00010  2500 00050  
HPD02532500HPCPHT19780600010020100 00000g 2500 00000  
HPD02532500HPCPHT19780700010020100 00000g 2500 00000  
HPD02532500HPCPHT19780700090041500 00080  1600 00070  1700 00020  2500 00170  
HPD02532500HPCPHT19780700160021500 00010  2500 00010  
HPD02532500HPCPHT19780700170020900 00010  2500 00010  
HPD02532500HPCPHT19780700270021400 00010  2500 00010  
HPD02532500HPCPHT19780800010020100 99999[ 2500 00000I 
HPD02532500HPCPHT19780800310022400 99999] 2500 00000I 
HPD02532500HPCPHT19780900010020100 99999[ 2500 00000I 
HPD02532500HPCPHT19780900080021100 99999] 2500 00000I 
HPD02532500HPCPHT19781000010020100 00000g 2500 00000  
HPD02532500HPCPHT19781000200031000 00010  1200 00010  2500 00020  
HPD02532500HPCPHT19781000210051000 00010  1300 00010  1400 00010  1500 00010  2500 00040  
HPD02532500HPCPHT19781100010030100 00000g 1100 00010  2500 00010  
HPD02532500HPCPHT19781100100052100 00010  2200 00030  2300 00020  2400 00010  2500 00070  
HPD02532500HPCPHT19781100110190100 00010  0200 00020  0300 00020  0400 00020  0500 00020  0600 00030  0700 00010  0800 00010  0900 00020  1000 00010  1100 00020  1200 00010  1300 00010  1400 00010  1500 00020  1700 00010  1800 00010  1900 00010  2500 00270  
HPD02532500HPCPHT19781100120030200 00010  0500 00010  2500 00020  
HPD02532500HPCPHT19781100140030900 00010  1000 00010  2500 00020  
HPD02532500HPCPHT19781100230022400 00010  2500 00010  
HPD02532500HPCPHT19781100240060400 00010  0900 00010  1000 00010  1600 00010  2300 00010  2500 00050  
HPD02532500HPCPHT19781200010030100 00000g 2300 00010  2500 00010  
HPD02532500HPCPHT19781200020030200 00010  0600 00010  2500 00020  
HPD02532500HPCPHT19781200060020500 00010  2500 00010  
HPD02532500HPCPHT19781200170170500 00010  0600 00010  0700 00010  0800 00010  0900 00010  1000 00010  1100 00010  1300 00010  1400 00010  1500 00010  1600 00010  1800 00010  1900 00010  2200 00010  2300 00010  2400 00010  2500 00160  
HPD02532500HPCPHT19781200180120200 00010  0300 00010  0500 00010  0600 00010  0800 00010  1100 00010  1200 00010  1300 00010  1500 00010  1700 00010  1800 00010  2500 00110  
HPD02532500HPCPHT19781200190021200 00010  2500 00010  
HPD02532500HPCPHT19790100010020100 00000g 2500 00000  
HPD02532500HPCPHT19790100120021900 00010  2500 00010  
HPD02532500HPCPHT19790100160091200 00010  1300 00010  1500 00020  1600 00010  1800 00010  2000 00020  2300 00010  2400 00020  2500 00110  
HPD02532500HPCPHT19790100170100100 00010  0200 00020  0300 00030  0400 00020  0500 00010  0600 00010  0700 00010  1400 00010  2100 00010  2500 00130  
HPD02532500HPCPHT19790100180050800 00010  1600 00010  1700 00010  1800 00010  2500 00040  
HPD02532500HPCPHT19790100240022400 00010  2500 00010  
HPD02532500HPCPHT19790100250040200 00010  1500 00010  2300 00010  2500 00030  
HPD02532500HPCPHT19790100310042000 00010  2200 00010  2400 00010  2500 00030  
HPD02532500HPCPHT19790200010030100 00000g 0400 00010  2500 00010  
HPD02532500HPCPHT19790200210031300 00010  1400 00010  2500 00020  
HPD02532500HPCPHT19790300010020100 00000g 2500 00000  
HPD02532500HPCPHT19790300020020300 00010  2500 00010  
HPD02532500HPCPHT19790300190041900 00010  2100 00020  2300 00010  2500 00040  
HPD02532500HPCPHT19790300200100500 00010  0800 00010  1000 00010  1200 00010  1600 00010  1700 00010  1800 00020  1900 00010  2000 00010  2500 00100  
HPD02532500HPCPHT19790300210040500 00010  0800 00010  1200 00010  2500 00030  
HPD02532500HPCPHT19790300220020200 00010  2500 00010  
HPD02532500HPCPHT19790300280041800 00010  1900 00020  2000 00030  2500 00060  
HPD02532500HPCPHT19790400010020100 00000g 2500 00000  
HPD02532500HPCPHT19790500010020100 00000g 2500 00000  
HPD02532500HPCPHT19790500080021600 00010  2500 00010  
HPD02532500HPCPHT19790500090021300 00010  2500 00010  
HPD02532500HPCPHT19790500180022400 00010  2500 00010  
HPD02532500HPCPHT19790500200050800 00010  0900 00010  1300 00010  1400 00010  2500 00040  
HPD02532500HPCPHT19790500240041300 00010  1400 00010  1600 00010  2500 00030  
HPD02532500HPCPHT19790500250020800 00010  2500 00010  
HPD02532500HPCPHT19790600010020100 00000g 2500 00000  
HPD02532500HPCPHT19790600040031300 00010  1400 00020  2500 00030  
HPD02532500HPCPHT19790700010020100 00000g 2500 00000  
HPD02532500HPCPHT19790700180032000 00010  2400 00010  2500 00020  
HPD02532500HPCPHT19790800010020100 00000g 2500 00000  
HPD02532500HPCPHT19790800060021600 00020  2500 00020  
HPD02532500HPCPHT19790800120080300 00030  0900 00010  1000 00010  1200 00050  1600 00090  1700 00120  1800 00020  2500 00330  
HPD02532500HPCPHT19790800140020100 00050  2500 00050  
HPD02532500HPCPHT19790800170021800 00010  2500 00010  
HPD02532500HPCPHT19790800190021100 00010  2500 00010  
HPD02532500HPCPHT19790900010020100 00000g 2500 00000  
HPD02532500HPCPHT19791000010020100 00000g 2500 00000  
HPD02532500HPCPHT19791000200052000 00010  2200 00020  2300 00010  2400 00010  2500 00050  
HPD02532500HPCPHT19791100010020100 00000g 2500 00000  
HPD02532500HPCPHT19791100100021600 00010  2500 00010  
HPD02532500HPCPHT19791200010020100 00000g 2500 00000  
HPD02532500HPCPHT19791200210032100 00010  2200 00010  2500 00020  
HPD02532500HPCPHT19791200220021100 00010  2500 00010  
HPD02532500HPCPHT19791200260060600 00010  0800 00010  0900 00010  1300 00010  2000 00010  2500 00050  
HPD02532500HPCPHT19800100010020100 00000g 2500 00000  
HPD02532500HPCPHT19800100090121200 00010  1400 00010  1500 00010  1600 00010  1700 00020  1800 00010  1900 00010  2100 00020  2200 00010  2300 00010  2400 00010  2500 00130  
HPD02532500HPCPHT19800100100120200 00010  0300 00010  0600 00010  0800 00010  0900 00010  1100 00010  1200 00010  1400 00010  1700 00010  2000 00010  2300 00010  2500 00110  
HPD02532500HPCPHT19800100110120100 00010  0200 00010  0400 00010  0800 00010  0900 00010  1000 00010  1100 00010  1200 00010  1300 00010  1600 00010  2000 00010  2500 00110  
HPD02532500HPCPHT19800100120030100 00010  0300 00010  2500 00020  
HPD02532500HPCPHT19800100140021700 00020  2500 00020  
HPD02532500HPCPHT19800100150020100 00010  2500 00010  
HPD02532500HPCPHT19800100180050900 00010  1700 00030  1800 00010  1900 00010  2500 00060  
HPD02532500HPCPHT19800100190021100 00010  2500 00010  
HPD02532500HPCPHT19800100290022300 00010  2500 00010  
HPD02532500HPCPHT19800100300150600 00010  0800 00020  0900 00010  1000 00010  1100 00010  1200 00010  1500 00010  1600 00010  1700 00010  1800 00020  1900 00010  2100 00010  2200 00010  2400 00010  2500 00160  
HPD02532500HPCPHT19800200010020100 00000g 2500 00000  
HPD02532500HPCPHT19800200130081300 00010  1400 00010  1600 00010  2000 00010  2100 00010  2200 00010  2400 00010  2500 00070  
HPD02532500HPCPHT19800200140140200 00010  0400 00010  0500 00010  0700 00010  0900 00010  1000 00010  1100 00010  1300 00010  1500 00010  1600 00010  1800 00010  1900 00010  2300 00010  2500 00130  
HPD02532500HPCPHT19800200150060200 00010  0700 00010  1000 00010  1200 00010  1500 00010  2500 00050  
HPD02532500HPCPHT19800200160042100 00010  2300 00010  2400 00010  2500 00030  
HPD02532500HPCPHT19800200170040100 00010  0200 00010  1700 00010  2500 00030  
HPD02532500HPCPHT19800200180060400 00010  0900 00010  1100 00010  1200 00020  1600 00010  2500 00060  
HPD02532500HPCPHT19800200190091500 00010  1600 00010  1700 00020  1800 00020  1900 00030  2000 00040  2200 00010  2300 00010  2500 00150  
HPD02532500HPCPHT19800200200040100 00010  0500 00010  1400 00010  2500 00030  
HPD02532500HPCPHT19800200210090400 00020  0600 00010  0700 00010  0800 00020  0900 00010  1000 00010  1100 00010  1300 00010  2500 00100  
HPD02532500HPCPHT19800300010020100 00000g 2500 00000  
HPD02532500HPCPHT19800300030020800 00020  2500 00020  
HPD02532500HPCPHT19800300100032100 00010  2300 00010  2500 00020  
HPD02532500HPCPHT19800300110030300 00010  1100 00010  2500 00020  
HPD02532500HPCPHT19800300120050700 00010  0900 00010  1300 00010  2000 00010  2500 00040  
HPD02532500HPCPHT19800300190020300 00010  2500 00010  
HPD02532500HPCPHT19800300200021100 00010  2500 00010  
HPD02532500HPCPHT19800300240021000 00010  2500 00010  
HPD02532500HPCPHT19800300260021600 00010  2500 00010  
HPD02532500HPCPHT19800400010020100 99999[ 2500 00000I 
HPD02532500HPCPHT19800400050021900 99999] 2500 00000I 
HPD02532500HPCPHT19800400290030900 00010  1000 99999[ 2500 00010I 
HPD02532500HPCPHT19800400300022400 99999] 2500 00000I 
HPD02532500HPCPHT19800500010020100 00000g 2500 00000  
HPD02532500HPCPHT19800500140021400 00010  2500 00010  
HPD02532500HPCPHT19800500150051700 00010  1900 00010  2000 00010  2200 00010  2500 00040  
HPD02532500HPCPHT19800600010020100 00000g 2500 00000  
HPD02532500HPCPHT19800600300032300 00010  2400 00020  2500 00030  
HPD02532500HPCPHT19800700010030100 00000g 0200 00010  2500 00010  
HPD02532500HPCPHT19800700130040200 00010  0300 00020  0400 00020  2500 00050  
HPD02532500HPCPHT19800700200031500 00030  1600 00020  2500 00050  
HPD02532500HPCPHT19800700210041200 00010  1600 00030  1700 00010  2500 00050  
HPD02532500HPCPHT19800700230030100 00010  2100 00010  2500 00020  
HPD02532500HPCPHT19800700260020800 00010  2500 00010  
HPD02532500HPCPHT19800700290031700 00010  1800 00010  2500 00020  
HPD02532500HPCPHT19800800010020100 00000g 2500 00000  
HPD02532500HPCPHT19800800020070700 00010  0800 00010  0900 00010  1200 00010  1400 00010  1500 00010  2500 00060  
HPD02532500HPCPHT19800800120041700 00040  1800 00020  1900 00010  2500 00070  
HPD02532500HPCPHT19800800140022200 00010  2500 00010  
HPD02532500HPCPHT19800800240041300 00010  1600 00020  1700 00020  2500 00050  
HPD02532500HPCPHT19800900010020100 00000g 2500 00000  
HPD02532500HPCPHT19800900030021400 00010  2500 00010  
HPD02532500HPCPHT19800900070021200 00010  2500 00010  
HPD02532500HPCPHT19800900100040300 00010  0400 00010  0700 00010  2500 00030  
HPD02532500HPCPHT19801000010020100 00000g 2500 00000  
HPD02532500HPCPHT19801000120022200 00010  2500 00010  
HPD02532500HPCPHT19801000160021100 00010  2500 00010  
HPD02532500HPCPHT19801000270021200 00010  2500 00010  
HPD02532500HPCPHT19801100010020100 00000g 2500 00000  
HPD02532500HPCPHT19801200010020100 00000g 2500 00000  
HPD02532500HPCPHT19801200060021300 00010  2500 00010  
HPD02532500HPCPHT19801200070020500 00010  2500 00010  
HPD02532500HPCPHT19801200080021500 00010  2500 00010  
HPD02532500HPCPHT19801200130020200 00010  2500 00010  
HPD02532500HPCPHT19810100010020100 00000g 2500 00000  
HPD02532500HPCPHT19810100110031500 00010  1600 00010  2500 00020  
HPD02532500HPCPHT19810100120040400 00010  0500 00010  0600 00010  2500 00030  
HPD02532500HPCPHT19810100130021300 00010  2500 00010  
HPD02532500HPCPHT19810200010020100 00000g 2500 00000  
HPD02532500HPCPHT19810200080042100 00010  2300 00010  2400 00010  2500 00030  
HPD02532500HPCPHT19810200090030200 00010  0600 00010  2500 00020  
HPD02532500HPCPHT19810200260020900 00010  2500 00010  
HPD02532500HPCPHT19810300010030100 00000g 2200 99999a 2500 00000I 
HPD02532500HPCPHT19810300280021100 00320A 2500 00320P 
HPD02532500HPCPHT19810400010020100 99999[ 2500 00000I 
HPD02532500HPCPHT19810400040020900 99999] 2500 00000I 
HPD02532500HPCPHT19810400180040800 00030  0900 00010  2400 00010  2500 00050  
HPD02532500HPCPHT19810400280021800 00010  2500 00010  
HPD02532500HPCPHT19810500010020100 00000g 2500 00000  
HPD02532500HPCPHT19810500280031400 00010  1500 00010  2500 00020  
HPD02532500HPCPHT19810500310022100 00010  2500 00010  
HPD02532500HPCPHT19810600010030100 00000g 1600 00020  2500 00020  
HPD02532500HPCPHT19810600020020900 00010  2500 00010  
HPD02532500HPCPHT19810600260021200 00010  2500 00010  
HPD02532500HPCPHT19810600290021500 00010  2500 00010  
HPD02532500HPCPHT19810700010020100 00000g 2500 00000  
HPD02532500HPCPHT19810700110020500 00010  2500 00010  
HPD02532500HPCPHT19810700120032200 00010  2300 00040  2500 00050  
HPD02532500HPCPHT19810700130041100 00010  1400 00010  2100 00010  2500 00030  
HPD02532500HPCPHT19810700150030400 00040  0900 00010  2500 00050  
HPD02532500HPCPHT19810700160030300 99999a 1900 00020A 2500 00020  
HPD02532500HPCPHT19810700170040800 00010  1600 00010  1700 00010  2500 00030  
HPD02532500HPCPHT19810700270021500 00010  2500 00010  
HPD02532500HPCPHT19810700290021800 00010  2500 00010  
HPD02532500HPCPHT19810700310021800 00030  2500 00030  
HPD02532500HPCPHT19810800010030100 00000g 1200 00010  2500 00010  
HPD02532500HPCPHT19810800080021700 00010  2500 00010  
HPD02532500HPCPHT19810800100031900 00010  2400 00010  2500 00020  
HPD02532500HPCPHT19810800110030200 00010  0300 00010  2500 00020  
HPD02532500HPCPHT19810800120021600 00010  2500 00010  
HPD02532500HPCPHT19810800250021700 00010  2500 00010  
HPD02532500HPCPHT19810900010040100 00000g 1100 00010  1400 00010  2500 00020  
HPD02532500HPCPHT19810900040021000 00010  2500 00010  
HPD02532500HPCPHT19810900060071000 00010  1200 00010  1400 00010  1500 00010  1600 00010  1700 00010  2500 00060  
HPD02532500HPCPHT19810900070021200 00010  2500 00010  
HPD02532500HPCPHT19810900190021400 00010  2500 00010  
HPD02532500HPCPHT19810900210021400 00010  2500 00010  
HPD02532500HPCPHT19810900230040600 00010  0700 00010  1400 00010  2500 00030  
HPD02532500HPCPHT19811000010060100 00000g 1100 00010  1800 00010  1900 00010  2100 00020  2500 00050  
HPD02532500HPCPHT19811000020070300 00010  0600 00020  0800 00010  0900 00020  1100 00010  1400 00010  2500 00080  
HPD02532500HPCPHT19811000070021400 00010  2500 00010  
HPD02532500HPCPHT19811100010020100 00000g 2500 00000  
HPD02532500HPCPHT19811100270031100 00010  1400 00010  2500 00020  
HPD02532500HPCPHT19811100280170100 00010  0200 00010  0400 00010  0700 00010  0800 00010  1100 00010  1200 00020  1300 00010  1400 00010  1500 00010  1600 00020  1700 00020  1800 00010  1900 00030  2000 00020  2300 00010  2500 00220  
HPD02532500HPCPHT19811100290050300 00010  0800 00010  1000 00010  1400 00010  2500 00040  
HPD02532500HPCPHT19811200010020100 00000g 2500 00000  
HPD02532500HPCPHT19820100010060100 00000g 0800 00010  1200 00010  1500 00010  1600 00010  2500 00040  
HPD02532500HPCPHT19820100030021200 00010  2500 00010  
HPD02532500HPCPHT19820100050021800 00010  2500 00010  
HPD02532500HPCPHT19820100060030600 00010  1600 00010  2500 00020  
HPD02532500HPCPHT19820100110021000 00010  2500 00010  
HPD02532500HPCPHT19820100120021600 00010  2500 00010  
HPD02532500HPCPHT19820100210061000 00010  1100 00010  1200 00020  1400 00010  1600 00030  2500 00080  
HPD02532500HPCPHT19820100220021000 00010  2500 00010  
HPD02532500HPCPHT19820100250021500 00010  2500 00010  
HPD02532500HPCPHT19820100290021500 00010  2500 00010  
HPD02532500HPCPHT19820200010020100 00000g 2500 00000  
HPD02532500HPCPHT19820200100081600 00010  1800 00010  2000 00010  2100 00010  2200 00010  2300 00010  2400 00020  2500 00080  
HPD02532500HPCPHT19820200110040100 00020  0200 00070  0300 00010  2500 00100  
HPD02532500HPCPHT19820200120020200 00010  2500 00010  
HPD02532500HPCPHT19820200150022400 00010  2500 00010  
HPD02532500HPCPHT19820200160050100 00010  0400 00010  0800 00010  1600 00010  2500 00040  
HPD02532500HPCPHT19820200220061800 00010  1900 00010  2100 00010  2200 00010  2400 00010  2500 00050  
HPD02532500HPCPHT19820200230050300 00010  0400 00010  0800 00010  1900 00010  2500 00040  
HPD02532500HPCPHT19820200240021600 00010  2500 00010  
HPD02532500HPCPHT19820300010020100 00000g 2500 00000  
HPD02532500HPCPHT19820300110020100 99999a 2500 00000I 
HPD02532500HPCPHT19820300310022400 00360A 2500 00360P 
HPD02532500HPCPHT19820400010020100 00000g 2500 00000  
HPD02532500HPCPHT19820400020030500 00010  0600 00010  2500 00020  
HPD02532500HPCPHT19820500010050100 00000g 2000 00010  2100 00010  2300 00010  2500 00030  
HPD02532500HPCPHT19820500020020800 00010  2500 00010  
HPD02532500HPCPHT19820500040050200 00010  0600 00010  0700 00010  1200 00010  2500 00040  
HPD02532500HPCPHT19820500050040100 00010  0500 00010  1200 00010  2500 00030  
HPD02532500HPCPHT19820600010020100 00000g 2500 00000  
HPD02532500HPCPHT19820700010020100 00000g 2500 00000  
HPD02532500HPCPHT19820700070030800 00010  2000 00010  2500 00020  
HPD02532500HPCPHT19820700240022000 00030  2500 00030  
HPD02532500HPCPHT19820700250030400 00010  1400 00010  2500 00020  
HPD02532500HPCPHT19820700260022200 00010  2500 00010  
HPD02532500HPCPHT19820700270021400 00010  2500 00010  
HPD02532500HPCPHT19820700280031200 00030  1700 00010  2500 00040  
HPD02532500HPCPHT19820800010030100 00000g 1400 00010  2500 00010  
HPD02532500HPCPHT19820800060032000 00020  2100 00030  2500 00050  
HPD02532500HPCPHT19820800070030300 00010  0900 00010  2500 00020  
HPD02532500HPCPHT19820800100051700 00010  1800 00010  2000 00010  2100 00010  2500 00040  
HPD02532500HPCPHT19820800110040700 00010  2300 00010  2400 00010  2500 00030  
HPD02532500HPCPHT19820800120040200 00010  1100 00010  1800 00010  2500 00030  
HPD02532500HPCPHT19820800200021700 00010  2500 00010  
HPD02532500HPCPHT19820800210021600 00010  2500 00010  
HPD02532500HPCPHT19820800230042200 00010  2300 00020  2400 00010  2500 00040  
HPD02532500HPCPHT19820800240020200 00010  2500 00010  
HPD02532500HPCPHT19820800250021600 00010  2500 00010  
HPD02532500HPCPHT19820900010020100 00000g 2500 00000  
HPD02532500HPCPHT19820900100051600 00010  1700 00030  1800 00010  1900 00030  2500 00080  
HPD02532500HPCPHT19820900110060500 00010  0900 00010  1400 00010  1600 00030  1800 00010  2500 00070  
HPD02532500HPCPHT19820900120021100 00010  2500 00010  
HPD02532500HPCPHT19820900160021700 00010  2500 00010  
HPD02532500HPCPHT19820900260032100 00010  2400 00010  2500 00020  
HPD02532500HPCPHT19820900270050100 00020  0200 00010  0500 00010  1100 00010  2500 00050  
HPD02532500HPCPHT19821000010020100 00000g 2500 00000  
HPD02532500HPCPHT19821000030021700 99999[ 2500 00000I 
HPD02532500HPCPHT19821000310022400 99999] 2500 00000I 
HPD02532500HPCPHT19821100010020100 99999[ 2500 00000I 
HPD02532500HPCPHT19821100300022400 99999] 2500 00000I 
HPD02532500HPCPHT19821200010020100 99999[ 2500 00000I 
HPD02532500HPCPHT19821200180022400 99999] 2500 00000I 
HPD02532500HPCPHT19821200190031400 99999[ 2400 99999] 2500 00000I 
HPD02532500HPCPHT19821200220041600 00010  1700 00010  2200 00010  2500 00030  
HPD02532500HPCPHT19821200230090300 00010  0400 00010  0500 00010  0600 00020  0700 00010  0800 00020  1500 00010  2200 00010  2500 00100  
HPD02532500HPCPHT19821200300030500 00010  1000 00010  2500 00020  
HPD02532500HPCPHT19830100010020100 00000g 2500 00000  
HPD02532500HPCPHT19830100270022000 00010  2500 00010  
HPD02532500HPCPHT19830100280030100 00010  1200 00010  2500 00020  
HPD02532500HPCPHT19830100290061100 00010  1200 00010  1400 00010  1500 00010  1600 00010  2500 00050  
HPD02532500HPCPHT19830200010020100 00000g 2500 00000  
HPD02532500HPCPHT19830200020042100 00010  2300 00020  2400 00010  2500 00040  
HPD02532500HPCPHT19830200030100100 00010  0500 00010  1000 00010  1400 00010  1600 00010  1700 00010  1800 00010  1900 00010  2300 00010  2500 00090  
HPD02532500HPCPHT19830200040030700 00010  1600 00010  2500 00020  
HPD02532500HPCPHT19830200050021700 00010  2500 00010  
HPD02532500HPCPHT19830200070040600 00010  0800 00010  1400 00010  2500 00030  
HPD02532500HPCPHT19830200080040800 00010  0900 00040  2400 00010  2500 00060  
HPD02532500HPCPHT19830200270022400 00010  2500 00010  
HPD02532500HPCPHT19830200280080100 00010  0200 00010  0300 00010  0400 00010  0600 00010  1100 00010  1300 00010  2500 00070  
HPD02532500HPCPHT19830300010020100 00000g 2500 00000  
HPD02532500HPCPHT19830300020041200 00010  2100 00010  2400 00010  2500 00030  
HPD02532500HPCPHT19830300030140200 00020  0300 00030  0400 00010  0500 00010  0600 00010  0700 00010  1100 00010  1500 00010  1700 00010  1800 00010  2000 00010  2200 00010  2400 00010  2500 00160  
HPD02532500HPCPHT19830300040040600 00010  0700 00010  1300 00010  2500 00030  
HPD02532500HPCPHT19830300050021800 00010  2500 00010  
HPD02532500HPCPHT19830300100021200 00010  2500 00010  
HPD02532500HPCPHT19830300180030600 00010  0700 00010  2500 00020  
HPD02532500HPCPHT19830300190030900 00010  1200 00010  2500 00020  
HPD02532500HPCPHT19830300200021200 00010  2500 00010  
HPD02532500HPCPHT19830300210031400 00010  2200 00010  2500 00020  
HPD02532500HPCPHT19830300220020100 00010  2500 00010  
HPD02532500HPCPHT19830300230030800 00010  1800 00010  2500 00020  
HPD02532500HPCPHT19830300240081000 00020  1100 00010  1200 00010  1300 00010  1400 00010  1500 00010  2000 00010  2500 00080  
HPD02532500HPCPHT19830300250021100 00010  2500 00010  
HPD02532500HPCPHT19830300260021100 00010  2500 00010  
HPD02532500HPCPHT19830400010020100 00000g 2500 00000  
HPD02532500HPCPHT19830400200042100 00010  2300 00010  2400 00010  2500 00030  
HPD02532500HPCPHT19830400210080200 00010  0400 00010  0800 00010  1200 00010  1300 00010  1400 00010  1600 00010  2500 00070  
HPD02532500HPCPHT19830400220021000 00010  2500 00010  
HPD02532500HPCPHT19830500010030100 00000g 1200 00010  2500 00010  
HPD02532500HPCPHT19830600010020100 00000g 2500 00000  
HPD02532500HPCPHT19830700010030100 00000g 1400 99999[ 2500 00000I 
HPD02532500HPCPHT19830700310022400 99999] 2500 00000I 
HPD02532500HPCPHT19830800010020100 00000g 2500 00000  
HPD02532500HPCPHT19830800030051200 00030  1300 00010  1700 00070  1800 00010  2500 00120  
HPD02532500HPCPHT19830800040020100 00010  2500 00010  
HPD02532500HPCPHT19830800070041800 00010  2300 00020  2400 00010  2500 00040  
HPD02532500HPCPHT19830800080020100 00010  2500 00010  
HPD02532500HPCPHT19830800110031500 00010  1600 00010  2500 00020  
HPD02532500HPCPHT19830800140022400 00010  2500 00010  
HPD02532500HPCPHT19830800160040200 00040  1100 00010  1800 00010  2500 00060  
HPD02532500HPCPHT19830800170061000 00020  1100 00010  1200 00010  1400 00010  1800 00010  2500 00060  
HPD02532500HPCPHT19830800180021600 00010  2500 00010  
HPD02532500HPCPHT19830800290040500 00010  0600 00010  0900 00010  2500 00030  
HPD02532500HPCPHT19830800300021100 00010  2500 00010  
HPD02532500HPCPHT19830900010020100 00000g 2500 00000  
HPD02532500HPCPHT19830900060022100 00010  2500 00010  
HPD02532500HPCPHT19830900120021800 00010  2500 00010  
HPD02532500HPCPHT19830900140061400 00050  1500 00050  1700 00010  1800 00010  1900 00010  2500 00130  
HPD02532500HPCPHT19830900150020200 00010  2500 00010  
HPD02532500HPCPHT19830900170021200 00010  2500 00010  
HPD02532500HPCPHT19830900180021500 00010  2500 00010  
HPD02532500HPCPHT19830900230061000 00010  1300 00010  1400 00010  1800 00030  1900 00020  2500 00080  
HPD02532500HPCPHT19830900240070100 00010  0200 00010  0300 00020  0400 00010  0600 00010  0900 00010  2500 00070  
HPD02532500HPCPHT19830900280021800 00010  2500 00010  
HPD02532500HPCPHT19830900290130800 00010  0900 00010  1000 00020  1100 00040  1200 00030  1300 00020  1400 00020  1500 00010  2000 00010  2100 00010  2300 00010  2400 00010  2500 00200  
HPD02532500HPCPHT19830900300090100 00020  0200 00020  0300 00010  0400 00010  0600 00020  0700 00010  0800 00010  2300 00010  2500 00110  
HPD02532500HPCPHT19831000010030100 00000g 1100 00010  2500 00010  
HPD02532500HPCPHT19831000050041500 00010  2000 00050  2100 00010  2500 00070  
HPD02532500HPCPHT19831000060021100 00010  2500 00010  
HPD02532500HPCPHT19831000240021500 00010  2500 00010  
HPD02532500HPCPHT19831100010020100 00000g 2500 00000  
HPD02532500HPCPHT19831100200031800 00010  2400 00010  2500 00020  
HPD02532500HPCPHT19831100210030400 00010  0500 00010  2500 00020  
HPD02532500HPCPHT19831100240021600 00010  2500 00010  
HPD02532500HPCPHT19831100250040700 00010  1000 00010  1500 00010  2500 00030  
HPD02532500HPCPHT19831100260020400 00010  2500 00010  
HPD02532500HPCPHT19831200010050100 00000g 1200 00010  1900 00010  2100 00010  2500 00030  
HPD02532500HPCPHT19831200020030900 00010  1700 00010  2500 00020  
HPD02532500HPCPHT19831200030052100 00010  2200 00010  2300 00020  2400 00010  2500 00050  
HPD02532500HPCPHT19831200040060100 00010  0200 00010  0300 00010  0500 00010  1300 00010  2500 00050  
HPD02532500HPCPHT19831200250070500 00010  0700 00010  0900 00010  1000 00010  1500 00020  1600 00010  2500 00070  
HPD02532500HPCPHT19831200260030200 00010  1700 00010  2500 00020  
HPD02532500HPCPHT19831200270020600 00010  2500 00010  
HPD02532500HPCPHT19831200300021700 00010  2500 00010  
HPD02532500HPCPHT19840100010020100 00000g 2500 00000  
HPD02532500HPCPHT19840100050041800 00010  2000 00010  2100 00010  2500 00030  
HPD02532500HPCPHT19840100140021100 00010  2500 00010  
HPD02532500HPCPHT19840200010020100 00000g 2500 00000  
HPD02532500HPCPHT19840300010020100 00000g 2500 00000  
HPD02532500HPCPHT19840300260022300 00010  2500 00010  
HPD02532500HPCPHT19840300300021200 00100  2500 00100  
HPD02532500HPCPHT19840400010020100 00000g 2500 00000  
HPD02532500HPCPHT19840400060031700 00010  2100 00010  2500 00020  
HPD02532500HPCPHT19840400280060800 00010  1200 00010  1800 00010  1900 00010  2300 00010  2500 00050  
HPD02532500HPCPHT19840500010020100 00010  2500 00010  
HPD02532500HPCPHT19840600010020100 00000g 2500 00000  
HPD02532500HPCPHT19840600020021800 00010  2500 00010  
HPD02532500HPCPHT19840600290031900 00030  2300 00010  2500 00040  
HPD02532500HPCPHT19840700010020100 00000g 2500 00000  
HPD02532500HPCPHT19840700060032000 00010  2200 00010  2500 00020  
HPD02532500HPCPHT19840700120032100 00050  2200 00020  2500 00070  
HPD02532500HPCPHT19840700130020800 00010  2500 00010  
HPD02532500HPCPHT19840700140021200 00010  2500 00010  
HPD02532500HPCPHT19840700170021800 00010  2500 00010  
HPD02532500HPCPHT19840700190041700 00010  1800 00010  1900 00010  2500 00030  
HPD02532500HPCPHT19840700210051000 00010  1100 00010  1200 00010  2000 00020  2500 00050  
HPD02532500HPCPHT19840700220050600 00030  0700 00010  0800 00010  1400 00010  2500 00060  
HPD02532500HPCPHT19840700250021600 00010  2500 00010  
HPD02532500HPCPHT19840700270021000 00010  2500 00010  
HPD02532500HPCPHT19840700280080400 00010  0500 00010  0700 00010  0800 00020  0900 00010  1000 00020  1100 00010  2500 00090  
HPD02532500HPCPHT19840700290020900 00010  2500 00010  
HPD02532500HPCPHT19840800010020100 00000g 2500 00000  
HPD02532500HPCPHT19840800090021700 00020  2500 00020  
HPD02532500HPCPHT19840800100020100 00010  2500 00010  
HPD02532500HPCPHT19840800140030600 00010  0700 00010  2500 00020  
HPD02532500HPCPHT19840800150021500 00010  2500 00010  
HPD02532500HPCPHT19840800170041700 00010  1800 00010  2100 00010  2500 00030  
HPD02532500HPCPHT19840800180042000 00010  2100 00010  2300 00010  2500 00030  
HPD02532500HPCPHT19840800190071300 00090  1400 00050  1500 00020  1700 00010  2200 00020  2300 00010  2500 00200  
HPD02532500HPCPHT19840800200021500 00010  2500 00010  
HPD02532500HPCPHT19840800230030100 00040  0200 00010  2500 00050  
HPD02532500HPCPHT19840800240022000 00010  2500 00010  
HPD02532500HPCPHT19840800250030400 00010  1000 00010  2500 00020  
HPD02532500HPCPHT19840900010030100 00000g 1700 00010  2500 00010  
HPD02532500HPCPHT19840900100071700 00010  1900 00010  2000 00010  2100 00010  2200 00010  2300 00010  2500 00060  
HPD02532500HPCPHT19840900150021300 00010  2500 00010  
HPD02532500HPCPHT19840900250021400 00010  2500 00010  
HPD02532500HPCPHT19840900260070500 00010  0700 00010  0800 00010  1000 00010  1100 00010  1400 00010  2500 00060  
HPD02532500HPCPHT19841000010020100 00000g 2500 00000  
HPD02532500HPCPHT19841000030031400 00010  1600 00010  2500 00020  
HPD02532500HPCPHT19841100010020100 00000g 2500 00000  
HPD02532500HPCPHT19841100100021500 99999{ 2500 00000P 
HPD02532500HPCPHT19841100300022400 99999} 2500 00000P 
HPD02532500HPCPHT19841200010020100 00000g 2500 00000  
HPD02532500HPCPHT19841200080030400 00010  1200 00010  2500 00020  
HPD02532500HPCPHT19841200100051400 00010  1500 00010  1600 00010  1700 00010  2500 00040  
HPD02532500HPCPHT19841200110040400 00010  0700 00010  1000 00010  2500 00030  
HPD02532500HPCPHT19841200120061800 00010  2100 00010  2200 00010  2300 00010  2400 00010  2500 00050  
HPD02532500HPCPHT19841200130050100 00010  1000 00010  1700 00010  2100 00010  2500 00040  
HPD02532500HPCPHT19841200190041800 00010  1900 00010  2300 00010  2500 00030  
HPD02532500HPCPHT19841200220020800 00010  2500 00010  
HPD02532500HPCPHT19841200260060600 00010  2100 00010  2200 00010  2300 00010  2400 00020  2500 00060  
HPD02532500HPCPHT19841200270100100 00010  0200 00020  0300 00010  0500 00010  0600 00010  0800 00010  1100 00010  1400 00010  2000 00010  2500 00100  
HPD02532500HPCPHT19841200280030300 00010  0600 00010  2500 00020  
HPD02532500HPCPHT19841200290020100 00010  2500 00010  
HPD02532500HPCPHT19850100010020100 00000g 2500 00000  
HPD02532500HPCPHT19850100040030800 99999{ 1600 99999} 2500 00000P 
HPD02532500HPCPHT19850100070022400 00010  2500 00010  
HPD02532500HPCPHT19850100080070200 00010  0500 00010  0800 00010  0900 00010  1100 00010  1200 00010  2500 00060  
HPD02532500HPCPHT19850100100021300 00010  2500 00010  
HPD02532500HPCPHT19850100230021700 00010  2500 00010  
HPD02532500HPCPHT19850100250022300 00010  2500 00010  
HPD02532500HPCPHT19850100260040100 00010  0200 00010  0600 00010  2500 00030  
HPD02532500HPCPHT19850100270031100 00010  1600 00010  2500 00020  
HPD02532500HPCPHT19850100280021500 00010  2500 00010  
HPD02532500HPCPHT19850100290020400 00010  2500 00010  
HPD02532500HPCPHT19850100310021300 00010  2500 00010  
HPD02532500HPCPHT19850200010020100 00000g 2500 00000  
HPD02532500HPCPHT19850200020032200 00010  2400 00010  2500 00020  
HPD02532500HPCPHT19850200030060200 00010  0300 00010  0500 00010  0800 00010  2200 00010  2500 00050  
HPD02532500HPCPHT19850200040030100 00010  1100 00010  2500 00020  
HPD02532500HPCPHT19850200100040200 00010  0300 00010  0900 00010  2500 00030  
HPD02532500HPCPHT19850200210070100 00010  0200 00010  0300 00010  0500 00010  0800 00010  1100 00010  2500 00060  
HPD02532500HPCPHT19850200260021500 00010  2500 00010  
HPD02532500HPCPHT19850300010020100 00000g 2500 00000  
HPD02532500HPCPHT19850300110021100 00010  2500 00010  
HPD02532500HPCPHT19850300140031000 00010  1500 00010  2500 00020  
HPD02532500HPCPHT19850300150060200 00010  0600 00010  1300 00010  1700 00010  2000 00010  2500 00050  
HPD02532500HPCPHT19850300190040700 00010  0800 00010  1100 00020  2500 00040  
HPD02532500HPCPHT19850300290020100 00010  2500 00010  
HPD02532500HPCPHT19850400010030100 00000g 1100 99999{ 2500 00000P 
HPD02532500HPCPHT19850400300022400 99999} 2500 00000P 
HPD02532500HPCPHT19850500010020100 00000g 2500 00000  
HPD02532500HPCPHT19850500120021800 00010  2500 00010  
HPD02532500HPCPHT19850600010020100 00000g 2500 00000  
HPD02532500HPCPHT19850700010020100 00000g 2500 00000  
HPD02532500HPCPHT19850700070022000 00010  2500 00010  
HPD02532500HPCPHT19850700100032100 00010  2300 00010  2500 00020  
HPD02532500HPCPHT19850700140031500 00080  1600 00030  2500 00110  
HPD02532500HPCPHT19850700150032300 00020  2400 00040  2500 00060  
HPD02532500HPCPHT19850700160030200 00010  0400 00010  2500 00020  
HPD02532500HPCPHT19850700180050700 00010  0800 00010  0900 00020  1000 00010  2500 00050  
HPD02532500HPCPHT19850700200031200 00070  1300 00010  2500 00080  
HPD02532500HPCPHT19850700220021500 00010  2500 00010  
HPD02532500HPCPHT19850700270021700 00020  2500 00020  
HPD02532500HPCPHT19850700280022300 00010  2500 00010  
HPD02532500HPCPHT19850700290031800 00010  2200 00050  2500 00060  
HPD02532500HPCPHT19850800010020100 99999{ 2500 00000P 
HPD02532500HPCPHT19850800310022400 99999} 2500 00000P 
HPD02532500HPCPHT19850900010020100 99999{ 2500 00000P 
HPD02532500HPCPHT19850900060030900 99999} 2200 00010  2500 00010P 
HPD02532500HPCPHT19850900180070800 00020  0900 00010  1000 00010  1200 00010  1300 00010  1700 00010  2500 00070  
HPD02532500HPCPHT19850900210021300 00010  2500 00010  
HPD02532500HPCPHT19850900270021900 00010  2500 00010  
HPD02532500HPCPHT19851000010020100 00000g 2500 00000  
HPD02532500HPCPHT19851000060042100 00010  2300 00010  2400 00010  2500 00030  
HPD02532500HPCPHT19851000070030100 00030  0400 00010  2500 00040  
HPD02532500HPCPHT19851000100050500 00010  1700 00010  1800 00010  1900 00010  2500 00040  
HPD02532500HPCPHT19851000110021000 00010  2500 00010  
HPD02532500HPCPHT19851000150022400 00010  2500 00010  
HPD02532500HPCPHT19851000160020600 00010  2500 00010  
HPD02532500HPCPHT19851000290021600 00010  2500 00010  
HPD02532500HPCPHT19851100010020100 00000g 2500 00000  
HPD02532500HPCPHT19851100110042200 00010  2300 00010  2400 00020  2500 00040  
HPD02532500HPCPHT19851100120070100 00010  0200 00020  0300 00020  0400 00020  0600 00010  1300 00010  2500 00090  
HPD02532500HPCPHT19851100130020900 00010  2500 00010  
HPD02532500HPCPHT19851100250130300 00010  0700 00010  0800 00010  1100 00010  1400 00010  1700 00010  1800 00010  1900 00010  2000 00010  2200 00030  2300 00020  2400 00020  2500 00160  
HPD02532500HPCPHT19851100260040100 00010  0200 00010  0300 00010  2500 00030  
HPD02532500HPCPHT19851100290101000 00010  1400 00010  1500 00010  1600 00010  1900 00010  2000 00010  2100 00010  2200 00010  2300 00010  2500 00090  
HPD02532500HPCPHT19851200010020100 00000g 2500 00000  
HPD02532500HPCPHT19851200110022100 00010  2500 00010  
HPD02532500HPCPHT19860100010020100 00000g 2500 00000  
HPD02532500HPCPHT19860100060021500 00010  2500 00010  
HPD02532500HPCPHT19860100140022100 00010  2500 00010  
HPD02532500HPCPHT19860100300021400 00010  2500 00010  
HPD02532500HPCPHT19860200010030100 00000g 0800 00010  2500 00010  
HPD02532500HPCPHT19860200040030500 00010  0900 00010  2500 00020  
HPD02532500HPCPHT19860200080031500 00010  1900 00010  2500 00020  
HPD02532500HPCPHT19860200090031100 00010  1700 00010  2500 00020  
HPD02532500HPCPHT19860200150061600 00010  1700 00020  1900 00010  2000 00020  2200 00010  2500 00070  
HPD02532500HPCPHT19860300010020100 00000g 2500 00000  
HPD02532500HPCPHT19860300020022200 00010  2500 00010  
HPD02532500HPCPHT19860300090030100 00010  0200 00010  2500 00020  
HPD02532500HPCPHT19860300100070800 00010  1200 00010  1400 00010  1600 00010  1800 00010  2400 00010  2500 00060  
HPD02532500HPCPHT19860300110090100 00010  0200 00010  0300 00010  0500 00010  1900 00010  2000 00010  2100 00010  2300 00010  2500 00080  
HPD02532500HPCPHT19860300120041700 00010  2000 00010  2100 00020  2500 00040  
HPD02532500HPCPHT19860300130030700 00010  1300 00010  2500 00020  
HPD02532500HPCPHT19860300140040600 00010  0700 00010  0900 00010  2500 00030  
HPD02532500HPCPHT19860300160070900 00010  1500 00010  2000 00020  2100 00020  2200 00020  2300 00010  2500 00090  
HPD02532500HPCPHT19860300180021600 00010  2500 00010  
HPD02532500HPCPHT19860300280022200 00010  2500 00010  
HPD02532500HPCPHT19860300290021100 00010  2500 00010  
HPD02532500HPCPHT19860400010060100 00000g 0800 00010  1000 00010  1100 00010  1300 00010  2500 00040  
HPD02532500HPCPHT19860400070021300 00010  2500 00010  
HPD02532500HPCPHT19860500010020100 99999{ 2500 00000P 
HPD02532500HPCPHT19860500080021200 99999} 2500 00000P 
HPD02532500HPCPHT19860500300021400 00020  2500 00020  
HPD02532500HPCPHT19860600010040100 00000g 1500 00070  2000 00010  2500 00080  
HPD02532500HPCPHT19860600030021900 00020  2500 00020  
HPD02532500HPCPHT19860600170021700 00080  2500 00080  
HPD02532500HPCPHT19860600250021300 00010  2500 00010  
HPD02532500HPCPHT19860600290021300 00010  2500 00010  
HPD02532500HPCPHT19860700010030100 00000g 1700 00010  2500 00010  
HPD02532500HPCPHT19860700020071800 00010  1900 00050  2000 00010  2100 00010  2200 00010  2300 00010  2500 00100  
HPD02532500HPCPHT19860700040020300 00010  2500 00010  
HPD02532500HPCPHT19860700160021900 00010  2500 00010  
HPD02532500HPCPHT19860700190022000 00010  2500 00010  
HPD02532500HPCPHT19860700200031700 00010  2200 00010  2500 00020  
HPD02532500HPCPHT19860700210021000 00010  2500 00010  
HPD02532500HPCPHT19860700220060100 00010  0200 00040  1400 00010  2200 00060  2300 00010  2500 00130  
HPD02532500HPCPHT19860800010020100 00000g 2500 00000  
HPD02532500HPCPHT19860800020040100 00010  1600 00010  1800 00010  2500 00030  
HPD02532500HPCPHT19860800050021800 00010  2500 00010  
HPD02532500HPCPHT19860800060021700 00010  2500 00010  
HPD02532500HPCPHT19860800110051800 00010  1900 00010  2000 00010  2300 00010  2500 00040  
HPD02532500HPCPHT19860800120030300 00010  0400 00020  2500 00030  
HPD02532500HPCPHT19860800130021200 00010  2500 00010  
HPD02532500HPCPHT19860800170021900 00060  2500 00060  
HPD02532500HPCPHT19860800230051900 00020  2000 00010  2100 00010  2400 00010  2500 00050  
HPD02532500HPCPHT19860800260031300 00030  1800 00010  2500 00040  
HPD02532500HPCPHT19860800280021400 00010  2500 00010  
HPD02532500HPCPHT19860800290041700 00010  1800 00010  2000 00010  2500 00030  
HPD02532500HPCPHT19860900010030100 00000g 0900 99999{ 2500 00000P 
HPD02532500HPCPHT19860900180021200 99999} 2500 00000P 
HPD02532500HPCPHT19860900220041400 00010  1900 00010  2200 00010  2500 00030  
HPD02532500HPCPHT19860900230050600 00010  1900 00010  2000 00010  2100 00010  2500 00040  
HPD02532500HPCPHT19860900240021600 00010  2500 00010  
HPD02532500HPCPHT19860900250040900 00010  1100 00010  1400 00010  2500 00030  
HPD02532500HPCPHT19861000010020100 00000g 2500 00000  
HPD02532500HPCPHT19861000050030600 00010  1200 00010  2500 00020  
HPD02532500HPCPHT19861000060021000 00010  2500 00010  
HPD02532500HPCPHT19861000090032100 00020  2300 00010  2500 00030  
HPD02532500HPCPHT19861000100040100 00010  0800 00010  0900 00010  2500 00030  
HPD02532500HPCPHT19861000110071200 00010  1300 00050  1400 00040  1500 00020  1600 00020  1700 00010  2500 00150  
HPD02532500HPCPHT19861000180021200 00010  2500 00010  
HPD02532500HPCPHT19861100010020100 00010  2500 00010  
HPD02532500HPCPHT19861100030021600 99999[ 2500 00000I 
HPD02532500HPCPHT19861100300022400 99999] 2500 00000I 
