HPD02759307HPCPHT20000100010020100 00000g 2500 00000  
HPD02759307HPCPHT20000100020021400 00010  2500 00010  
HPD02759307HPCPHT20000100310030900 99999[ 2400 99999] 2500 00000I 
HPD02759307HPCPHT20000200010020100 00000g 2500 00000  
HPD02759307HPCPHT20000200210042100 00010  2200 00010  2300 00010  2500 00030  
HPD02759307HPCPHT20000200220030300 00010  0400 00010  2500 00020  
HPD02759307HPCPHT20000200240031600 00010  1700 00010  2500 00020  
HPD02759307HPCPHT20000300010020100 00000g 2500 00000  
HPD02759307HPCPHT20000300050050100 00010  0600 00010  1000 00010  1200 00010  2500 00040  
HPD02759307HPCPHT20000300060041600 00030  1800 00010  2100 00050  2500 00090  
HPD02759307HPCPHT20000300070031100 00020  1400 00010  2500 00030  
HPD02759307HPCPHT20000300210021000 00010  2500 00010  
HPD02759307HPCPHT20000300230021200 00010  2500 00010  
HPD02759307HPCPHT20000300310031700 99999[ 2400 99999] 2500 00000I 
HPD02759307HPCPHT20000400010030100 00000g 0700 99999{ 2500 00000P 
HPD02759307HPCPHT20000400300022400 99999} 2500 00000P 
HPD02759307HPCPHT20000500010050100 99999{ 0800 99999} 0900 99999[ 1000 99999] 2500 00000P 
HPD02759307HPCPHT20000600010020100 00000g 2500 00000  
HPD02759307HPCPHT20000600170022000 00010  2500 00010  
HPD02759307HPCPHT20000600180020200 00010  2500 00010  
HPD02759307HPCPHT20000600190051300 00010  1500 00050  1800 00010  1900 00010  2500 00080  
HPD02759307HPCPHT20000600200021200 00010  2500 00010  
HPD02759307HPCPHT20000600220041800 00060  1900 00020  2000 00010  2500 00090  
HPD02759307HPCPHT20000600230061600 00010  1700 00090  1800 00020  2100 00010  2200 00010  2500 00140  
HPD02759307HPCPHT20000600280021300 00010  2500 00010  
HPD02759307HPCPHT20000600290022400 00160  2500 00160  
HPD02759307HPCPHT20000600300060100 00070  0400 00020  0500 00010  0900 99999[ 2400 99999] 2500 00100I 
HPD02759307HPCPHT20000700010020100 00000g 2500 00000  
HPD02759307HPCPHT20000700020041400 00010  1500 00040  1800 00010  2500 00060  
HPD02759307HPCPHT20000700080021600 00010  2500 00010  
HPD02759307HPCPHT20000700140020600 00010  2500 00010  
HPD02759307HPCPHT20000700210022200 00010  2500 00010  
HPD02759307HPCPHT20000700220022100 00090  2500 00090  
HPD02759307HPCPHT20000700290030800 00010  2200 00020  2500 00030  
HPD02759307HPCPHT20000800010020100 00000g 2500 00000  
HPD02759307HPCPHT20000800030022300 00020  2500 00020  
HPD02759307HPCPHT20000800040030100 00010  2400 00020  2500 00030  
HPD02759307HPCPHT20000800050021600 00020  2500 00020  
HPD02759307HPCPHT20000800060022100 00020  2500 00020  
HPD02759307HPCPHT20000800070022300 00010  2500 00010  
HPD02759307HPCPHT20000800090032000 00010  2300 00010  2500 00020  
HPD02759307HPCPHT20000800120031500 00020  1600 00010  2500 00030  
HPD02759307HPCPHT20000800140031500 00060  1600 00010  2500 00070  
HPD02759307HPCPHT20000800170041600 00040  1700 00030  2200 00070  2500 00140  
HPD02759307HPCPHT20000800180020300 00010  2500 00010  
HPD02759307HPCPHT20000800190021700 00010  2500 00010  
HPD02759307HPCPHT20000800210020300 00010  2500 00010  
HPD02759307HPCPHT20000800220041800 00060  1900 00010  2000 00020  2500 00090  
HPD02759307HPCPHT20000800230031000 00010  1800 00110  2500 00120  
HPD02759307HPCPHT20000800240020100 00010  2500 00010  
HPD02759307HPCPHT20000800260021600 00010  2500 00010  
HPD02759307HPCPHT20000800270022000 00050  2500 00050  
HPD02759307HPCPHT20000800280041400 00020  1500 00020  1700 00010  2500 00050  
HPD02759307HPCPHT20000800290030100 00010  1600 00010  2500 00020  
HPD02759307HPCPHT20000800300021300 00010  2500 00010  
HPD02759307HPCPHT20000900010020100 00000g 2500 00000  
HPD02759307HPCPHT20000900100021400 00020  2500 00020  
HPD02759307HPCPHT20000900130021000 00010  2500 00010  
HPD02759307HPCPHT20000900260021700 99999{ 2500 00000P 
HPD02759307HPCPHT20000900280021700 99999} 2500 00000P 
HPD02759307HPCPHT20001000010020100 00000g 2500 00000  
HPD02759307HPCPHT20001000030022000 00010  2500 00010  
HPD02759307HPCPHT20001000080041900 00010  2000 00010  2100 00010  2500 00030  
HPD02759307HPCPHT20001000100031800 00010  2300 00020  2500 00030  
HPD02759307HPCPHT20001000110111000 00030  1100 00040  1200 00010  1400 00010  1600 00040  1800 00020  1900 00020  2000 00010  2300 00010  2400 00010  2500 00200  
HPD02759307HPCPHT20001000120100100 00010  0200 00030  0300 00010  0400 00010  0500 00010  0600 00010  0700 00010  1000 00010  1100 00010  2500 00110  
HPD02759307HPCPHT20001000170021100 00010  2500 00010  
HPD02759307HPCPHT20001000190091500 00010  1700 00030  1800 00020  2000 00010  2100 00010  2200 00010  2300 00010  2400 00010  2500 00110  
HPD02759307HPCPHT20001000200030100 00030  0200 00010  2500 00040  
HPD02759307HPCPHT20001000220130800 00030  0900 00020  1000 00020  1100 00010  1200 00010  1300 00010  1500 00010  1800 00020  1900 00010  2000 00010  2100 00030  2400 00020  2500 00200  
HPD02759307HPCPHT20001000230020200 00010  2500 00010  
HPD02759307HPCPHT20001000270051400 00010  1700 00030  2100 00010  2300 00010  2500 00060  
HPD02759307HPCPHT20001000280040200 00020  0300 00010  0500 00010  2500 00040  
HPD02759307HPCPHT20001000310040300 00010  0400 00020  0500 00020  2500 00050  
HPD02759307HPCPHT20001100010020100 00000g 2500 00000  
HPD02759307HPCPHT20001100030032300 00010  2400 00030  2500 00040  
HPD02759307HPCPHT20001100040050100 00010  1200 00010  1400 00010  1800 00010  2500 00040  
HPD02759307HPCPHT20001100060051700 00010  1900 00020  2000 00040  2100 00040  2500 00110  
HPD02759307HPCPHT20001100070020400 00010  2500 00010  
HPD02759307HPCPHT20001100080021000 00010  2500 00010  
HPD02759307HPCPHT20001100100042200 00010  2300 00010  2400 00010  2500 00030  
HPD02759307HPCPHT20001100110090100 00020  0200 00010  0300 00020  0400 00020  0500 00010  0700 00010  0800 00010  1200 00010  2500 00110  
HPD02759307HPCPHT20001200010020100 00000g 2500 00000  
HPD02759307HPCPHT20001200130020300 00010  2500 00010  
