HPD02619406HPCPHI20030100010020100 00000g 2500 00000  
HPD02619406HPCPHI20030100080060400 00007  0500 00007  0600 00006  1600 00006  1700 00002  2500 00028  
HPD02619406HPCPHI20030100090020900 00001  2500 00001  
HPD02619406HPCPHI20030100200021300 00001  2500 00001  
HPD02619406HPCPHI20030200010020100 99999[ 2500 00000I 
HPD02619406HPCPHI20030200280022400 99999] 2500 00000I 
HPD02619406HPCPHI20030300010020100 00000g 2500 00000  
HPD02619406HPCPHI20030300050020900 00003  2500 00003  
HPD02619406HPCPHI20030300160060700 00002  0900 00006  1000 00003  1300 00006  1500 00001  2500 00018  
HPD02619406HPCPHI20030300180020700 00001  2500 00001  
HPD02619406HPCPHI20030400010020100 00000g 2500 00000  
HPD02619406HPCPHI20030400150030100 00004  0200 00003  2500 00007  
HPD02619406HPCPHI20030500010020100 00000g 2500 00000  
HPD02619406HPCPHI20030600010020100 00000g 2500 00000  
HPD02619406HPCPHI20030700010020100 00000g 2500 00000  
HPD02619406HPCPHI20030700150022200 00005  2500 00005  
HPD02619406HPCPHI20030700180020400 00003  2500 00003  
HPD02619406HPCPHI20030700240020800 00002  2500 00002  
HPD02619406HPCPHI20030700280020500 00003  2500 00003  
HPD02619406HPCPHI20030700290052100 00001  2200 00001  2300 00004  2400 00022  2500 00028  
HPD02619406HPCPHI20030700300030100 00003  0700 00001  2500 00004  
HPD02619406HPCPHI20030800010020100 00004  2500 00004  
HPD02619406HPCPHI20030800140040100 00001  2300 00034  2400 00021  2500 00056  
HPD02619406HPCPHI20030800150040100 00011  0200 00015  0300 00006  2500 00032  
HPD02619406HPCPHI20030800190050500 00001  0600 00011  0700 00001  1000 00004  2500 00017  
HPD02619406HPCPHI20030800230022300 00005  2500 00005  
HPD02619406HPCPHI20030800260021000 00006  2500 00006  
HPD02619406HPCPHI20030800270020400 00007  2500 00007  
HPD02619406HPCPHI20030900010020100 00000g 2500 00000  
HPD02619406HPCPHI20030900040032200 00040  2300 00005  2500 00045  
HPD02619406HPCPHI20030900240080100 00004  0200 00001  0400 00004  1100 00002  1200 00006  1300 00004  1400 00001  2500 00022  
HPD02619406HPCPHI20031000010020100 00000g 2500 00000  
HPD02619406HPCPHI20031100010020100 00000g 2500 00000  
HPD02619406HPCPHI20031100110022200 00001  2500 00001  
HPD02619406HPCPHI20031100120100100 00005  0200 00001  0300 00006  0800 00001  0900 00001  1000 00001  1100 00001  1400 00001  1500 00012  2500 00029  
HPD02619406HPCPHI20031200010020100 00000g 2500 00000  
HPD02619406HPCPHI20031200110032000 00011  2100 00006  2500 00017  
HPD02619406HPCPHI20031200260040300 00002  0400 00002  0500 00001  2500 00005  
