HPD02534403HPCPHT20090100010020100 99999[ 2500 00000I 
HPD02534403HPCPHT20090100070020300 99999] 2500 00000I 
HPD02534403HPCPHT20090100160021100 00010  2500 00010  
HPD02534403HPCPHT20090100220021400 00010  2500 00010  
HPD02534403HPCPHT20090200010030100 00000g 1000 00010  2500 00010  
HPD02534403HPCPHT20090200070022400 00010  2500 00010  
HPD02534403HPCPHT20090200080050100 00010  0200 00010  1500 00010  2100 00010  2500 00040  
HPD02534403HPCPHT20090200090060600 00010  1100 00010  1500 00010  1700 00010  1900 00010  2500 00050  
HPD02534403HPCPHT20090200100031100 00010  1200 00010  2500 00020  
HPD02534403HPCPHT20090200140021200 00010  2500 00010  
HPD02534403HPCPHT20090200170020200 00010  2500 00010  
HPD02534403HPCPHT20090200200021600 00010  2500 00010  
HPD02534403HPCPHT20090300010030100 00000g 1200 00010  2500 00010  
HPD02534403HPCPHT20090300030031500 99999[ 1600 99999] 2500 00000I 
HPD02534403HPCPHT20090300130021700 00010  2500 00010  
HPD02534403HPCPHT20090300180021500 00010  2500 00010  
HPD02534403HPCPHT20090400010020100 00000g 2500 00000  
HPD02534403HPCPHT20090400100022100 00010  2500 00010  
HPD02534403HPCPHT20090400110070200 00010  0500 00010  1400 00010  1600 00010  2300 00010  2400 00010  2500 00060  
HPD02534403HPCPHT20090500010020100 00000g 2500 00000  
HPD02534403HPCPHT20090500210041500 00020  1600 00020  1800 00010  2500 00050  
HPD02534403HPCPHT20090500220060100 00010  0400 00010  0800 00010  1500 00010  2100 00010  2500 00050  
HPD02534403HPCPHT20090500230020400 00010  2500 00010  
HPD02534403HPCPHT20090600010020100 00000g 2500 00000  
HPD02534403HPCPHT20090600260021600 00010  2500 00010  
HPD02534403HPCPHT20090700010030100 00000g 1300 00010  2500 00010  
HPD02534403HPCPHT20090700040021300 00010  2500 00010  
HPD02534403HPCPHT20090700120021600 00010  2500 00010  
HPD02534403HPCPHT20090700130021400 00010  2500 00010  
HPD02534403HPCPHT20090700190022000 00040  2500 00040  
HPD02534403HPCPHT20090700200031600 00010  1700 00030  2500 00040  
HPD02534403HPCPHT20090700250031300 00010  1700 00030  2500 00040  
HPD02534403HPCPHT20090700260021400 00010  2500 00010  
HPD02534403HPCPHT20090800010020100 00000g 2500 00000  
HPD02534403HPCPHT20090800130030500 00010  1300 00010  2500 00020  
HPD02534403HPCPHT20090800210031900 00010  2000 00010  2500 00020  
HPD02534403HPCPHT20090800250021300 00020  2500 00020  
HPD02534403HPCPHT20090800270021400 00010  2500 00010  
HPD02534403HPCPHT20090900010030100 00000g 0900 99999[ 2500 00000I 
HPD02534403HPCPHT20090900090020900 99999] 2500 00000I 
HPD02534403HPCPHT20090900100021700 00010  2500 00010  
HPD02534403HPCPHT20090900110022000 00010  2500 00010  
HPD02534403HPCPHT20091000010020100 00000g 2500 00000  
HPD02534403HPCPHT20091000040020800 00010  2500 00010  
HPD02534403HPCPHT20091000140021200 00010  2500 00010  
HPD02534403HPCPHT20091100010020100 00000g 2500 00000  
HPD02534403HPCPHT20091100130020700 00010  2500 00010  
HPD02534403HPCPHT20091100140021300 00010  2500 00010  
HPD02534403HPCPHT20091200010030100 00000g 1100 00010  2500 00010  
HPD02534403HPCPHT20091200070141000 00010  1100 00010  1200 00020  1300 00010  1400 00010  1600 00010  1800 00010  1900 00020  2000 00010  2100 00030  2200 00010  2300 00010  2400 00010  2500 00170  
HPD02534403HPCPHT20091200080020300 00010  2500 00010  
HPD02534403HPCPHT20091200130021200 00010  2500 00010  
