HPD02849506HPCPHI19990100010020100 00000g 2500 00000  
HPD02849506HPCPHI19990200010020100 00000g 2500 00000  
HPD02849506HPCPHI19990200040071700 00003  1800 00001  1900 00002  2000 00003  2100 00001  2300 00003  2500 00013  
HPD02849506HPCPHI19990300010020100 00000g 2500 00000  
HPD02849506HPCPHI19990300070031200 00005  1300 00003  2500 00008  
HPD02849506HPCPHI19990300160050900 00003  1000 00002  1100 00002  1200 00004  2500 00011  
HPD02849506HPCPHI19990400010070100 00000g 1600 00001  1700 00001  2200 00001  2300 00005  2400 00008  2500 00016  
HPD02849506HPCPHI19990400020060100 00007  0200 00009  0300 00012  0400 00021  0600 00003  2500 00052  
HPD02849506HPCPHI19990400040040600 00014  0800 00001  1500 00001  2500 00016  
HPD02849506HPCPHI19990400130030500 00001  0600 00002  2500 00003  
HPD02849506HPCPHI19990500010020100 00000g 2500 00000  
HPD02849506HPCPHI19990600010020100 00000g 2500 00000  
HPD02849506HPCPHI19990600020020500 00001  2500 00001  
HPD02849506HPCPHI19990700010020100 00000g 2500 00000  
HPD02849506HPCPHI19990700060051700 00003  1800 00012  1900 00005  2000 00001  2500 00021  
HPD02849506HPCPHI19990700070031900 00001  2000 00034  2500 00035  
HPD02849506HPCPHI19990700140051200 00024  1600 00022  1700 00037  1900 00007  2500 00090  
HPD02849506HPCPHI19990700150030700 00041  0800 00013  2500 00054  
HPD02849506HPCPHI19990700180032000 00001  2100 00031  2500 00032  
HPD02849506HPCPHI19990700230022000 00003  2500 00003  
HPD02849506HPCPHI19990700290041100 00001  1200 00055  1300 00028  2500 00084  
HPD02849506HPCPHI19990800010020100 00000g 2500 00000  
HPD02849506HPCPHI19990800100022300 00002  2500 00002  
HPD02849506HPCPHI19990800190021900 00001  2500 00001  
HPD02849506HPCPHI19990800220022300 00014  2500 00014  
HPD02849506HPCPHI19990800270061800 00020  1900 00008  2000 00008  2100 00008  2300 00001  2500 00045  
HPD02849506HPCPHI19990800280030300 00011  0400 00001  2500 00012  
HPD02849506HPCPHI19990800310021400 00009  2500 00009  
HPD02849506HPCPHI19990900010030100 00000g 2100 00002  2500 00002  
HPD02849506HPCPHI19990900110032300 00004  2400 00002  2500 00006  
HPD02849506HPCPHI19990900120020100 00001  2500 00001  
HPD02849506HPCPHI19990900140031900 00005  2000 00001  2500 00006  
HPD02849506HPCPHI19990900190061400 00070  1700 00031  1800 00025  1900 00005  2000 00009  2500 00140  
HPD02849506HPCPHI19990900220030600 00003  2000 00002  2500 00005  
HPD02849506HPCPHI19991000010020100 00000g 2500 00000  
HPD02849506HPCPHI19991100010020100 00000g 2500 00000  
HPD02849506HPCPHI19991200010020100 00000g 2500 00000  
HPD02849506HPCPHI19991200310022300 00001  2500 00001  
