HPD02877801HPCPHT20030100010020100 00000g 2500 00000  
HPD02877801HPCPHT20030100080041200 00010  2100 00010  2300 00010  2500 00030  
HPD02877801HPCPHT20030100210031600 99999{ 1700 99999} 2500 00000P 
HPD02877801HPCPHT20030200010020100 00000g 2500 00000  
HPD02877801HPCPHT20030200060031100 99999[ 1300 99999] 2500 00000I 
HPD02877801HPCPHT20030200120022300 00010  2500 00010  
HPD02877801HPCPHT20030200130100300 00010  0400 00010  0600 00020  0700 00020  0900 00010  1000 00010  1200 00010  1300 00010  1500 00010  2500 00110  
HPD02877801HPCPHT20030200250060100 00010  0300 00010  1100 00010  1800 00010  1900 00010  2500 00050  
HPD02877801HPCPHT20030200260040400 00010  1500 00010  1700 00010  2500 00030  
HPD02877801HPCPHT20030200270041300 00010  1400 00010  1900 00010  2500 00030  
HPD02877801HPCPHT20030300010040100 00000g 2000 00010  2100 00010  2500 00020  
HPD02877801HPCPHT20030300150032100 00010  2300 00010  2500 00020  
HPD02877801HPCPHT20030300160070200 00020  0300 00010  0900 00010  1200 00010  1400 00010  2000 00010  2500 00070  
HPD02877801HPCPHT20030300170031400 00010  1500 00010  2500 00020  
HPD02877801HPCPHT20030300210021000 00010  2500 00010  
HPD02877801HPCPHT20030400010020100 00000g 2500 00000  
HPD02877801HPCPHT20030400150040100 00020  0400 00010  0700 00010  2500 00040  
HPD02877801HPCPHT20030400190020200 00010  2500 00010  
HPD02877801HPCPHT20030400250021500 00010  2500 00010  
HPD02877801HPCPHT20030500010040100 00000g 0800 99999[ 1400 99999] 2500 00000I 
HPD02877801HPCPHT20030500250021100 99999{ 2500 00000P 
HPD02877801HPCPHT20030500260021100 99999} 2500 00000P 
HPD02877801HPCPHT20030600010020100 00000g 2500 00000  
HPD02877801HPCPHT20030700010020100 00000g 2500 00000  
HPD02877801HPCPHT20030700160021500 00010  2500 00010  
HPD02877801HPCPHT20030700230021300 00010  2500 00010  
HPD02877801HPCPHT20030700280021800 00010  2500 00010  
HPD02877801HPCPHT20030700290020900 00010  2500 00010  
HPD02877801HPCPHT20030700300032000 00010  2200 00010  2500 00020  
HPD02877801HPCPHT20030700310022300 00010  2500 00010  
HPD02877801HPCPHT20030800010030100 00010  1000 99999[ 2500 00010I 
HPD02877801HPCPHT20030800310022400 99999] 2500 00000I 
HPD02877801HPCPHT20030900010020100 99999[ 2500 00000I 
HPD02877801HPCPHT20030900120031600 99999] 1700 99999{ 2500 00000P 
HPD02877801HPCPHT20030900300022400 99999} 2500 00000P 
HPD02877801HPCPHT20031000010040100 99999{ 0800 99999} 1000 99999{ 2500 00000P 
HPD02877801HPCPHT20031000310022400 99999} 2500 00000P 
HPD02877801HPCPHT20031100010020100 00000g 2500 00000  
HPD02877801HPCPHT20031100120041300 00010  1400 00010  1500 00020  2500 00040  
HPD02877801HPCPHT20031100160031200 00010  1300 00010  2500 00020  
HPD02877801HPCPHT20031200010020100 00000g 2500 00000  
HPD02877801HPCPHT20031200110022000 00010  2500 00010  
HPD02877801HPCPHT20031200120020600 00010  2500 00010  
HPD02877801HPCPHT20031200230021700 99999[ 2500 00000I 
HPD02877801HPCPHT20031200310022400 99999] 2500 00000I 
