HPD02378800HPCPHI19480700010040100 00000g 1300 99999[ 2400 99999] 2500 00000I 
HPD02378800HPCPHI19480700180041700 00006  1800 00028  1900 00001  2500 00035  
HPD02378800HPCPHI19480700210040200 00004  0300 00001  0600 00001  2500 00006  
HPD02378800HPCPHI19480700220061700 00014  1800 00002  1900 00006  2000 00002  2100 00004  2500 00028  
HPD02378800HPCPHI19480700230070100 00001  0200 00001  0400 00001  0500 00001  0600 00003  0700 00001  2500 00008  
HPD02378800HPCPHI19480700240021200 00006  2500 00006  
HPD02378800HPCPHI19480700260031800 00011  1900 00001  2500 00012  
HPD02378800HPCPHI19480800010040100 00000g 1300 99999[ 2400 99999] 2500 00000I 
HPD02378800HPCPHI19480800040091200 00006  1500 00002  1600 00003  1800 00079  1900 00027  2000 00006  2100 00002  2200 00001  2500 00126  
HPD02378800HPCPHI19480800060111500 00002  1600 00037  1700 00004  1800 00001  1900 00001  2000 00002  2100 00002  2200 00002  2300 00008  2400 00011  2500 00070  
HPD02378800HPCPHI19480800180021700 00003  2500 00003  
HPD02378800HPCPHI19480900010040100 00000g 1300 99999[ 2400 99999] 2500 00000I 
HPD02378800HPCPHI19480900150031800 00001  2400 00001  2500 00002  
HPD02378800HPCPHI19480900160100200 00001  0300 00004  0400 00002  0500 00001  0800 00001  1000 00002  1100 00039  1200 00001  1400 00002  2500 00053  
HPD02378800HPCPHI19481000010040100 00000g 1300 99999[ 2400 99999] 2500 00000I 
HPD02378800HPCPHI19481000180100500 00001  0600 00006  0800 00008  1300 00010  1400 00012  1500 00009  1600 00001  2300 00007  2400 00006  2500 00060  
HPD02378800HPCPHI19481000190030400 00001  0500 00001  2500 00002  
HPD02378800HPCPHI19481000300160700 00001  0800 00001  0900 00003  1000 00001  1100 00002  1200 00010  1300 00014  1400 00009  1500 00007  1600 00003  1700 00002  2000 00001  2100 00001  2200 00004  2300 00001  2500 00060  
HPD02378800HPCPHI19481000310030400 00001  0500 00001  2500 00002  
HPD02378800HPCPHI19481100010040100 00000g 1300 99999[ 2400 99999] 2500 00000I 
HPD02378800HPCPHI19481200010040100 00000g 1300 99999[ 2400 99999] 2500 00000I 
HPD02378800HPCPHI19481200040030200 99999a 0600 00010A 2500 00010  
HPD02378800HPCPHI19481200170090800 00004  0900 00001  1000 00001  1100 00001  1200 00001  1300 00001  1500 00001  1600 00001  2500 00011  
HPD02378800HPCPHI19481200220071800 00003  1900 00003  2100 00002  2200 00001  2300 00001  2400 00004  2500 00014  
HPD02378800HPCPHI19481200230070100 00005  0200 00003  0300 00003  0400 00004  0500 00004  0600 00001  2500 00020  
HPD02378800HPCPHI19481200270080500 00003  0600 00002  0700 00005  0800 00005  0900 00010  1000 00009  1100 00002  2500 00036  
HPD02378800HPCPHI19490100010030100 00000g 2300 99999a 2500 00000I 
HPD02378800HPCPHI19490100020020600 00030A 2500 00030P 
HPD02378800HPCPHI19490100090031400 00001  1500 00002  2500 00003  
HPD02378800HPCPHI19490100100030400 99999a 2000 00032A 2500 00032  
HPD02378800HPCPHI19490100120050500 99999a 2000 00051A 2300 00001  2400 00001  2500 00053  
HPD02378800HPCPHI19490100130160100 00004  0200 00005  0400 00005  0500 00004  0600 00016  0700 00004  0800 00007  0900 00002  1000 00002  1100 00008  1200 00005  1300 00002  1400 00001  1500 00001  1900 00003  2500 00069  
HPD02378800HPCPHI19490100140090500 00001  0700 00001  0800 00003  0900 00002  1000 00001  1100 00002  1300 00002  1400 00003  2500 00015  
HPD02378800HPCPHI19490100190062000 00001  2100 00002  2200 00002  2300 00002  2400 00001  2500 00008  
HPD02378800HPCPHI19490100200110100 00002  0200 00002  0300 00001  0400 00001  0500 00001  1200 00001  1300 00001  1400 00001  1500 00001  1600 00001  2500 00012  
HPD02378800HPCPHI19490100230120200 00005  0300 00005  0500 00010  0600 00002  0900 00001  1000 00001  1100 99999a 1900 00006A 2200 00001  2300 00005  2400 00004  2500 00040  
HPD02378800HPCPHI19490100240090100 00004  0200 00005  0400 00001  1200 00001  1300 00001  2200 00001  2300 00001  2400 00004  2500 00018  
HPD02378800HPCPHI19490100250160100 00009  0200 00003  0300 00004  0400 00002  0500 00004  0600 00001  0700 00004  0800 00005  0900 00002  1000 00003  1100 00005  1200 00004  1300 99999a 1900 00028A 2400 00001  2500 00075  
HPD02378800HPCPHI19490100260020200 00001  2500 00001  
HPD02378800HPCPHI19490200010040100 00000g 1300 99999[ 2400 99999] 2500 00000I 
HPD02378800HPCPHI19490200020061500 00001  1700 00001  1800 00001  1900 00001  2000 00001  2500 00005  
HPD02378800HPCPHI19490200030061500 00001  1600 00003  1700 00003  1800 00002  2000 00001  2500 00010  
HPD02378800HPCPHI19490200270050600 00001  1000 00001  1300 00001  1500 00001  2500 00004  
HPD02378800HPCPHI19490200280041300 00001  1400 00002  1500 00003  2500 00006  
HPD02378800HPCPHI19490300010040100 00000g 1300 99999[ 2400 99999] 2500 00000I 
HPD02378800HPCPHI19490300230041000 00002  1200 00001  1500 00002  2500 00005  
HPD02378800HPCPHI19490300280071300 00004  1400 00004  1500 00001  1600 00001  1700 00007  1900 00002  2500 00019  
HPD02378800HPCPHI19490300290050500 00001  0900 00004  1000 00014  1100 00002  2500 00021  
HPD02378800HPCPHI19490300310070600 00001  1000 00003  1100 00001  1200 00002  2300 00001  2400 00004  2500 00012  
HPD02378800HPCPHI19490400010120100 00000g 0400 00001  0500 00001  0700 00001  0800 00001  0900 00003  1000 00010  1100 00021  1200 00023  1300 00001  1600 00001  2500 00063  
HPD02378800HPCPHI19490400070041800 00005  1900 00005  2000 00006  2500 00016  
HPD02378800HPCPHI19490500010040100 00000g 1300 99999[ 2400 99999] 2500 00000I 
HPD02378800HPCPHI19490500150071000 00004  1100 00002  1800 00001  2200 00002  2300 00004  2400 00004  2500 00017  
HPD02378800HPCPHI19490500160050100 00001  0200 00009  0500 00002  0600 00001  2500 00013  
HPD02378800HPCPHI19490500170061900 00002  2000 00002  2100 00008  2200 00002  2300 00001  2500 00015  
HPD02378800HPCPHI19490600010040100 00000g 1300 99999[ 2400 99999] 2500 00000I 
HPD02378800HPCPHI19490600030081200 00001  1300 00003  1600 00001  2100 00004  2200 00001  2300 00001  2400 00002  2500 00013  
HPD02378800HPCPHI19490600040040100 00002  0200 00001  2200 00001  2500 00004  
HPD02378800HPCPHI19490600050022000 00001  2500 00001  
HPD02378800HPCPHI19490600060040200 00001  0400 00001  0700 00001  2500 00003  
HPD02378800HPCPHI19490700010030100 00000g 1700 00006  2500 00006  
HPD02378800HPCPHI19490700020020800 00001  2500 00001  
HPD02378800HPCPHI19490700030021100 00001  2500 00001  
HPD02378800HPCPHI19490700040041400 00003  1600 00014  1800 00004  2500 00021  
HPD02378800HPCPHI19490700100031600 00081  1700 00008  2500 00089  
HPD02378800HPCPHI19490700110071900 00001  2000 00035  2100 00001  2200 00005  2300 00005  2400 00004  2500 00051  
HPD02378800HPCPHI19490700120020100 00001  2500 00001  
HPD02378800HPCPHI19490700230031300 00001  1400 00001  2500 00002  
HPD02378800HPCPHI19490700310031400 00038  1500 00022  2500 00060  
HPD02378800HPCPHI19490800010040100 00000g 1700 00002  1800 00003  2500 00005  
HPD02378800HPCPHI19490800080041300 00007  1400 00001  1500 00008  2500 00016  
HPD02378800HPCPHI19490800220052100 00004  2200 00004  2300 00027  2400 00004  2500 00039  
HPD02378800HPCPHI19490800230080200 00010  0300 00007  0400 00009  0500 00006  0600 00001  0700 00002  0800 00002  2500 00037  
HPD02378800HPCPHI19490900010040100 00000g 1300 99999[ 2400 99999] 2500 00000I 
HPD02378800HPCPHI19490900070041100 00001  1200 00001  1400 00005  2500 00007  
HPD02378800HPCPHI19490900080041300 00014  1400 00002  1500 00001  2500 00017  
HPD02378800HPCPHI19490900090040900 00002  1300 00003  1400 00001  2500 00006  
HPD02378800HPCPHI19490900200031600 00001  1700 00001  2500 00002  
HPD02378800HPCPHI19490900250042200 00001  2300 00011  2400 00005  2500 00017  
HPD02378800HPCPHI19490900260060100 00003  0200 00005  0300 00003  0400 00001  0500 00001  2500 00013  
HPD02378800HPCPHI19490900270031200 00001  1300 00001  2500 00002  
HPD02378800HPCPHI19491000010040100 00000g 1300 99999[ 2400 99999] 2500 00000I 
HPD02378800HPCPHI19491000030021500 00001  2500 00001  
HPD02378800HPCPHI19491000040041200 00001  1800 00002  1900 00001  2500 00004  
HPD02378800HPCPHI19491000080051200 00002  2100 00001  2300 00001  2400 00001  2500 00005  
HPD02378800HPCPHI19491000090030100 00001  0200 00002  2500 00003  
HPD02378800HPCPHI19491000160021400 00001  2500 00001  
HPD02378800HPCPHI19491000170030900 00002  1000 00002  2500 00004  
HPD02378800HPCPHI19491000190090400 00002  0500 00002  0600 00001  0800 00001  1000 00001  1100 00005  1200 00001  1500 00001  2500 00014  
HPD02378800HPCPHI19491100010040100 00000g 1300 99999[ 2400 99999] 2500 00000I 
HPD02378800HPCPHI19491100100091300 00002  1400 00001  1500 00007  1600 00017  1700 00008  1800 00002  2100 00006  2200 00002  2500 00045  
HPD02378800HPCPHI19491200010040100 00000g 1300 99999[ 2400 99999] 2500 00000I 
HPD02378800HPCPHI19491200090090700 00001  0800 00001  0900 00001  1100 00002  1800 00002  2100 00001  2300 00004  2400 00002  2500 00014  
HPD02378800HPCPHI19491200100110100 00001  0700 00001  0800 00012  0900 00002  1000 00004  1100 00005  1200 00005  1300 00004  1400 00005  1600 00002  2500 00041  
HPD02378800HPCPHI19491200160041600 00001  1800 00001  1900 00001  2500 00003  
HPD02378800HPCPHI19491200190071300 00007  1400 00013  1500 00001  2000 00006  2100 00006  2200 00004  2500 00037  
HPD02378800HPCPHI19491200200040100 00001  0400 00001  0600 00001  2500 00003  
HPD02378800HPCPHI19500100010040100 00000g 1300 99999[ 2400 99999] 2500 00000I 
HPD02378800HPCPHI19500100090040200 00001  0300 00003  0400 00004  2500 00008  
HPD02378800HPCPHI19500100280041700 00001  1800 00002  1900 00001  2500 00004  
HPD02378800HPCPHI19500100290091000 00001  1100 00002  1500 00004  1600 00003  1700 00003  1900 00003  2100 00001  2300 00001  2500 00018  
HPD02378800HPCPHI19500200010040100 00000g 1300 99999[ 2400 99999] 2500 00000I 
HPD02378800HPCPHI19500200060041200 00002  1300 00003  2300 00003  2500 00008  
HPD02378800HPCPHI19500200070080100 00001  0200 00008  0300 00003  0500 00003  0600 00011  0700 00005  0800 00001  2500 00032  
HPD02378800HPCPHI19500200100031200 00002  1300 00003  2500 00005  
HPD02378800HPCPHI19500200110090200 00001  0400 00002  0500 00005  0600 00004  0700 00001  0900 00001  1000 00001  1100 00011  2500 00026  
HPD02378800HPCPHI19500200260032300 00001  2400 00008  2500 00009  
HPD02378800HPCPHI19500200270040100 00002  0200 00001  0700 00001  2500 00004  
HPD02378800HPCPHI19500300010040100 00000g 2200 00003  2300 00002  2500 00005  
HPD02378800HPCPHI19500300020030200 00001  0300 00001  2500 00002  
HPD02378800HPCPHI19500300250090300 00003  0400 00001  0500 00005  0600 00006  0700 00008  0800 00002  1000 00004  1100 00003  2500 00032  
HPD02378800HPCPHI19500400010040100 00000g 1300 99999[ 2400 99999] 2500 00000I 
HPD02378800HPCPHI19500400090020400 00005  2500 00005  
HPD02378800HPCPHI19500500010040100 00000g 1300 99999[ 2400 99999] 2500 00000I 
HPD02378800HPCPHI19500600010040100 00000g 1300 99999[ 2400 99999] 2500 00000I 
HPD02378800HPCPHI19500700010040100 00000g 1300 99999[ 2400 99999] 2500 00000I 
HPD02378800HPCPHI19500700040021900 00002  2500 00002  
HPD02378800HPCPHI19500700050062000 00006  2100 00015  2200 00016  2300 00009  2400 00009  2500 00055  
HPD02378800HPCPHI19500700060090100 00004  0200 00005  0300 00001  0400 00001  0500 00003  0600 00001  2100 00012  2200 00001  2500 00028  
HPD02378800HPCPHI19500700070031400 00001  1900 00005  2500 00006  
HPD02378800HPCPHI19500700080031300 00004  1400 00001  2500 00005  
HPD02378800HPCPHI19500700160032200 00034  2300 00001  2500 00035  
HPD02378800HPCPHI19500700170031400 00013  1500 00002  2500 00015  
HPD02378800HPCPHI19500700210021800 00011  2500 00011  
HPD02378800HPCPHI19500700220032000 00002  2100 00003  2500 00005  
HPD02378800HPCPHI19500700230052000 00004  2100 00001  2200 00015  2300 00010  2500 00030  
HPD02378800HPCPHI19500700260041500 00001  1600 00016  1700 00001  2500 00018  
HPD02378800HPCPHI19500700280021900 00015  2500 00015  
HPD02378800HPCPHI19500700310021400 00020  2500 00020  
HPD02378800HPCPHI19500800010020100 00000g 2500 00000  
HPD02378800HPCPHI19500800030021400 00004  2500 00004  
HPD02378800HPCPHI19500800100020500 00005  2500 00005  
HPD02378800HPCPHI19500800110041400 00009  1600 00001  1700 00001  2500 00011  
HPD02378800HPCPHI19500800190021700 00006  2500 00006  
HPD02378800HPCPHI19500800200021800 00004  2500 00004  
HPD02378800HPCPHI19500800250040500 00004  0600 00003  0700 00002  2500 00009  
HPD02378800HPCPHI19500900010020100 00000g 2500 00000  
HPD02378800HPCPHI19500900030021800 00002  2500 00002  
HPD02378800HPCPHI19500900040041700 00003  1800 00001  1900 00001  2500 00005  
HPD02378800HPCPHI19500900060022100 00001  2500 00001  
HPD02378800HPCPHI19500900070031700 00018  1800 00006  2500 00024  
HPD02378800HPCPHI19501000010040100 00000g 1300 99999[ 2400 99999] 2500 00000I 
HPD02378800HPCPHI19501100010020100 00000g 2500 00000  
HPD02378800HPCPHI19501100140050400 00005  0700 00001  0900 00001  1800 00001  2500 00008  
HPD02378800HPCPHI19501200010020100 00000g 2500 00000  
HPD02378800HPCPHI19501200150031000 00002  1100 00001  2500 00003  
HPD02378800HPCPHI19501200310031000 00002  1100 00004  2500 00006  
HPD02378800HPCPHI19510100010020100 00000g 2500 00000  
HPD02378800HPCPHI19510100110052100 00005  2200 00010  2300 00017  2400 00004  2500 00036  
HPD02378800HPCPHI19510100120090100 00001  0200 00001  0400 00001  0500 00001  0700 00001  0800 00001  1000 00005  1100 00007  2500 00018  
HPD02378800HPCPHI19510100290051800 00013  1900 00008  2000 00003  2400 00002  2500 00026  
HPD02378800HPCPHI19510100300050100 00002  0200 00001  0300 00003  0400 00001  2500 00007  
HPD02378800HPCPHI19510200010040100 00000g 1300 99999[ 2400 99999] 2500 00000I 
HPD02378800HPCPHI19510200190030100 00001  0200 00001  2500 00002  
HPD02378800HPCPHI19510200220042200 00001  2300 00002  2400 00003  2500 00006  
HPD02378800HPCPHI19510200230060100 00003  0200 00003  0300 00008  0400 00001  1500 00005  2500 00020  
HPD02378800HPCPHI19510200270021400 00005  2500 00005  
HPD02378800HPCPHI19510300010050100 00000g 1800 00001  1900 00001  2000 00002  2500 00004  
HPD02378800HPCPHI19510300020090300 00001  0500 00001  0600 00002  0700 00001  0800 00009  0900 00002  1000 00001  1100 00001  2500 00018  
HPD02378800HPCPHI19510400010040100 00000g 1300 99999[ 2400 99999] 2500 00000I 
HPD02378800HPCPHI19510400040031600 00001  1700 00001  2500 00002  
HPD02378800HPCPHI19510400050111200 00038  1300 00004  1600 00023  1700 00006  1800 00001  1900 00003  2000 00002  2100 00001  2300 00001  2400 00001  2500 00080  
HPD02378800HPCPHI19510400060030100 00001  0300 00001  2500 00002  
HPD02378800HPCPHI19510400190110200 00002  0400 00001  0600 00001  0800 00001  0900 00001  1000 00008  1100 00003  1600 00018  1800 00002  1900 00001  2500 00038  
HPD02378800HPCPHI19510400250032300 00010  2400 00002  2500 00012  
HPD02378800HPCPHI19510400260050100 00001  0600 00006  0800 00001  1000 00006  2500 00014  
HPD02378800HPCPHI19510400290050100 00001  0200 00001  0300 00017  0400 00013  2500 00032  
HPD02378800HPCPHI19510500010020100 00000g 2500 00000  
HPD02378800HPCPHI19510500140160700 00002  0800 00005  0900 00002  1000 00003  1100 00002  1200 00006  1300 00008  1400 00004  1500 00001  1600 00002  2000 00008  2100 00002  2200 00001  2300 00001  2400 00004  2500 00051  
HPD02378800HPCPHI19510500150060100 00005  0200 00002  0300 00001  0400 00001  1300 00002  2500 00011  
HPD02378800HPCPHI19510500210030300 00001  0600 00001  2500 00002  
HPD02378800HPCPHI19510500220031200 00011  1300 00001  2500 00012  
HPD02378800HPCPHI19510600010020100 00000g 2500 00000  
HPD02378800HPCPHI19510700010020100 00000g 2500 00000  
HPD02378800HPCPHI19510700160031700 00030  1800 00120  2500 00150  
HPD02378800HPCPHI19510700270042200 00027  2300 00011  2400 00002  2500 00040  
HPD02378800HPCPHI19510700310020900 00001  2500 00001  
HPD02378800HPCPHI19510800010020100 00000g 2500 00000  
HPD02378800HPCPHI19510800020050900 00008  1000 00001  1100 00001  1600 00003  2500 00013  
HPD02378800HPCPHI19510800030130400 00015  0500 00017  0600 00015  0900 00002  1000 00002  1100 00005  1200 00001  1300 00001  1400 00001  1500 00013  1600 00045  1700 00040  2500 00157  
HPD02378800HPCPHI19510800150021600 00012  2500 00012  
HPD02378800HPCPHI19510800190021400 00001  2500 00001  
HPD02378800HPCPHI19510800200022400 00003  2500 00003  
HPD02378800HPCPHI19510800270021400 00004  2500 00004  
HPD02378800HPCPHI19510800280160900 00002  1000 00001  1100 00007  1300 00005  1400 00015  1500 00027  1600 00008  1700 00010  1800 00005  1900 00001  2000 00005  2100 00014  2200 00019  2300 00009  2400 00012  2500 00140  
HPD02378800HPCPHI19510800290120100 00012  0200 00015  0300 00013  0400 00009  0500 00003  0600 00016  0700 00009  0800 00008  1000 00003  1100 00002  1400 00001  2500 00091  
HPD02378800HPCPHI19510900010020100 00000g 2500 00000  
HPD02378800HPCPHI19510900280080500 00003  0800 00001  1100 00001  1200 00005  1400 00035  1500 00003  1600 00001  2500 00049  
HPD02378800HPCPHI19511000010040100 00000g 0900 00001  1000 00001  2500 00002  
HPD02378800HPCPHI19511000040021900 00001  2500 00001  
HPD02378800HPCPHI19511000250130200 00001  0400 00001  1100 00003  1200 00005  1300 00005  1400 00005  1500 00005  1600 00001  1700 00004  1800 00010  1900 00010  2000 00007  2500 00057  
HPD02378800HPCPHI19511000300101100 00007  1200 00010  1300 00005  1400 00010  1500 00025  1600 00003  1700 00001  2300 00001  2400 00005  2500 00067  
HPD02378800HPCPHI19511000310020100 00003  2500 00003  
HPD02378800HPCPHI19511100010020100 00000g 2500 00000  
HPD02378800HPCPHI19511100220022400 00004  2500 00004  
HPD02378800HPCPHI19511100230140100 00011  0200 00005  0300 00007  0400 00008  0500 00010  0600 00010  0700 00005  0800 00001  0900 00002  1000 00001  1200 00001  1400 00003  1500 00002  2500 00066  
HPD02378800HPCPHI19511100240040200 00001  0300 00001  0600 00001  2500 00003  
HPD02378800HPCPHI19511200010020100 00000g 2500 00000  
HPD02378800HPCPHI19511200050070600 00002  0700 00030  0800 00020  1400 00001  1700 00002  1800 00002  2500 00057  
HPD02378800HPCPHI19511200120031800 00002  1900 00001  2500 00003  
HPD02378800HPCPHI19511200130050500 00001  0900 00001  1300 00002  1400 00001  2500 00005  
HPD02378800HPCPHI19511200190041500 00005  1600 00005  1800 00015  2500 00025  
HPD02378800HPCPHI19511200290051700 00003  1800 00003  1900 00004  2300 00002  2500 00012  
HPD02378800HPCPHI19511200300150300 00001  0400 00002  0500 00002  0600 00003  0700 00005  0800 00013  0900 00003  1000 00009  1100 00005  1200 00005  1300 00015  1400 00018  1500 00017  1600 00010  2500 00108  
HPD02378800HPCPHI19511200310030100 00010  0200 00002  2500 00012  
HPD02378800HPCPHI19520100010020100 00000g 2500 00000  
HPD02378800HPCPHI19520100060062000 00003  2100 00002  2200 00005  2300 00008  2400 00017  2500 00035  
HPD02378800HPCPHI19520100070100100 00015  0200 00006  0300 00010  0400 00003  0500 00001  0600 00005  1000 00001  1100 00001  1200 00003  2500 00045  
HPD02378800HPCPHI19520100130041400 00014  1500 00015  1600 00011  2500 00040  
HPD02378800HPCPHI19520100180130100 00001  0200 00004  0300 00001  0400 00002  0500 00002  0600 00005  0700 00005  0800 00010  0900 00019  1000 00004  1100 00010  1200 00001  2500 00064  
HPD02378800HPCPHI19520100250021700 00008  2500 00008  
HPD02378800HPCPHI19520200010020100 00000g 2500 00000  
HPD02378800HPCPHI19520200100040300 00001  0400 00001  1400 00001  2500 00003  
HPD02378800HPCPHI19520200180030500 00003  0600 00002  2500 00005  
HPD02378800HPCPHI19520200290042200 00003  2300 00005  2400 00009  2500 00017  
HPD02378800HPCPHI19520300010070100 00015  0200 00010  0300 00003  1800 00004  1900 00011  2000 00002  2500 00045  
HPD02378800HPCPHI19520300080091400 00020  1500 00015  1600 00015  1700 00010  1800 00006  1900 00001  2000 00003  2100 00010  2500 00080  
HPD02378800HPCPHI19520300100022000 99999a 2500 00000I 
HPD02378800HPCPHI19520300110020900 00063A 2500 00063P 
HPD02378800HPCPHI19520300160050700 00006  0800 00018  0900 00006  1000 00010  2500 00040  
HPD02378800HPCPHI19520400010020100 00000g 2500 00000  
HPD02378800HPCPHI19520400190052100 00004  2200 00011  2300 00027  2400 00001  2500 00043  
HPD02378800HPCPHI19520400200041800 00001  1900 00001  2000 00005  2500 00007  
HPD02378800HPCPHI19520400240031600 00004  1700 00001  2500 00005  
HPD02378800HPCPHI19520400250021900 00003  2500 00003  
HPD02378800HPCPHI19520400270090800 00012  1400 00001  1800 00009  1900 00007  2000 00009  2100 00005  2200 00009  2300 00005  2500 00057  
HPD02378800HPCPHI19520400290051200 00009  1300 00001  1400 00001  1500 00001  2500 00012  
HPD02378800HPCPHI19520500010020100 00000g 2500 00000  
HPD02378800HPCPHI19520600010020100 00000g 2500 00000  
HPD02378800HPCPHI19520600020081800 00012  1900 00021  2000 00024  2100 00016  2200 00003  2300 00001  2400 00001  2500 00078  
HPD02378800HPCPHI19520600030060300 00001  0400 00008  0500 00003  0600 00003  0800 00003  2500 00018  
HPD02378800HPCPHI19520600040022000 00002  2500 00002  
HPD02378800HPCPHI19520700010020100 00000g 2500 00000  
HPD02378800HPCPHI19520700060031500 00006  1600 00014  2500 00020  
HPD02378800HPCPHI19520700230021600 00002  2500 00002  
HPD02378800HPCPHI19520700240020300 00001  2500 00001  
HPD02378800HPCPHI19520700260021900 00006  2500 00006  
HPD02378800HPCPHI19520700270031500 00002  1600 00004  2500 00006  
HPD02378800HPCPHI19520700280060200 00002  2100 00010  2200 00005  2300 00010  2400 00005  2500 00032  
HPD02378800HPCPHI19520800010020100 00000g 2500 00000  
HPD02378800HPCPHI19520800130031700 00037  1800 00001  2500 00038  
HPD02378800HPCPHI19520800200041300 00064  1400 00004  1500 00001  2500 00069  
HPD02378800HPCPHI19520800220021600 00001  2500 00001  
HPD02378800HPCPHI19520800260041200 00003  1300 00011  1400 00013  2500 00027  
HPD02378800HPCPHI19520900010020100 00000g 2500 00000  
HPD02378800HPCPHI19520900190052100 00001  2200 00002  2300 00002  2400 00003  2500 00008  
HPD02378800HPCPHI19520900200140100 00001  0500 00022  0600 00022  0700 00005  0800 00005  0900 00007  1000 00005  1100 00001  1700 00001  1800 00001  1900 00001  2000 00001  2400 00006  2500 00078  
HPD02378800HPCPHI19520900210030100 00007  0200 00001  2500 00008  
HPD02378800HPCPHI19521000010020100 00000g 2500 00000  
HPD02378800HPCPHI19521100010020100 00000g 2500 00000  
HPD02378800HPCPHI19521100080070500 00005  0700 00015  0800 00005  1500 00010  1600 00014  1700 00001  2500 00050  
HPD02378800HPCPHI19521100140032000 00030  2100 00006  2500 00036  
HPD02378800HPCPHI19521100150051800 00002  1900 00006  2000 00012  2100 00003  2500 00023  
HPD02378800HPCPHI19521100160071100 00003  1200 00007  1300 00002  1400 00005  1500 00006  1600 00001  2500 00024  
HPD02378800HPCPHI19521100230080200 00006  0300 00002  0400 00001  0500 00002  0600 00004  0700 00001  0800 00001  2500 00017  
HPD02378800HPCPHI19521100300051100 00001  1200 00001  1400 00001  1500 00001  2500 00004  
HPD02378800HPCPHI19521200010020100 00000g 2500 00000  
HPD02378800HPCPHI19521200160021900 00002  2500 00002  
HPD02378800HPCPHI19521200170090100 00001  0400 00003  0500 00017  0600 00008  1900 00003  2100 00003  2300 00001  2400 00006  2500 00042  
HPD02378800HPCPHI19521200180020300 00002  2500 00002  
HPD02378800HPCPHI19521200200081700 00002  1800 00027  1900 00018  2000 00007  2100 00001  2300 00001  2400 00005  2500 00061  
HPD02378800HPCPHI19521200210040100 00004  0200 00003  0300 00001  2500 00008  
HPD02378800HPCPHI19521200310050300 00001  0400 00005  0500 00001  0600 00001  2500 00008  
HPD02378800HPCPHI19530100010020100 00000g 2500 00000  
HPD02378800HPCPHI19530100070030600 00002  1800 00001  2500 00003  
HPD02378800HPCPHI19530100140020200 00007  2500 00007  
HPD02378800HPCPHI19530200010020100 00000g 2500 00000  
HPD02378800HPCPHI19530200240060800 00001  0900 00002  1000 00002  1500 00001  1600 00002  2500 00008  
HPD02378800HPCPHI19530300010020100 00000g 2500 00000  
HPD02378800HPCPHI19530300020070500 00002  0600 00004  0700 00001  0800 00003  1400 00001  1500 00001  2500 00012  
HPD02378800HPCPHI19530300290031400 00005  1500 00003  2500 00008  
HPD02378800HPCPHI19530300300030100 00001  0200 00001  2500 00002  
HPD02378800HPCPHI19530400010020100 00000g 2500 00000  
HPD02378800HPCPHI19530400210031900 00001  2000 00003  2500 00004  
HPD02378800HPCPHI19530400220041700 00010  1800 00026  1900 00001  2500 00037  
HPD02378800HPCPHI19530400270052000 00001  2100 00005  2200 00007  2300 00012  2500 00025  
HPD02378800HPCPHI19530400280040100 00001  0700 00001  0800 00002  2500 00004  
HPD02378800HPCPHI19530500010020100 00000g 2500 00000  
HPD02378800HPCPHI19530500150031600 00001  1800 00014  2500 00015  
HPD02378800HPCPHI19530600010020100 00000g 2500 00000  
HPD02378800HPCPHI19530700010020100 00000g 2500 00000  
HPD02378800HPCPHI19530700090031500 00040  1600 00006  2500 00046  
HPD02378800HPCPHI19530700120031700 00008  1800 00067  2500 00075  
HPD02378800HPCPHI19530700130061900 00011  2000 00003  2100 00007  2200 00004  2300 00003  2500 00028  
HPD02378800HPCPHI19530700150020700 00002  2500 00002  
HPD02378800HPCPHI19530700170051400 00026  1500 00001  1600 00003  1700 00002  2500 00032  
HPD02378800HPCPHI19530700240041500 00009  1600 00028  1700 00002  2500 00039  
HPD02378800HPCPHI19530700250021400 00005  2500 00005  
HPD02378800HPCPHI19530700270021800 00002  2500 00002  
HPD02378800HPCPHI19530700280031500 00004  1600 00001  2500 00005  
HPD02378800HPCPHI19530700300050400 00011  0500 00054  0600 00004  0700 00005  2500 00074  
HPD02378800HPCPHI19530800010040100 00000g 0400 00002  0500 00006  2500 00008  
HPD02378800HPCPHI19530800100051700 00069  1800 00001  2000 00001  2100 00004  2500 00075  
HPD02378800HPCPHI19530800150021100 00004  2500 00004  
HPD02378800HPCPHI19530800260150200 00001  0300 00024  0400 00002  0500 00001  0600 00002  0700 00019  0800 00012  0900 00021  1000 00003  1200 99999a 1700 00008A 1900 00017  2000 00016  2100 00002  2500 00128  
HPD02378800HPCPHI19530800280021400 00011  2500 00011  
HPD02378800HPCPHI19530900010020100 00000g 2500 00000  
HPD02378800HPCPHI19531000010020100 00000g 2500 00000  
HPD02378800HPCPHI19531000200020100 00002  2500 00002  
HPD02378800HPCPHI19531000220040800 00003  0900 00004  1000 00001  2500 00008  
HPD02378800HPCPHI19531100010020100 00000g 2500 00000  
HPD02378800HPCPHI19531100170031800 00010  1900 00007  2500 00017  
HPD02378800HPCPHI19531200010020100 00000g 2500 00000  
HPD02378800HPCPHI19531200040051400 00001  1500 00013  1600 00001  1700 00001  2500 00016  
HPD02378800HPCPHI19540100010020100 00000g 2500 00000  
HPD02378800HPCPHI19540100120042200 00005  2300 00003  2400 00009  2500 00017  
HPD02378800HPCPHI19540100130030100 00010  0200 00003  2500 00013  
HPD02378800HPCPHI19540100190090600 00006  0700 00002  1400 00003  1500 00003  1600 00001  1700 00001  2300 00010  2400 00007  2500 00033  
HPD02378800HPCPHI19540100200060100 00010  0200 00014  0300 00004  0400 00008  0500 00006  2500 00042  
HPD02378800HPCPHI19540100250080300 00002  0800 00004  0900 00006  1000 00012  1100 00001  1700 00015  1800 00005  2500 00045  
HPD02378800HPCPHI19540200010020100 00000g 2500 00000  
HPD02378800HPCPHI19540200130061700 00005  1900 00001  2000 00004  2100 00004  2400 00002  2500 00016  
HPD02378800HPCPHI19540200140120100 00001  0200 00005  0300 00002  0400 00001  1100 00014  1200 00003  1300 00001  1400 00001  2100 00011  2200 00007  2300 00001  2500 00047  
HPD02378800HPCPHI19540300010020100 00000g 2500 00000  
HPD02378800HPCPHI19540300170030300 99999a 0900 00047A 2500 00047  
HPD02378800HPCPHI19540300210052000 00001  2100 00010  2200 00004  2300 00003  2500 00018  
HPD02378800HPCPHI19540300220220100 00002  0200 00003  0300 00004  0400 00006  0500 00003  0600 00003  0700 00002  0800 00002  0900 00004  1000 00001  1100 00002  1200 00001  1400 00002  1500 00005  1600 00009  1700 00010  1800 00006  1900 00003  2000 00001  2300 00002  2400 00001  2500 00072  
HPD02378800HPCPHI19540300230080200 00003  0600 00005  1300 00010  1400 00001  1600 00005  1700 00004  1900 00001  2500 00029  
HPD02378800HPCPHI19540300250090600 00001  0800 00004  0900 00007  1000 00009  1100 00001  1900 00008  2000 00001  2100 00002  2500 00033  
HPD02378800HPCPHI19540300300021200 00004  2500 00004  
HPD02378800HPCPHI19540400010020100 00000g 2500 00000  
HPD02378800HPCPHI19540400300042200 00004  2300 00001  2400 00001  2500 00006  
HPD02378800HPCPHI19540500010020100 00000g 2500 00000  
HPD02378800HPCPHI19540500200021600 00002  2500 00002  
HPD02378800HPCPHI19540600010020100 00000g 2500 00000  
HPD02378800HPCPHI19540600250031400 00021  2400 00003  2500 00024  
HPD02378800HPCPHI19540600260021200 00002  2500 00002  
HPD02378800HPCPHI19540700010020100 00000g 2500 00000  
HPD02378800HPCPHI19540700030021400 00002  2500 00002  
HPD02378800HPCPHI19540700040021100 00003  2500 00003  
HPD02378800HPCPHI19540700120041900 00005  2000 00015  2200 00002  2500 00022  
HPD02378800HPCPHI19540700160021600 00006  2500 00006  
HPD02378800HPCPHI19540700230051600 00010  1700 00031  1800 00007  1900 00003  2500 00051  
HPD02378800HPCPHI19540700310021400 00005  2500 00005  
HPD02378800HPCPHI19540800010020100 00000g 2500 00000  
HPD02378800HPCPHI19540800020022100 00002  2500 00002  
HPD02378800HPCPHI19540800030032200 00064  2300 00020  2500 00084  
HPD02378800HPCPHI19540800090021800 00005  2500 00005  
HPD02378800HPCPHI19540800300031600 00003  1700 00001  2500 00004  
HPD02378800HPCPHI19540800310021500 00010  2500 00010  
HPD02378800HPCPHI19540900010060100 00000g 1800 00004  1900 00002  2000 00024  2100 00010  2500 00040  
HPD02378800HPCPHI19540900040021300 00017  2500 00017  
HPD02378800HPCPHI19540900110050700 00004  1200 00003  1400 00021  1500 00001  2500 00029  
HPD02378800HPCPHI19541000010020100 00000g 2500 00000  
HPD02378800HPCPHI19541100010020100 00000g 2500 00000  
HPD02378800HPCPHI19541100110030800 00004  0900 00001  2500 00005  
HPD02378800HPCPHI19541200010020100 00000g 2500 00000  
HPD02378800HPCPHI19541200030042100 00001  2200 00001  2300 00001  2500 00003  
HPD02378800HPCPHI19541200040020400 00011  2500 00011  
HPD02378800HPCPHI19541200100070400 00001  0500 00001  0600 00004  0700 00004  0800 00015  0900 00014  2500 00039  
HPD02378800HPCPHI19550100010020100 00000g 2500 00000  
HPD02378800HPCPHI19550100020071100 00004  1200 00002  1300 00002  1400 00002  1500 00002  1600 00002  2500 00014  
HPD02378800HPCPHI19550100030050600 00003  0700 00003  0800 00003  0900 00001  2500 00010  
HPD02378800HPCPHI19550100070070300 00003  0400 00007  0800 00002  1000 00001  1400 00002  1500 00001  2500 00016  
HPD02378800HPCPHI19550100100031700 00001  1900 00001  2500 00002  
HPD02378800HPCPHI19550100110020200 00001  2500 00001  
HPD02378800HPCPHI19550100160120300 00003  0400 00001  0700 00001  1000 00009  1100 00007  1200 00003  1300 00003  1400 00002  1500 00001  1800 00009  1900 00001  2500 00040  
HPD02378800HPCPHI19550100190060200 00003  0300 00007  0400 00004  0500 00001  0600 00001  2500 00016  
HPD02378800HPCPHI19550200010020100 00000g 2500 00000  
HPD02378800HPCPHI19550200020020900 00002  2500 00002  
HPD02378800HPCPHI19550200170051200 00002  2000 00004  2100 00005  2200 00005  2500 00016  
HPD02378800HPCPHI19550200180060200 00005  0500 00015  0700 00002  0800 00003  0900 00001  2500 00026  
HPD02378800HPCPHI19550200250040800 00002  0900 00002  1200 00003  2500 00007  
HPD02378800HPCPHI19550300010020100 00000g 2500 00000  
HPD02378800HPCPHI19550300200020500 00002  2500 00002  
HPD02378800HPCPHI19550400010020100 00000g 2500 00000  
HPD02378800HPCPHI19550400220051200 00009  1400 00001  1500 00002  1600 00007  2500 00019  
HPD02378800HPCPHI19550500010040100 00000g 0700 00001  0800 00001  2500 00002  
HPD02378800HPCPHI19550500020021000 00003  2500 00003  
HPD02378800HPCPHI19550500250021400 00002  2500 00002  
HPD02378800HPCPHI19550600010020100 00000g 2500 00000  
HPD02378800HPCPHI19550600090021900 00002  2500 00002  
HPD02378800HPCPHI19550600130050800 00010  1300 00010  1500 00005  2000 00009  2500 00034  
HPD02378800HPCPHI19550700010020100 00000g 2500 00000  
HPD02378800HPCPHI19550700130031500 00017  1600 00043  2500 00060  
HPD02378800HPCPHI19550700160031800 00021  1900 00003  2500 00024  
HPD02378800HPCPHI19550700180031500 00003  2200 00015  2500 00018  
HPD02378800HPCPHI19550700210021400 00011  2500 00011  
HPD02378800HPCPHI19550700230080100 00001  0200 00001  0300 00003  1700 00019  2100 00002  2200 00006  2300 00001  2500 00033  
HPD02378800HPCPHI19550700240041500 00047  1600 00022  1700 00013  2500 00082  
HPD02378800HPCPHI19550700300021700 00022  2500 00022  
HPD02378800HPCPHI19550700310041500 00003  1600 00007  1700 00001  2500 00011  
HPD02378800HPCPHI19550800010020100 00000g 2500 00000  
HPD02378800HPCPHI19550800020031500 99999a 2400 00025A 2500 00025  
HPD02378800HPCPHI19550800040040200 00003  0300 00001  1800 00015  2500 00019  
HPD02378800HPCPHI19550800080022400 00005  2500 00005  
HPD02378800HPCPHI19550800140031200 00019  1300 00016  2500 00035  
HPD02378800HPCPHI19550800160031700 00085  1800 00010  2500 00095  
HPD02378800HPCPHI19550800240031300 00004  1400 00002  2500 00006  
HPD02378800HPCPHI19550800250041300 00005  1400 00016  1500 00004  2500 00025  
HPD02378800HPCPHI19550900010020100 00000g 2500 00000  
HPD02378800HPCPHI19551000010020100 00000g 2500 00000  
HPD02378800HPCPHI19551000030021500 00005  2500 00005  
HPD02378800HPCPHI19551100010020100 00000g 2500 00000  
HPD02378800HPCPHI19551100130022400 00002  2500 00002  
HPD02378800HPCPHI19551100140040600 00004  0700 00005  0800 00004  2500 00013  
HPD02378800HPCPHI19551100210032200 00021  2300 00011  2500 00032  
HPD02378800HPCPHI19551100220020100 00005  2500 00005  
HPD02378800HPCPHI19551200010020100 00000g 2500 00000  
HPD02378800HPCPHI19551200020060200 00002  0300 00002  1000 00014  1100 00011  1200 00003  2500 00032  
HPD02378800HPCPHI19560100010020100 00000g 2500 00000  
HPD02378800HPCPHI19560100160051000 00001  1100 00004  1200 00034  1300 00001  2500 00040  
HPD02378800HPCPHI19560100210020500 00003  2500 00003  
HPD02378800HPCPHI19560100260050600 00002  0800 00001  1000 00001  1100 00001  2500 00005  
HPD02378800HPCPHI19560100270051400 00001  1500 00004  1600 00005  1700 00003  2500 00013  
HPD02378800HPCPHI19560200010020100 00000g 2500 00000  
HPD02378800HPCPHI19560200080030600 99999a 1100 00008A 2500 00008  
HPD02378800HPCPHI19560200160040900 00002  1000 00010  1100 00002  2500 00014  
HPD02378800HPCPHI19560300010020100 00000g 2500 00000  
HPD02378800HPCPHI19560400010020100 00000g 2500 00000  
HPD02378800HPCPHI19560400130031800 00002  1900 00001  2500 00003  
HPD02378800HPCPHI19560500010020100 00000g 2500 00000  
HPD02378800HPCPHI19560600010020100 00000g 2500 00000  
HPD02378800HPCPHI19560700010020100 00000g 2500 00000  
HPD02378800HPCPHI19560700180021900 00026  2500 00026  
HPD02378800HPCPHI19560700220021700 00015  2500 00015  
HPD02378800HPCPHI19560700230021000 00004  2500 00004  
HPD02378800HPCPHI19560700250051600 00053  1800 00001  1900 00004  2000 00002  2500 00060  
HPD02378800HPCPHI19560700260022100 00001  2500 00001  
HPD02378800HPCPHI19560700280021200 00018  2500 00018  
HPD02378800HPCPHI19560800010020100 00000g 2500 00000  
HPD02378800HPCPHI19560800120021500 00001  2500 00001  
HPD02378800HPCPHI19560800130031500 00002  1600 00001  2500 00003  
HPD02378800HPCPHI19560800170031300 00003  1400 00003  2500 00006  
HPD02378800HPCPHI19560900010020100 00000g 2500 00000  
HPD02378800HPCPHI19561000010020100 00000g 2500 00000  
HPD02378800HPCPHI19561100010020100 00000g 2500 00000  
HPD02378800HPCPHI19561200010020100 00000g 2500 00000  
HPD02378800HPCPHI19570100010020100 00000g 2500 00000  
HPD02378800HPCPHI19570100050060200 00005  0300 00013  0400 00002  1600 00003  1800 00001  2500 00024  
HPD02378800HPCPHI19570100070111100 00004  1200 00001  1300 00001  1500 00002  1600 00007  1700 00002  1900 00001  2000 00001  2200 00001  2300 00003  2500 00023  
HPD02378800HPCPHI19570100080020100 00001  2500 00001  
HPD02378800HPCPHI19570100100040700 00005  0800 00001  0900 00005  2500 00011  
HPD02378800HPCPHI19570100130030500 00007  0600 00003  2500 00010  
HPD02378800HPCPHI19570100260070100 00002  0200 00005  0300 00013  0400 00010  2200 00001  2300 00002  2500 00033  
HPD02378800HPCPHI19570100270030100 00001  0200 00001  2500 00002  
HPD02378800HPCPHI19570100280071600 00002  1800 00001  1900 00001  2000 00001  2100 00001  2200 00006  2500 00012  
HPD02378800HPCPHI19570100290021800 99999a 2500 00000I 
HPD02378800HPCPHI19570100300020900 00078A 2500 00078P 
HPD02378800HPCPHI19570200010020100 00000g 2500 00000  
HPD02378800HPCPHI19570200180041200 00002  1300 00001  2400 00002  2500 00005  
HPD02378800HPCPHI19570200190030100 00001  0200 00001  2500 00002  
HPD02378800HPCPHI19570200230051000 00001  1100 00001  1200 00002  1300 00001  2500 00005  
HPD02378800HPCPHI19570200280042200 00001  2300 00019  2400 00007  2500 00027  
HPD02378800HPCPHI19570300010080100 00000g 0200 00001  1200 00005  1300 00010  1400 00001  1800 00001  1900 00002  2500 00020  
HPD02378800HPCPHI19570300090042100 00001  2200 00002  2300 00001  2500 00004  
HPD02378800HPCPHI19570300160031600 00008  1700 00010  2500 00018  
HPD02378800HPCPHI19570300300020900 00002  2500 00002  
HPD02378800HPCPHI19570400010020100 00000g 2500 00000  
HPD02378800HPCPHI19570400180030600 00002  0700 00003  2500 00005  
HPD02378800HPCPHI19570400210100800 00001  0900 00002  1000 00002  1100 00003  1200 00001  1300 00006  1400 00005  1500 00005  1600 00001  2500 00026  
HPD02378800HPCPHI19570400220051000 00001  1100 00002  1200 00006  1300 00001  2500 00010  
HPD02378800HPCPHI19570400230040100 00002  0200 00001  0300 00001  2500 00004  
HPD02378800HPCPHI19570500010020100 00000g 2500 00000  
HPD02378800HPCPHI19570500060041500 00001  1900 00001  2000 00003  2500 00005  
HPD02378800HPCPHI19570500110031100 00007  1200 00003  2500 00010  
HPD02378800HPCPHI19570500120041000 00001  1100 00001  1200 00006  2500 00008  
HPD02378800HPCPHI19570500140032100 00009  2400 00006  2500 00015  
HPD02378800HPCPHI19570500150050100 00001  0200 00001  0400 00001  0500 00004  2500 00007  
HPD02378800HPCPHI19570500190041300 00001  1400 00001  1500 00003  2500 00005  
HPD02378800HPCPHI19570600010020100 00000g 2500 00000  
HPD02378800HPCPHI19570600100061700 00022  1800 00020  1900 00001  2000 00004  2100 00001  2500 00048  
HPD02378800HPCPHI19570700010020100 00000g 2500 00000  
HPD02378800HPCPHI19570700060031200 00001  1300 00064  2500 00065  
HPD02378800HPCPHI19570700090042200 00003  2300 00016  2400 00001  2500 00020  
HPD02378800HPCPHI19570700170041300 00001  1400 00001  1600 00003  2500 00005  
HPD02378800HPCPHI19570700260061300 00005  1800 00003  1900 00003  2200 00002  2300 00015  2500 00028  
HPD02378800HPCPHI19570700280051400 00017  1500 00001  1600 00002  1700 00003  2500 00023  
HPD02378800HPCPHI19570800010020100 00000g 2500 00000  
HPD02378800HPCPHI19570800110041300 00008  1400 00115  1600 00001  2500 00124  
HPD02378800HPCPHI19570800180022400 00004  2500 00004  
HPD02378800HPCPHI19570800190040100 00002  0200 00001  1600 00005  2500 00008  
HPD02378800HPCPHI19570800200021000 00003  2500 00003  
HPD02378800HPCPHI19570800210051200 00001  1300 00034  1400 00001  1700 00001  2500 00037  
HPD02378800HPCPHI19570900010020100 00000g 2500 00000  
HPD02378800HPCPHI19571000010020100 00000g 2500 00000  
HPD02378800HPCPHI19571000110051600 00004  1900 00006  2300 00008  2400 00002  2500 00020  
HPD02378800HPCPHI19571000130041800 00001  1900 00002  2400 00002  2500 00005  
HPD02378800HPCPHI19571000140020200 00003  2500 00003  
HPD02378800HPCPHI19571000150041700 00007  1800 00002  1900 00001  2500 00010  
HPD02378800HPCPHI19571000190031800 00001  1900 00001  2500 00002  
HPD02378800HPCPHI19571000200050100 00003  0600 00002  0700 00002  0900 00009  2500 00016  
HPD02378800HPCPHI19571000210081000 00001  1400 00001  1500 00038  1600 00013  1700 00002  1800 00001  1900 00002  2500 00058  
HPD02378800HPCPHI19571000280070800 00005  0900 00002  1000 00013  1100 00010  1200 00005  1300 00004  2500 00039  
HPD02378800HPCPHI19571000310180100 00002  0200 00004  0300 00001  0400 00003  0500 00002  0600 00013  0800 00010  0900 00018  1000 00015  1200 00006  1300 00011  1400 00013  1500 00020  1600 00022  1700 00010  1800 00003  2000 00001  2500 00154  
HPD02378800HPCPHI19571100010020100 00000g 2500 00000  
HPD02378800HPCPHI19571100020040800 00002  0900 00004  1000 00001  2500 00007  
HPD02378800HPCPHI19571100030070600 00001  0700 00004  0800 00002  0900 00004  1000 00002  1100 00005  2500 00018  
HPD02378800HPCPHI19571100050031800 00008  1900 00008  2500 00016  
HPD02378800HPCPHI19571100060030600 00001  0700 00001  2500 00002  
HPD02378800HPCPHI19571100150052100 00001  2200 00001  2300 00004  2400 00001  2500 00007  
HPD02378800HPCPHI19571100160031400 00007  1500 00003  2500 00010  
HPD02378800HPCPHI19571200010020100 00000g 2500 00000  
HPD02378800HPCPHI19571200050070300 00002  0900 00001  1000 00003  1300 00005  1700 00005  1800 00001  2500 00017  
HPD02378800HPCPHI19571200150131000 00001  1100 00007  1200 00002  1400 00007  1500 00002  1600 00003  1700 00001  1800 00001  2000 00001  2100 00002  2200 00003  2300 00001  2500 00031  
HPD02378800HPCPHI19571200170031000 00001  1100 00001  2500 00002  
HPD02378800HPCPHI19580100010020100 00000g 2500 00000  
HPD02378800HPCPHI19580100260041300 00002  1400 00023  1500 00022  2500 00047  
HPD02378800HPCPHI19580100270040100 00001  0200 00001  0300 00001  2500 00003  
HPD02378800HPCPHI19580200010020100 00000g 2500 00000  
HPD02378800HPCPHI19580200030061900 00007  2000 00015  2100 00001  2200 00001  2400 00001  2500 00025  
HPD02378800HPCPHI19580200040170100 00007  0200 00015  0300 00008  0400 00002  0600 00002  0800 00001  0900 00002  1000 00001  1100 00004  1300 00002  1400 00013  1500 00007  1600 00004  2200 00004  2300 00005  2400 00001  2500 00078  
HPD02378800HPCPHI19580200090030100 00009  0200 00003  2500 00012  
HPD02378800HPCPHI19580200130020900 00005  2500 00005  
HPD02378800HPCPHI19580200200031900 00002  2000 00001  2500 00003  
HPD02378800HPCPHI19580200250061100 00002  1200 00001  1300 00001  1400 00005  1500 00005  2500 00014  
HPD02378800HPCPHI19580300010020100 00000g 2500 00000  
HPD02378800HPCPHI19580300060061900 00013  2000 00007  2200 00001  2300 00004  2400 00002  2500 00027  
HPD02378800HPCPHI19580300070040100 00007  0200 00001  0400 00001  2500 00009  
HPD02378800HPCPHI19580300090020200 00005  2500 00005  
HPD02378800HPCPHI19580300120032300 00015  2400 00003  2500 00018  
HPD02378800HPCPHI19580300150051400 00005  1500 00006  1600 00004  1700 00002  2500 00017  
HPD02378800HPCPHI19580300160070300 00003  1200 00005  1300 00002  1500 00001  2300 00012  2400 00018  2500 00041  
HPD02378800HPCPHI19580300170020100 00025  2500 00025  
HPD02378800HPCPHI19580300220080100 00006  0200 00004  0300 00002  0400 00003  0500 00002  0600 00022  0700 00001  2500 00040  
HPD02378800HPCPHI19580300240040100 00001  0200 00002  0300 00002  2500 00005  
HPD02378800HPCPHI19580300270071800 00005  1900 00015  2000 00035  2100 00010  2200 00006  2300 00001  2500 00072  
HPD02378800HPCPHI19580400010070100 00000g 2000 00003  2100 00013  2200 00021  2300 00002  2400 00004  2500 00043  
HPD02378800HPCPHI19580400020040100 00019  0200 00005  0300 00001  2500 00025  
HPD02378800HPCPHI19580400030071500 00007  1600 00011  1700 00004  2000 00001  2100 00003  2300 00001  2500 00027  
HPD02378800HPCPHI19580400040021800 00002  2500 00002  
HPD02378800HPCPHI19580400070080600 00015  0700 00020  0800 00009  0900 00001  1300 00003  1500 00001  1600 00001  2500 00050  
HPD02378800HPCPHI19580500010040100 00000g 1600 00001  1700 00003  2500 00004  
HPD02378800HPCPHI19580500020031300 00001  1400 00001  2500 00002  
HPD02378800HPCPHI19580500100032100 00001  2200 00001  2500 00002  
HPD02378800HPCPHI19580500110100600 00002  0700 00003  0800 00009  0900 00003  1000 00010  1100 00005  1200 00003  1600 00002  1700 00005  2500 00042  
HPD02378800HPCPHI19580600010020100 00000g 2500 00000  
HPD02378800HPCPHI19580600210031900 00006  2000 00014  2500 00020  
HPD02378800HPCPHI19580700010020100 00000g 2500 00000  
HPD02378800HPCPHI19580700230040800 00004  0900 00001  1000 00001  2500 00006  
HPD02378800HPCPHI19580700290070100 00003  0200 00001  0300 00001  2100 00002  2200 00007  2300 00002  2500 00016  
HPD02378800HPCPHI19580800010030100 00000g 1600 00003  2500 00003  
HPD02378800HPCPHI19580800060032300 00022  2400 00010  2500 00032  
HPD02378800HPCPHI19580800070030100 00003  1600 00005  2500 00008  
HPD02378800HPCPHI19580800100021700 00005  2500 00005  
HPD02378800HPCPHI19580800110031700 00022  1800 00007  2500 00029  
HPD02378800HPCPHI19580800120032200 00003  2300 00015  2500 00018  
HPD02378800HPCPHI19580800140030500 00028  0600 00003  2500 00031  
HPD02378800HPCPHI19580800150040300 00090  0400 00003  1800 00020  2500 00113  
HPD02378800HPCPHI19580800170022000 00015  2500 00015  
HPD02378800HPCPHI19580800210030200 00003  0300 00002  2500 00005  
HPD02378800HPCPHI19580800230021300 00008  2500 00008  
HPD02378800HPCPHI19580900010020100 00000g 2500 00000  
HPD02378800HPCPHI19580900040022400 00015  2500 00015  
HPD02378800HPCPHI19580900050050100 00017  0200 00011  0300 00016  0400 00001  2500 00045  
HPD02378800HPCPHI19580900080050600 00004  0700 00008  0800 00004  1100 00012  2500 00028  
HPD02378800HPCPHI19580900120020600 00013  2500 00013  
HPD02378800HPCPHI19580900240040300 00013  0400 00015  0500 00004  2500 00032  
HPD02378800HPCPHI19580900260022400 00002  2500 00002  
HPD02378800HPCPHI19580900270040900 00001  1300 00005  2000 00002  2500 00008  
HPD02378800HPCPHI19580900280041400 00008  1500 00003  1600 00002  2500 00013  
HPD02378800HPCPHI19581000010020100 00000g 2500 00000  
HPD02378800HPCPHI19581000240061400 00003  2100 00003  2200 00008  2300 00020  2400 00001  2500 00035  
HPD02378800HPCPHI19581000250040100 00001  0200 00003  0300 00001  2500 00005  
HPD02378800HPCPHI19581100010020100 00000g 2500 00000  
HPD02378800HPCPHI19581100110120800 00005  0900 00005  1000 00012  1100 00008  1200 00011  1300 00007  1500 00026  1600 00007  2000 00001  2100 00004  2300 00002  2500 00088  
HPD02378800HPCPHI19581100150020600 00005  2500 00005  
HPD02378800HPCPHI19581200010020100 00000g 2500 00000  
HPD02378800HPCPHI19590100010020100 00000g 2500 00000  
HPD02378800HPCPHI19590100060030900 99999a 2000 00021A 2500 00021  
HPD02378800HPCPHI19590100200021000 99999[ 2500 00000I 
HPD02378800HPCPHI19590100310022400 99999] 2500 00000I 
