HPD02646802HPCPHT20050100010040100 00000g 0900 99999[ 1400 99999] 2500 00000I 
HPD02646802HPCPHT20050100030060300 00010  0400 00010  1200 00040  1300 00020  2100 00010  2500 00090  
HPD02646802HPCPHT20050100040040600 00010  0700 00010  1400 00010  2500 00030  
HPD02646802HPCPHT20050100260041400 99999{ 1500 99999} 1600 00010  2500 00010P 
HPD02646802HPCPHT20050100270020700 00010  2500 00010  
HPD02646802HPCPHT20050100300021100 00010  2500 00010  
HPD02646802HPCPHT20050200010020100 00000g 2500 00000  
HPD02646802HPCPHT20050200020031400 99999[ 1600 99999] 2500 00000I 
HPD02646802HPCPHT20050200070021100 00010  2500 00010  
HPD02646802HPCPHT20050200110040600 00010  1900 00010  2300 00010  2500 00030  
HPD02646802HPCPHT20050200120060300 00010  0500 00010  0700 00010  1100 00010  1700 00010  2500 00050  
HPD02646802HPCPHT20050200150022400 00010  2500 00010  
HPD02646802HPCPHT20050200180030300 00010  0600 00010  2500 00020  
HPD02646802HPCPHT20050200190060100 00010  0400 00040  0500 00020  0700 00010  1100 00010  2500 00090  
HPD02646802HPCPHT20050200200021000 00010  2500 00010  
HPD02646802HPCPHT20050200220040400 00010  0700 00010  0900 00010  2500 00030  
HPD02646802HPCPHT20050300010020100 00000g 2500 00000  
HPD02646802HPCPHT20050300050030600 00010  0700 00010  2500 00020  
HPD02646802HPCPHT20050300060030500 00010  0600 00010  2500 00020  
HPD02646802HPCPHT20050300130032200 00020  2300 00010  2500 00030  
HPD02646802HPCPHT20050300140021400 00010  2500 00010  
HPD02646802HPCPHT20050300190021400 00010  2500 00010  
HPD02646802HPCPHT20050300250050900 00010  1000 00010  1100 00010  1300 00010  2500 00040  
HPD02646802HPCPHT20050300290021000 00010  2500 00010  
HPD02646802HPCPHT20050400010020100 00000g 2500 00000  
HPD02646802HPCPHT20050400230022300 00010  2500 00010  
HPD02646802HPCPHT20050400240040100 00010  0300 00010  0400 00010  2500 00030  
HPD02646802HPCPHT20050500010020100 00000g 2500 00000  
HPD02646802HPCPHT20050500310031200 99999[ 2400 99999] 2500 00000I 
HPD02646802HPCPHT20050600010020100 00000g 2500 00000  
HPD02646802HPCPHT20050700010020100 00000g 2500 00000  
HPD02646802HPCPHT20050700260020200 00020  2500 00020  
HPD02646802HPCPHT20050800010030100 00000g 1200 99999[ 2500 00000I 
HPD02646802HPCPHT20050800310022400 99999] 2500 00000I 
HPD02646802HPCPHT20050900010020100 99999[ 2500 00000I 
HPD02646802HPCPHT20050900300022400 99999] 2500 00000I 
HPD02646802HPCPHT20051000010030100 99999[ 1400 99999] 2500 00000I 
HPD02646802HPCPHT20051000090030200 00010  0400 00010  2500 00020  
HPD02646802HPCPHT20051000180020600 00010  2500 00010  
HPD02646802HPCPHT20051000200021600 00010  2500 00010  
HPD02646802HPCPHT20051100010020100 99999[ 2500 00000I 
HPD02646802HPCPHT20051100300022400 99999] 2500 00000I 
HPD02646802HPCPHT20051200010030100 99999[ 1400 99999] 2500 00000I 
