HPD02080807HPCPHT20100100010020100 99999[ 2500 00000I 
HPD02080807HPCPHT20100100310022400 99999] 2500 00000I 
HPD02080807HPCPHT20100200010020100 99999[ 2500 00000I 
HPD02080807HPCPHT20100200280022400 99999] 2500 00000I 
HPD02080807HPCPHT20100300010020100 99999[ 2500 00000I 
HPD02080807HPCPHT20100300290031300 99999] 1400 00010  2500 00010I 
HPD02080807HPCPHT20100400010020100 00000g 2500 00000  
HPD02080807HPCPHT20100400190021200 00010  2500 00010  
HPD02080807HPCPHT20100400210021900 00010  2500 00010  
HPD02080807HPCPHT20100500010020100 00000g 2500 00000  
HPD02080807HPCPHT20100500020021700 00010  2500 00010  
HPD02080807HPCPHT20100600010020100 00000g 2500 00000  
HPD02080807HPCPHT20100600250021500 00010  2500 00010  
HPD02080807HPCPHT20100600280021700 00010  2500 00010  
HPD02080807HPCPHT20100600300021800 00010  2500 00010  
HPD02080807HPCPHT20100700010020100 00000g 2500 00000  
HPD02080807HPCPHT20100700110021400 00020  2500 00020  
HPD02080807HPCPHT20100700120030100 00010  1700 00010  2500 00020  
HPD02080807HPCPHT20100700140020600 00010  2500 00010  
HPD02080807HPCPHT20100700160022000 00010  2500 00010  
HPD02080807HPCPHT20100700220020300 00010  2500 00010  
HPD02080807HPCPHT20100700240021700 00010  2500 00010  
HPD02080807HPCPHT20100700250021800 00010  2500 00010  
HPD02080807HPCPHT20100700270060400 00010  1600 00010  1700 00010  1900 00010  2000 00010  2500 00050  
HPD02080807HPCPHT20100700280031800 00070  1900 00060  2500 00130  
HPD02080807HPCPHT20100700290030100 00010  1700 00010  2500 00020  
HPD02080807HPCPHT20100700300031600 00060  1700 00010  2500 00070  
HPD02080807HPCPHT20100700310032000 00020  2100 00020  2500 00040  
HPD02080807HPCPHT20100800010060100 00000g 0700 00010  0800 00020  0900 00050  1000 00010  2500 00090  
HPD02080807HPCPHT20100800020020200 99999{ 2500 00000P 
HPD02080807HPCPHT20100800310022400 99999} 2500 00000P 
HPD02080807HPCPHT20100900010020100 99999[ 2500 00000I 
HPD02080807HPCPHT20100900020020800 99999] 2500 00000I 
HPD02080807HPCPHT20100900070071500 00010  1900 00030  2000 00020  2100 00010  2200 00010  2300 00010  2500 00090  
HPD02080807HPCPHT20100900220030100 00010  1600 00010  2500 00020  
HPD02080807HPCPHT20100900230030200 00020  0300 00010  2500 00030  
HPD02080807HPCPHT20101000010020100 00000g 2500 00000  
HPD02080807HPCPHT20101000210021200 00030  2500 00030  
HPD02080807HPCPHT20101100010020100 00000g 2500 00000  
HPD02080807HPCPHT20101100280031300 00010  1700 00010  2500 00020  
HPD02080807HPCPHT20101200010020100 00000g 2500 00000  
HPD02080807HPCPHT20101200160041800 00010  2000 00010  2300 00010  2500 00030  
HPD02080807HPCPHT20101200220022300 00010  2500 00010  
HPD02080807HPCPHT20101200230030600 00010  0800 00010  2500 00020  
HPD02080807HPCPHT20101200290031800 00010  2400 00010  2500 00020  
HPD02080807HPCPHT20101200300040500 00010  0700 00010  1200 00010  2500 00030  
