HPD02174902HPCPHT20090100010020100 00000g 2500 00000  
HPD02174902HPCPHT20090100040050400 00010  1000 00010  1300 00010  1500 00010  2500 00040  
HPD02174902HPCPHT20090100050031000 00010  1200 00010  2500 00020  
HPD02174902HPCPHT20090100220031300 00010  1700 00010  2500 00020  
HPD02174902HPCPHT20090200010020100 00000g 2500 00000  
HPD02174902HPCPHT20090200020021500 00010  2500 00010  
HPD02174902HPCPHT20090200080021100 00010  2500 00010  
HPD02174902HPCPHT20090200090070200 00010  1000 00010  1600 00010  1800 00010  2200 00010  2400 00010  2500 00060  
HPD02174902HPCPHT20090200100041300 00010  1400 00010  1500 00010  2500 00030  
HPD02174902HPCPHT20090200170030800 00010  1000 00010  2500 00020  
HPD02174902HPCPHT20090300010020100 00000g 2500 00000  
HPD02174902HPCPHT20090300090021900 00010  2500 00010  
HPD02174902HPCPHT20090400010020100 00000g 2500 00000  
HPD02174902HPCPHT20090400030020600 00010  2500 00010  
HPD02174902HPCPHT20090400040021200 00010  2500 00010  
HPD02174902HPCPHT20090400110022000 00010  2500 00010  
HPD02174902HPCPHT20090500010020100 00000g 2500 00000  
HPD02174902HPCPHT20090500090021800 00020  2500 00020  
HPD02174902HPCPHT20090500210031300 00010  2200 00010  2500 00020  
HPD02174902HPCPHT20090500230061000 00010  1400 00030  1500 00030  1700 00010  2100 00020  2500 00100  
HPD02174902HPCPHT20090500240021000 00010  2500 00010  
HPD02174902HPCPHT20090500280021100 00010  2500 00010  
HPD02174902HPCPHT20090600010020100 00000g 2500 00000  
HPD02174902HPCPHT20090700010020100 00000g 2500 00000  
HPD02174902HPCPHT20090700260031400 00040  1600 00040  2500 00080  
HPD02174902HPCPHT20090700270031500 00040  1600 00010  2500 00050  
HPD02174902HPCPHT20090800010020100 00000g 2500 00000  
HPD02174902HPCPHT20090800050022100 00010  2500 00010  
HPD02174902HPCPHT20090800060030200 00010  0400 00010  2500 00020  
HPD02174902HPCPHT20090800220031200 00020  1400 00010  2500 00030  
HPD02174902HPCPHT20090900010030100 00000g 2400 00010  2500 00010  
HPD02174902HPCPHT20090900040021300 00030  2500 00030  
HPD02174902HPCPHT20090900050030500 00010  0900 00010  2500 00020  
HPD02174902HPCPHT20090900070022300 00010  2500 00010  
HPD02174902HPCPHT20090900080022000 00010  2500 00010  
HPD02174902HPCPHT20090900090021600 00010  2500 00010  
HPD02174902HPCPHT20090900100021300 00010  2500 00010  
HPD02174902HPCPHT20090900110041100 00010  1300 00010  1600 00010  2500 00030  
HPD02174902HPCPHT20090900130030400 00010  0700 00010  2500 00020  
HPD02174902HPCPHT20090900200031700 00010  1800 00010  2500 00020  
HPD02174902HPCPHT20091000010020100 00000g 2500 00000  
HPD02174902HPCPHT20091000060031100 99999[ 1300 99999] 2500 00000I 
HPD02174902HPCPHT20091000280020900 00010  2500 00010  
HPD02174902HPCPHT20091100010030100 00000g 0200 00040  2500 00040  
HPD02174902HPCPHT20091100070020300 00010  2500 00010  
HPD02174902HPCPHT20091100130060100 00020  0500 00010  1100 00020  1200 00010  2300 00010  2500 00070  
HPD02174902HPCPHT20091100250021100 99999{ 2500 00000P 
HPD02174902HPCPHT20091100300022400 99999} 2500 00000P 
HPD02174902HPCPHT20091200010040100 99999{ 0800 99999} 1000 99999{ 2500 00000P 
HPD02174902HPCPHT20091200310022400 99999} 2500 00000P 
