HPD02010005HPCPHI20030100010020100 00000g 2500 00000  
HPD02010005HPCPHI20030100080120500 00001  0600 00008  0700 00005  0900 00001  1700 00023  1800 00001  1900 00001  2000 00068  2100 00002  2200 00001  2300 00006  2500 00117  
HPD02010005HPCPHI20030100200051400 00001  1500 00009  1600 00003  2400 00001  2500 00014  
HPD02010005HPCPHI20030200010020100 99999[ 2500 00000I 
HPD02010005HPCPHI20030200280022400 99999] 2500 00000I 
HPD02010005HPCPHI20030300010030100 00000g 1600 00001  2500 00001  
HPD02010005HPCPHI20030300150062000 00006  2100 00005  2200 00014  2300 00007  2400 00023  2500 00055  
HPD02010005HPCPHI20030300160090100 00011  0200 00008  0300 00003  0900 00001  1000 00002  1100 00001  1400 00001  2400 00008  2500 00035  
HPD02010005HPCPHI20030300170040100 00009  0200 00001  0800 00001  2500 00011  
HPD02010005HPCPHI20030400010020100 00000g 2500 00000  
HPD02010005HPCPHI20030400140022400 00015  2500 00015  
HPD02010005HPCPHI20030400150020100 00013  2500 00013  
HPD02010005HPCPHI20030400180022400 00002  2500 00002  
HPD02010005HPCPHI20030500010020100 00000g 2500 00000  
HPD02010005HPCPHI20030600010020100 00000g 2500 00000  
HPD02010005HPCPHI20030700010020100 00000g 2500 00000  
HPD02010005HPCPHI20030700230020800 00002  2500 00002  
HPD02010005HPCPHI20030700240021100 00002  2500 00002  
HPD02010005HPCPHI20030700280030300 00001  0800 00001  2500 00002  
HPD02010005HPCPHI20030700300050700 00001  0800 00001  1900 00035  2000 00010  2500 00047  
HPD02010005HPCPHI20030700310020800 00001  2500 00001  
HPD02010005HPCPHI20030800010070100 00000g 0500 00004  0600 00003  0700 00006  0800 00018  0900 00003  2500 00034  
HPD02010005HPCPHI20030800140022400 00081  2500 00081  
HPD02010005HPCPHI20030800150040100 00007  0200 00001  0300 00004  2500 00012  
HPD02010005HPCPHI20030800190031400 00004  1500 00003  2500 00007  
HPD02010005HPCPHI20030800250031700 00003  2100 00001  2500 00004  
HPD02010005HPCPHI20030800270060900 00043  1000 00013  1100 00059  1200 00001  1600 00001  2500 00117  
HPD02010005HPCPHI20030900010030100 00000g 2100 00011  2500 00011  
HPD02010005HPCPHI20030900040071900 00016  2000 00001  2100 00006  2200 00015  2300 00009  2400 00001  2500 00048  
HPD02010005HPCPHI20031000010020100 00000g 2500 00000  
HPD02010005HPCPHI20031100010020100 00000g 2500 00000  
HPD02010005HPCPHI20031100110032300 00001  2400 00003  2500 00004  
HPD02010005HPCPHI20031100120150500 00004  0600 00012  0700 00006  0800 00015  0900 00003  1000 00007  1100 00006  1200 00008  1300 00012  1400 00002  1500 00002  1800 00002  1900 00002  2000 00007  2500 00088  
HPD02010005HPCPHI20031100160030700 00001  0800 00001  2500 00002  
HPD02010005HPCPHI20031200010020100 00000g 2500 00000  
HPD02010005HPCPHI20031200110081800 00003  1900 00021  2000 00025  2100 00022  2200 00017  2300 00007  2400 00006  2500 00101  
HPD02010005HPCPHI20031200250022400 00003  2500 00003  
HPD02010005HPCPHI20031200260030100 00001  0200 00004  2500 00005  
