HPD02927900HPCPHI19480700010040100 00000g 1300 99999[ 2400 99999] 2500 00000I 
HPD02927900HPCPHI19480700200031000 00024  1100 00007  2500 00031  
HPD02927900HPCPHI19480800010040100 00000g 1300 99999[ 2400 99999] 2500 00000I 
HPD02927900HPCPHI19480800040050100 00006  0200 00002  0400 00001  0500 00004  2500 00013  
HPD02927900HPCPHI19480800060032200 00027  2300 00013  2500 00040  
HPD02927900HPCPHI19480800110022300 00001  2500 00001  
HPD02927900HPCPHI19480900010040100 00000g 1300 99999[ 2400 99999] 2500 00000I 
HPD02927900HPCPHI19480900150021600 00003  2500 00003  
HPD02927900HPCPHI19480900260042200 00003  2300 00008  2400 00011  2500 00022  
HPD02927900HPCPHI19480900270030100 00007  0200 00005  2500 00012  
HPD02927900HPCPHI19481000010040100 00000g 1300 99999[ 2400 99999] 2500 00000I 
HPD02927900HPCPHI19481000300051500 00010  1600 00002  2300 00009  2400 00003  2500 00024  
HPD02927900HPCPHI19481000310050100 00004  0200 00010  0300 00005  0400 00008  2500 00027  
HPD02927900HPCPHI19481100010040100 00000g 1300 99999[ 2400 99999] 2500 00000I 
HPD02927900HPCPHI19481200010040100 00000g 1300 99999[ 2400 99999] 2500 00000I 
HPD02927900HPCPHI19481200220100700 00001  0900 00001  1200 00001  1300 00001  1400 00001  1500 00001  1600 00001  1700 00002  1800 00001  2500 00010  
HPD02927900HPCPHI19481200250080900 00001  1000 00005  1100 00008  1200 00001  2000 00002  2100 00003  2200 00003  2500 00023  
HPD02927900HPCPHI19481200260110300 00001  0500 00002  0600 00002  0700 00005  0900 00001  1700 00004  2000 00001  2100 00002  2200 00005  2300 00003  2500 00026  
HPD02927900HPCPHI19481200270060800 00003  0900 00005  1000 00008  1200 00001  1300 00003  2500 00020  
HPD02927900HPCPHI19481200300032100 99999a 2400 00008A 2500 00008  
HPD02927900HPCPHI19490100010040100 00000g 1300 99999[ 2400 99999] 2500 00000I 
HPD02927900HPCPHI19490100090090200 00003  0300 00004  0400 00005  0500 00004  0600 00002  0700 00001  0800 00003  0900 00005  2500 00027  
HPD02927900HPCPHI19490100120061800 00010  2000 00001  2100 00002  2200 00001  2300 00001  2500 00015  
HPD02927900HPCPHI19490100130050700 00011  0800 00011  0900 00003  1400 00009  2500 00034  
HPD02927900HPCPHI19490100150022400 00003  2500 00003  
HPD02927900HPCPHI19490100160050100 00009  0200 00008  0300 00011  2400 00007  2500 00035  
HPD02927900HPCPHI19490100170020100 00006  2500 00006  
HPD02927900HPCPHI19490100250051300 00006  1400 00011  1500 00012  1600 00007  2500 00036  
HPD02927900HPCPHI19490200010040100 00000g 1300 99999[ 2400 99999] 2500 00000I 
HPD02927900HPCPHI19490200140060200 99999a 0400 00007A 0500 00001  0800 00001  0900 00003  2500 00012  
HPD02927900HPCPHI19490300010040100 00000g 1300 99999[ 2400 99999] 2500 00000I 
HPD02927900HPCPHI19490300250061000 00013  1100 00001  1200 00001  1300 00007  1400 00005  2500 00027  
HPD02927900HPCPHI19490300310022300 00008  2500 00008  
HPD02927900HPCPHI19490400010140100 00000g 0400 00001  0500 00003  0800 00005  1300 00001  1400 00003  1500 00002  1700 00004  1800 00008  1900 00006  2000 00006  2100 00003  2200 00002  2500 00044  
HPD02927900HPCPHI19490400020060100 00001  0200 00002  0300 00002  0800 00002  0900 00005  2500 00012  
HPD02927900HPCPHI19490500010040100 00000g 1300 99999[ 2400 99999] 2500 00000I 
HPD02927900HPCPHI19490600010040100 00000g 1300 99999[ 2400 99999] 2500 00000I 
HPD02927900HPCPHI19490600170031600 00038  2400 00005  2500 00043  
HPD02927900HPCPHI19490600180020100 00005  2500 00005  
HPD02927900HPCPHI19490600220031900 99999a 2000 00002A 2500 00002  
HPD02927900HPCPHI19490700010030100 00000g 1800 00008  2500 00008  
HPD02927900HPCPHI19490700020021400 00050  2500 00050  
HPD02927900HPCPHI19490700090061600 00012  1700 00004  1900 00001  2000 00007  2100 00004  2500 00028  
HPD02927900HPCPHI19490700100031500 00006  1700 00005  2500 00011  
HPD02927900HPCPHI19490700140021800 00015  2500 00015  
HPD02927900HPCPHI19490700200030700 00010  0800 00009  2500 00019  
HPD02927900HPCPHI19490700220020300 00029  2500 00029  
HPD02927900HPCPHI19490700300020700 00017  2500 00017  
HPD02927900HPCPHI19490800010040100 00000g 1300 99999[ 2400 99999] 2500 00000I 
HPD02927900HPCPHI19490800080041100 00012  1200 00033  1300 00011  2500 00056  
HPD02927900HPCPHI19490800220032300 00005  2400 00001  2500 00006  
HPD02927900HPCPHI19490900010040100 00000g 1300 99999[ 2400 99999] 2500 00000I 
HPD02927900HPCPHI19490900090032100 99999a 2200 00002A 2500 00002  
HPD02927900HPCPHI19490900130090100 00009  0300 00025  0400 00002  0500 00027  0600 00002  0700 00009  0800 00003  0900 00003  2500 00080  
HPD02927900HPCPHI19490900140032000 00005  2100 00008  2500 00013  
HPD02927900HPCPHI19490900200021800 00012  2500 00012  
HPD02927900HPCPHI19491000010040100 00000g 1300 99999[ 2400 99999] 2500 00000I 
HPD02927900HPCPHI19491000040051800 00002  1900 00007  2000 00009  2100 00007  2500 00025  
HPD02927900HPCPHI19491000170070200 00017  0300 00007  0500 00002  0800 00002  0900 00001  1400 00002  2500 00031  
HPD02927900HPCPHI19491000220032100 00008  2200 00007  2500 00015  
HPD02927900HPCPHI19491100010040100 00000g 1300 99999[ 2400 99999] 2500 00000I 
HPD02927900HPCPHI19491100110030100 99999a 0200 00010A 2500 00010  
HPD02927900HPCPHI19491100300022300 00002  2500 00002  
HPD02927900HPCPHI19491200010050100 00000g 0200 00007  2300 00005  2400 00002  2500 00014  
HPD02927900HPCPHI19491200090052100 00007  2200 00010  2300 00015  2400 00010  2500 00042  
HPD02927900HPCPHI19491200100060100 00004  0600 00003  0700 00002  1600 00010  1700 00007  2500 00026  
HPD02927900HPCPHI19500100010040100 00000g 1300 99999[ 2400 99999] 2500 00000I 
HPD02927900HPCPHI19500100020051100 00002  1200 00007  1300 00003  1500 00007  2500 00019  
HPD02927900HPCPHI19500100130031200 00003  1300 00003  2500 00006  
HPD02927900HPCPHI19500200010040100 00000g 1300 99999[ 2400 99999] 2500 00000I 
HPD02927900HPCPHI19500200110041500 00004  1600 00003  1900 00005  2500 00012  
HPD02927900HPCPHI19500200260071800 00003  1900 00007  2000 00002  2100 00002  2200 00002  2400 00004  2500 00020  
HPD02927900HPCPHI19500200270040100 00007  0500 00005  0700 00004  2500 00016  
HPD02927900HPCPHI19500300010040100 00000g 1300 99999[ 2400 99999] 2500 00000I 
HPD02927900HPCPHI19500400010040100 00000g 1300 99999[ 2400 99999] 2500 00000I 
HPD02927900HPCPHI19500500010040100 00000g 1300 99999[ 2400 99999] 2500 00000I 
HPD02927900HPCPHI19500600010040100 00000g 1300 99999[ 2400 99999] 2500 00000I 
HPD02927900HPCPHI19500600220081300 00005  1400 00007  1500 00002  1600 00004  1700 00002  1800 00001  1900 00002  2500 00023  
HPD02927900HPCPHI19500700010040100 00000g 1300 99999[ 2400 99999] 2500 00000I 
HPD02927900HPCPHI19500700050022100 00066  2500 00066  
HPD02927900HPCPHI19500700060021000 00064  2500 00064  
HPD02927900HPCPHI19500700110040100 99999[ 1300 99999] 1900 00035  2500 00035I 
HPD02927900HPCPHI19500700130021600 00019  2500 00019  
HPD02927900HPCPHI19500700210021700 00010  2500 00010  
HPD02927900HPCPHI19500700230022000 00068  2500 00068  
HPD02927900HPCPHI19500700240022000 00031  2500 00031  
HPD02927900HPCPHI19500700280022000 00035  2500 00035  
HPD02927900HPCPHI19500800010020100 00000g 2500 00000  
HPD02927900HPCPHI19500800030021800 00012  2500 00012  
HPD02927900HPCPHI19500800110031300 99999[ 2400 99999] 2500 00000I 
HPD02927900HPCPHI19500800180021600 00007  2500 00007  
HPD02927900HPCPHI19500900010020100 00000g 2500 00000  
HPD02927900HPCPHI19500900060022000 00058  2500 00058  
HPD02927900HPCPHI19500900170021600 00008  2500 00008  
HPD02927900HPCPHI19500900240022100 00008  2500 00008  
HPD02927900HPCPHI19501000010040100 00000g 1300 99999[ 2400 99999] 2500 00000I 
HPD02927900HPCPHI19501100010020100 00000g 2500 00000  
HPD02927900HPCPHI19501200010020100 00000g 2500 00000  
HPD02927900HPCPHI19510100010020100 00000g 2500 00000  
HPD02927900HPCPHI19510100120020900 00005  2500 00005  
HPD02927900HPCPHI19510100300022300 00036  2500 00036  
HPD02927900HPCPHI19510200010040100 00000g 1300 99999[ 2400 99999] 2500 00000I 
HPD02927900HPCPHI19510200140021600 00010  2500 00010  
HPD02927900HPCPHI19510200190020700 00010  2500 00010  
HPD02927900HPCPHI19510200240020800 00015  2500 00015  
HPD02927900HPCPHI19510200250021100 00010  2500 00010  
HPD02927900HPCPHI19510300010040100 00000g 1300 99999[ 2400 99999] 2500 00000I 
HPD02927900HPCPHI19510300090021700 00010  2500 00010  
HPD02927900HPCPHI19510400010040100 00000g 1300 99999[ 2400 99999] 2500 00000I 
HPD02927900HPCPHI19510400040021600 00005  2500 00005  
HPD02927900HPCPHI19510400070021500 00030  2500 00030  
HPD02927900HPCPHI19510400190031700 00025  2100 00015  2500 00040  
HPD02927900HPCPHI19510400210031400 00005  1600 00005  2500 00010  
HPD02927900HPCPHI19510400290021700 00010  2500 00010  
HPD02927900HPCPHI19510500010020100 00000g 2500 00000  
HPD02927900HPCPHI19510600010020100 00000g 2500 00000  
HPD02927900HPCPHI19510700010020100 00000g 2500 00000  
HPD02927900HPCPHI19510700230031700 00030  1800 00010  2500 00040  
HPD02927900HPCPHI19510700250032000 00005  2100 00005  2500 00010  
HPD02927900HPCPHI19510700260022300 00005  2500 00005  
HPD02927900HPCPHI19510700280021700 00005  2500 00005  
HPD02927900HPCPHI19510800010040100 00000g 2300 00002  2400 00004  2500 00006  
HPD02927900HPCPHI19510800030061700 00004  1800 00006  1900 00003  2000 00005  2100 00032  2500 00050  
HPD02927900HPCPHI19510800180051900 00028  2000 00017  2100 00003  2200 00002  2500 00050  
HPD02927900HPCPHI19510800270110400 00003  0500 00009  0600 00003  0700 00002  0800 00007  0900 00005  1000 00005  1100 00001  1200 00004  1300 00003  2500 00042  
HPD02927900HPCPHI19510900010020100 00000g 2500 00000  
HPD02927900HPCPHI19510900080021800 00009  2500 00009  
HPD02927900HPCPHI19510900290031000 00005  1100 00004  2500 00009  
HPD02927900HPCPHI19511000010020100 00000g 2500 00000  
HPD02927900HPCPHI19511000250021900 00005  2500 00005  
HPD02927900HPCPHI19511000260040100 00015  0200 00012  0400 00007  2500 00034  
HPD02927900HPCPHI19511000290022300 00005  2500 00005  
HPD02927900HPCPHI19511000300040100 00005  0200 00006  0300 00005  2500 00016  
HPD02927900HPCPHI19511100010020100 00000g 2500 00000  
HPD02927900HPCPHI19511100110080100 00001  0200 00001  0300 00002  0400 00001  1100 00004  1200 00006  1300 00005  2500 00020  
HPD02927900HPCPHI19511100240020300 00004  2500 00004  
HPD02927900HPCPHI19511200010020100 00000g 2500 00000  
HPD02927900HPCPHI19511200050021700 00005  2500 00005  
HPD02927900HPCPHI19511200080031000 00020  1100 00005  2500 00025  
HPD02927900HPCPHI19511200200020900 00002  2500 00002  
HPD02927900HPCPHI19511200240071800 00001  1900 00002  2000 00007  2100 00006  2200 00002  2300 00003  2500 00021  
HPD02927900HPCPHI19520100010020100 00000g 2500 00000  
HPD02927900HPCPHI19520100120022000 00005  2500 00005  
HPD02927900HPCPHI19520100130050300 00003  1700 00006  1800 00005  1900 00006  2500 00020  
HPD02927900HPCPHI19520100170042100 00004  2200 00003  2300 00002  2500 00009  
HPD02927900HPCPHI19520100180060300 00002  0400 00001  1300 00002  2200 00005  2300 00004  2500 00014  
HPD02927900HPCPHI19520200010020100 99999[ 2500 00000I 
HPD02927900HPCPHI19520200290022400 99999] 2500 00000I 
HPD02927900HPCPHI19520300010060100 00000g 0900 00004  1000 00010  1200 00009  1300 00006  2500 00029  
HPD02927900HPCPHI19520300020030100 00005  0200 00003  2500 00008  
HPD02927900HPCPHI19520300090030600 00006  1100 00002  2500 00008  
HPD02927900HPCPHI19520300160032300 00005  2400 00004  2500 00009  
HPD02927900HPCPHI19520300170030600 00005  2400 00006  2500 00011  
HPD02927900HPCPHI19520400010020100 00000g 2500 00000  
HPD02927900HPCPHI19520400190021800 00004  2500 00004  
HPD02927900HPCPHI19520400200020100 00011  2500 00011  
HPD02927900HPCPHI19520400250030500 00003  0600 00002  2500 00005  
HPD02927900HPCPHI19520400260032100 00010  2200 00011  2500 00021  
HPD02927900HPCPHI19520400270040100 00003  0600 00006  0900 00006  2500 00015  
HPD02927900HPCPHI19520500010020100 00000g 2500 00000  
HPD02927900HPCPHI19520600010020100 00000g 2500 00000  
HPD02927900HPCPHI19520600020090800 00005  0900 00020  1000 00010  1100 00015  1200 00006  1300 00015  1400 00011  1500 00005  2500 00087  
HPD02927900HPCPHI19520600030022000 00005  2500 00005  
HPD02927900HPCPHI19520700010020100 00000g 2500 00000  
HPD02927900HPCPHI19520700050041800 00020  1900 00003  2300 00018  2500 00041  
HPD02927900HPCPHI19520700060051800 00010  2100 00034  2200 00009  2300 00005  2500 00058  
HPD02927900HPCPHI19520700080031600 00003  1700 00004  2500 00007  
HPD02927900HPCPHI19520700230031600 00017  2100 00003  2500 00020  
HPD02927900HPCPHI19520700280021700 00020  2500 00020  
HPD02927900HPCPHI19520800010020100 00000g 2500 00000  
HPD02927900HPCPHI19520800080020900 00025  2500 00025  
HPD02927900HPCPHI19520800120032000 00020  2300 00003  2500 00023  
HPD02927900HPCPHI19520800160022400 00030  2500 00030  
HPD02927900HPCPHI19520800170030100 00005  0200 00005  2500 00010  
HPD02927900HPCPHI19520900010020100 00000g 2500 00000  
HPD02927900HPCPHI19520900210020100 00003  2500 00003  
HPD02927900HPCPHI19520900280021200 00007  2500 00007  
HPD02927900HPCPHI19521000010020100 00000g 2500 00000  
HPD02927900HPCPHI19521100010020100 00000g 2500 00000  
HPD02927900HPCPHI19521100090031000 00018  1200 00002  2500 00020  
HPD02927900HPCPHI19521100160090900 00002  1000 00012  1100 00012  1200 00003  1300 00003  1400 00002  1500 00003  1600 00004  2500 00041  
HPD02927900HPCPHI19521100240020800 00005  2500 00005  
HPD02927900HPCPHI19521100300051500 00002  1600 00017  1700 00006  1800 00001  2500 00026  
HPD02927900HPCPHI19521200010020100 00000g 2500 00000  
HPD02927900HPCPHI19521200170021800 00005  2500 00005  
HPD02927900HPCPHI19521200210030100 00004  0200 00006  2500 00010  
HPD02927900HPCPHI19530100010020100 00000g 2500 00000  
HPD02927900HPCPHI19530100070070300 00001  0400 00002  0500 00002  0600 00002  0700 00001  0800 00001  2500 00009  
HPD02927900HPCPHI19530200010020100 00000g 2500 00000  
HPD02927900HPCPHI19530200100040600 00004  0700 00003  0800 00002  2500 00009  
HPD02927900HPCPHI19530200240030900 00008  1000 00002  2500 00010  
HPD02927900HPCPHI19530200280081200 00009  1300 00017  1400 00010  1500 00013  1600 00013  1700 00008  2100 00007  2500 00077  
HPD02927900HPCPHI19530300010020100 00000g 2500 00000  
HPD02927900HPCPHI19530300020031400 00002  2400 00001  2500 00003  
HPD02927900HPCPHI19530300030050100 00002  0200 00001  0700 00002  1100 00002  2500 00007  
HPD02927900HPCPHI19530300070041900 00001  2000 00010  2400 00006  2500 00017  
HPD02927900HPCPHI19530300080090100 00002  0400 00009  0500 00001  0600 00001  0700 00001  1200 00001  1400 00001  1500 00001  2500 00017  
HPD02927900HPCPHI19530300090021200 00003  2500 00003  
HPD02927900HPCPHI19530400010020100 00000g 2500 00000  
HPD02927900HPCPHI19530400230021200 00001  2500 00001  
HPD02927900HPCPHI19530400280040900 00006  1000 00001  1100 00008  2500 00015  
HPD02927900HPCPHI19530500010020100 00000g 2500 00000  
HPD02927900HPCPHI19530500160050600 00005  0700 00001  0800 00005  0900 00006  2500 00017  
HPD02927900HPCPHI19530600010020100 00000g 2500 00000  
HPD02927900HPCPHI19530600110032200 00004  2300 00013  2500 00017  
HPD02927900HPCPHI19530600120021900 00036  2500 00036  
HPD02927900HPCPHI19530700010020100 00000g 2500 00000  
HPD02927900HPCPHI19530700070021900 00008  2500 00008  
HPD02927900HPCPHI19530700080031900 00007  2100 00003  2500 00010  
HPD02927900HPCPHI19530700090031600 00045  1700 00005  2500 00050  
HPD02927900HPCPHI19530700130021900 00015  2500 00015  
HPD02927900HPCPHI19530700220021700 00045  2500 00045  
HPD02927900HPCPHI19530700270021500 00080  2500 00080  
HPD02927900HPCPHI19530800010020100 00000g 2500 00000  
HPD02927900HPCPHI19530800120021700 00026  2500 00026  
HPD02927900HPCPHI19530900010020100 00000g 2500 00000  
HPD02927900HPCPHI19531000010020100 00000g 2500 00000  
HPD02927900HPCPHI19531000040020100 00005  2500 00005  
HPD02927900HPCPHI19531000200020600 00004  2500 00004  
HPD02927900HPCPHI19531000290022200 00005  2500 00005  
HPD02927900HPCPHI19531100010020100 00000g 2500 00000  
HPD02927900HPCPHI19531100180041100 00003  1300 00002  2200 00003  2500 00008  
HPD02927900HPCPHI19531200010020100 00000g 2500 00000  
HPD02927900HPCPHI19531200040031900 99999a 2400 00003A 2500 00003  
HPD02927900HPCPHI19531200220021000 00006  2500 00006  
HPD02927900HPCPHI19540100010020100 00000g 2500 00000  
HPD02927900HPCPHI19540100130021600 00003  2500 00003  
HPD02927900HPCPHI19540100200070700 00003  0800 00002  1000 00002  1100 00008  1200 00002  2200 00005  2500 00022  
HPD02927900HPCPHI19540200010020100 00000g 2500 00000  
HPD02927900HPCPHI19540200140032000 00005  2100 00004  2500 00009  
HPD02927900HPCPHI19540300010020100 00000g 2500 00000  
HPD02927900HPCPHI19540300220050100 99999a 1300 00030A 1400 00002  2300 00002  2500 00034  
HPD02927900HPCPHI19540300230091200 00001  1300 00001  1400 00007  1500 00008  1800 00002  2100 00002  2200 00009  2300 00006  2500 00036  
HPD02927900HPCPHI19540300240020500 00003  2500 00003  
HPD02927900HPCPHI19540400010020100 00000g 2500 00000  
HPD02927900HPCPHI19540500010020100 00000g 2500 00000  
HPD02927900HPCPHI19540500170021600 00005  2500 00005  
HPD02927900HPCPHI19540500180032100 99999a 2400 00010A 2500 00010  
HPD02927900HPCPHI19540600010020100 00000g 2500 00000  
HPD02927900HPCPHI19540600230031900 00001  2000 00002  2500 00003  
HPD02927900HPCPHI19540700010020100 00000g 2500 00000  
HPD02927900HPCPHI19540700160022300 00005  2500 00005  
HPD02927900HPCPHI19540700170020400 00014  2500 00014  
HPD02927900HPCPHI19540700190021900 00003  2500 00003  
HPD02927900HPCPHI19540700210032100 00003  2200 00002  2500 00005  
HPD02927900HPCPHI19540700220021400 00006  2500 00006  
HPD02927900HPCPHI19540700230041400 00009  2300 00008  2400 00004  2500 00021  
HPD02927900HPCPHI19540700240031700 00018  1800 00008  2500 00026  
HPD02927900HPCPHI19540800010030100 00000g 2100 00052  2500 00052  
HPD02927900HPCPHI19540800030041600 00044  1700 00002  1900 00005  2500 00051  
HPD02927900HPCPHI19540800090042200 00002  2300 00008  2400 00002  2500 00012  
HPD02927900HPCPHI19540800100020200 00005  2500 00005  
HPD02927900HPCPHI19540800120050200 00006  0300 00004  0400 00004  0600 00002  2500 00016  
HPD02927900HPCPHI19540800170021500 00020  2500 00020  
HPD02927900HPCPHI19540800220041800 00078  1900 00001  2000 00006  2500 00085  
HPD02927900HPCPHI19540800230031700 00028  1900 00040  2500 00068  
HPD02927900HPCPHI19540900010020100 00000g 2500 00000  
HPD02927900HPCPHI19540900110031600 00074  2400 00004  2500 00078  
HPD02927900HPCPHI19540900120021600 00037  2500 00037  
HPD02927900HPCPHI19540900240030500 00005  0600 00002  2500 00007  
HPD02927900HPCPHI19540900250030100 00020  0200 00005  2500 00025  
HPD02927900HPCPHI19541000010020100 00000g 2500 00000  
HPD02927900HPCPHI19541100010020100 00000g 2500 00000  
HPD02927900HPCPHI19541200010020100 00000g 2500 00000  
HPD02927900HPCPHI19550100010020100 00000g 2500 00000  
HPD02927900HPCPHI19550100020081600 00002  1700 00001  1800 00001  1900 00005  2000 00005  2100 00002  2400 00003  2500 00019  
HPD02927900HPCPHI19550100030021200 00001  2500 00001  
HPD02927900HPCPHI19550100080040500 00002  0600 00011  1000 00001  2500 00014  
HPD02927900HPCPHI19550100140100200 00002  0400 00002  0900 00001  1000 00002  1100 00002  1400 00001  1500 00004  2300 00001  2400 00003  2500 00018  
HPD02927900HPCPHI19550100150090100 00005  0200 00004  0400 00003  0500 00002  0600 00003  0800 00007  0900 00013  1000 00005  2500 00042  
HPD02927900HPCPHI19550100170040700 00004  1100 00001  1200 00001  2500 00006  
HPD02927900HPCPHI19550200010020100 00000g 2500 00000  
HPD02927900HPCPHI19550200180030500 99999a 1000 00013A 2500 00013  
HPD02927900HPCPHI19550300010020100 00000g 2500 00000  
HPD02927900HPCPHI19550400010020100 00000g 2500 00000  
HPD02927900HPCPHI19550500010020100 00000g 2500 00000  
HPD02927900HPCPHI19550600010020100 00000g 2500 00000  
HPD02927900HPCPHI19550700010020100 00000g 2500 00000  
HPD02927900HPCPHI19550700100021600 00023  2500 00023  
HPD02927900HPCPHI19550700160021600 00003  2500 00003  
HPD02927900HPCPHI19550700220021600 00045  2500 00045  
HPD02927900HPCPHI19550700230031000 00005  2100 00007  2500 00012  
HPD02927900HPCPHI19550700240032200 00010  2400 00043  2500 00053  
HPD02927900HPCPHI19550700250040100 00001  0200 00019  0300 00005  2500 00025  
HPD02927900HPCPHI19550700280022100 00005  2500 00005  
HPD02927900HPCPHI19550700290022300 00005  2500 00005  
HPD02927900HPCPHI19550800010020100 00000g 2500 00000  
HPD02927900HPCPHI19550800030020100 00003  2500 00003  
HPD02927900HPCPHI19550800060021600 00028  2500 00028  
HPD02927900HPCPHI19550800210031900 00029  2000 00004  2500 00033  
HPD02927900HPCPHI19550900010020100 00000g 2500 00000  
HPD02927900HPCPHI19551000010020100 00000g 2500 00000  
HPD02927900HPCPHI19551000030021400 00009  2500 00009  
HPD02927900HPCPHI19551000040020300 00007  2500 00007  
HPD02927900HPCPHI19551100010020100 00000g 2500 00000  
HPD02927900HPCPHI19551200010020100 00000g 2500 00000  
HPD02927900HPCPHI19551200020041600 00007  1700 00006  1800 00001  2500 00014  
HPD02927900HPCPHI19560100010020100 00000g 2500 00000  
HPD02927900HPCPHI19560100160032300 00003  2400 00001  2500 00004  
HPD02927900HPCPHI19560100210041700 00003  1800 00003  1900 00003  2500 00009  
HPD02927900HPCPHI19560100280022400 00007  2500 00007  
HPD02927900HPCPHI19560100290050100 00011  0200 00003  0300 00002  0500 00002  2500 00018  
HPD02927900HPCPHI19560200010050100 00000g 0300 00006  0400 00007  0800 00001  2500 00014  
HPD02927900HPCPHI19560200080062000 00004  2100 00005  2200 00002  2300 00002  2400 00002  2500 00015  
HPD02927900HPCPHI19560300010020100 00000g 2500 00000  
HPD02927900HPCPHI19560400010020100 00000g 2500 00000  
HPD02927900HPCPHI19560400020040200 00009  0300 00001  0400 00005  2500 00015  
HPD02927900HPCPHI19560400190022300 00006  2500 00006  
HPD02927900HPCPHI19560500010020100 00000g 2500 00000  
HPD02927900HPCPHI19560500200021500 00005  2500 00005  
HPD02927900HPCPHI19560600010020100 00000g 2500 00000  
HPD02927900HPCPHI19560600300030100 99999[ 2400 99999] 2500 00000I 
HPD02927900HPCPHI19560700010020100 00000g 2500 00000  
HPD02927900HPCPHI19560700050021800 00015  2500 00015  
HPD02927900HPCPHI19560700120021700 00016  2500 00016  
HPD02927900HPCPHI19560700240022300 00010  2500 00010  
HPD02927900HPCPHI19560700250021500 00008  2500 00008  
HPD02927900HPCPHI19560700270022300 00005  2500 00005  
HPD02927900HPCPHI19560700290040100 00005  0200 00003  0500 00005  2500 00013  
HPD02927900HPCPHI19560700310030100 99999[ 2400 99999] 2500 00000I 
HPD02927900HPCPHI19560800010020100 00000g 2500 00000  
HPD02927900HPCPHI19560800140031600 00020  1700 00018  2500 00038  
HPD02927900HPCPHI19560800160021000 00003  2500 00003  
HPD02927900HPCPHI19560800250031900 00003  2000 00004  2500 00007  
HPD02927900HPCPHI19560900010020100 00000g 2500 00000  
HPD02927900HPCPHI19560900060022200 00002  2500 00002  
HPD02927900HPCPHI19561000010020100 00000g 2500 00000  
HPD02927900HPCPHI19561000290020300 00010  2500 00010  
HPD02927900HPCPHI19561100010020100 00000g 2500 00000  
HPD02927900HPCPHI19561200010020100 00000g 2500 00000  
HPD02927900HPCPHI19561200070032200 00001  2300 00001  2500 00002  
HPD02927900HPCPHI19561200220080600 00015  0700 00013  0800 00005  0900 00001  1000 00002  1100 00002  1200 00002  2500 00040  
HPD02927900HPCPHI19570100010020100 00000g 2500 00000  
HPD02927900HPCPHI19570100030061000 00005  1100 00007  1200 00003  1500 00010  1600 00013  2500 00038  
HPD02927900HPCPHI19570100070032200 00001  2300 00003  2500 00004  
HPD02927900HPCPHI19570100080060200 00004  0300 00003  0400 00001  0500 00001  0600 00002  2500 00011  
HPD02927900HPCPHI19570100090100500 00005  0600 00002  0700 00003  0800 00002  0900 00005  1000 00003  1900 00003  2000 00002  2200 00001  2500 00026  
HPD02927900HPCPHI19570100270022400 00001  2500 00001  
HPD02927900HPCPHI19570100280050100 00004  0200 00002  0300 00003  0400 00007  2500 00016  
HPD02927900HPCPHI19570200010020100 00000g 2500 00000  
HPD02927900HPCPHI19570200030032300 00003  2400 00003  2500 00006  
HPD02927900HPCPHI19570200040020100 00001  2500 00001  
HPD02927900HPCPHI19570200170022400 00011  2500 00011  
HPD02927900HPCPHI19570200180020300 00005  2500 00005  
HPD02927900HPCPHI19570200230031300 00003  1400 00012  2500 00015  
HPD02927900HPCPHI19570300010020100 00000g 2500 00000  
HPD02927900HPCPHI19570300100021100 00005  2500 00005  
HPD02927900HPCPHI19570300190081700 00005  1800 00005  2000 00004  2100 00014  2200 00003  2300 00003  2400 00006  2500 00040  
HPD02927900HPCPHI19570300200020900 00010  2500 00010  
HPD02927900HPCPHI19570400010020100 00000g 2500 00000  
HPD02927900HPCPHI19570400220030100 00005  0200 00011  2500 00016  
HPD02927900HPCPHI19570400290031800 00007  1900 00007  2500 00014  
HPD02927900HPCPHI19570500010020100 00000g 2500 00000  
HPD02927900HPCPHI19570500080021600 00008  2500 00008  
HPD02927900HPCPHI19570600010020100 00000g 2500 00000  
HPD02927900HPCPHI19570600100022400 00004  2500 00004  
HPD02927900HPCPHI19570600110040100 00003  0200 00002  0400 00001  2500 00006  
HPD02927900HPCPHI19570700010020100 00000g 2500 00000  
HPD02927900HPCPHI19570700040021700 00009  2500 00009  
HPD02927900HPCPHI19570700150021600 00009  2500 00009  
HPD02927900HPCPHI19570700160021800 00008  2500 00008  
HPD02927900HPCPHI19570700180040900 00020  1000 00018  1100 00012  2500 00050  
HPD02927900HPCPHI19570700190032300 00047  2400 00003  2500 00050  
HPD02927900HPCPHI19570700250100800 00009  0900 00001  1000 00005  1100 00027  1500 00007  1600 00003  1700 00013  1800 00002  2100 00005  2500 00072  
HPD02927900HPCPHI19570800010020100 00000g 2500 00000  
HPD02927900HPCPHI19570800050071400 00012  1500 00050  2000 00005  2100 00020  2200 00014  2300 00006  2500 00107  
HPD02927900HPCPHI19570800110051400 00009  1500 00010  1900 00002  2000 00015  2500 00036  
HPD02927900HPCPHI19570800220041300 00011  1400 00006  1500 00004  2500 00021  
HPD02927900HPCPHI19570800290031700 00025  1800 00005  2500 00030  
HPD02927900HPCPHI19570900010020100 00000g 2500 00000  
HPD02927900HPCPHI19571000010020100 00000g 2500 00000  
HPD02927900HPCPHI19571000050060700 00006  0800 00013  1000 00005  1100 00005  1300 00010  2500 00039  
HPD02927900HPCPHI19571000120060400 00017  0600 00005  0700 00011  0800 00024  0900 00007  2500 00064  
HPD02927900HPCPHI19571000140050800 00004  0900 00013  1200 00008  1900 00010  2500 00035  
HPD02927900HPCPHI19571000280021200 00005  2500 00005  
HPD02927900HPCPHI19571000310021000 00021  2500 00021  
HPD02927900HPCPHI19571100010020100 00000g 2500 00000  
HPD02927900HPCPHI19571100150032200 00010  2400 00008  2500 00018  
HPD02927900HPCPHI19571100160031200 00002  1300 00010  2500 00012  
HPD02927900HPCPHI19571200010020100 00000g 2500 00000  
HPD02927900HPCPHI19571200060040100 00009  0200 00002  0300 00003  2500 00014  
HPD02927900HPCPHI19571200150021500 00005  2500 00005  
HPD02927900HPCPHI19571200240030300 00005  0400 00003  2500 00008  
HPD02927900HPCPHI19580100010020100 00000g 2500 00000  
HPD02927900HPCPHI19580100030041900 00004  2000 00002  2100 00002  2500 00008  
HPD02927900HPCPHI19580200010020100 00000g 2500 00000  
HPD02927900HPCPHI19580200040091400 00010  1500 00005  1600 00005  1700 00003  1800 00002  2200 00004  2300 00004  2400 00014  2500 00047  
HPD02927900HPCPHI19580200050030100 00003  0200 00002  2500 00005  
HPD02927900HPCPHI19580200090050200 00002  0300 00001  0400 00001  0500 00001  2500 00005  
HPD02927900HPCPHI19580200200061800 00022  1900 00022  2000 00008  2100 00010  2200 00008  2500 00070  
HPD02927900HPCPHI19580200250022200 00004  2500 00004  
HPD02927900HPCPHI19580200260040700 00001  0800 00003  1300 00007  2500 00011  
HPD02927900HPCPHI19580300010020100 00000g 2500 00000  
HPD02927900HPCPHI19580300030022400 00007  2500 00007  
HPD02927900HPCPHI19580300040150100 00007  0200 00001  0300 00001  0400 00006  0500 00010  0600 00010  0700 00010  0800 00013  0900 00011  1000 00007  1100 00010  1200 00002  1400 00001  1500 00004  2500 00093  
HPD02927900HPCPHI19580300110051500 00005  1600 00003  2000 00010  2100 00009  2500 00027  
HPD02927900HPCPHI19580300220060200 00003  0400 00002  0600 00008  1200 00007  1800 00005  2500 00025  
HPD02927900HPCPHI19580300280020500 00005  2500 00005  
HPD02927900HPCPHI19580400010020100 00000g 2500 00000  
HPD02927900HPCPHI19580400160080400 00003  0500 00002  0600 00007  0700 00003  0800 00007  0900 00015  1000 00003  2500 00040  
HPD02927900HPCPHI19580500010020100 00000g 2500 00000  
HPD02927900HPCPHI19580600010020100 00000g 2500 00000  
HPD02927900HPCPHI19580600060020700 00004  2500 00004  
HPD02927900HPCPHI19580700010020100 00000g 2500 00000  
HPD02927900HPCPHI19580700050061600 00005  1700 00016  2000 00060  2100 00008  2200 00008  2500 00097  
HPD02927900HPCPHI19580700170022400 00004  2500 00004  
HPD02927900HPCPHI19580700180030100 00010  0200 00018  2500 00028  
HPD02927900HPCPHI19580700280071700 00038  1800 00004  2100 00018  2200 00012  2300 00012  2400 00006  2500 00090  
HPD02927900HPCPHI19580800010020100 00000g 2500 00000  
HPD02927900HPCPHI19580800030022400 00005  2500 00005  
HPD02927900HPCPHI19580800130032100 00005  2200 00005  2500 00010  
HPD02927900HPCPHI19580800140032300 00001  2400 00004  2500 00005  
HPD02927900HPCPHI19580800230021900 00005  2500 00005  
HPD02927900HPCPHI19580800250021700 00034  2500 00034  
HPD02927900HPCPHI19580900010020100 00000g 2500 00000  
HPD02927900HPCPHI19580900120071900 00005  2000 00007  2100 00010  2200 00008  2300 00005  2400 00005  2500 00040  
HPD02927900HPCPHI19580900220021200 00008  2500 00008  
HPD02927900HPCPHI19580900260060300 00005  0400 00029  0500 00021  0600 00014  0700 00006  2500 00075  
HPD02927900HPCPHI19581000010020100 00000g 2500 00000  
HPD02927900HPCPHI19581000040022000 00008  2500 00008  
HPD02927900HPCPHI19581000050030300 00010  0400 00001  2500 00011  
HPD02927900HPCPHI19581000130032100 00015  2200 00001  2500 00016  
HPD02927900HPCPHI19581000270051900 00002  2000 00003  2100 00003  2200 00002  2500 00010  
HPD02927900HPCPHI19581100010020100 00000g 2500 00000  
HPD02927900HPCPHI19581100160061400 00010  1500 00003  1600 00001  1800 00001  2000 00001  2500 00016  
HPD02927900HPCPHI19581100170040100 00004  0200 00002  0300 00001  2500 00007  
HPD02927900HPCPHI19581200010020100 00000g 2500 00000  
HPD02927900HPCPHI19590100010020100 00000g 2500 00000  
HPD02927900HPCPHI19590200010020100 00000g 2500 00000  
HPD02927900HPCPHI19590200080051900 00002  2000 00003  2200 00001  2300 00001  2500 00007  
HPD02927900HPCPHI19590200090050400 00009  0500 00004  0600 00003  0700 00002  2500 00018  
HPD02927900HPCPHI19590300010020100 00000g 2500 00000  
HPD02927900HPCPHI19590400010020100 00000g 2500 00000  
HPD02927900HPCPHI19590400060022400 00005  2500 00005  
HPD02927900HPCPHI19590400070060300 00005  0400 00005  0500 00001  0600 00001  0700 00001  2500 00013  
HPD02927900HPCPHI19590500010020100 00000g 2500 00000  
HPD02927900HPCPHI19590600010020100 00000g 2500 00000  
HPD02927900HPCPHI19590600130021700 00004  2500 00004  
HPD02927900HPCPHI19590700010020100 00000g 2500 00000  
HPD02927900HPCPHI19590700030050600 00006  0700 00005  0800 00001  1200 00010  2500 00022  
HPD02927900HPCPHI19590700240022100 00020  2500 00020  
HPD02927900HPCPHI19590700270022000 00005  2500 00005  
HPD02927900HPCPHI19590700280051700 00007  1800 00038  2100 00015  2200 00005  2500 00065  
HPD02927900HPCPHI19590800010040100 00000g 1800 00030  2000 00005  2500 00035  
HPD02927900HPCPHI19590800030022400 00100  2500 00100  
HPD02927900HPCPHI19590800060031500 00020  1600 00010  2500 00030  
HPD02927900HPCPHI19590800140021800 00010  2500 00010  
HPD02927900HPCPHI19590800150020800 00009  2500 00009  
HPD02927900HPCPHI19590800210022000 00005  2500 00005  
HPD02927900HPCPHI19590800230031700 00010  1900 00015  2500 00025  
HPD02927900HPCPHI19590800240022400 00012  2500 00012  
HPD02927900HPCPHI19590800250070100 00005  0200 00010  0300 00005  1900 00015  2000 00010  2100 00007  2500 00052  
HPD02927900HPCPHI19590900010020100 00000g 2500 00000  
HPD02927900HPCPHI19591000010020100 00000g 2500 00000  
HPD02927900HPCPHI19591000290160300 00010  0400 00002  0500 00004  0600 00001  0700 00001  0800 00001  1500 00003  1600 00002  1700 00005  1800 00006  1900 00005  2000 00004  2100 00006  2200 00001  2300 00002  2500 00053  
HPD02927900HPCPHI19591000300080200 00001  0300 00009  0400 00003  0500 00001  0600 00001  0700 00003  0800 00002  2500 00020  
HPD02927900HPCPHI19591100010020100 00000g 2500 00000  
HPD02927900HPCPHI19591100150050600 00005  0700 00006  0800 00004  0900 00005  2500 00020  
HPD02927900HPCPHI19591200010020100 00000g 2500 00000  
HPD02927900HPCPHI19591200090030700 00014  0800 00004  2500 00018  
HPD02927900HPCPHI19591200140050100 00001  0200 00003  0300 00003  0400 00002  2500 00009  
HPD02927900HPCPHI19591200250050600 00002  0700 00005  0800 00001  1000 00001  2500 00009  
HPD02927900HPCPHI19591200260030100 00013  0200 00007  2500 00020  
HPD02927900HPCPHI19591200310031600 99999[ 2200 99999] 2500 00000I 
HPD02927900HPCPHI19600100010020100 00000g 2500 00000  
HPD02927900HPCPHI19600100100042000 00005  2200 00007  2400 00003  2500 00015  
HPD02927900HPCPHI19600100110090300 00002  0600 00003  0800 00002  1400 00001  1600 00003  1700 00006  1900 00005  2000 00019  2500 00041  
HPD02927900HPCPHI19600100120020800 00009  2500 00009  
HPD02927900HPCPHI19600100130031400 00005  1800 00002  2500 00007  
HPD02927900HPCPHI19600100160021500 00010  2500 00010  
HPD02927900HPCPHI19600200010020100 00000g 2500 00000  
HPD02927900HPCPHI19600200020031000 00003  1100 00002  2500 00005  
HPD02927900HPCPHI19600200100042100 00004  2300 00006  2400 00009  2500 00019  
HPD02927900HPCPHI19600200110100100 00007  0200 00001  0300 00001  0400 00006  0500 00002  0600 00002  0700 00001  0900 00009  1000 00008  2500 00037  
HPD02927900HPCPHI19600300010020100 00000g 2500 00000  
HPD02927900HPCPHI19600300230032300 00010  2400 00005  2500 00015  
HPD02927900HPCPHI19600300250022100 00010  2500 00010  
HPD02927900HPCPHI19600400010020100 00000g 2500 00000  
HPD02927900HPCPHI19600500010020100 00000g 2500 00000  
HPD02927900HPCPHI19600500050020500 00007  2500 00007  
HPD02927900HPCPHI19600600010020100 00000g 2500 00000  
HPD02927900HPCPHI19600700010020100 00000g 2500 00000  
HPD02927900HPCPHI19600700130031600 00063  1700 00002  2500 00065  
HPD02927900HPCPHI19600700240052100 00025  2200 00050  2300 00028  2400 00025  2500 00128  
HPD02927900HPCPHI19600700290042000 00021  2100 00009  2300 00005  2500 00035  
HPD02927900HPCPHI19600800010020100 00000g 2500 00000  
HPD02927900HPCPHI19600800090021500 00005  2500 00005  
HPD02927900HPCPHI19600800120020800 00016  2500 00016  
HPD02927900HPCPHI19600800140021800 00010  2500 00010  
HPD02927900HPCPHI19600800200022000 00040  2500 00040  
HPD02927900HPCPHI19600900010020100 00000g 2500 00000  
HPD02927900HPCPHI19600900090051600 00036  1700 00009  1800 00003  1900 00007  2500 00055  
HPD02927900HPCPHI19601000010020100 00000g 2500 00000  
HPD02927900HPCPHI19601000080022400 00007  2500 00007  
HPD02927900HPCPHI19601000090050100 00008  0200 00003  0300 00015  0400 00004  2500 00030  
HPD02927900HPCPHI19601000140031800 99999a 2200 00007A 2500 00007  
HPD02927900HPCPHI19601000150040200 00010  0300 00020  0400 00005  2500 00035  
HPD02927900HPCPHI19601100010020100 00000g 2500 00000  
HPD02927900HPCPHI19601200010020100 00000g 2500 00000  
HPD02927900HPCPHI19601200040030100 99999a 0500 00030A 2500 00030  
HPD02927900HPCPHI19610100010020100 99999[ 2500 00000I 
HPD02927900HPCPHI19610100310022400 99999] 2500 00000I 
HPD02927900HPCPHI19610200010020100 99999[ 2500 00000I 
HPD02927900HPCPHI19610200280022400 99999] 2500 00000I 
HPD02927900HPCPHI19610300010020100 00000g 2500 00000  
HPD02927900HPCPHI19610300310030100 99999[ 2400 99999] 2500 00000I 
HPD02927900HPCPHI19610400010020100 00000g 2500 00000  
HPD02927900HPCPHI19610400300030100 99999[ 2400 99999] 2500 00000I 
HPD02927900HPCPHI19610500010020100 00000g 2500 00000  
HPD02927900HPCPHI19610600010020100 00000g 2500 00000  
HPD02927900HPCPHI19610600150051800 00038  1900 00002  2000 00006  2100 00004  2500 00050  
HPD02927900HPCPHI19610700010050100 00000g 2000 00011  2100 00022  2200 00003  2500 00036  
HPD02927900HPCPHI19610700020022400 00007  2500 00007  
HPD02927900HPCPHI19610700030020100 00016  2500 00016  
HPD02927900HPCPHI19610700280051600 00085  1700 00025  1800 00003  1900 00002  2500 00115  
HPD02927900HPCPHI19610800010020100 00000g 2500 00000  
HPD02927900HPCPHI19610800140042200 00190  2300 00025  2400 00008  2500 00223  
HPD02927900HPCPHI19610800170042100 00025  2200 00005  2400 00010  2500 00040  
HPD02927900HPCPHI19610800180020100 00005  2500 00005  
HPD02927900HPCPHI19610800220051700 00032  1800 00011  1900 00009  2000 00005  2500 00057  
HPD02927900HPCPHI19610800280041600 00008  2200 00011  2300 00012  2500 00031  
HPD02927900HPCPHI19610800290030400 00006  0500 00029  2500 00035  
HPD02927900HPCPHI19610900010020100 00000g 2500 00000  
HPD02927900HPCPHI19610900070031600 00040  1700 00007  2500 00047  
HPD02927900HPCPHI19611000010020100 00000g 2500 00000  
HPD02927900HPCPHI19611000080032100 00004  2200 00008  2500 00012  
HPD02927900HPCPHI19611000290190600 00002  0700 00002  0800 00002  0900 00002  1000 00002  1100 00002  1200 00002  1300 00002  1400 00002  1500 00002  1600 00002  1700 00002  1800 00002  1900 00002  2000 00002  2100 00002  2200 00002  2300 00001  2500 00035  
HPD02927900HPCPHI19611000300250100 00003  0200 00004  0300 00004  0400 00004  0500 00004  0600 00004  0700 00004  0800 00004  0900 00004  1000 00004  1100 00004  1200 00004  1300 00004  1400 00004  1500 00003  1600 00003  1700 00003  1800 00003  1900 00003  2000 00003  2100 00003  2200 00003  2300 00003  2400 00003  2500 00085  
HPD02927900HPCPHI19611100010020100 99999[ 2500 00000I 
HPD02927900HPCPHI19611100300022400 99999] 2500 00000I 
HPD02927900HPCPHI19611200010020100 99999[ 2500 00000I 
HPD02927900HPCPHI19611200310022400 99999] 2500 00000I 
HPD02927900HPCPHI19620100010020100 99999[ 2500 00000I 
HPD02927900HPCPHI19620100310022400 99999] 2500 00000I 
HPD02927900HPCPHI19620200010020100 00000g 2500 00000  
HPD02927900HPCPHI19620300010020100 00000g 2500 00000  
HPD02927900HPCPHI19620300090060600 00003  0700 00002  0800 00005  0900 00005  1000 00007  2500 00022  
HPD02927900HPCPHI19620300100030400 00003  0500 00002  2500 00005  
HPD02927900HPCPHI19620300190022400 00001  2500 00001  
HPD02927900HPCPHI19620300200020100 00004  2500 00004  
HPD02927900HPCPHI19620400010020100 00000g 2500 00000  
HPD02927900HPCPHI19620500010020100 00000g 2500 00000  
HPD02927900HPCPHI19620600010020100 00000g 2500 00000  
HPD02927900HPCPHI19620700010020100 00000g 2500 00000  
HPD02927900HPCPHI19620800010020100 99999[ 2500 00000I 
HPD02927900HPCPHI19620800310022400 99999] 2500 00000I 
HPD02927900HPCPHI19620900010020100 00000g 2500 00000  
HPD02927900HPCPHI19620900040021900 00023  2500 00023  
HPD02927900HPCPHI19620900060021600 00012  2500 00012  
HPD02927900HPCPHI19620900130051500 00017  1600 00011  1700 00012  1800 00002  2500 00042  
HPD02927900HPCPHI19620900240021700 00021  2500 00021  
HPD02927900HPCPHI19620900250030100 99999a 1900 00130A 2500 00130  
HPD02927900HPCPHI19620900260130100 00020  0200 00040  0600 00002  0700 00080  0800 00035  0900 00015  1000 00010  1100 00005  1200 00001  1300 00001  1400 00002  1500 00007  2500 00218  
HPD02927900HPCPHI19621000010020100 00000g 2500 00000  
HPD02927900HPCPHI19621000170051800 00020  1900 00016  2000 00009  2100 00006  2500 00051  
HPD02927900HPCPHI19621000180030200 00004  0400 00013  2500 00017  
HPD02927900HPCPHI19621100010020100 00000g 2500 00000  
HPD02927900HPCPHI19621100150030600 00008  0700 00004  2500 00012  
HPD02927900HPCPHI19621100300071000 00007  1100 00008  1200 00010  1300 00012  1400 00010  1500 00003  2500 00050  
HPD02927900HPCPHI19621200010020100 00000g 2500 00000  
HPD02927900HPCPHI19621200170061900 00005  2000 00002  2100 00002  2200 00008  2300 00003  2500 00020  
HPD02927900HPCPHI19621200180020500 00012  2500 00012  
HPD02927900HPCPHI19621200250030600 00008  0700 00004  2500 00012  
HPD02927900HPCPHI19630100010020100 00000g 2500 00000  
HPD02927900HPCPHI19630100030040700 00003  0800 00002  0900 00007  2500 00012  
HPD02927900HPCPHI19630200010020100 00000g 2500 00000  
HPD02927900HPCPHI19630200100040400 00006  0500 00007  1400 00006  2500 00019  
HPD02927900HPCPHI19630200110071600 00007  1700 00004  1800 00009  2200 00002  2300 00013  2400 00015  2500 00050  
HPD02927900HPCPHI19630300010020100 00000g 2500 00000  
HPD02927900HPCPHI19630300170032300 00005  2400 00007  2500 00012  
HPD02927900HPCPHI19630300290071400 00004  1500 00003  1600 00005  1700 00010  1800 00008  1900 00002  2500 00032  
HPD02927900HPCPHI19630400010020100 00000g 2500 00000  
HPD02927900HPCPHI19630400250041700 00007  1800 00003  1900 00001  2500 00011  
HPD02927900HPCPHI19630500010020100 00000g 2500 00000  
HPD02927900HPCPHI19630600010020100 00000g 2500 00000  
HPD02927900HPCPHI19630700010020100 00000g 2500 00000  
HPD02927900HPCPHI19630700070042100 00004  2200 00010  2300 00001  2500 00015  
HPD02927900HPCPHI19630700180021900 00034  2500 00034  
HPD02927900HPCPHI19630700190031900 00095  2000 00025  2500 00120  
HPD02927900HPCPHI19630700220051900 00015  2000 00001  2100 00004  2200 00003  2500 00023  
HPD02927900HPCPHI19630700300021700 00047  2500 00047  
HPD02927900HPCPHI19630700310032300 00050  2400 00005  2500 00055  
HPD02927900HPCPHI19630800010020100 00000g 2500 00000  
HPD02927900HPCPHI19630800070021400 00013  2500 00013  
HPD02927900HPCPHI19630800110022300 00009  2500 00009  
HPD02927900HPCPHI19630800130031600 00020  1700 00010  2500 00030  
HPD02927900HPCPHI19630800140021400 00005  2500 00005  
HPD02927900HPCPHI19630800250032100 00030  2200 00045  2500 00075  
HPD02927900HPCPHI19630800310020100 00039  2500 00039  
HPD02927900HPCPHI19630900010020100 00000g 2500 00000  
HPD02927900HPCPHI19630900030051900 00008  2000 00012  2100 00006  2200 00013  2500 00039  
HPD02927900HPCPHI19630900080021600 00020  2500 00020  
HPD02927900HPCPHI19630900130031800 00008  1900 00004  2500 00012  
HPD02927900HPCPHI19630900200021600 00006  2500 00006  
HPD02927900HPCPHI19631000010020100 00000g 2500 00000  
HPD02927900HPCPHI19631000180041600 00001  1700 00019  1800 00010  2500 00030  
HPD02927900HPCPHI19631000190070200 00031  0300 00001  0400 00001  0500 00001  0600 00002  0800 00013  2500 00049  
HPD02927900HPCPHI19631100010020100 00000g 2500 00000  
HPD02927900HPCPHI19631100070031000 00015  1100 00010  2500 00025  
HPD02927900HPCPHI19631100210031200 00011  1900 00004  2500 00015  
HPD02927900HPCPHI19631200010020100 00000g 2500 00000  
HPD02927900HPCPHI19640100010020100 00000g 2500 00000  
HPD02927900HPCPHI19640100310030100 99999[ 2400 99999] 2500 00000I 
HPD02927900HPCPHI19640200010020100 00000g 2500 00000  
HPD02927900HPCPHI19640200290030100 99999[ 2400 99999] 2500 00000I 
HPD02927900HPCPHI19640300010020100 00000g 2500 00000  
HPD02927900HPCPHI19640300020022400 00005  2500 00005  
HPD02927900HPCPHI19640300030020800 00010  2500 00010  
HPD02927900HPCPHI19640400010020100 00000g 2500 00000  
HPD02927900HPCPHI19640400030020200 00005  2500 00005  
HPD02927900HPCPHI19640400040050300 00003  0400 00007  0500 00009  0600 00010  2500 00029  
HPD02927900HPCPHI19640400300030100 99999[ 2400 99999] 2500 00000I 
HPD02927900HPCPHI19640500010020100 00000g 2500 00000  
HPD02927900HPCPHI19640600010020100 00000g 2500 00000  
HPD02927900HPCPHI19640600300030100 99999[ 2400 99999] 2500 00000I 
HPD02927900HPCPHI19640700010020100 00000g 2500 00000  
HPD02927900HPCPHI19640700140032300 00082  2400 00018  2500 00100  
HPD02927900HPCPHI19640700150030100 00003  0200 00004  2500 00007  
HPD02927900HPCPHI19640700200021900 00016  2500 00016  
HPD02927900HPCPHI19640700240021700 00030  2500 00030  
HPD02927900HPCPHI19640700310030100 99999[ 2400 99999] 2500 00000I 
HPD02927900HPCPHI19640800010020100 00000g 2500 00000  
HPD02927900HPCPHI19640800050020600 00008  2500 00008  
HPD02927900HPCPHI19640800110021800 00029  2500 00029  
HPD02927900HPCPHI19640800250022100 00005  2500 00005  
HPD02927900HPCPHI19640800260030500 00003  0600 00004  2500 00007  
HPD02927900HPCPHI19640800310030100 99999[ 2400 99999] 2500 00000I 
HPD02927900HPCPHI19640900010020100 00000g 2500 00000  
HPD02927900HPCPHI19640900080032100 00004  2200 00001  2500 00005  
HPD02927900HPCPHI19640900090030600 00002  0700 00003  2500 00005  
HPD02927900HPCPHI19640900120031800 00006  1900 00058  2500 00064  
HPD02927900HPCPHI19640900140040400 00011  2100 00008  2200 00009  2500 00028  
HPD02927900HPCPHI19640900220021500 00006  2500 00006  
HPD02927900HPCPHI19640900230020700 00006  2500 00006  
HPD02927900HPCPHI19641000010020100 00000g 2500 00000  
HPD02927900HPCPHI19641000160021800 00003  2500 00003  
HPD02927900HPCPHI19641100010020100 00000g 2500 00000  
HPD02927900HPCPHI19641100090022400 00002  2500 00002  
HPD02927900HPCPHI19641100100020100 00003  2500 00003  
HPD02927900HPCPHI19641100160050400 00001  0500 00001  0600 00001  0700 00001  2500 00004  
HPD02927900HPCPHI19641200010020100 00000g 2500 00000  
HPD02927900HPCPHI19641200020031900 00013  2000 00002  2500 00015  
HPD02927900HPCPHI19641200030060500 00004  0600 00010  0700 00010  0800 00019  0900 00006  2500 00049  
HPD02927900HPCPHI19641200180060700 00005  1300 00004  1400 00006  1500 00007  1600 00002  2500 00024  
HPD02927900HPCPHI19641200280032300 00003  2400 00001  2500 00004  
HPD02927900HPCPHI19641200290020100 00001  2500 00001  
HPD02927900HPCPHI19650100010020100 00000g 2500 00000  
HPD02927900HPCPHI19650100060031900 00005  2000 00002  2500 00007  
HPD02927900HPCPHI19650100080040100 00002  0300 00004  0400 00005  2500 00011  
HPD02927900HPCPHI19650100200101200 00004  1400 00001  1500 00023  1600 00022  1700 00014  1800 00007  2100 00001  2200 00013  2300 00006  2500 00091  
HPD02927900HPCPHI19650200010020100 00000g 2500 00000  
HPD02927900HPCPHI19650300010020100 00000g 2500 00000  
HPD02927900HPCPHI19650300100061600 00004  1700 00005  1800 00005  1900 00003  2000 00004  2500 00021  
HPD02927900HPCPHI19650400010020100 00000g 2500 00000  
HPD02927900HPCPHI19650400020021700 00003  2500 00003  
HPD02927900HPCPHI19650400030021800 00004  2500 00004  
HPD02927900HPCPHI19650500010020100 00000g 2500 00000  
HPD02927900HPCPHI19650500160021500 00034  2500 00034  
HPD02927900HPCPHI19650600010020100 00000g 2500 00000  
HPD02927900HPCPHI19650600080022000 00005  2500 00005  
HPD02927900HPCPHI19650700010020100 00000g 2500 00000  
HPD02927900HPCPHI19650700090021800 00010  2500 00010  
HPD02927900HPCPHI19650700100052100 00005  2200 00052  2300 00013  2400 00010  2500 00080  
HPD02927900HPCPHI19650700110022200 00007  2500 00007  
HPD02927900HPCPHI19650700210030500 00005  2100 00010  2500 00015  
HPD02927900HPCPHI19650700220022300 00045  2500 00045  
HPD02927900HPCPHI19650700240032000 00073  2100 00014  2500 00087  
HPD02927900HPCPHI19650700290020300 00014  2500 00014  
HPD02927900HPCPHI19650800010040100 00000g 2100 00036  2200 00001  2500 00037  
HPD02927900HPCPHI19650800160032300 00004  2400 00011  2500 00015  
HPD02927900HPCPHI19650800170020100 00005  2500 00005  
HPD02927900HPCPHI19650800210022300 00003  2500 00003  
HPD02927900HPCPHI19650800250032300 00012  2400 00005  2500 00017  
HPD02927900HPCPHI19650800290052000 00010  2100 00006  2200 00015  2300 00006  2500 00037  
HPD02927900HPCPHI19650800300022000 00004  2500 00004  
HPD02927900HPCPHI19650900010020100 00000g 2500 00000  
HPD02927900HPCPHI19650900030030500 00064  0600 00003  2500 00067  
HPD02927900HPCPHI19650900050022100 00010  2500 00010  
HPD02927900HPCPHI19650900080051700 00010  1800 00015  1900 00008  2000 00007  2500 00040  
HPD02927900HPCPHI19650900190022400 00020  2500 00020  
HPD02927900HPCPHI19650900200020100 00001  2500 00001  
HPD02927900HPCPHI19651000010020100 00000g 2500 00000  
HPD02927900HPCPHI19651100010020100 00000g 2500 00000  
HPD02927900HPCPHI19651100240061400 00005  1600 00002  1800 00003  2100 00002  2300 00003  2500 00015  
HPD02927900HPCPHI19651100250100200 00002  0300 00001  0400 00004  0500 00005  0600 00002  0700 00001  1400 00002  1500 00008  1600 00006  2500 00031  
HPD02927900HPCPHI19651200010020100 00000g 2500 00000  
HPD02927900HPCPHI19651200080021500 00011  2500 00011  
HPD02927900HPCPHI19651200090111500 00020  1600 00024  1700 00008  1800 00020  1900 00021  2000 00013  2100 00012  2200 00012  2300 00015  2400 00008  2500 00153  
HPD02927900HPCPHI19651200100120200 00008  0300 00014  0400 00002  0500 00004  0600 00003  0700 00011  1800 00008  1900 00003  2000 00007  2100 00008  2300 00002  2500 00070  
HPD02927900HPCPHI19651200110030100 00005  0200 00005  2500 00010  
HPD02927900HPCPHI19651200140021800 00005  2500 00005  
HPD02927900HPCPHI19651200160041900 00005  2300 00010  2400 00003  2500 00018  
HPD02927900HPCPHI19651200170030100 00010  0200 00010  2500 00020  
HPD02927900HPCPHI19651200180040500 00006  0600 00002  0700 00002  2500 00010  
HPD02927900HPCPHI19651200210022400 00002  2500 00002  
HPD02927900HPCPHI19651200220170100 00002  0200 00005  0300 00004  0400 00004  0500 00003  0600 00002  0700 00003  0800 00002  0900 00009  1000 00019  1100 00014  1200 00017  1300 00008  1400 00007  1500 00005  1900 00007  2500 00111  
HPD02927900HPCPHI19651200230070400 00003  0500 00002  0600 00003  0700 00002  0900 00002  1000 00004  2500 00016  
HPD02927900HPCPHI19651200300061000 00001  1100 00002  1200 00005  1300 00011  1400 00002  2500 00021  
HPD02927900HPCPHI19660100010020100 00000g 2500 00000  
HPD02927900HPCPHI19660100180050400 00010  1100 00015  1200 00015  1600 00002  2500 00042  
HPD02927900HPCPHI19660100310050100 00005  0200 00005  0300 00004  0400 00005  2500 00019  
HPD02927900HPCPHI19660200010020100 00000g 2500 00000  
HPD02927900HPCPHI19660200070091400 00015  1500 00002  1600 00005  1700 00005  1800 00011  1900 00022  2000 00026  2100 00016  2500 00102  
HPD02927900HPCPHI19660200110030900 00004  1000 00004  2500 00008  
HPD02927900HPCPHI19660300010020100 00000g 2500 00000  
HPD02927900HPCPHI19660400010020100 00000g 2500 00000  
HPD02927900HPCPHI19660400190021300 00042  2500 00042  
HPD02927900HPCPHI19660500010020100 00000g 2500 00000  
HPD02927900HPCPHI19660600010020100 00000g 2500 00000  
HPD02927900HPCPHI19660700010020100 00000g 2500 00000  
HPD02927900HPCPHI19660700160021600 00014  2500 00014  
HPD02927900HPCPHI19660700280032200 00018  2300 00006  2500 00024  
HPD02927900HPCPHI19660700310032200 00002  2300 00003  2500 00005  
HPD02927900HPCPHI19660800010020100 00000g 2500 00000  
HPD02927900HPCPHI19660800030021500 00015  2500 00015  
HPD02927900HPCPHI19660800100050500 00004  0600 00014  1600 00009  1700 00005  2500 00032  
HPD02927900HPCPHI19660800200021700 00027  2500 00027  
HPD02927900HPCPHI19660800230032000 00005  2100 00001  2500 00006  
HPD02927900HPCPHI19660900010020100 00000g 2500 00000  
HPD02927900HPCPHI19660900110022400 00006  2500 00006  
HPD02927900HPCPHI19660900120060400 00007  0500 00003  1000 00003  1100 00010  1200 00003  2500 00026  
HPD02927900HPCPHI19660900130081100 00003  1200 00017  1300 00001  1600 00017  1700 00021  1800 00003  1900 00002  2500 00064  
HPD02927900HPCPHI19660900140041800 00002  1900 00005  2000 00005  2500 00012  
HPD02927900HPCPHI19660900150040300 00048  0400 00104  0500 00008  2500 00160  
HPD02927900HPCPHI19660900190032000 00005  2100 00002  2500 00007  
HPD02927900HPCPHI19660900290070800 00022  1300 00043  1400 00030  1500 00005  1600 00002  1700 00002  2500 00104  
HPD02927900HPCPHI19661000010020100 99999[ 2500 00000I 
HPD02927900HPCPHI19661000310022400 99999] 2500 00000I 
HPD02927900HPCPHI19661100010020100 99999[ 2500 00000I 
HPD02927900HPCPHI19661100300022400 99999] 2500 00000I 
HPD02927900HPCPHI19661200010020100 99999[ 2500 00000I 
HPD02927900HPCPHI19661200310022400 99999] 2500 00000I 
HPD02927900HPCPHI19670100010020100 99999[ 2500 00000I 
HPD02927900HPCPHI19670100310022400 99999] 2500 00000I 
HPD02927900HPCPHI19670200010020100 99999[ 2500 00000I 
HPD02927900HPCPHI19670200280022400 99999] 2500 00000I 
