HPD02927102HPCPHT20110100010030100 00000g 1300 00010  2500 00010  
HPD02927102HPCPHT20110100160021500 00010  2500 00010  
HPD02927102HPCPHT20110100310021700 00010  2500 00010  
HPD02927102HPCPHT20110200010030100 00000g 1000 00010  2500 00010  
HPD02927102HPCPHT20110200190051800 00010  2000 00010  2100 00010  2200 00010  2500 00040  
HPD02927102HPCPHT20110200200020600 00010  2500 00010  
HPD02927102HPCPHT20110200270050500 00010  0600 00010  0700 00010  1100 00010  2500 00040  
HPD02927102HPCPHT20110200280021500 00010  2500 00010  
HPD02927102HPCPHT20110300010030100 00000g 1400 99999[ 2500 00000I 
HPD02927102HPCPHT20110300310022400 99999] 2500 00000I 
HPD02927102HPCPHI20110400010020100 99999[ 2500 00000I 
HPD02927102HPCPHI20110400300022400 99999] 2500 00000I 
HPD02927102HPCPHT20110500010020100 99999[ 2500 00000I 
HPD02927102HPCPHT20110500060030500 99999] 0800 00010  2500 00010I 
HPD02927102HPCPHT20110500180022400 00010  2500 00010  
HPD02927102HPCPHT20110500190040100 00010  0400 00020  0500 00010  2500 00040  
HPD02927102HPCPHT20110500210021600 00010  2500 00010  
HPD02927102HPCPHT20110600010030100 00000g 1100 00010  2500 00010  
HPD02927102HPCPHT20110600280021000 99999[ 2500 00000I 
HPD02927102HPCPHT20110600300022400 99999] 2500 00000I 
HPD02927102HPCPHT20110700010020100 99999[ 2500 00000I 
HPD02927102HPCPHT20110700290030900 99999] 1800 00010  2500 00010I 
HPD02927102HPCPHT20110800010030100 00000g 1300 00010  2500 00010  
HPD02927102HPCPHT20110800020032100 00030  2200 00010  2500 00040  
HPD02927102HPCPHT20110800040031300 00010  1700 00030  2500 00040  
HPD02927102HPCPHT20110800050021500 00010  2500 00010  
HPD02927102HPCPHT20110800130022400 00010  2500 00010  
HPD02927102HPCPHT20110800140030100 00020  1700 00010  2500 00030  
HPD02927102HPCPHT20110800160031600 00040  1700 00010  2500 00050  
HPD02927102HPCPHT20110800170021300 00010  2500 00010  
HPD02927102HPCPHT20110800180041500 00010  1700 00010  1900 00010  2500 00030  
HPD02927102HPCPHT20110800190031400 00010  1600 00010  2500 00020  
HPD02927102HPCPHT20110800200021400 00010  2500 00010  
HPD02927102HPCPHT20110800220021500 00010  2500 00010  
HPD02927102HPCPHT20110800310022400 00010  2500 00010  
HPD02927102HPCPHT20110900010030100 00000g 1400 00010  2500 00010  
HPD02927102HPCPHT20110900040021700 00020  2500 00020  
HPD02927102HPCPHT20110900060040800 00010  1900 00070  2000 00010  2500 00090  
HPD02927102HPCPHT20110900070021200 00010  2500 00010  
HPD02927102HPCPHT20110900100022300 00010  2500 00010  
HPD02927102HPCPHT20110900130022400 00010  2500 00010  
HPD02927102HPCPHT20110900140050100 00010  0200 00020  0300 00010  1900 00040  2500 00080  
HPD02927102HPCPHT20110900200021400 99999[ 2500 00000I 
HPD02927102HPCPHT20110900300022400 99999] 2500 00000I 
HPD02927102HPCPHI20111000010020100 99999[ 2500 00000I 
HPD02927102HPCPHI20111000310022400 99999] 2500 00000I 
HPD02927102HPCPHI20111100010020100 99999[ 2500 00000I 
HPD02927102HPCPHI20111100300022400 99999] 2500 00000I 
