HPD02379000HPCPHI19590100010020100 99999[ 2500 00000I 
HPD02379000HPCPHI19590100200021200 99999] 2500 00000I 
HPD02379000HPCPHI19590200010020100 00000g 2500 00000  
HPD02379000HPCPHI19590200080021800 99999a 2500 00000I 
HPD02379000HPCPHI19590200090021100 00055A 2500 00055P 
HPD02379000HPCPHI19590200110022100 99999a 2500 00000I 
HPD02379000HPCPHI19590200120020800 00045A 2500 00045P 
HPD02379000HPCPHI19590200160060300 00002  0400 00001  0600 00002  0700 00004  0800 00001  2500 00010  
HPD02379000HPCPHI19590200210061900 00007  2000 00005  2100 00003  2200 00002  2300 00003  2500 00020  
HPD02379000HPCPHI19590300010020100 00000g 2500 00000  
HPD02379000HPCPHI19590400010020100 00000g 2500 00000  
HPD02379000HPCPHI19590500010020100 00000g 2500 00000  
HPD02379000HPCPHI19590600010020100 00000g 2500 00000  
HPD02379000HPCPHI19590600140021900 00002  2500 00002  
HPD02379000HPCPHI19590600190020100 00002  2500 00002  
HPD02379000HPCPHI19590700010020100 00000g 2500 00000  
HPD02379000HPCPHI19590700180031900 00006  2000 00002  2500 00008  
HPD02379000HPCPHI19590700200021800 00005  2500 00005  
HPD02379000HPCPHI19590700210030300 00004  0400 00001  2500 00005  
HPD02379000HPCPHI19590700300021800 00003  2500 00003  
HPD02379000HPCPHI19590800010030100 00000g 1600 00003  2500 00003  
HPD02379000HPCPHI19590800070041800 00005  1900 00002  2000 00003  2500 00010  
HPD02379000HPCPHI19590800100041500 00007  1600 00002  2000 00005  2500 00014  
HPD02379000HPCPHI19590800110050800 00010  0900 00004  1000 00003  1100 00002  2500 00019  
HPD02379000HPCPHI19590800130041400 00098  1500 00002  1600 00002  2500 00102  
HPD02379000HPCPHI19590800150051200 00013  1300 00002  1400 00003  1500 00001  2500 00019  
HPD02379000HPCPHI19590800170081800 00043  1900 00042  2000 00016  2100 00017  2200 00005  2300 00003  2400 00007  2500 00133  
HPD02379000HPCPHI19590800180100100 00018  0200 00012  0300 00012  0500 00001  0600 00003  0700 00002  0800 00002  2300 00010  2400 00014  2500 00074  
HPD02379000HPCPHI19590800190031700 00005  1800 00003  2500 00008  
HPD02379000HPCPHI19590800210051500 00015  1600 00058  1700 00003  1800 00002  2500 00078  
HPD02379000HPCPHI19590800250051400 00002  1500 00001  1700 99999[ 1800 99999] 2500 00003I 
HPD02379000HPCPHI19590900010020100 00000g 2500 00000  
HPD02379000HPCPHI19590900100042000 00001  2100 00002  2200 00001  2500 00004  
HPD02379000HPCPHI19590900110090300 00001  0400 00005  0500 00003  1900 00008  2000 00002  2100 00002  2200 00001  2300 00001  2500 00023  
HPD02379000HPCPHI19590900120041700 00015  1800 00022  1900 00006  2500 00043  
HPD02379000HPCPHI19591000010070100 00000g 0600 00003  0700 00013  0800 00020  0900 00010  1000 00015  2500 00061  
HPD02379000HPCPHI19591000290032300 00002  2400 00002  2500 00004  
HPD02379000HPCPHI19591000300090800 00003  0900 00005  1300 00005  1400 00010  1500 00009  1600 00016  1700 00004  1800 00001  2500 00053  
HPD02379000HPCPHI19591100010080100 00000g 1600 00001  1800 00001  1900 00001  2000 00002  2300 00010  2400 00005  2500 00020  
HPD02379000HPCPHI19591100020110100 00007  0200 00018  0300 00017  0400 00003  0900 00001  1100 00001  1300 00008  1400 00014  1500 00003  1600 00010  2500 00082  
HPD02379000HPCPHI19591200010020100 00000g 2500 00000  
HPD02379000HPCPHI19591200090042200 00001  2300 00009  2400 00004  2500 00014  
HPD02379000HPCPHI19591200100040100 00003  0200 00001  0300 00001  2500 00005  
HPD02379000HPCPHI19591200200052100 00003  2200 00001  2300 00002  2400 00002  2500 00008  
HPD02379000HPCPHI19591200210090100 00001  0200 00003  0300 00001  0700 00002  0800 00001  0900 00003  1000 00001  1400 00003  2500 00015  
HPD02379000HPCPHI19591200240101000 00003  1100 00002  1600 00001  1800 00004  2000 00001  2100 00002  2200 00002  2300 00013  2400 00002  2500 00030  
HPD02379000HPCPHI19591200250031600 00005  1800 00002  2500 00007  
HPD02379000HPCPHI19591200310030500 99999a 0800 00011A 2500 00011  
HPD02379000HPCPHI19600100010020100 00000g 2500 00000  
HPD02379000HPCPHI19600100110060100 00002  0200 00003  0300 00001  1500 00002  1600 00001  2500 00009  
HPD02379000HPCPHI19600100120140800 00005  0900 00005  1000 00001  1100 00006  1200 00008  1300 00008  1400 00007  1600 00005  1700 00002  1900 00001  2100 00002  2200 00001  2300 00003  2500 00054  
HPD02379000HPCPHI19600100140042100 00005  2200 00002  2300 00003  2500 00010  
HPD02379000HPCPHI19600100150150400 00001  0600 00001  0700 00001  0800 00002  0900 00002  1000 00001  1100 00001  1700 00001  1800 00004  1900 00001  2000 00002  2100 00005  2200 00002  2300 00003  2500 00027  
HPD02379000HPCPHI19600200010040100 00000g 2300 00002  2400 00009  2500 00011  
HPD02379000HPCPHI19600200020040100 00006  0200 00002  0300 00001  2500 00009  
HPD02379000HPCPHI19600200100041400 00004  1500 00001  1600 00005  2500 00010  
HPD02379000HPCPHI19600200190040900 00001  1000 00001  1100 00001  2500 00003  
HPD02379000HPCPHI19600200280081800 00002  1900 00001  2000 00003  2100 00003  2200 00001  2300 00002  2400 00004  2500 00016  
HPD02379000HPCPHI19600200290160100 00001  0200 00004  0300 00001  0400 00002  0500 00008  0600 00009  0700 00001  0800 00009  0900 00002  1000 00002  1400 00001  1500 00001  1600 00005  1800 00009  2000 00006  2500 00061  
HPD02379000HPCPHI19600300010050100 00000g 0500 00003  0700 00002  0800 00005  2500 00010  
HPD02379000HPCPHI19600300240041600 99999a 1800 00012A 1900 00003  2500 00015  
HPD02379000HPCPHI19600400010020100 00000g 2500 00000  
HPD02379000HPCPHI19600400270091000 00002  1100 00001  1200 00007  1300 00005  1400 00003  1500 00002  1800 00005  1900 00003  2500 00028  
HPD02379000HPCPHI19600500010020100 00000g 2500 00000  
HPD02379000HPCPHI19600500040041800 00001  1900 00005  2000 00004  2500 00010  
HPD02379000HPCPHI19600600010020100 00000g 2500 00000  
HPD02379000HPCPHI19600700010020100 00000g 2500 00000  
HPD02379000HPCPHI19600700170031600 00004  1700 00001  2500 00005  
HPD02379000HPCPHI19600700200031500 00022  1600 00001  2500 00023  
HPD02379000HPCPHI19600700210031500 00013  1600 00002  2500 00015  
HPD02379000HPCPHI19600700270031600 00008  1700 00009  2500 00017  
HPD02379000HPCPHI19600700280031700 00001  1800 00005  2500 00006  
HPD02379000HPCPHI19600800010020100 00000g 2500 00000  
HPD02379000HPCPHI19600800060021500 00035  2500 00035  
HPD02379000HPCPHI19600800080021800 00025  2500 00025  
HPD02379000HPCPHI19600800310042200 00002  2300 00036  2400 00017  2500 00055  
HPD02379000HPCPHI19600900010090100 00003  0200 00032  0800 00001  0900 00001  1000 00003  1200 00036  1300 00004  1400 00001  2500 00081  
HPD02379000HPCPHI19600900040051800 00033  1900 00031  2000 00001  2100 00001  2500 00066  
HPD02379000HPCPHI19600900050050600 00002  0800 00001  0900 00001  1000 00002  2500 00006  
HPD02379000HPCPHI19600900090031300 00002  1400 00002  2500 00004  
HPD02379000HPCPHI19600900100021900 00004  2500 00004  
HPD02379000HPCPHI19601000010020100 00000g 2500 00000  
HPD02379000HPCPHI19601000090051900 00003  2000 00002  2200 00001  2300 00003  2500 00009  
HPD02379000HPCPHI19601000100080100 00003  0200 00008  0300 00001  0400 00004  0500 00005  0600 00003  0900 00007  2500 00031  
HPD02379000HPCPHI19601000150030200 00008  0300 00001  2500 00009  
HPD02379000HPCPHI19601000170031500 00007  1600 00008  2500 00015  
HPD02379000HPCPHI19601100010020100 00000g 2500 00000  
HPD02379000HPCPHI19601100050160200 00001  0300 00001  0500 00004  0900 00002  1000 00003  1100 00005  1200 00006  1300 00001  1500 00004  1600 00001  1900 00001  2000 00002  2100 00018  2200 00012  2300 00001  2500 00062  
HPD02379000HPCPHI19601100060100300 00001  0400 00001  0600 00007  0700 00020  0800 00010  1000 00005  1200 00013  1300 00006  1400 00001  2500 00064  
HPD02379000HPCPHI19601100260022400 00003  2500 00003  
HPD02379000HPCPHI19601100270020100 00002  2500 00002  
HPD02379000HPCPHI19601200010020100 00000g 2500 00000  
HPD02379000HPCPHI19601200070031600 00001  1700 00001  2500 00002  
HPD02379000HPCPHI19601200080050200 00003  0300 00001  0400 00001  0500 00001  2500 00006  
HPD02379000HPCPHI19610100010020100 00000g 2500 00000  
HPD02379000HPCPHI19610100260130800 00002  0900 00005  1000 00003  1100 00003  1200 00002  1300 00003  1400 00001  1600 00001  1700 00001  2200 00001  2300 00001  2400 00002  2500 00025  
HPD02379000HPCPHI19610100270090100 00015  0200 00015  0300 00015  0400 00004  0500 00001  0600 00002  0800 00001  0900 00002  2500 00055  
HPD02379000HPCPHI19610200010020100 00000g 2500 00000  
HPD02379000HPCPHI19610300010020100 00000g 2500 00000  
HPD02379000HPCPHI19610300030040900 00006  1000 00008  1100 00001  2500 00015  
HPD02379000HPCPHI19610300150031800 00028  1900 00001  2500 00029  
HPD02379000HPCPHI19610300180040600 00003  0800 00001  0900 00002  2500 00006  
HPD02379000HPCPHI19610300250031000 00004  1100 00004  2500 00008  
HPD02379000HPCPHI19610300280050500 00005  0600 00005  0800 00001  0900 00003  2500 00014  
HPD02379000HPCPHI19610300290080100 00002  0200 00003  0300 00003  0700 00002  1000 00002  1100 00002  1200 00001  2500 00015  
HPD02379000HPCPHI19610400010020100 00000g 2500 00000  
HPD02379000HPCPHI19610400070031200 99999a 1800 00018A 2500 00018  
HPD02379000HPCPHI19610400100020900 00005  2500 00005  
HPD02379000HPCPHI19610500010020100 00000g 2500 00000  
HPD02379000HPCPHI19610600010020100 00000g 2500 00000  
HPD02379000HPCPHI19610600250021700 00006  2500 00006  
HPD02379000HPCPHI19610700010020100 00000g 2500 00000  
HPD02379000HPCPHI19610700030100100 00015  0200 00019  0300 00001  0400 00002  0500 00001  1600 00004  1700 00001  1800 00001  1900 00001  2500 00045  
HPD02379000HPCPHI19610700240021700 00010  2500 00010  
HPD02379000HPCPHI19610800010020100 00000g 2500 00000  
HPD02379000HPCPHI19610800020031600 00001  1700 00004  2500 00005  
HPD02379000HPCPHI19610800030031900 00025  2000 00005  2500 00030  
HPD02379000HPCPHI19610800090021800 00012  2500 00012  
HPD02379000HPCPHI19610800190021400 00011  2500 00011  
HPD02379000HPCPHI19610800210051800 00002  1900 00041  2000 00001  2100 00001  2500 00045  
HPD02379000HPCPHI19610800230060200 00002  0300 00007  0400 00010  2000 00008  2100 00002  2500 00029  
HPD02379000HPCPHI19610800290021500 00007  2500 00007  
HPD02379000HPCPHI19610800300050300 00009  0400 00001  0500 00005  0600 00045  2500 00060  
HPD02379000HPCPHI19610900010020100 00000g 2500 00000  
HPD02379000HPCPHI19610900130021300 00005  2500 00005  
HPD02379000HPCPHI19610900150031900 00002  2000 00003  2500 00005  
HPD02379000HPCPHI19611000010020100 00000g 2500 00000  
HPD02379000HPCPHI19611000300032100 00009  2200 00001  2500 00010  
HPD02379000HPCPHI19611000310020300 00003  2500 00003  
HPD02379000HPCPHI19611100010020100 00000g 2500 00000  
HPD02379000HPCPHI19611100200032200 00010  2300 00005  2500 00015  
HPD02379000HPCPHI19611200010020100 00000g 2500 00000  
HPD02379000HPCPHI19611200020051900 00010  2000 00010  2100 00012  2200 00003  2500 00035  
HPD02379000HPCPHI19611200100061600 00001  1700 00005  1800 00002  1900 00003  2000 00003  2500 00014  
HPD02379000HPCPHI19611200140020400 99999[ 2500 00000I 
HPD02379000HPCPHI19611200150021800 99999] 2500 00000I 
HPD02379000HPCPHI19620100010020100 99999[ 2500 00000I 
HPD02379000HPCPHI19620100310022400 99999] 2500 00000I 
HPD02379000HPCPHI19620200010020100 00000g 2500 00000  
HPD02379000HPCPHI19620200070081800 00001  1900 00001  2000 00004  2100 00009  2200 00008  2300 00001  2400 00002  2500 00026  
HPD02379000HPCPHI19620200080080100 00001  1000 00002  1100 00004  1200 00007  1300 00002  1400 00005  1500 00001  2500 00022  
HPD02379000HPCPHI19620200120140200 00003  0300 00001  0400 00001  0500 00006  0600 00019  0700 00005  0800 00005  0900 00012  1000 00011  1100 00003  1200 00002  1300 00002  1400 00003  2500 00073  
HPD02379000HPCPHI19620200190061800 00002  1900 00003  2200 00001  2300 00004  2400 00002  2500 00012  
HPD02379000HPCPHI19620200200110600 00001  0700 00002  0800 00001  0900 00001  1900 00002  2000 00007  2100 00003  2200 00002  2300 00001  2400 00003  2500 00023  
HPD02379000HPCPHI19620200210100600 00002  0700 00005  0800 00013  0900 00002  1200 00003  1300 00002  1400 00010  1500 00004  1600 00002  2500 00043  
HPD02379000HPCPHI19620200250080200 00008  0300 00003  0400 00002  0500 00001  0700 00002  0900 00002  1400 00001  2500 00019  
HPD02379000HPCPHI19620200260030300 00001  0400 00001  2500 00002  
HPD02379000HPCPHI19620300010030100 99999[ 1300 99999] 2500 00000I 
HPD02379000HPCPHI19620300060042100 00001  2200 00005  2300 00001  2500 00007  
HPD02379000HPCPHI19620300090031300 99999[ 2400 99999] 2500 00000I 
HPD02379000HPCPHI19620300200110100 00005  0200 00002  0500 00002  0600 00001  0800 00001  0900 00001  1000 00003  1100 00001  1300 99999[ 2400 99999] 2500 00016I 
HPD02379000HPCPHI19620300220022300 99999[ 2500 00000I 
HPD02379000HPCPHI19620300230022400 99999] 2500 00000I 
HPD02379000HPCPHI19620400010020100 00000g 2500 00000  
HPD02379000HPCPHI19620500010030100 99999[ 1300 99999] 2500 00000I 
HPD02379000HPCPHI19620600010030100 99999[ 1300 99999] 2500 00000I 
HPD02379000HPCPHI19620600270070100 99999[ 1300 99999] 1800 00005  1900 00128  2000 00037  2100 00001  2500 00171I 
HPD02379000HPCPHI19620600280021700 00007  2500 00007  
HPD02379000HPCPHI19620700010020100 00000g 2500 00000  
HPD02379000HPCPHI19620700200031700 00023  1800 00001  2500 00024  
HPD02379000HPCPHI19620700270041600 00033  1700 00021  1800 00001  2500 00055  
HPD02379000HPCPHI19620800010020100 00000g 2500 00000  
HPD02379000HPCPHI19620800140021900 00008  2500 00008  
HPD02379000HPCPHI19620800190051400 00059  1500 00052  1800 00001  1900 00001  2500 00113  
HPD02379000HPCPHI19620900010020100 00000g 2500 00000  
HPD02379000HPCPHI19620900060030600 00002  0700 00006  2500 00008  
HPD02379000HPCPHI19620900200031700 99999a 2000 00028A 2500 00028  
HPD02379000HPCPHI19620900220061400 00002  1500 00001  1600 00019  2100 00002  2200 00004  2500 00028  
HPD02379000HPCPHI19620900240042100 00005  2200 00004  2300 00001  2500 00010  
HPD02379000HPCPHI19620900250051900 00025  2000 00057  2100 00013  2200 00002  2500 00097  
HPD02379000HPCPHI19620900260032300 00013  2400 00006  2500 00019  
HPD02379000HPCPHI19620900270030900 00003  1000 00002  2500 00005  
HPD02379000HPCPHI19621000010020100 00000g 2500 00000  
HPD02379000HPCPHI19621000180070200 00004  0400 00001  0500 00005  0600 00010  0700 00013  0800 00002  2500 00035  
HPD02379000HPCPHI19621100010020100 00000g 2500 00000  
HPD02379000HPCPHI19621200010020100 00000g 2500 00000  
HPD02379000HPCPHI19621200180030100 99999a 1700 00077A 2500 00077  
HPD02379000HPCPHI19621200240030800 99999a 1200 00010A 2500 00010  
HPD02379000HPCPHI19630100010020100 00000g 2500 00000  
HPD02379000HPCPHI19630100030030300 99999a 1800 00020A 2500 00020  
HPD02379000HPCPHI19630200010020100 00000g 2500 00000  
HPD02379000HPCPHI19630200100180100 00005  0200 00012  0300 00003  0400 00010  0500 00004  0700 00003  0800 00003  1300 00001  1400 00001  1500 00003  1600 00001  1700 00007  1900 00002  2000 00006  2100 00004  2300 00002  2400 00003  2500 00070  
HPD02379000HPCPHI19630200110070700 00001  0800 00006  0900 00004  1000 00003  1100 00001  1200 00002  2500 00017  
HPD02379000HPCPHI19630300010020100 00000g 2500 00000  
HPD02379000HPCPHI19630300030030900 00002  1000 00003  2500 00005  
HPD02379000HPCPHI19630300100022400 00005  2500 00005  
HPD02379000HPCPHI19630300110040100 00001  0200 00001  0300 00001  2500 00003  
HPD02379000HPCPHI19630300150050700 00001  0800 00002  0900 00002  1000 00001  2500 00006  
HPD02379000HPCPHI19630300170120600 00001  0700 00011  0800 00010  0900 00010  1000 00007  1100 00012  1200 00004  1300 00001  1700 00002  1800 00003  1900 00002  2500 00063  
HPD02379000HPCPHI19630400010020100 00000g 2500 00000  
HPD02379000HPCPHI19630400170051300 00001  1400 00003  1500 00001  1600 00001  2500 00006  
HPD02379000HPCPHI19630400210030800 00006  0900 00004  2500 00010  
HPD02379000HPCPHI19630400260080500 00014  0600 00002  0700 00001  0800 00001  0900 00003  1700 00002  1800 00001  2500 00024  
HPD02379000HPCPHI19630500010020100 00000g 2500 00000  
HPD02379000HPCPHI19630600010020100 00000g 2500 00000  
HPD02379000HPCPHI19630700010020100 00000g 2500 00000  
HPD02379000HPCPHI19630700100020900 00005  2500 00005  
HPD02379000HPCPHI19630800010020100 00000g 2500 00000  
HPD02379000HPCPHI19630800020031500 00005  2200 00009  2500 00014  
HPD02379000HPCPHI19630800050061600 00010  1700 00003  1800 00002  1900 00003  2000 00005  2500 00023  
HPD02379000HPCPHI19630800060021600 00003  2500 00003  
HPD02379000HPCPHI19630800140031700 00158  1800 00002  2500 00160  
HPD02379000HPCPHI19630800180041500 00001  1600 00001  1700 00002  2500 00004  
HPD02379000HPCPHI19630800300021800 00016  2500 00016  
HPD02379000HPCPHI19630800310020600 00002  2500 00002  
HPD02379000HPCPHI19630900010020100 00000g 2500 00000  
HPD02379000HPCPHI19630900130032200 00005  2300 00001  2500 00006  
HPD02379000HPCPHI19630900170070700 00003  0800 00004  0900 00001  2200 00004  2300 00016  2400 00015  2500 00043  
HPD02379000HPCPHI19630900180070100 00015  0200 00013  0300 00011  0400 00001  0500 00027  0600 00003  2500 00070  
HPD02379000HPCPHI19631000010020100 00000g 2500 00000  
HPD02379000HPCPHI19631000160041700 00005  1800 00001  1900 00002  2500 00008  
HPD02379000HPCPHI19631000180110900 00002  1000 00002  1100 00004  1200 00002  1900 00002  2000 00003  2100 00005  2200 00003  2300 00004  2400 00003  2500 00030  
HPD02379000HPCPHI19631000190080100 00007  0200 00008  0300 00001  0400 00002  0800 00001  0900 00001  1600 00005  2500 00025  
HPD02379000HPCPHI19631100010020100 00000g 2500 00000  
HPD02379000HPCPHI19631100020040600 00004  0700 00001  0800 00001  2500 00006  
HPD02379000HPCPHI19631100060042200 00017  2300 00001  2400 00001  2500 00019  
HPD02379000HPCPHI19631100070050100 00010  0200 00014  0300 00011  0400 00001  2500 00036  
HPD02379000HPCPHI19631100200052000 00002  2100 00013  2200 00009  2300 00001  2500 00025  
HPD02379000HPCPHI19631100210070200 00001  0300 00006  0400 00002  1400 00006  1500 00006  1600 00001  2500 00022  
HPD02379000HPCPHI19631200010020100 00000g 2500 00000  
HPD02379000HPCPHI19631200100030600 00002  0700 00001  2500 00003  
HPD02379000HPCPHI19640100010020100 00000g 2500 00000  
HPD02379000HPCPHI19640100210041700 00006  1800 00004  1900 00015  2500 00025  
HPD02379000HPCPHI19640100220071200 00001  1300 00002  1400 00004  1500 00004  1600 00001  1700 00006  2500 00018  
HPD02379000HPCPHI19640200010020100 00000g 2500 00000  
HPD02379000HPCPHI19640300010020100 00000g 2500 00000  
HPD02379000HPCPHI19640300020081000 00003  1100 00008  1200 00006  1300 00006  1400 00002  2300 00002  2400 00002  2500 00029  
HPD02379000HPCPHI19640300030040100 00003  0200 00002  0300 00001  2500 00006  
HPD02379000HPCPHI19640300070040200 00002  0700 00001  0800 00001  2500 00004  
HPD02379000HPCPHI19640300230110200 00002  0300 00002  0400 00002  0500 00002  0700 00002  0800 00003  0900 00004  1100 00001  1400 00002  1500 00001  2500 00021  
HPD02379000HPCPHI19640300240120200 00001  0300 00001  0400 00005  0500 00010  0600 00002  0700 00001  0800 00007  0900 00004  1000 00006  1100 00003  1400 00002  2500 00042  
HPD02379000HPCPHI19640400010060100 00000g 2000 00005  2200 00002  2300 00011  2400 00002  2500 00020  
HPD02379000HPCPHI19640400020031900 00016  2000 00001  2500 00017  
HPD02379000HPCPHI19640400030041500 00005  1600 00003  1800 00001  2500 00009  
HPD02379000HPCPHI19640400040041300 00002  1400 00005  1700 00001  2500 00008  
HPD02379000HPCPHI19640400060030200 00003  0300 00003  2500 00006  
HPD02379000HPCPHI19640500010020100 00000g 2500 00000  
HPD02379000HPCPHI19640500040032100 00004  2200 00001  2500 00005  
HPD02379000HPCPHI19640500070030800 00002  0900 00001  2500 00003  
HPD02379000HPCPHI19640500250051400 00004  1500 00002  1600 00001  1800 00002  2500 00009  
HPD02379000HPCPHI19640600010020100 00000g 2500 00000  
HPD02379000HPCPHI19640600270070100 00004  0200 00001  1400 00018  1500 00008  2000 00008  2200 00007  2500 00046  
HPD02379000HPCPHI19640700010020100 00000g 2500 00000  
HPD02379000HPCPHI19640700090060300 00001  0700 00003  1200 00004  1300 00001  1600 00003  2500 00012  
HPD02379000HPCPHI19640700240041900 00002  2000 00002  2100 00001  2500 00005  
HPD02379000HPCPHI19640700310071600 00055  1700 00062  1800 00111  1900 00042  2000 00001  2100 00002  2500 00273  
HPD02379000HPCPHI19640800010020100 00000g 2500 00000  
HPD02379000HPCPHI19640800020041100 00005  2000 00066  2100 00004  2500 00075  
HPD02379000HPCPHI19640800040032300 00008  2400 00001  2500 00009  
HPD02379000HPCPHI19640800100031000 99999a 1400 00007A 2500 00007  
HPD02379000HPCPHI19640800120061500 00042  1600 00008  1700 00017  1800 00002  1900 00003  2500 00072  
HPD02379000HPCPHI19640800130022300 00005  2500 00005  
HPD02379000HPCPHI19640900010020100 00000g 2500 00000  
HPD02379000HPCPHI19640900130021300 00004  2500 00004  
HPD02379000HPCPHI19640900240061600 00005  1700 00013  1900 00002  2000 00001  2300 00001  2500 00022  
HPD02379000HPCPHI19640900250080200 00012  0300 00021  0600 00002  0700 00002  0800 00001  1400 99999a 1900 00019A 2500 00057  
HPD02379000HPCPHI19641000010020100 00000g 2500 00000  
HPD02379000HPCPHI19641100010020100 00000g 2500 00000  
HPD02379000HPCPHI19641100150030900 99999a 2200 00050A 2500 00050  
HPD02379000HPCPHI19641100180070500 00002  0600 00003  0700 00003  0800 00001  1000 00001  1100 00002  2500 00012  
HPD02379000HPCPHI19641200010020100 00000g 2500 00000  
HPD02379000HPCPHI19641200180120800 00001  0900 00013  1000 00011  1200 00001  1300 00005  1400 00002  1500 00001  1600 00001  1700 00003  1800 00001  1900 00001  2500 00040  
HPD02379000HPCPHI19641200270042100 00005  2200 00004  2300 00001  2500 00010  
HPD02379000HPCPHI19641200280032000 00001  2100 00002  2500 00003  
HPD02379000HPCPHI19650100010020100 00000g 2500 00000  
HPD02379000HPCPHI19650100060031600 00002  1700 00001  2500 00003  
HPD02379000HPCPHI19650100070070600 00001  0700 00001  1500 00001  1600 00005  1700 00005  1800 00001  2500 00014  
HPD02379000HPCPHI19650100200060200 00003  0300 00003  0700 00005  0800 00020  0900 00005  2500 00036  
HPD02379000HPCPHI19650200010020100 00000g 2500 00000  
HPD02379000HPCPHI19650200060110900 00020  1000 00047  1100 00003  1400 00001  1500 00001  1600 00007  1700 00016  1800 00010  1900 00003  2000 00002  2500 00110  
HPD02379000HPCPHI19650200090041200 00005  1300 00003  1400 00002  2500 00010  
HPD02379000HPCPHI19650300010020100 00000g 2500 00000  
HPD02379000HPCPHI19650300100032300 00001  2400 00006  2500 00007  
HPD02379000HPCPHI19650300110130100 00005  0200 00007  0300 00003  0500 00001  0600 00005  0700 00002  0900 00001  1000 00001  1200 00001  1500 00001  1600 00001  2400 00005  2500 00033  
HPD02379000HPCPHI19650300130030500 00004  0600 00001  2500 00005  
HPD02379000HPCPHI19650300150051700 00001  1800 00006  1900 00006  2400 00001  2500 00014  
HPD02379000HPCPHI19650300160060100 00002  0200 00001  0300 00005  0400 00006  0500 00001  2500 00015  
HPD02379000HPCPHI19650300240041900 00002  2000 00002  2100 00002  2500 00006  
HPD02379000HPCPHI19650300250030600 00001  0700 00002  2500 00003  
HPD02379000HPCPHI19650400010110100 00000g 0800 00018  0900 00021  1000 00016  1100 00006  1200 00001  1400 00001  1700 00001  1900 00001  2000 00015  2500 00080  
HPD02379000HPCPHI19650400020030300 00002  2200 00005  2500 00007  
HPD02379000HPCPHI19650400030130100 00010  0200 00001  0600 00005  0900 00003  1200 00006  1300 00001  1400 00010  1500 00007  1600 00003  1700 00016  1800 00011  1900 00008  2500 00081  
HPD02379000HPCPHI19650400040160300 00001  0400 00001  0500 00001  0600 00007  0700 00006  0800 00004  0900 00006  1000 00013  1100 00007  1200 00003  1300 00001  1700 00001  1800 00002  1900 00001  2000 00001  2500 00055  
HPD02379000HPCPHI19650400050050100 00002  0200 00003  0300 00003  0400 00002  2500 00010  
HPD02379000HPCPHI19650400090090100 00010  0200 00005  0300 00005  0400 00001  0500 00003  1300 00004  1400 00001  1500 00005  2500 00034  
HPD02379000HPCPHI19650400100060100 00002  0200 00004  0300 00004  0400 00005  0600 00005  2500 00020  
HPD02379000HPCPHI19650400110080100 00002  0300 00001  1000 00005  1100 00013  1200 00006  1300 00001  1400 00002  2500 00030  
HPD02379000HPCPHI19650400120110500 00002  0700 00001  0800 00013  0900 00009  1000 00005  1100 00001  1200 00001  1300 00002  1400 00001  1600 00005  2500 00040  
HPD02379000HPCPHI19650500010020100 00000g 2500 00000  
HPD02379000HPCPHI19650500150031700 00007  1800 00003  2500 00010  
HPD02379000HPCPHI19650500240080200 00001  0300 00004  1200 00009  1300 00001  1400 00001  1500 00001  1600 00001  2500 00018  
HPD02379000HPCPHI19650600010020100 00000g 2500 00000  
HPD02379000HPCPHI19650600090031900 00005  2000 00002  2500 00007  
HPD02379000HPCPHI19650600230042000 00001  2100 00004  2200 00001  2500 00006  
HPD02379000HPCPHI19650700010020100 00000g 2500 00000  
HPD02379000HPCPHI19650700070031300 00001  1400 00005  2500 00006  
HPD02379000HPCPHI19650700150031700 00002  1800 00003  2500 00005  
HPD02379000HPCPHI19650700160042200 00019  2300 00041  2400 00007  2500 00067  
HPD02379000HPCPHI19650700170050100 00005  0200 00001  2300 00003  2400 00002  2500 00011  
HPD02379000HPCPHI19650700280031400 99999a 1700 00050A 2500 00050  
HPD02379000HPCPHI19650800010020100 00000g 2500 00000  
HPD02379000HPCPHI19650800080022100 00010  2500 00010  
HPD02379000HPCPHI19650800090032000 00003  2100 00001  2500 00004  
HPD02379000HPCPHI19650800130051600 00016  1800 00001  1900 00003  2000 00001  2500 00021  
HPD02379000HPCPHI19650800170021700 00035  2500 00035  
HPD02379000HPCPHI19650800180061000 00001  1100 00001  1200 00003  1300 00002  1400 00001  2500 00008  
HPD02379000HPCPHI19650900010020100 00000g 2500 00000  
HPD02379000HPCPHI19650900050031900 99999[ 2200 99999] 2500 00000I 
HPD02379000HPCPHI19650900180031600 99999[ 2100 99999] 2500 00000I 
HPD02379000HPCPHI19651000010020100 00000g 2500 00000  
HPD02379000HPCPHI19651000150031700 99999[ 2400 99999] 2500 00000I 
HPD02379000HPCPHI19651000160030700 99999[ 2200 99999] 2500 00000I 
HPD02379000HPCPHI19651100010020100 00000g 2500 00000  
HPD02379000HPCPHI19651100140091400 00006  1500 00004  1600 00001  1700 00001  1800 00001  2200 00002  2300 00008  2400 00001  2500 00024  
HPD02379000HPCPHI19651100150080200 00001  0500 00001  0600 00004  2000 00003  2100 00001  2200 00001  2300 00001  2500 00012  
HPD02379000HPCPHI19651100170060100 00004  0200 00001  0300 00006  0400 00011  0500 00003  2500 00025  
HPD02379000HPCPHI19651100220141200 00010  1300 00005  1400 00004  1500 00002  1600 00003  1700 00001  1800 00005  1900 00005  2000 00004  2100 00001  2200 00002  2300 00003  2400 00013  2500 00058  
HPD02379000HPCPHI19651100230090100 00017  0200 00011  0300 00004  0400 00019  0500 00008  0600 00005  0700 00011  0800 00002  2500 00077  
HPD02379000HPCPHI19651100250051400 00001  1500 00005  1600 00003  1700 00001  2500 00010  
HPD02379000HPCPHI19651200010020100 00000g 2500 00000  
HPD02379000HPCPHI19651200080041500 00002  1600 00001  1700 00001  2500 00004  
HPD02379000HPCPHI19651200090150800 00001  0900 00004  1000 00004  1100 00001  1200 00003  1300 00028  1400 00014  1500 00007  1600 00014  1700 00013  1800 00030  1900 00018  2000 00001  2200 00001  2500 00139  
HPD02379000HPCPHI19651200100130100 00002  0200 00001  0300 00001  0400 00014  0500 00015  0800 00008  0900 00007  1000 00005  1100 00014  1200 00019  1300 00011  1400 00001  2500 00098  
HPD02379000HPCPHI19651200120031500 00001  1700 00002  2500 00003  
HPD02379000HPCPHI19651200130110600 00006  0700 00007  0800 00005  0900 00006  1000 00001  1200 00002  1300 00001  2200 00006  2300 00005  2400 00004  2500 00043  
HPD02379000HPCPHI19651200140080100 00002  1100 00001  1200 00008  1300 00010  1800 00001  1900 00001  2200 00001  2500 00024  
HPD02379000HPCPHI19651200150041200 00002  1300 00001  1800 00001  2500 00004  
HPD02379000HPCPHI19651200160032300 00001  2400 00002  2500 00003  
HPD02379000HPCPHI19651200170020100 00002  2500 00002  
HPD02379000HPCPHI19651200220140100 00009  0200 00008  0300 00003  0800 00001  0900 00001  1000 00002  1100 00002  1200 00014  1300 00023  1400 00007  1500 00005  1600 00006  1700 00001  2500 00082  
HPD02379000HPCPHI19651200230120300 00006  0400 00001  0500 00003  0600 00006  0700 00002  0800 00002  0900 00001  1000 00002  1100 00003  1200 00001  1300 00001  2500 00028  
HPD02379000HPCPHI19651200290032200 00002  2400 00001  2500 00003  
HPD02379000HPCPHI19651200300040100 00002  0200 00002  0300 00005  2500 00009  
HPD02379000HPCPHI19660100010020100 00000g 2500 00000  
HPD02379000HPCPHI19660100300041600 00001  1700 00002  1900 00001  2500 00004  
HPD02379000HPCPHI19660200010020100 00000g 2500 00000  
HPD02379000HPCPHI19660200060022300 99999a 2500 00000I 
HPD02379000HPCPHI19660200080021100 00117A 2500 00117P 
HPD02379000HPCPHI19660200100040800 00002  0900 00001  1100 00001  2500 00004  
HPD02379000HPCPHI19660200260070600 00012  0700 00008  0800 00006  0900 00005  1000 00002  1100 00002  2500 00035  
HPD02379000HPCPHI19660300010030100 00000g 2100 00003  2500 00003  
HPD02379000HPCPHI19660300020051300 00004  1400 00006  1500 00002  1600 00002  2500 00014  
HPD02379000HPCPHI19660300250042000 00001  2100 00002  2200 00002  2500 00005  
HPD02379000HPCPHI19660300260080600 00007  0700 00013  0800 00006  1300 00002  1700 00025  1800 00004  1900 00001  2500 00058  
HPD02379000HPCPHI19660400010020100 00000g 2500 00000  
HPD02379000HPCPHI19660400190031200 99999a 1700 00015A 2500 00015  
HPD02379000HPCPHI19660500010020100 00000g 2500 00000  
HPD02379000HPCPHI19660500110031700 99999[ 2400 99999] 2500 00000I 
HPD02379000HPCPHI19660600010020100 00000g 2500 00000  
HPD02379000HPCPHI19660600170021400 00005  2500 00005  
HPD02379000HPCPHI19660600300050700 00003  0800 00002  0900 00002  1600 00004  2500 00011  
HPD02379000HPCPHI19660700010020100 00000g 2500 00000  
HPD02379000HPCPHI19660700180031500 00009  1600 00001  2500 00010  
HPD02379000HPCPHI19660700200020900 00027  2500 00027  
HPD02379000HPCPHI19660700280021700 00003  2500 00003  
HPD02379000HPCPHI19660700300041500 00085  1600 00004  1700 00001  2500 00090  
HPD02379000HPCPHI19660800010020100 00000g 2500 00000  
HPD02379000HPCPHI19660800090031400 00029  1500 00003  2500 00032  
HPD02379000HPCPHI19660800140021600 00010  2500 00010  
HPD02379000HPCPHI19660800150031500 00003  1600 00002  2500 00005  
HPD02379000HPCPHI19660800180031800 00047  1900 00010  2500 00057  
HPD02379000HPCPHI19660800190040300 00004  0400 00004  0500 00002  2500 00010  
HPD02379000HPCPHI19660900010020100 00000g 2500 00000  
HPD02379000HPCPHI19660900180061800 00001  1900 00011  2000 00001  2200 00008  2300 00035  2500 00056  
HPD02379000HPCPHI19660900190061000 00012  1100 00007  1200 00001  1300 00001  1400 00001  2500 00022  
HPD02379000HPCPHI19660900270051100 00001  1200 00001  1400 00002  1700 00004  2500 00008  
HPD02379000HPCPHI19661000010020100 00000g 2500 00000  
HPD02379000HPCPHI19661000030071600 00017  1700 00023  1800 00007  1900 00007  2000 00001  2200 00001  2500 00056  
HPD02379000HPCPHI19661000040071200 00003  1300 00004  1400 00002  1600 00016  1700 00004  1900 00001  2500 00030  
HPD02379000HPCPHI19661000090022100 00002  2500 00002  
HPD02379000HPCPHI19661100010020100 99999[ 2500 00000I 
HPD02379000HPCPHI19661100300022400 99999] 2500 00000I 
HPD02379000HPCPHI19661200010020100 99999[ 2500 00000I 
HPD02379000HPCPHI19661200310022400 99999] 2500 00000I 
HPD02379000HPCPHI19670100010020100 99999[ 2500 00000I 
HPD02379000HPCPHI19670100310022400 99999] 2500 00000I 
HPD02379000HPCPHI19670200010020100 99999[ 2500 00000I 
HPD02379000HPCPHI19670200280022400 99999] 2500 00000I 
HPD02379000HPCPHI19670300010020100 99999[ 2500 00000I 
HPD02379000HPCPHI19670300310022400 99999] 2500 00000I 
HPD02379000HPCPHI19670400010020100 99999[ 2500 00000I 
HPD02379000HPCPHI19670400300022400 99999] 2500 00000I 
HPD02379000HPCPHI19670500010020100 99999[ 2500 00000I 
HPD02379000HPCPHI19670500310022400 99999] 2500 00000I 
HPD02379000HPCPHI19670600010020100 99999[ 2500 00000I 
HPD02379000HPCPHI19670600300022400 99999] 2500 00000I 
HPD02379000HPCPHI19670700010020100 99999[ 2500 00000I 
HPD02379000HPCPHI19670700310022400 99999] 2500 00000I 
HPD02379000HPCPHI19670800010020100 99999[ 2500 00000I 
HPD02379000HPCPHI19670800310022400 99999] 2500 00000I 
HPD02379000HPCPHI19670900010020100 99999[ 2500 00000I 
HPD02379000HPCPHI19670900160021700 99999] 2500 00000I 
HPD02379000HPCPHI19670900250031300 99999a 1800 00100A 2500 00100  
HPD02379000HPCPHI19670900300021500 00006  2500 00006  
HPD02379000HPCPHI19671000010020100 00000g 2500 00000  
HPD02379000HPCPHI19671100010020100 00000g 2500 00000  
HPD02379000HPCPHI19671100210032000 99999a 2400 00035A 2500 00035  
HPD02379000HPCPHI19671100280031800 99999a 2300 00039A 2500 00039  
HPD02379000HPCPHI19671100300022400 00005  2500 00005  
HPD02379000HPCPHI19671200010020100 00002  2500 00002  
HPD02379000HPCPHI19671200130071200 00003  1300 00002  1400 00001  1500 00003  1600 00001  1800 00001  2500 00011  
HPD02379000HPCPHI19671200140110300 00001  0600 00001  1500 00001  1600 00002  1700 00003  1900 00001  2000 00005  2100 00003  2200 00001  2300 00001  2500 00019  
HPD02379000HPCPHI19671200150160200 00001  0300 00002  0400 00001  0700 00001  0900 00002  1000 00001  1100 00001  1400 00001  1500 00004  1600 00004  1700 00005  1800 00001  1900 00001  2200 00001  2300 00003  2500 00029  
HPD02379000HPCPHI19671200160160100 00001  0700 00001  0800 00003  0900 00002  1000 00002  1100 00001  1200 00002  1700 00001  1800 00001  1900 00001  2000 00004  2100 00003  2200 00003  2300 00003  2400 00003  2500 00031  
HPD02379000HPCPHI19671200170040100 00004  1000 00001  1100 00002  2500 00007  
HPD02379000HPCPHI19671200180081500 00001  1600 00001  2000 00001  2100 00002  2200 00002  2300 00004  2400 00004  2500 00015  
HPD02379000HPCPHI19671200190150100 00006  0200 00005  0300 00007  0400 00008  0500 00005  0600 00003  0700 00003  0800 00002  0900 00003  1000 00001  1200 00001  1300 00002  1900 00001  2100 00003  2500 00050  
HPD02379000HPCPHI19680100010020100 00000g 2500 00000  
HPD02379000HPCPHI19680100030030600 00002  0700 00001  2500 00003  
HPD02379000HPCPHI19680100270141100 00001  1200 00004  1300 00001  1400 00001  1500 00004  1700 00001  1800 00002  1900 00002  2000 00001  2100 00004  2200 00001  2300 00001  2400 00004  2500 00027  
HPD02379000HPCPHI19680100280070100 00003  0200 00001  0300 00004  0400 00001  0800 00003  0900 00001  2500 00013  
HPD02379000HPCPHI19680200010020100 00000g 2500 00000  
HPD02379000HPCPHI19680200120050400 00005  0500 00024  0600 00002  0700 00001  2500 00032  
HPD02379000HPCPHI19680200130020200 00002  2500 00002  
HPD02379000HPCPHI19680200140100500 00014  0600 00002  0900 00001  1000 00001  1100 00001  1200 00001  1300 00009  1400 00002  1500 00001  2500 00032  
HPD02379000HPCPHI19680300010020100 00000g 2500 00000  
HPD02379000HPCPHI19680300080061200 00003  1300 00012  1400 00005  1500 00001  1600 00003  2500 00024  
HPD02379000HPCPHI19680400010030100 00000g 2300 00005  2500 00005  
HPD02379000HPCPHI19680400020040100 00001  1000 00001  1100 00001  2500 00003  
HPD02379000HPCPHI19680400110031600 00002  1700 00003  2500 00005  
HPD02379000HPCPHI19680400170022400 00001  2500 00001  
HPD02379000HPCPHI19680400180090100 00004  0200 00008  0300 00001  0400 00001  0600 00005  0700 00009  0800 00003  0900 00002  2500 00033  
HPD02379000HPCPHI19680500010020100 00000g 2500 00000  
HPD02379000HPCPHI19680500020031500 00016  1600 00002  2500 00018  
HPD02379000HPCPHI19680500120061400 00001  1500 00008  1600 00006  1700 00005  1800 00001  2500 00021  
HPD02379000HPCPHI19680600010020100 00000g 2500 00000  
HPD02379000HPCPHI19680600070032000 00001  2100 00005  2500 00006  
HPD02379000HPCPHI19680600080042200 00008  2300 00003  2400 00009  2500 00020  
HPD02379000HPCPHI19680600090020100 00001  2500 00001  
HPD02379000HPCPHI19680700010020100 00000g 2500 00000  
HPD02379000HPCPHI19680700260041300 00005  1400 00001  1500 00001  2500 00007  
HPD02379000HPCPHI19680700300051600 00001  1700 00012  1800 00036  1900 00001  2500 00050  
HPD02379000HPCPHI19680800010020100 00000g 2500 00000  
HPD02379000HPCPHI19680800040031200 00016  1300 00002  2500 00018  
HPD02379000HPCPHI19680800070031600 00014  1700 00004  2500 00018  
HPD02379000HPCPHI19680800120041700 00002  1800 00003  1900 00008  2500 00013  
HPD02379000HPCPHI19680900010020100 00000g 2500 00000  
HPD02379000HPCPHI19681000010020100 00000g 2500 00000  
HPD02379000HPCPHI19681000030030500 99999a 2300 00120A 2500 00120  
HPD02379000HPCPHI19681000100041500 00008  1600 00002  1700 00002  2500 00012  
HPD02379000HPCPHI19681100010020100 00000g 2500 00000  
HPD02379000HPCPHI19681100130030300 99999a 1900 00022A 2500 00022  
HPD02379000HPCPHI19681100150090900 00002  1000 00002  1100 00001  1200 00002  1300 00004  1400 00002  1700 00004  1900 00001  2500 00018  
HPD02379000HPCPHI19681200010020100 00000g 2500 00000  
HPD02379000HPCPHI19681200200030100 99999[ 2000 99999] 2500 00000I 
HPD02379000HPCPHI19681200250022400 00003  2500 00003  
HPD02379000HPCPHI19681200260110100 00002  1000 00001  1100 00004  1200 00001  1400 00003  1500 00006  1600 00001  2000 00001  2100 00002  2200 00001  2500 00022  
HPD02379000HPCPHI19690100010020100 00000g 2500 00000  
HPD02379000HPCPHI19690100130022400 00001  2500 00001  
HPD02379000HPCPHI19690100140150300 00001  0400 00001  0500 00001  0600 00010  0700 00008  0800 00010  0900 00008  1000 00005  1100 00002  1200 00001  1400 00001  1700 00001  1800 00001  1900 00001  2500 00051  
HPD02379000HPCPHI19690100150030800 00001  0900 00004  2500 00005  
HPD02379000HPCPHI19690100190100400 00002  0500 00001  0800 00001  0900 00001  1800 00001  1900 00004  2000 00001  2100 00001  2200 00001  2500 00013  
HPD02379000HPCPHI19690100200050200 00002  0300 00007  0400 00004  0500 00001  2500 00014  
HPD02379000HPCPHI19690100210031300 00005  1400 00001  2500 00006  
HPD02379000HPCPHI19690100240130700 00001  0800 00001  0900 00001  1000 00002  1100 00003  1200 00006  1300 00004  1400 00002  1500 00001  2200 00003  2300 00001  2400 00003  2500 00028  
HPD02379000HPCPHI19690100250130100 00001  0200 00001  0300 00001  0700 00001  0800 00002  0900 00001  1000 00001  1300 00001  1400 00006  1500 00014  1600 00013  1700 00005  2500 00047  
HPD02379000HPCPHI19690100270020800 00007  2500 00007  
HPD02379000HPCPHI19690100280031600 00001  2100 00001  2500 00002  
HPD02379000HPCPHI19690100290030200 00001  0300 00002  2500 00003  
HPD02379000HPCPHI19690200010020100 00000g 2500 00000  
HPD02379000HPCPHI19690200050020800 00002  2500 00002  
HPD02379000HPCPHI19690200060091500 00003  1600 00006  1700 00004  1800 00004  1900 00001  2000 00004  2100 00013  2200 00003  2500 00038  
HPD02379000HPCPHI19690200070040800 00004  0900 00001  1000 00003  2500 00008  
HPD02379000HPCPHI19690200150042200 00002  2300 00017  2400 00006  2500 00025  
HPD02379000HPCPHI19690200180051900 00005  2000 00010  2300 00011  2400 00003  2500 00029  
HPD02379000HPCPHI19690200190040100 00003  0300 00007  0400 00001  2500 00011  
HPD02379000HPCPHI19690200200061400 00001  1500 00003  1600 00002  1700 00002  1800 00001  2500 00009  
HPD02379000HPCPHI19690200220100200 00001  0400 00001  0500 00008  0600 00002  1000 00004  1100 00009  1200 00004  1400 00001  1500 00004  2500 00034  
HPD02379000HPCPHI19690200260090100 00001  0200 00001  0300 00001  0500 00012  0600 00003  0700 00018  0800 00002  0900 00001  2500 00039  
HPD02379000HPCPHI19690300010020100 00000g 2500 00000  
HPD02379000HPCPHI19690300040020500 00003  2500 00003  
HPD02379000HPCPHI19690300100020200 99999a 2500 00000I 
HPD02379000HPCPHI19690300110021300 00113A 2500 00113P 
HPD02379000HPCPHI19690300130030500 99999a 1800 00078A 2500 00078  
HPD02379000HPCPHI19690300220030700 00007  0800 00001  2500 00008  
HPD02379000HPCPHI19690400010020100 00000g 2500 00000  
HPD02379000HPCPHI19690500010020100 00000g 2500 00000  
HPD02379000HPCPHI19690500040041200 00003  2100 00002  2200 00001  2500 00006  
HPD02379000HPCPHI19690500050050100 00001  0200 00018  0300 00010  0400 99999a 2500 00029I 
HPD02379000HPCPHI19690500070022400 00042A 2500 00042P 
HPD02379000HPCPHI19690600010020100 00000g 2500 00000  
HPD02379000HPCPHI19690700010020100 00000g 2500 00000  
HPD02379000HPCPHI19690700160021700 99999[ 2500 00000I 
HPD02379000HPCPHI19690700180021300 99999] 2500 00000I 
HPD02379000HPCPHI19690700210031600 00007  1700 00005  2500 00012  
HPD02379000HPCPHI19690700230061500 00012  1600 00001  1700 00005  1800 00008  1900 00001  2500 00027  
HPD02379000HPCPHI19690700270041500 00001  1600 00004  2000 00002  2500 00007  
HPD02379000HPCPHI19690700280061500 00001  1600 00004  1700 00001  1800 00005  1900 00003  2500 00014  
HPD02379000HPCPHI19690700290031700 00022  1800 00022  2500 00044  
HPD02379000HPCPHI19690800010020100 00000g 2500 00000  
HPD02379000HPCPHI19690800080021500 00004  2500 00004  
HPD02379000HPCPHI19690800090021700 99999a 2500 00000I 
HPD02379000HPCPHI19690800180022100 00243A 2500 00243P 
HPD02379000HPCPHI19690800230021500 00005  2500 00005  
HPD02379000HPCPHI19690800240021300 00009  2500 00009  
HPD02379000HPCPHI19690800250021400 99999a 2500 00000I 
HPD02379000HPCPHI19690800290020400 00124A 2500 00124P 
HPD02379000HPCPHI19690900010020100 00000g 2500 00000  
HPD02379000HPCPHI19690900050061200 00001  1300 00007  2100 00001  2200 00001  2300 00005  2500 00015  
HPD02379000HPCPHI19690900060021700 99999[ 2500 00000I 
HPD02379000HPCPHI19690900300022400 99999] 2500 00000I 
HPD02379000HPCPHI19691000010020100 99999[ 2500 00000I 
HPD02379000HPCPHI19691000310022400 99999] 2500 00000I 
HPD02379000HPCPHI19691100010020100 99999[ 2500 00000I 
HPD02379000HPCPHI19691100300022400 99999] 2500 00000I 
HPD02379000HPCPHI19691200010020100 99999[ 2500 00000I 
HPD02379000HPCPHI19691200310022400 99999] 2500 00000I 
HPD02379000HPCPHI19700100010020100 99999[ 2500 00000I 
HPD02379000HPCPHI19700100310022400 99999] 2500 00000I 
HPD02379000HPCPHI19700200010020100 99999[ 2500 00000I 
HPD02379000HPCPHI19700200280022400 99999] 2500 00000I 
HPD02379000HPCPHI19700300010020100 99999[ 2500 00000I 
HPD02379000HPCPHI19700300310022400 99999] 2500 00000I 
HPD02379000HPCPHI19700400010020100 99999[ 2500 00000I 
HPD02379000HPCPHI19700400300022400 99999] 2500 00000I 
HPD02379000HPCPHI19700500010020100 00000g 2500 00000  
HPD02379000HPCPHI19700600010020100 99999[ 2500 00000I 
HPD02379000HPCPHI19700600300022400 99999] 2500 00000I 
HPD02379000HPCPHI19700700010020100 99999[ 2500 00000I 
HPD02379000HPCPHI19700700310022400 99999] 2500 00000I 
