HPD02275400HPCPHI19750800010020100 99999[ 2500 00000I 
HPD02275400HPCPHI19750800280021200 99999] 2500 00000I 
HPD02275400HPCPHI19750900010020100 00000g 2500 00000  
HPD02275400HPCPHT19750900040031700 00020  1800 00010  2500 00030  
HPD02275400HPCPHT19750900050091000 00030  1100 00020  1200 00020  1300 00010  1400 00010  1500 00010  1600 00010  1900 00010  2500 00120  
HPD02275400HPCPHT19750900060040200 00010  0600 00010  2400 00010  2500 00030  
HPD02275400HPCPHT19750900070030800 00010  1000 00010  2500 00020  
HPD02275400HPCPHT19750900100022300 00040  2500 00040  
HPD02275400HPCPHT19750900110021700 00010  2500 00010  
HPD02275400HPCPHT19750900120031600 00010  2200 00010  2500 00020  
HPD02275400HPCPHT19750900140021600 00010  2500 00010  
HPD02275400HPCPHT19751000010020100 00000g 2500 00000  
HPD02275400HPCPHT19751000200021000 00010  2500 00010  
HPD02275400HPCPHT19751000210030400 00010  0600 00010  2500 00020  
HPD02275400HPCPHT19751000220020800 00010  2500 00010  
HPD02275400HPCPHT19751100010020100 00000g 2500 00000  
HPD02275400HPCPHT19751100280051900 00010  2000 00010  2300 00010  2400 00020  2500 00050  
HPD02275400HPCPHT19751100290030100 00010  0200 00010  2500 00020  
HPD02275400HPCPHT19751200010020100 00000g 2500 00000  
HPD02275400HPCPHT19751200210021000 00010  2500 00010  
HPD02275400HPCPHT19751200230050500 00010  0700 00010  1700 00010  2200 00010  2500 00040  
HPD02275400HPCPHT19751200310021800 00010  2500 00010  
HPD02275400HPCPHT19760100010020100 00000g 2500 00000  
HPD02275400HPCPHT19760100230040900 00010  1400 00010  1500 00010  2500 00030  
HPD02275400HPCPHT19760100240022000 00010  2500 00010  
HPD02275400HPCPHT19760200010020100 00000g 2500 00000  
HPD02275400HPCPHT19760200050031000 00010  1900 00010  2500 00020  
HPD02275400HPCPHT19760200100020900 00010  2500 00010  
HPD02275400HPCPHT19760200110031700 00010  1800 00010  2500 00020  
HPD02275400HPCPHT19760200120021200 00010  2500 00010  
HPD02275400HPCPHT19760300010020100 00000g 2500 00000  
HPD02275400HPCPHT19760300030021100 00010  2500 00010  
HPD02275400HPCPHT19760300040021100 00010  2500 00010  
HPD02275400HPCPHT19760400010020100 00000g 2500 00000  
HPD02275400HPCPHT19760400150021400 00010  2500 00010  
HPD02275400HPCPHT19760400160041000 00010  1100 00010  1400 00010  2500 00030  
HPD02275400HPCPHT19760500010020100 00000g 2500 00000  
HPD02275400HPCPHT19760500040051300 00030  1400 00010  2100 00010  2200 00010  2500 00060  
HPD02275400HPCPHT19760600010020100 00000g 2500 00000  
HPD02275400HPCPHT19760600050021300 00020  2500 00020  
HPD02275400HPCPHT19760600070021600 00010  2500 00010  
HPD02275400HPCPHT19760600300021200 00010  2500 00010  
HPD02275400HPCPHT19760700010020100 00000g 2500 00000  
HPD02275400HPCPHT19760700020021100 00010  2500 00010  
HPD02275400HPCPHT19760700100021700 00050  2500 00050  
HPD02275400HPCPHT19760700110031800 00010  2000 00010  2500 00020  
HPD02275400HPCPHT19760700120031800 00040  1900 00070  2500 00110  
HPD02275400HPCPHT19760700130031600 00050  2200 00010  2500 00060  
HPD02275400HPCPHT19760700160021500 00010  2500 00010  
HPD02275400HPCPHT19760700200022100 00020  2500 00020  
HPD02275400HPCPHT19760700210020600 00010  2500 00010  
HPD02275400HPCPHT19760700230032000 00020  2100 00010  2500 00030  
HPD02275400HPCPHT19760700240022100 00010  2500 00010  
HPD02275400HPCPHT19760800010020100 00000g 2500 00000  
HPD02275400HPCPHT19760800030020200 00010  2500 00010  
HPD02275400HPCPHT19760800130021100 00010  2500 00010  
HPD02275400HPCPHT19760800260021800 00020  2500 00020  
HPD02275400HPCPHT19760800310021300 00010  2500 00010  
HPD02275400HPCPHT19760900010020100 00000g 2500 00000  
HPD02275400HPCPHT19760900050041100 00010  1200 00010  2400 00010  2500 00030  
HPD02275400HPCPHT19760900060021800 00010  2500 00010  
HPD02275400HPCPHT19760900090020700 00010  2500 00010  
HPD02275400HPCPHT19760900140032200 00010  2300 00010  2500 00020  
HPD02275400HPCPHT19760900240031900 00010  2000 00010  2500 00020  
HPD02275400HPCPHT19761000010020100 00000g 2500 00000  
HPD02275400HPCPHT19761000140020200 00010  2500 00010  
HPD02275400HPCPHT19761000150020900 00010  2500 00010  
HPD02275400HPCPHT19761000210051500 00010  1600 00010  1700 00010  1900 00010  2500 00040  
HPD02275400HPCPHT19761000220020400 00010  2500 00010  
HPD02275400HPCPHT19761000270080200 00010  0500 00010  0700 00010  0900 00010  1100 00010  1300 00010  2100 00010  2500 00070  
HPD02275400HPCPHT19761100010020100 00000g 2500 00000  
HPD02275400HPCPHT19761100120031200 00010  2100 00010  2500 00020  
HPD02275400HPCPHT19761100130031200 00010  1400 00010  2500 00020  
HPD02275400HPCPHT19761100270021000 00010  2500 00010  
HPD02275400HPCPHT19761200010020100 00000g 2500 00000  
HPD02275400HPCPHT19761200200020900 00010  2500 00010  
HPD02275400HPCPHT19770100010060100 00000g 0400 00010  0600 00010  0800 00010  1400 00010  2500 00040  
HPD02275400HPCPHT19770100210031100 00010  1200 00010  2500 00020  
HPD02275400HPCPHT19770100220040100 00010  1400 00010  2000 00010  2500 00030  
HPD02275400HPCPHT19770100290022300 00010  2500 00010  
HPD02275400HPCPHT19770100300040100 00010  0400 00010  0900 00010  2500 00030  
HPD02275400HPCPHT19770200010020100 00000g 2500 00000  
HPD02275400HPCPHT19770300010020100 00000g 2500 00000  
HPD02275400HPCPHT19770300260021200 00010  2500 00010  
HPD02275400HPCPHT19770300270040600 00010  0800 00010  1100 00010  2500 00030  
HPD02275400HPCPHT19770400010020100 00000g 2500 00000  
HPD02275400HPCPHT19770400020022300 00010  2500 00010  
HPD02275400HPCPHT19770400030021200 00010  2500 00010  
HPD02275400HPCPHT19770500010020100 00000g 2500 00000  
HPD02275400HPCPHT19770600010020100 00000g 2500 00000  
HPD02275400HPCPHT19770600040031700 00020  2100 00020  2500 00040  
HPD02275400HPCPHT19770600050020900 00010  2500 00010  
HPD02275400HPCPHT19770600220021200 00010  2500 00010  
HPD02275400HPCPHT19770700010020100 00000g 2500 00000  
HPD02275400HPCPHT19770700030032300 00040  2400 00030  2500 00070  
HPD02275400HPCPHT19770700040040100 00010  0200 00010  1200 00010  2500 00030  
HPD02275400HPCPHT19770700130041700 00060  1800 00010  2200 00040  2500 00110  
HPD02275400HPCPHT19770700140050800 00010  2000 00010  2100 00030  2200 00010  2500 00060  
HPD02275400HPCPHT19770700150031900 00010  2000 00010  2500 00020  
HPD02275400HPCPHT19770700180021800 00020  2500 00020  
HPD02275400HPCPHT19770700210041800 00100  2100 00040  2200 00010  2500 00150  
HPD02275400HPCPHT19770700220041100 00010  1900 00010  2000 00010  2500 00030  
HPD02275400HPCPHT19770700230021600 00010  2500 00010  
HPD02275400HPCPHT19770700240030500 00030  0600 00010  2500 00040  
HPD02275400HPCPHT19770700250031700 00030  2000 00010  2500 00040  
HPD02275400HPCPHT19770700300021700 00010  2500 00010  
HPD02275400HPCPHT19770800010020100 00000g 2500 00000  
HPD02275400HPCPHT19770800090020900 00010  2500 00010  
HPD02275400HPCPHT19770800110032100 00010  2300 00010  2500 00020  
HPD02275400HPCPHT19770800120020500 00010  2500 00010  
HPD02275400HPCPHT19770800130031700 00010  1800 00020  2500 00030  
HPD02275400HPCPHT19770800140022200 00010  2500 00010  
HPD02275400HPCPHT19770800150041200 00010  1900 00020  2200 00010  2500 00040  
HPD02275400HPCPHT19770800180031500 00010  1600 00010  2500 00020  
HPD02275400HPCPHT19770800310031800 00010  2200 00010  2500 00020  
HPD02275400HPCPHT19770900010030100 00000g 0400 00010  2500 00010  
HPD02275400HPCPHT19770900020021200 00010  2500 00010  
HPD02275400HPCPHT19770900060021100 00010  2500 00010  
HPD02275400HPCPHT19770900110021600 00010  2500 00010  
HPD02275400HPCPHT19770900260021500 00010  2500 00010  
HPD02275400HPCPHT19771000010020100 00000g 2500 00000  
HPD02275400HPCPHT19771000060051900 00010  2000 00030  2100 00010  2200 00010  2500 00060  
HPD02275400HPCPHT19771000070030200 00010  1100 00010  2500 00020  
HPD02275400HPCPHT19771000290022100 00020  2500 00020  
HPD02275400HPCPHT19771100010020100 00000g 2500 00000  
HPD02275400HPCPHT19771100060021400 00010  2500 00010  
HPD02275400HPCPHT19771200010020100 99999[ 2500 00000I 
HPD02275400HPCPHT19771200310022400 99999] 2500 00000I 
HPD02275400HPCPHT19780100010020100 00000g 2500 00000  
HPD02275400HPCPHT19780100100021000 00010  2500 00010  
HPD02275400HPCPHT19780100150070900 00010  1000 00010  1200 00010  1300 00010  1900 00010  2000 00010  2500 00060  
HPD02275400HPCPHT19780100170030400 00010  0800 00010  2500 00020  
HPD02275400HPCPHT19780100180021100 00010  2500 00010  
HPD02275400HPCPHT19780100200070700 00010  1200 00010  1300 00020  1400 00010  1500 00020  1700 00010  2500 00080  
HPD02275400HPCPHT19780100210021100 00010  2500 00010  
HPD02275400HPCPHT19780100230022300 00010  2500 00010  
HPD02275400HPCPHT19780100300061700 00010  2000 00010  2100 00010  2200 00010  2300 00010  2500 00050  
HPD02275400HPCPHT19780100310020100 00010  2500 00010  
HPD02275400HPCPHT19780200010020100 00000g 2500 00000  
HPD02275400HPCPHT19780200060030200 00010  1300 00010  2500 00020  
HPD02275400HPCPHT19780200110040200 00010  0700 00010  1400 00010  2500 00030  
HPD02275400HPCPHT19780200130022400 00020  2500 00020  
HPD02275400HPCPHT19780200140050200 00030  0300 00010  0400 00010  0800 00020  2500 00070  
HPD02275400HPCPHT19780200270020400 00010  2500 00010  
HPD02275400HPCPHT19780200280022200 00010  2500 00010  
HPD02275400HPCPHT19780300010040100 00000g 1300 00010  2200 00010  2500 00020  
HPD02275400HPCPHT19780300020021400 00010  2500 00010  
HPD02275400HPCPHT19780300030020400 00010  2500 00010  
HPD02275400HPCPHT19780300050021700 00010  2500 00010  
HPD02275400HPCPHT19780300060022100 00010  2500 00010  
HPD02275400HPCPHT19780300120041500 00010  1600 00010  1700 00010  2500 00030  
HPD02275400HPCPHT19780400010020100 00000g 2500 00000  
HPD02275400HPCPHT19780500010020100 00000g 2500 00000  
HPD02275400HPCPHT19780500030021800 00010  2500 00010  
HPD02275400HPCPHT19780500060022200 00010  2500 00010  
HPD02275400HPCPHT19780600010020100 00000g 2500 00000  
HPD02275400HPCPHT19780600270021600 00010  2500 00010  
HPD02275400HPCPHT19780700010020100 00000g 2500 00000  
HPD02275400HPCPHT19780700090021100 00010  2500 00010  
HPD02275400HPCPHT19780700100032000 00020  2300 00010  2500 00030  
HPD02275400HPCPHT19780700210031800 00030  1900 00010  2500 00040  
HPD02275400HPCPHT19780700230031300 00010  2400 00020  2500 00030  
HPD02275400HPCPHT19780700240020600 00010  2500 00010  
HPD02275400HPCPHT19780800010020100 00000g 2500 00000  
HPD02275400HPCPHT19780800030021700 00010  2500 00010  
HPD02275400HPCPHT19780800040021900 00010  2500 00010  
HPD02275400HPCPHT19780800190022000 00010  2500 00010  
HPD02275400HPCPHT19780800210040500 00010  2000 00010  2100 00010  2500 00030  
HPD02275400HPCPHT19780900010030100 00000g 2400 00010  2500 00010  
HPD02275400HPCPHT19780900020040500 00010  1400 00010  1500 00020  2500 00040  
HPD02275400HPCPHT19780900040021000 00010  2500 00010  
HPD02275400HPCPHT19780900140020600 00010  2500 00010  
HPD02275400HPCPHT19780900210021400 00010  2500 00010  
HPD02275400HPCPHT19781000010020100 00000g 2500 00000  
HPD02275400HPCPHT19781000200032000 00010  2400 00010  2500 00020  
HPD02275400HPCPHT19781000210070400 00010  0900 00010  1000 00010  1100 00030  1200 00010  1300 00010  2500 00080  
HPD02275400HPCPHT19781000230051600 00010  1800 00010  2000 00010  2300 00010  2500 00040  
HPD02275400HPCPHT19781000290021300 00010  2500 00010  
HPD02275400HPCPHT19781100010020100 00000g 2500 00000  
HPD02275400HPCPHT19781100100022300 00010  2500 00010  
HPD02275400HPCPHT19781100110021500 00030  2500 00030  
HPD02275400HPCPHT19781100230060300 00010  1300 00010  2000 00010  2200 00010  2300 00010  2500 00050  
HPD02275400HPCPHT19781100240060100 00010  0400 00020  1500 00010  2100 00010  2200 00010  2500 00060  
HPD02275400HPCPHT19781100250020200 00010  2500 00010  
HPD02275400HPCPHT19781200010020100 00000g 2500 00000  
HPD02275400HPCPHT19781200060021200 00010  2500 00010  
HPD02275400HPCPHT19781200130022400 00010  2500 00010  
HPD02275400HPCPHT19781200170051000 00010  1300 00010  1600 00010  2000 00010  2500 00040  
HPD02275400HPCPHT19781200180120400 00010  1000 00010  1300 00010  1400 00010  1600 00010  1700 00010  1800 00010  1900 00010  2000 00010  2100 00010  2200 00010  2500 00110  
HPD02275400HPCPHT19781200190020300 00010  2500 00010  
HPD02275400HPCPHT19781200300060300 00010  0500 00010  0700 00010  1900 00010  2300 00010  2500 00050  
HPD02275400HPCPHT19781200310060100 00010  0200 00010  0300 00010  0400 00010  0500 00010  2500 00050  
HPD02275400HPCPHT19790100010020100 00000g 2500 00000  
HPD02275400HPCPHT19790100060030200 00010  0300 00010  2500 00020  
HPD02275400HPCPHT19790100070030400 00010  0700 00010  2500 00020  
HPD02275400HPCPHT19790100160030100 00010  0800 00010  2500 00020  
HPD02275400HPCPHT19790100170071800 00010  1900 00020  2100 00020  2200 00010  2300 00010  2400 00010  2500 00080  
HPD02275400HPCPHT19790100180020200 00010  2500 00010  
HPD02275400HPCPHT19790100240022200 00010  2500 00010  
HPD02275400HPCPHT19790100250070100 00010  0300 00010  0400 00010  0500 00010  0600 00010  1500 00010  2500 00060  
HPD02275400HPCPHT19790200010030100 00000g 1300 00010  2500 00010  
HPD02275400HPCPHT19790200030022300 00010  2500 00010  
HPD02275400HPCPHT19790200040022300 00010  2500 00010  
HPD02275400HPCPHT19790200050040200 00010  0300 00010  0500 00010  2500 00030  
HPD02275400HPCPHT19790200060021600 00010  2500 00010  
HPD02275400HPCPHT19790300010030100 00000g 1200 00010  2500 00010  
HPD02275400HPCPHT19790300140022100 00010  2500 00010  
HPD02275400HPCPHT19790300210030700 00010  0800 00010  2500 00020  
HPD02275400HPCPHT19790300300021300 00010  2500 00010  
HPD02275400HPCPHT19790400010020100 00000g 2500 00000  
HPD02275400HPCPHT19790400100051100 00010  1300 00010  1400 00010  1500 00010  2500 00040  
HPD02275400HPCPHT19790500010020100 00000g 2500 00000  
HPD02275400HPCPHT19790500160021700 00010  2500 00010  
HPD02275400HPCPHT19790500240021900 00010  2500 00010  
HPD02275400HPCPHT19790500270020900 00010  2500 00010  
HPD02275400HPCPHT19790600010020100 00000g 2500 00000  
HPD02275400HPCPHT19790600030022400 00010  2500 00010  
HPD02275400HPCPHT19790600060021300 00010  2500 00010  
HPD02275400HPCPHT19790600080021800 00010  2500 00010  
HPD02275400HPCPHT19790700010020100 00000g 2500 00000  
HPD02275400HPCPHT19790700150021800 00010  2500 00010  
HPD02275400HPCPHT19790700160021300 00010  2500 00010  
HPD02275400HPCPHT19790700180070400 00010  0500 00020  0600 00050  0700 00020  0800 00020  1000 00010  2500 00130  
HPD02275400HPCPHT19790700200030400 00010  0600 00010  2500 00020  
HPD02275400HPCPHT19790800010020100 00000g 2500 00000  
HPD02275400HPCPHT19790800020021600 00010  2500 00010  
HPD02275400HPCPHT19790800060022200 00010  2500 00010  
HPD02275400HPCPHT19790800070022100 00010  2500 00010  
HPD02275400HPCPHT19790800110021600 00020  2500 00020  
HPD02275400HPCPHT19790800120030700 00010  1700 00010  2500 00020  
HPD02275400HPCPHT19790800140031200 00010  2000 00010  2500 00020  
HPD02275400HPCPHT19790800150031100 00010  1800 00010  2500 00020  
HPD02275400HPCPHT19790800190021400 00010  2500 00010  
HPD02275400HPCPHT19790800280021600 00010  2500 00010  
HPD02275400HPCPHT19790900010020100 00000g 2500 00000  
HPD02275400HPCPHT19790900160021600 00010  2500 00010  
HPD02275400HPCPHT19791000010020100 00000g 2500 00000  
HPD02275400HPCPHT19791000210030700 00010  1100 00010  2500 00020  
HPD02275400HPCPHT19791100010020100 00000g 2500 00000  
HPD02275400HPCPHT19791200010020100 99999[ 2500 00000I 
HPD02275400HPCPHT19791200230022400 99999] 2500 00000I 
HPD02275400HPCPHT19800100010020100 99999[ 2500 00000I 
HPD02275400HPCPHT19800100130021800 99999] 2500 00000I 
HPD02275400HPCPHT19800100140022400 00010  2500 00010  
HPD02275400HPCPHT19800100220050400 00010  0600 00010  0800 00010  1200 00010  2500 00040  
HPD02275400HPCPHT19800100300020900 00010  2500 00010  
HPD02275400HPCPHT19800200010020100 00000g 2500 00000  
HPD02275400HPCPHT19800200080070900 00010  1000 00020  1100 00020  1400 00010  1600 00010  1700 00010  2500 00080  
HPD02275400HPCPHT19800200090041200 00010  1400 00020  1600 00010  2500 00040  
HPD02275400HPCPHT19800200140042100 00010  2200 00010  2300 00010  2500 00030  
HPD02275400HPCPHT19800200150110600 00010  1100 00020  1200 00020  1300 00010  1400 00010  1500 00010  1700 00010  1800 00010  1900 00010  2200 00010  2500 00120  
HPD02275400HPCPHT19800200160021700 00010  2500 00010  
HPD02275400HPCPHT19800200180030300 00010  0500 00010  2500 00020  
HPD02275400HPCPHT19800200200022400 00010  2500 00010  
HPD02275400HPCPHT19800300010020100 00000g 2500 00000  
HPD02275400HPCPHT19800300040020100 00010  2500 00010  
HPD02275400HPCPHT19800300100022300 00010  2500 00010  
HPD02275400HPCPHT19800300110020800 00010  2500 00010  
HPD02275400HPCPHT19800300190021400 00010  2500 00010  
HPD02275400HPCPHT19800400010020100 99999[ 2500 00000I 
HPD02275400HPCPHT19800400300022400 99999] 2500 00000I 
HPD02275400HPCPHT19800500010020100 00000g 2500 00000  
HPD02275400HPCPHT19800500050021900 00010  2500 00010  
HPD02275400HPCPHT19800600010020100 00000g 2500 00000  
HPD02275400HPCPHT19800700010020100 00000g 2500 00000  
HPD02275400HPCPHT19800700060022300 00010  2500 00010  
HPD02275400HPCPHT19800700070020700 00010  2500 00010  
HPD02275400HPCPHT19800700080021800 99999[ 2500 00000I 
HPD02275400HPCPHT19800700210021300 99999] 2500 00000I 
HPD02275400HPCPHT19800700260021600 00010  2500 00010  
HPD02275400HPCPHT19800800010020100 00000g 2500 00000  
HPD02275400HPCPHT19800800040030700 00010  0800 00010  2500 00020  
HPD02275400HPCPHT19800800070021900 00010  2500 00010  
HPD02275400HPCPHT19800800100031600 00010  1700 00060  2500 00070  
HPD02275400HPCPHT19800800140030500 00010  1500 00010  2500 00020  
HPD02275400HPCPHT19800800230041800 00020  2300 00020  2400 00010  2500 00050  
HPD02275400HPCPHT19800800240050200 00020  0300 00010  0400 00010  1000 00010  2500 00050  
HPD02275400HPCPHT19800900010020100 00000g 2500 00000  
HPD02275400HPCPHT19800900090081000 00020  1400 00010  1600 00010  1800 00010  2000 00010  2100 00010  2200 00010  2500 00080  
HPD02275400HPCPHT19800900100021700 00020  2500 00020  
HPD02275400HPCPHT19800900260021000 00010  2500 00010  
HPD02275400HPCPHT19801000010020100 00000g 2500 00000  
HPD02275400HPCPHT19801000140021600 00010  2500 00010  
HPD02275400HPCPHT19801100010020100 00000g 2500 00000  
HPD02275400HPCPHT19801100150022200 00010  2500 00010  
HPD02275400HPCPHT19801100160040100 00010  0400 00010  0500 00010  2500 00030  
HPD02275400HPCPHT19801200010020100 00000g 2500 00000  
HPD02275400HPCPHT19810100010020100 00000g 2500 00000  
HPD02275400HPCPHT19810100070020400 00010  2500 00010  
HPD02275400HPCPHT19810100110031700 00010  2200 00010  2500 00020  
HPD02275400HPCPHT19810100120061100 00010  1200 00010  1500 00010  1600 00010  1700 00010  2500 00050  
HPD02275400HPCPHT19810100130020700 00010  2500 00010  
HPD02275400HPCPHT19810100160021800 00010  2500 00010  
HPD02275400HPCPHT19810200010020100 00000g 2500 00000  
HPD02275400HPCPHT19810200090050400 00010  1000 00010  1700 00010  1900 00010  2500 00040  
HPD02275400HPCPHT19810300010020100 00000g 2500 00000  
HPD02275400HPCPHT19810300020032200 00010  2300 00010  2500 00020  
HPD02275400HPCPHT19810300030030200 00010  0300 00010  2500 00020  
HPD02275400HPCPHT19810300040020300 00010  2500 00010  
HPD02275400HPCPHT19810300060020100 00010  2500 00010  
HPD02275400HPCPHT19810300120021800 00010  2500 00010  
HPD02275400HPCPHT19810300200021600 00010  2500 00010  
HPD02275400HPCPHT19810400010020100 00000g 2500 00000  
HPD02275400HPCPHT19810400030021700 00010  2500 00010  
HPD02275400HPCPHT19810500010060100 00000g 1500 00010  1600 00010  1700 00030  1800 00010  2500 00060  
HPD02275400HPCPHT19810500020020700 00010  2500 00010  
HPD02275400HPCPHT19810600010020100 00000g 2500 00000  
HPD02275400HPCPHT19810600270042000 00010  2300 00010  2400 00010  2500 00030  
HPD02275400HPCPHT19810600280021800 00010  2500 00010  
HPD02275400HPCPHT19810600300030600 00010  0900 00010  2500 00020  
HPD02275400HPCPHT19810700010030100 00000g 0300 00010  2500 00010  
HPD02275400HPCPHT19810700060031700 00060  1900 00010  2500 00070  
HPD02275400HPCPHT19810700110022000 00010  2500 00010  
HPD02275400HPCPHT19810700120050100 00020  0300 00010  0400 00010  0800 00010  2500 00050  
HPD02275400HPCPHT19810700140021200 00010  2500 00010  
HPD02275400HPCPHT19810700160020400 00010  2500 00010  
HPD02275400HPCPHT19810700180022000 00010  2500 00010  
HPD02275400HPCPHT19810700190031800 00030  1900 00010  2500 00040  
HPD02275400HPCPHT19810700270021800 00010  2500 00010  
HPD02275400HPCPHT19810700280021300 00010  2500 00010  
HPD02275400HPCPHT19810700300052100 00010  2200 00010  2300 00010  2400 00010  2500 00040  
HPD02275400HPCPHT19810700310020400 00010  2500 00010  
HPD02275400HPCPHT19810800010030100 00000g 1600 00030  2500 00030  
HPD02275400HPCPHT19810800070041600 00010  2300 00020  2400 00030  2500 00060  
HPD02275400HPCPHT19810800080020100 00010  2500 00010  
HPD02275400HPCPHT19810800100031500 00030  1600 00020  2500 00050  
HPD02275400HPCPHT19810800140021300 00010  2500 00010  
HPD02275400HPCPHT19810800280020900 00010  2500 00010  
HPD02275400HPCPHT19810800310030600 00010  1300 00010  2500 00020  
HPD02275400HPCPHT19810900010020100 00000g 2500 00000  
HPD02275400HPCPHT19810900030021800 00010  2500 00010  
HPD02275400HPCPHT19810900040021300 00010  2500 00010  
HPD02275400HPCPHT19810900130021100 00010  2500 00010  
HPD02275400HPCPHT19810900160021200 00010  2500 00010  
HPD02275400HPCPHT19810900280031700 00030  1800 00060  2500 00090  
HPD02275400HPCPHT19811000010030100 00000g 2100 00010  2500 00010  
HPD02275400HPCPHT19811000020031300 00020  2200 00010  2500 00030  
HPD02275400HPCPHT19811000210020700 00010  2500 00010  
HPD02275400HPCPHT19811100010020100 00000g 2500 00000  
HPD02275400HPCPHT19811100280030700 00010  0800 00010  2500 00020  
HPD02275400HPCPHT19811100290031000 00010  1600 00010  2500 00020  
HPD02275400HPCPHT19811200010020100 00000g 2500 00000  
HPD02275400HPCPHT19820100010030100 00000g 2300 00010  2500 00010  
HPD02275400HPCPHT19820100020041700 00010  1900 00010  2100 00010  2500 00030  
HPD02275400HPCPHT19820100030021100 00010  2500 00010  
HPD02275400HPCPHT19820100060022100 00010  2500 00010  
HPD02275400HPCPHT19820100070020100 00010  2500 00010  
HPD02275400HPCPHT19820100120030300 00010  2100 00010  2500 00020  
HPD02275400HPCPHT19820100210021100 00010  2500 00010  
HPD02275400HPCPHT19820200010020100 00000g 2500 00000  
HPD02275400HPCPHT19820200110050400 00010  0600 00010  0800 00010  1000 00010  2500 00040  
HPD02275400HPCPHT19820200180020800 00010  2500 00010  
HPD02275400HPCPHT19820200240032000 00010  2200 00030  2500 00040  
HPD02275400HPCPHT19820200250020800 00010  2500 00010  
HPD02275400HPCPHT19820300010020100 00000g 2500 00000  
HPD02275400HPCPHT19820300020041100 00010  2300 00010  2400 00010  2500 00030  
HPD02275400HPCPHT19820300030020100 00010  2500 00010  
HPD02275400HPCPHT19820300130070200 00010  0400 00010  0700 00010  0900 00010  1100 00020  1200 00010  2500 00070  
HPD02275400HPCPHT19820300260021200 00010  2500 00010  
HPD02275400HPCPHT19820400010020100 00000g 2500 00000  
HPD02275400HPCPHT19820400040022200 00010  2500 00010  
HPD02275400HPCPHT19820400070031300 00010  1600 00010  2500 00020  
HPD02275400HPCPHT19820400080021600 00010  2500 00010  
HPD02275400HPCPHT19820400090021700 00010  2500 00010  
HPD02275400HPCPHT19820500010020100 00000g 2500 00000  
HPD02275400HPCPHT19820500040030900 00010  1600 00010  2500 00020  
HPD02275400HPCPHT19820500050030300 00020  1200 00010  2500 00030  
HPD02275400HPCPHT19820600010020100 00000g 2500 00000  
HPD02275400HPCPHT19820600300021500 00010  2500 00010  
HPD02275400HPCPHT19820700010030100 00000g 0800 00010  2500 00010  
HPD02275400HPCPHT19820700060021500 00010  2500 00010  
HPD02275400HPCPHT19820700160022100 00020  2500 00020  
HPD02275400HPCPHT19820700200021600 00010  2500 00010  
HPD02275400HPCPHT19820700240022200 00010  2500 00010  
HPD02275400HPCPHT19820700250022200 00010  2500 00010  
HPD02275400HPCPHT19820700260021300 00010  2500 00010  
HPD02275400HPCPHT19820700290021500 00010  2500 00010  
HPD02275400HPCPHT19820700300031500 00010  1800 00010  2500 00020  
HPD02275400HPCPHT19820800010020100 00000g 2500 00000  
HPD02275400HPCPHT19820800050021900 00010  2500 00010  
HPD02275400HPCPHT19820800080021700 00010  2500 00010  
HPD02275400HPCPHT19820800110021900 00010  2500 00010  
HPD02275400HPCPHT19820800120031200 00020  1300 00010  2500 00030  
HPD02275400HPCPHT19820800160032000 00030  2400 00010  2500 00040  
HPD02275400HPCPHT19820800180022400 00010  2500 00010  
HPD02275400HPCPHT19820800190030200 00010  1600 00010  2500 00020  
HPD02275400HPCPHT19820800210030200 00010  0500 00010  2500 00020  
HPD02275400HPCPHT19820900010020100 00000g 2500 00000  
HPD02275400HPCPHT19820900080021400 00010  2500 00010  
HPD02275400HPCPHT19820900090022300 00010  2500 00010  
HPD02275400HPCPHT19820900100080400 00010  0500 00020  0700 00010  0900 00020  1200 00010  1900 00020  2000 00010  2500 00100  
HPD02275400HPCPHT19820900110022400 00010  2500 00010  
HPD02275400HPCPHT19821000010020100 00000g 2500 00000  
HPD02275400HPCPHT19821000160021200 00010  2500 00010  
HPD02275400HPCPHT19821100010020100 00000g 2500 00000  
HPD02275400HPCPHT19821100080021000 00010  2500 00010  
HPD02275400HPCPHT19821100090050100 00010  0300 00010  0400 00020  0900 00010  2500 00050  
HPD02275400HPCPHT19821100100031800 00010  2400 00010  2500 00020  
HPD02275400HPCPHT19821100170051000 00010  1300 00010  1800 00010  2100 00010  2500 00040  
HPD02275400HPCPHT19821100230022300 00010  2500 00010  
HPD02275400HPCPHT19821100260041000 00010  1100 00010  1400 00010  2500 00030  
HPD02275400HPCPHT19821100300042200 00030  2300 00030  2400 00010  2500 00070  
HPD02275400HPCPHT19821200010030100 00000g 1000 00010  2500 00010  
HPD02275400HPCPHT19821200020020100 00010  2500 00010  
HPD02275400HPCPHT19821200090060200 00010  0400 00010  0500 00010  0700 00010  0800 00010  2500 00050  
HPD02275400HPCPHT19821200100080200 00010  0300 00010  0400 00020  0500 00010  0600 00010  0700 00010  1200 00010  2500 00080  
HPD02275400HPCPHT19821200230021300 00020  2500 00020  
HPD02275400HPCPHT19821200240020200 00010  2500 00010  
HPD02275400HPCPHT19821200310021900 00010  2500 00010  
HPD02275400HPCPHT19830100010020100 00000g 2500 00000  
HPD02275400HPCPHT19830100170030300 00010  1800 00010  2500 00020  
HPD02275400HPCPHT19830100200020200 00010  2500 00010  
HPD02275400HPCPHT19830100280020100 00010  2500 00010  
HPD02275400HPCPHT19830100290022400 00010  2500 00010  
HPD02275400HPCPHT19830100300090200 00010  0300 00010  0400 00010  0600 00010  0700 00010  0900 00010  1100 00010  1300 00010  2500 00080  
HPD02275400HPCPHT19830200010020100 00000g 2500 00000  
HPD02275400HPCPHT19830200030080200 00010  0400 00010  1900 00020  2000 00010  2100 00020  2200 00010  2300 00010  2500 00090  
HPD02275400HPCPHT19830200040030200 00010  1000 00010  2500 00020  
HPD02275400HPCPHT19830200050031100 00010  2400 00010  2500 00020  
HPD02275400HPCPHT19830200060021400 00010  2500 00010  
HPD02275400HPCPHT19830200080020900 00010  2500 00010  
HPD02275400HPCPHT19830300010020100 00000g 2500 00000  
HPD02275400HPCPHT19830300030040300 00010  1400 00020  1700 00010  2500 00040  
HPD02275400HPCPHT19830300040030200 00010  0800 00010  2500 00020  
HPD02275400HPCPHT19830300140021900 00010  2500 00010  
HPD02275400HPCPHT19830300180022400 00010  2500 00010  
HPD02275400HPCPHT19830300190040100 00010  0300 00010  0800 00010  2500 00030  
HPD02275400HPCPHT19830300210022100 00010  2500 00010  
HPD02275400HPCPHT19830300240032300 00010  2400 00010  2500 00020  
HPD02275400HPCPHT19830300250030100 00010  0400 00010  2500 00020  
HPD02275400HPCPHT19830400010020100 00000g 2500 00000  
HPD02275400HPCPHT19830500010020100 00000g 2500 00000  
HPD02275400HPCPHT19830500280021700 00010  2500 00010  
HPD02275400HPCPHT19830600010020100 00000g 2500 00000  
HPD02275400HPCPHT19830700010020100 00000g 2500 00000  
HPD02275400HPCPHT19830700050022300 00010  2500 00010  
HPD02275400HPCPHT19830700070031600 00010  1700 00010  2500 00020  
HPD02275400HPCPHT19830700120021800 00020  2500 00020  
HPD02275400HPCPHT19830700210050200 00010  2200 00100  2300 00020  2400 00010  2500 00140  
HPD02275400HPCPHT19830700220020100 00010  2500 00010  
HPD02275400HPCPHT19830700240021800 00010  2500 00010  
HPD02275400HPCPHT19830700250020200 00010  2500 00010  
HPD02275400HPCPHT19830700260032200 00020  2300 00010  2500 00030  
HPD02275400HPCPHT19830700290022300 00010  2500 00010  
HPD02275400HPCPHT19830700300060100 00010  0400 00010  0500 00060  0600 00010  0700 00010  2500 00100  
HPD02275400HPCPHT19830800010020100 00000g 2500 00000  
HPD02275400HPCPHT19830800020022300 00010  2500 00010  
HPD02275400HPCPHT19830800030022100 00020  2500 00020  
HPD02275400HPCPHT19830800080021500 00030  2500 00030  
HPD02275400HPCPHT19830800110020500 00010  2500 00010  
HPD02275400HPCPHT19830800120022400 00010  2500 00010  
HPD02275400HPCPHT19830800240040100 00020  0200 00010  0500 00010  2500 00040  
HPD02275400HPCPHT19830800260021200 00010  2500 00010  
HPD02275400HPCPHT19830900010030100 00000g 1600 99999[ 2500 00000I 
HPD02275400HPCPHT19830900300022400 99999] 2500 00000I 
HPD02275400HPCPHT19831000010020100 99999[ 2500 00000I 
HPD02275400HPCPHT19831000310022400 99999] 2500 00000I 
HPD02275400HPCPHT19831100010020100 99999[ 2500 00000I 
HPD02275400HPCPHT19831100300022400 99999] 2500 00000I 
HPD02275400HPCPHT19831200010030100 99999[ 1300 99999] 2500 00000I 
HPD02275400HPCPHT19831200020040500 00010  0600 00010  0900 00010  2500 00030  
HPD02275400HPCPHT19831200250032300 00020  2400 00010  2500 00030  
HPD02275400HPCPHT19831200260030100 00010  0400 00010  2500 00020  
HPD02275400HPCPHT19831200270021000 00010  2500 00010  
HPD02275400HPCPHT19840100010020100 00000g 2500 00000  
HPD02275400HPCPHT19840100020060800 00010  1100 00010  1200 00010  1800 00010  2200 00010  2500 00050  
HPD02275400HPCPHT19840100050042000 00020  2100 00010  2200 00010  2500 00040  
HPD02275400HPCPHT19840100140030600 00010  0800 00010  2500 00020  
HPD02275400HPCPHT19840100170020600 00010  2500 00010  
HPD02275400HPCPHT19840200010020100 00000g 2500 00000  
HPD02275400HPCPHT19840300010020100 00000g 2500 00000  
HPD02275400HPCPHT19840400010020100 00000g 2500 00000  
HPD02275400HPCPHT19840400020021500 99999a 2500 00000I 
HPD02275400HPCPHT19840400300022400 99999A 2500 00000I 
HPD02275400HPCPHT19840500010040100 99999, 0700 00090A 0900 00010  2500 00100P 
HPD02275400HPCPHT19840600010020100 00000g 2500 00000  
HPD02275400HPCPHT19840600030021000 00010  2500 00010  
HPD02275400HPCPHT19840600240030500 00010  1000 00010  2500 00020  
HPD02275400HPCPHT19840600250021000 00010  2500 00010  
HPD02275400HPCPHT19840700010030100 00000g 1900 00010  2500 00010  
HPD02275400HPCPHT19840700100021600 00030  2500 00030  
HPD02275400HPCPHT19840700120031200 00040  1400 00010  2500 00050  
HPD02275400HPCPHT19840700160021700 00030  2500 00030  
HPD02275400HPCPHT19840700170022300 00010  2500 00010  
HPD02275400HPCPHT19840700210021900 00130  2500 00130  
HPD02275400HPCPHT19840700220021200 00010  2500 00010  
HPD02275400HPCPHT19840700240021200 00010  2500 00010  
HPD02275400HPCPHT19840700280022200 00010  2500 00010  
HPD02275400HPCPHT19840700290020100 00010  2500 00010  
HPD02275400HPCPHT19840800010030100 00000g 1400 99999a 2500 00000I 
HPD02275400HPCPHT19840800310022400 99999A 2500 00000I 
HPD02275400HPCPHT19840900010030100 99999, 1300 00190A 2500 00190P 
HPD02275400HPCPHT19840900100032000 00010  2100 00010  2500 00020  
HPD02275400HPCPHT19840900110020200 00010  2500 00010  
HPD02275400HPCPHT19840900250022100 00010  2500 00010  
HPD02275400HPCPHT19840900260061600 00010  1800 00030  1900 00010  2000 00010  2200 00010  2500 00070  
HPD02275400HPCPHT19841000010020100 00000g 2500 00000  
HPD02275400HPCPHT19841000020021900 00010  2500 00010  
HPD02275400HPCPHT19841000030100300 00010  0400 00010  0500 00010  0600 00050  0700 00040  1000 00010  1400 00020  1600 00010  1900 00010  2500 00170  
HPD02275400HPCPHT19841000120020800 00010  2500 00010  
HPD02275400HPCPHT19841000200022100 00010  2500 00010  
HPD02275400HPCPHT19841000260021000 00010  2500 00010  
HPD02275400HPCPHT19841100010020100 00000g 2500 00000  
HPD02275400HPCPHT19841100230022100 00010  2500 00010  
HPD02275400HPCPHT19841100250021300 00010  2500 00010  
HPD02275400HPCPHT19841200010020100 00000g 2500 00000  
HPD02275400HPCPHT19841200030041900 00010  2000 00010  2100 00010  2500 00030  
HPD02275400HPCPHT19841200040050100 00010  0200 00010  0600 00010  0700 00010  2500 00040  
HPD02275400HPCPHT19841200100022200 00010  2500 00010  
HPD02275400HPCPHT19841200110030300 00010  0600 00010  2500 00020  
HPD02275400HPCPHT19841200120020200 00010  2500 00010  
HPD02275400HPCPHT19841200130050400 00010  1000 00010  1100 00010  1300 00010  2500 00040  
HPD02275400HPCPHT19841200140020900 00010  2500 00010  
HPD02275400HPCPHT19841200150021500 00010  2500 00010  
HPD02275400HPCPHT19841200190021200 00010  2500 00010  
HPD02275400HPCPHT19841200200020200 00010  2500 00010  
HPD02275400HPCPHT19841200270081500 00010  1600 00020  1700 00010  1800 00020  1900 00010  2200 00010  2300 00010  2500 00090  
HPD02275400HPCPHT19841200280021000 00010  2500 00010  
HPD02275400HPCPHT19850100010020100 00000g 2500 00000  
HPD02275400HPCPHT19850100080021900 00010  2500 00010  
HPD02275400HPCPHT19850100120021300 00010  2500 00010  
HPD02275400HPCPHT19850100130020500 00010  2500 00010  
HPD02275400HPCPHT19850100160020200 00010  2500 00010  
HPD02275400HPCPHT19850100230021800 00010  2500 00010  
HPD02275400HPCPHT19850100240020500 00010  2500 00010  
HPD02275400HPCPHT19850100260030700 00010  1400 00010  2500 00020  
HPD02275400HPCPHT19850100270021100 00010  2500 00010  
HPD02275400HPCPHT19850200010020100 00000g 2500 00000  
HPD02275400HPCPHT19850200030031100 00010  2300 00010  2500 00020  
HPD02275400HPCPHT19850200040020700 00010  2500 00010  
HPD02275400HPCPHT19850200050020100 00010  2500 00010  
HPD02275400HPCPHT19850200210041400 00010  1600 00010  2000 00010  2500 00030  
HPD02275400HPCPHT19850200220040300 00010  0400 00010  2100 00010  2500 00030  
HPD02275400HPCPHT19850200280030700 00010  0800 00010  2500 00020  
HPD02275400HPCPHT19850300010020100 00000g 2500 00000  
HPD02275400HPCPHT19850300120021200 00010  2500 00010  
HPD02275400HPCPHT19850300140020200 00020  2500 00020  
HPD02275400HPCPHT19850300150050700 00010  0800 00020  0900 00020  1200 00010  2500 00060  
HPD02275400HPCPHT19850300290021300 00010  2500 00010  
HPD02275400HPCPHT19850400010020100 00000g 2500 00000  
HPD02275400HPCPHT19850400260020500 00010  2500 00010  
HPD02275400HPCPHT19850400270060200 00010  1000 00010  1100 00020  1200 00010  1400 00010  2500 00060  
HPD02275400HPCPHI19850500010040100 00000g 2300 00020  2400 00010  2500 00030  
HPD02275400HPCPHI19850600010020100 00000g 2500 00000  
HPD02275400HPCPHI19850700010020100 00000g 2500 00000  
HPD02275400HPCPHT19850700160020600 00010  2500 00010  
HPD02275400HPCPHT19850700190071500 00010  2000 00010  2100 00050  2200 00010  2300 00010  2400 00010  2500 00100  
HPD02275400HPCPHT19850700270071800 00040  1900 00080  2000 00010  2100 00030  2300 00020  2400 00010  2500 00190  
HPD02275400HPCPHT19850700280021100 00010  2500 00010  
HPD02275400HPCPHT19850700300041800 00070  1900 00050  2000 00010  2500 00130  
HPD02275400HPCPHT19850800010060100 00000g 1200 00010  2100 00010  2200 00010  2300 00010  2500 00040  
HPD02275400HPCPHT19850800020050100 00010  2100 00020  2200 00010  2300 00010  2500 00050  
HPD02275400HPCPHT19850800070021700 00010  2500 00010  
HPD02275400HPCPHT19850800190031900 00030  2000 00010  2500 00040  
HPD02275400HPCPHT19850800250021000 00010  2500 00010  
HPD02275400HPCPHT19850900010020100 00000g 2500 00000  
HPD02275400HPCPHT19850900170022300 00010  2500 00010  
HPD02275400HPCPHT19850900180050300 00010  1100 00010  1200 00020  1300 00010  2500 00050  
HPD02275400HPCPHT19850900190041000 00010  1100 00020  1200 00030  2500 00060  
HPD02275400HPCPHT19850900280070900 00020  1000 00010  1100 00020  1200 00010  1300 00010  1400 00020  2500 00090  
HPD02275400HPCPHT19851000010020100 00000g 2500 00000  
HPD02275400HPCPHT19851000070041200 00010  1700 00010  2400 00010  2500 00030  
HPD02275400HPCPHT19851000080030400 00010  1000 00010  2500 00020  
HPD02275400HPCPHT19851000090021300 00010  2500 00010  
HPD02275400HPCPHT19851000100031600 00010  2300 00010  2500 00020  
HPD02275400HPCPHT19851000160130500 00010  0700 00010  0800 00010  0900 00010  1000 00010  1100 00010  1200 00010  1300 00010  1600 00010  1700 00010  1900 00030  2000 00010  2500 00140  
HPD02275400HPCPHT19851000170021600 00010  2500 00010  
HPD02275400HPCPHT19851100010020100 00000g 2500 00000  
HPD02275400HPCPHT19851100240022100 00020  2500 00020  
HPD02275400HPCPHT19851100250061300 00010  1400 00010  1700 00010  1800 00010  2000 00010  2500 00050  
HPD02275400HPCPHT19851100260040100 00010  0400 00010  1600 00010  2500 00030  
HPD02275400HPCPHT19851100300020600 00010  2500 00010  
HPD02275400HPCPHT19851200010020100 00000g 2500 00000  
HPD02275400HPCPHT19851200110032300 00010  2400 00010  2500 00020  
HPD02275400HPCPHT19851200120040100 00010  0200 00010  1000 00020  2500 00040  
HPD02275400HPCPHT19860100010020100 00000g 2500 00000  
HPD02275400HPCPHT19860100200021100 00010  2500 00010  
HPD02275400HPCPHT19860200010030100 00000g 0600 00010  2500 00010  
HPD02275400HPCPHT19860200040021400 00010  2500 00010  
HPD02275400HPCPHT19860200070020100 00010  2500 00010  
HPD02275400HPCPHT19860200090090100 00010  0200 00010  0300 00010  0400 00010  0500 00010  0800 00010  0900 00010  1000 00010  2500 00080  
HPD02275400HPCPHT19860200160020400 00010  2500 00010  
HPD02275400HPCPHT19860300010020100 00000g 2500 00000  
HPD02275400HPCPHT19860300100042100 00010  2300 00010  2400 00010  2500 00030  
HPD02275400HPCPHT19860300110040100 00010  0200 00010  0400 00020  2500 00040  
HPD02275400HPCPHT19860300120031000 00010  2200 00010  2500 00020  
HPD02275400HPCPHT19860300130030200 00010  0300 00010  2500 00020  
HPD02275400HPCPHT19860300140040500 00010  0700 00010  1000 00010  2500 00030  
HPD02275400HPCPHT19860300170020900 00010  2500 00010  
HPD02275400HPCPHT19860300280022300 00010  2500 00010  
HPD02275400HPCPHT19860400010020100 00000g 2500 00000  
HPD02275400HPCPHT19860500010020100 00000g 2500 00000  
HPD02275400HPCPHI19860500290022200 00010  2500 00010  
HPD02275400HPCPHI19860600010020100 00000g 2500 00000  
HPD02275400HPCPHT19860600240021000 00010  2500 00010  
HPD02275400HPCPHT19860600250020700 00010  2500 00010  
HPD02275400HPCPHT19860600280051700 00030  1800 00030  1900 00030  2000 00010  2500 00100  
HPD02275400HPCPHT19860700010020100 00000g 2500 00000  
HPD02275400HPCPHT19860700040040900 00010  1300 00040  1400 00030  2500 00080  
HPD02275400HPCPHT19860700080041800 00020  1900 00010  2000 00010  2500 00040  
HPD02275400HPCPHT19860700090022100 00030  2500 00030  
HPD02275400HPCPHT19860700140022100 00010  2500 00010  
HPD02275400HPCPHT19860700150041200 00050  1300 00030  1600 00010  2500 00090  
HPD02275400HPCPHT19860700170021300 00010  2500 00010  
HPD02275400HPCPHT19860700180021000 00010  2500 00010  
HPD02275400HPCPHT19860700200021900 00040  2500 00040  
HPD02275400HPCPHT19860700210020900 00010  2500 00010  
HPD02275400HPCPHT19860700240020900 00010  2500 00010  
HPD02275400HPCPHT19860800010020100 00000g 2500 00000  
HPD02275400HPCPHT19860800030022000 00010  2500 00010  
HPD02275400HPCPHT19860800040030900 00010  1800 00010  2500 00020  
HPD02275400HPCPHT19860800090032200 00010  2300 00010  2500 00020  
HPD02275400HPCPHT19860800100021300 00010  2500 00010  
HPD02275400HPCPHT19860800140031800 00010  1900 00030  2500 00040  
HPD02275400HPCPHT19860800210021500 00010  2500 00010  
HPD02275400HPCPHT19860800230021600 00030  2500 00030  
HPD02275400HPCPHT19860800270021600 00010  2500 00010  
HPD02275400HPCPHT19860800280021900 00020  2500 00020  
HPD02275400HPCPHT19860800290021100 00010  2500 00010  
HPD02275400HPCPHT19860900010020100 00000g 2500 00000  
HPD02275400HPCPHT19860900090061000 00010  1400 00020  1500 00010  1900 00010  2300 00010  2500 00060  
HPD02275400HPCPHT19860900230030800 00010  1000 00010  2500 00020  
HPD02275400HPCPHT19860900240020500 00020  2500 00020  
HPD02275400HPCPHT19860900270021700 00010  2500 00010  
HPD02275400HPCPHT19861000010020100 00000g 2500 00000  
HPD02275400HPCPHT19861000050022000 00010  2500 00010  
HPD02275400HPCPHT19861000100021100 00010  2500 00010  
HPD02275400HPCPHT19861000110020600 00010  2500 00010  
HPD02275400HPCPHT19861000120050100 00010  0200 00010  0400 00010  0600 00010  2500 00040  
HPD02275400HPCPHT19861000140021100 00010  2500 00010  
HPD02275400HPCPHT19861000160031200 00020  1600 00010  2500 00030  
HPD02275400HPCPHT19861100010020100 00000g 2500 00000  
HPD02275400HPCPHT19861100020051400 00010  1600 00010  1800 00020  2200 00020  2500 00060  
HPD02275400HPCPHT19861100030070100 00020  0300 00010  0500 00020  0600 00010  0700 00020  0800 00020  2500 00100  
HPD02275400HPCPHT19861100070020500 00010  2500 00010  
HPD02275400HPCPHT19861100190021000 00010  2500 00010  
HPD02275400HPCPHT19861200010020100 00000g 2500 00000  
HPD02275400HPCPHT19861200060061100 00010  1700 00010  2000 00010  2100 00010  2400 00010  2500 00050  
HPD02275400HPCPHT19861200070030900 00010  2200 00010  2500 00020  
HPD02275400HPCPHT19861200100071000 00010  1100 00010  1200 00010  1300 00020  1400 00010  1500 00010  2500 00070  
HPD02275400HPCPHT19861200160021600 00010  2500 00010  
HPD02275400HPCPHT19861200170060100 00020  0200 00020  0300 00010  0400 00010  0500 00010  2500 00070  
HPD02275400HPCPHT19861200180021600 00010  2500 00010  
HPD02275400HPCPHT19870100010020100 00000g 2500 00000  
HPD02275400HPCPHT19870100050021200 00010  2500 00010  
HPD02275400HPCPHT19870100160030600 00010  2000 00010  2500 00020  
HPD02275400HPCPHT19870100200022100 00010  2500 00010  
HPD02275400HPCPHT19870200010020100 00000g 2500 00000  
HPD02275400HPCPHT19870200200022300 00010  2500 00010  
HPD02275400HPCPHT19870200210050100 00010  0300 00010  0600 00010  0900 00010  2500 00040  
HPD02275400HPCPHT19870200220021200 00010  2500 00010  
HPD02275400HPCPHT19870200250052000 00010  2100 00010  2300 00010  2400 00010  2500 00040  
HPD02275400HPCPHT19870200260021400 00010  2500 00010  
HPD02275400HPCPHT19870300010020100 00000g 2500 00000  
HPD02275400HPCPHT19870300130021400 00010  2500 00010  
HPD02275400HPCPHT19870300180022200 00010  2500 00010  
HPD02275400HPCPHT19870400010020100 00000g 2500 00000  
HPD02275400HPCPHT19870400040021900 00010  2500 00010  
HPD02275400HPCPHT19870400050020200 00010  2500 00010  
HPD02275400HPCPHT19870400190040800 00010  0900 00010  1000 00010  2500 00030  
HPD02275400HPCPHT19870500010020100 00000g 2500 00000  
HPD02275400HPCPHT19870500160021400 00010  2500 00010  
HPD02275400HPCPHT19870500230040900 00020  1000 00010  1100 00010  2500 00040  
HPD02275400HPCPHT19870600010020100 00000g 2500 00000  
HPD02275400HPCPHT19870600080070200 00010  0300 00200  0500 00010  0600 00010  0700 00010  1400 00010  2500 00250  
HPD02275400HPCPHT19870600090021400 00010  2500 00010  
HPD02275400HPCPHT19870700010020100 00000g 2500 00000  
HPD02275400HPCPHT19870700220061200 00050  1300 00030  1400 00020  1500 00100  1600 00020  2500 00220  
HPD02275400HPCPHT19870700270020200 00010  2500 00010  
HPD02275400HPCPHT19870700290032200 00010  2300 00010  2500 00020  
HPD02275400HPCPHT19870700300030700 00010  2400 00010  2500 00020  
HPD02275400HPCPHT19870700310050900 00030  1000 00010  1100 00010  1200 00010  2500 00060  
HPD02275400HPCPHT19870800010050100 00000g 0600 00020  1000 00010  1200 00010  2500 00040  
HPD02275400HPCPHT19870800040021500 00010  2500 00010  
HPD02275400HPCPHT19870800050021900 00010  2500 00010  
HPD02275400HPCPHT19870800100050700 00010  1800 00040  1900 00010  2000 00010  2500 00070  
HPD02275400HPCPHT19870800110020900 00010  2500 00010  
HPD02275400HPCPHT19870800220031400 00030  1700 00010  2500 00040  
HPD02275400HPCPHT19870900010020100 00000g 2500 00000  
HPD02275400HPCPHT19870900050022400 00010  2500 00010  
HPD02275400HPCPHT19870900210020400 00010  2500 00010  
HPD02275400HPCPHT19871000010020100 00000g 2500 00000  
HPD02275400HPCPHT19871000020030200 00010  2200 99999{ 2500 00010P 
HPD02275400HPCPHT19871000310022400 99999} 2500 00000P 
HPD02275400HPCPHT19871100010040100 00000g 1400 00040  1500 00010  2500 00050  
HPD02275400HPCPHT19871100050021900 00020  2500 00020  
HPD02275400HPCPHT19871100170022000 00010  2500 00010  
HPD02275400HPCPHT19871200010040100 99999{ 1500 99999} 1600 99999{ 2500 00000P 
HPD02275400HPCPHT19871200220021200 99999} 2500 00000P 
HPD02275400HPCPHT19871200260021300 00020  2500 00020  
HPD02275400HPCPHT19880100010020100 00000g 2500 00000  
HPD02275400HPCPHT19880100050021700 00010  2500 00010  
HPD02275400HPCPHT19880100060020300 00010  2500 00010  
HPD02275400HPCPHT19880100170022400 00010  2500 00010  
HPD02275400HPCPHT19880100180040100 00010  0800 00010  2200 00010  2500 00030  
HPD02275400HPCPHT19880200010020100 00000g 2500 00000  
HPD02275400HPCPHT19880200040091300 00010  1400 00010  1600 00010  1800 00010  2000 00010  2100 00010  2300 00010  2400 00010  2500 00080  
HPD02275400HPCPHT19880200050050200 00010  0300 00010  0500 00010  1000 00010  2500 00040  
HPD02275400HPCPHT19880200190021000 00010  2500 00010  
HPD02275400HPCPHT19880200260021100 00010  2500 00010  
HPD02275400HPCPHT19880300010020100 00000g 2500 00000  
HPD02275400HPCPHT19880400010020100 00000g 2500 00000  
HPD02275400HPCPHT19880400140040400 00020  0500 00010  0600 00010  2500 00040  
HPD02275400HPCPHT19880400160030200 00020  0800 00010  2500 00030  
HPD02275400HPCPHT19880400170021900 00010  2500 00010  
HPD02275400HPCPHT19880400280031300 00010  1500 00010  2500 00020  
HPD02275400HPCPHT19880400290030200 00010  0300 00010  2500 00020  
HPD02275400HPCPHT19880500010020100 00000g 2500 00000  
HPD02275400HPCPHT19880600010020100 00000g 2500 00000  
HPD02275400HPCPHT19880600250020500 00010  2500 00010  
HPD02275400HPCPHT19880700010020100 00000g 2500 00000  
HPD02275400HPCPHT19880700060031700 00020  1800 00010  2500 00030  
HPD02275400HPCPHT19880700080020600 00010  2500 00010  
HPD02275400HPCPHT19880700100021600 00030  2500 00030  
HPD02275400HPCPHT19880700110031900 00120  2000 00020  2500 00140  
HPD02275400HPCPHT19880700160031800 00010  2200 00010  2500 00020  
HPD02275400HPCPHT19880700180031600 00010  1900 00010  2500 00020  
HPD02275400HPCPHT19880700200031600 00010  1700 00010  2500 00020  
HPD02275400HPCPHT19880700300031500 00010  1600 00010  2500 00020  
HPD02275400HPCPHT19880700310031500 00010  2100 00010  2500 00020  
HPD02275400HPCPHT19880800010040100 00000g 1900 00010  2100 00010  2500 00020  
HPD02275400HPCPHT19880800020040900 00010  1000 00030  1100 00010  2500 00050  
HPD02275400HPCPHT19880800030031700 00070  2000 00010  2500 00080  
HPD02275400HPCPHT19880800040032000 00010  2200 00010  2500 00020  
HPD02275400HPCPHT19880800050020200 00010  2500 00010  
HPD02275400HPCPHT19880800100022200 00010  2500 00010  
HPD02275400HPCPHT19880800150061500 00010  1600 00020  1900 00030  2000 00020  2100 00010  2500 00090  
HPD02275400HPCPHT19880800160020600 00010  2500 00010  
HPD02275400HPCPHT19880800200031800 00010  2300 00020  2500 00030  
HPD02275400HPCPHT19880900010030100 00000g 1600 00010  2500 00010  
HPD02275400HPCPHT19880900020022000 00010  2500 00010  
HPD02275400HPCPHT19880900100022200 00010  2500 00010  
HPD02275400HPCPHT19880900110032000 00040  2200 00010  2500 00050  
HPD02275400HPCPHT19880900120031000 00010  1400 00010  2500 00020  
HPD02275400HPCPHT19880900200061200 00010  1400 00010  1500 00010  1700 00010  2200 00010  2500 00050  
HPD02275400HPCPHT19880900210050500 00010  0900 00010  1100 00010  1300 00010  2500 00040  
HPD02275400HPCPHT19881000010020100 00000g 2500 00000  
HPD02275400HPCPHT19881000110021200 00030  2500 00030  
HPD02275400HPCPHT19881000120021300 00010  2500 00010  
HPD02275400HPCPHT19881000140071900 00020  2000 00010  2100 00040  2200 00010  2300 00010  2400 00010  2500 00100  
HPD02275400HPCPHT19881000200020700 00010  2500 00010  
HPD02275400HPCPHT19881100010020100 00000g 2500 00000  
HPD02275400HPCPHT19881100250040300 00010  1600 00010  2000 00010  2500 00030  
HPD02275400HPCPHT19881100260020300 00010  2500 00010  
HPD02275400HPCPHT19881200010020100 00000g 2500 00000  
HPD02275400HPCPHT19881200070022200 00010  2500 00010  
HPD02275400HPCPHT19881200080020900 00010  2500 00010  
HPD02275400HPCPHT19881200250021200 00010  2500 00010  
HPD02275400HPCPHT19890100010020100 00000g 2500 00000  
HPD02275400HPCPHT19890100040090400 00010  0500 00010  0700 00010  0900 00010  1000 00010  1100 00010  1200 00010  1300 00010  2500 00080  
HPD02275400HPCPHT19890100270021700 00010  2500 00010  
HPD02275400HPCPHT19890100280021800 00010  2500 00010  
HPD02275400HPCPHT19890200010020100 00000g 2500 00000  
HPD02275400HPCPHT19890300010020100 00000g 2500 00000  
HPD02275400HPCPHI19890300260022400 00010  2500 00010  
HPD02275400HPCPHI19890400010020100 00000g 2500 00000  
HPD02275400HPCPHT19890400130021600 00010  2500 00010  
HPD02275400HPCPHT19890500010020100 00000g 2500 00000  
HPD02275400HPCPHT19890500160031100 00010  1400 00010  2500 00020  
HPD02275400HPCPHT19890500170030300 00010  0400 00010  2500 00020  
HPD02275400HPCPHT19890600010020100 00000g 2500 00000  
HPD02275400HPCPHT19890700010020100 00000g 2500 00000  
HPD02275400HPCPHT19890700200021800 00010  2500 00010  
HPD02275400HPCPHT19890700230020300 00030  2500 00030  
HPD02275400HPCPHT19890700240030400 00030  2400 00010  2500 00040  
HPD02275400HPCPHT19890700250020100 00020  2500 00020  
HPD02275400HPCPHT19890700280021700 00030  2500 00030  
HPD02275400HPCPHT19890700300021900 00010  2500 00010  
HPD02275400HPCPHT19890800010020100 00000g 2500 00000  
HPD02275400HPCPHT19890800070021700 00010  2500 00010  
HPD02275400HPCPHT19890800140031900 00010  2100 00020  2500 00030  
HPD02275400HPCPHT19890800180031100 00010  1400 00050  2500 00060  
HPD02275400HPCPHT19890800190021300 00010  2500 00010  
HPD02275400HPCPHT19890900010020100 00000g 2500 00000  
HPD02275400HPCPHT19890900050022100 00010  2500 00010  
HPD02275400HPCPHT19890900120021600 00010  2500 00010  
HPD02275400HPCPHT19891000010020100 00000g 2500 00000  
HPD02275400HPCPHT19891000040051000 00010  1500 00010  1700 00010  1800 00010  2500 00040  
HPD02275400HPCPHT19891000050080100 00010  0200 00010  0500 00030  0600 00010  0700 00050  0800 00070  0900 00010  2500 00190  
HPD02275400HPCPHT19891000200031500 00010  1600 00010  2500 00020  
HPD02275400HPCPHT19891000210022100 00010  2500 00010  
HPD02275400HPCPHT19891100010020100 00000g 2500 00000  
HPD02275400HPCPHT19891200010020100 00000g 2500 00000  
HPD02275400HPCPHT19891200280022400 00010  2500 00010  
HPD02275400HPCPHT19891200290020800 00010  2500 00010  
HPD02275400HPCPHT19891200300021200 00010  2500 00010  
HPD02275400HPCPHT19900100010020100 00000g 2500 00000  
HPD02275400HPCPHT19900100020022400 00010  2500 00010  
HPD02275400HPCPHT19900100230020100 00010  2500 00010  
HPD02275400HPCPHT19900100310021500 00010  2500 00010  
HPD02275400HPCPHT19900200010030100 00000g 2100 00010  2500 00010  
HPD02275400HPCPHT19900200020021000 00010  2500 00010  
HPD02275400HPCPHT19900200090030400 00010  1500 00010  2500 00020  
HPD02275400HPCPHT19900200210021300 00010  2500 00010  
HPD02275400HPCPHT19900300010020100 00000g 2500 00000  
HPD02275400HPCPHT19900300100021200 00010  2500 00010  
HPD02275400HPCPHT19900300110021100 00010  2500 00010  
HPD02275400HPCPHT19900400010020100 00000g 2500 00000  
HPD02275400HPCPHI19900400250020800 00010  2500 00010  
HPD02275400HPCPHI19900500010020100 00000g 2500 00000  
HPD02275400HPCPHI19900500020040900 00010  1000 00010  1500 00010  2500 00030  
HPD02275400HPCPHI19900600010020100 00000g 2500 00000  
HPD02275400HPCPHI19900600100020800 00010  2500 00010  
HPD02275400HPCPHI19900700010020100 00000g 2500 00000  
HPD02275400HPCPHT19900700050041700 00010  2100 00020  2300 00040  2500 00070  
HPD02275400HPCPHT19900700060021000 00010  2500 00010  
HPD02275400HPCPHT19900700080040100 00010  0900 00010  1500 00020  2500 00040  
HPD02275400HPCPHT19900700100021200 00010  2500 00010  
HPD02275400HPCPHT19900700140022400 00020  2500 00020  
HPD02275400HPCPHT19900700150040100 00040  0200 00020  1200 00010  2500 00070  
HPD02275400HPCPHT19900700190022300 00040  2500 00040  
HPD02275400HPCPHT19900700210022300 00010  2500 00010  
HPD02275400HPCPHT19900700290021800 00020  2500 00020  
HPD02275400HPCPHT19900700300022000 00010  2500 00010  
HPD02275400HPCPHT19900800010040100 00000g 1800 00010  2000 99999{ 2500 00010P 
HPD02275400HPCPHT19900800310022400 99999} 2500 00000P 
HPD02275400HPCPHT19900900010040100 99999{ 1400 99999} 1500 99999[ 2500 00000P 
HPD02275400HPCPHT19900900300022400 99999] 2500 00000I 
HPD02275400HPCPHT19901000010020100 99999[ 2500 00000I 
HPD02275400HPCPHT19901000250031100 99999] 1200 00010  2500 00010I 
HPD02275400HPCPHT19901100010020100 00000g 2500 00000  
HPD02275400HPCPHT19901100070081300 00010  1400 00010  1500 00010  1600 00010  1700 00010  1900 00010  2100 00010  2500 00070  
HPD02275400HPCPHT19901100130021500 00010  2500 00010  
HPD02275400HPCPHT19901100260030500 00020  1500 00010  2500 00030  
HPD02275400HPCPHT19901200010030100 00000g 1700 00010  2500 00010  
HPD02275400HPCPHT19901200140021500 00010  2500 00010  
HPD02275400HPCPHT19901200170021300 00010  2500 00010  
HPD02275400HPCPHT19901200200021900 99999a 2500 00000I 
HPD02275400HPCPHT19901200220021800 00070A 2500 00070P 
HPD02275400HPCPHT19901200280031000 00010  1500 00010  2500 00020  
HPD02275400HPCPHT19901200290021400 00010  2500 00010  
HPD02275400HPCPHT19901200310021300 00010  2500 00010  
HPD02275400HPCPHT19910100010030100 00000g 1800 99999[ 2500 00000I 
HPD02275400HPCPHT19910100060021700 99999] 2500 00000I 
HPD02275400HPCPHT19910100110021700 99999{ 2500 00000P 
HPD02275400HPCPHT19910100310022400 99999} 2500 00000P 
HPD02275400HPCPHT19910200010030100 00000g 1600 99999[ 2500 00000I 
HPD02275400HPCPHT19910200200021300 99999] 2500 00000I 
HPD02275400HPCPHT19910200270021900 99999{ 2500 00000P 
HPD02275400HPCPHT19910200280021800 99999} 2500 00000P 
HPD02275400HPCPHT19910300010050100 00000g 1400 00010  1800 00010  1900 00020  2500 00040  
HPD02275400HPCPHT19910300020031100 00010  1200 00010  2500 00020  
HPD02275400HPCPHT19910300210050300 00020  0600 00010  1000 00010  1500 00010  2500 00050  
HPD02275400HPCPHT19910300220020900 00010  2500 00010  
HPD02275400HPCPHT19910300260021400 00010  2500 00010  
HPD02275400HPCPHT19910300280021200 00010  2500 00010  
HPD02275400HPCPHT19910400010020100 00000g 2500 00000  
HPD02275400HPCPHT19910500010020100 00000g 2500 00000  
HPD02275400HPCPHT19910600010020100 00000g 2500 00000  
HPD02275400HPCPHT19910700010020100 00000g 2500 00000  
HPD02275400HPCPHT19910700220031600 00030  1900 00010  2500 00040  
HPD02275400HPCPHT19910700240021600 00010  2500 00010  
HPD02275400HPCPHT19910700300040400 00040  0800 00010  1400 00010  2500 00060  
HPD02275400HPCPHT19910800010030100 00000g 1900 00040  2500 00040  
HPD02275400HPCPHT19910800090031800 00010  2200 00010  2500 00020  
HPD02275400HPCPHT19910800100021600 00010  2500 00010  
HPD02275400HPCPHT19910800110021500 00010  2500 00010  
HPD02275400HPCPHT19910800140022400 00040  2500 00040  
HPD02275400HPCPHT19910800150020500 00010  2500 00010  
HPD02275400HPCPHT19910800160021400 00010  2500 00010  
HPD02275400HPCPHT19910800220041500 00030  1600 00010  2200 00010  2500 00050  
HPD02275400HPCPHT19910800230021200 00010  2500 00010  
HPD02275400HPCPHT19910800310031200 00010  1900 00010  2500 00020  
HPD02275400HPCPHT19910900010020100 00000g 2500 00000  
HPD02275400HPCPHT19910900020021400 99999a 2500 00000I 
HPD02275400HPCPHT19910900140021200 00160A 2500 00160P 
HPD02275400HPCPHT19911000010020100 00000g 2500 00000  
HPD02275400HPCPHT19911000290021900 99999{ 2500 00000P 
HPD02275400HPCPHT19911000300021800 99999} 2500 00000P 
HPD02275400HPCPHT19911100010020100 00000g 2500 00000  
HPD02275400HPCPHT19911100020021400 00010  2500 00010  
HPD02275400HPCPHT19911100050021300 00010  2500 00010  
HPD02275400HPCPHT19911100090031300 99999a 1500 00050A 2500 00050  
HPD02275400HPCPHT19911100100022300 00020  2500 00020  
HPD02275400HPCPHT19911100110020900 00010  2500 00010  
HPD02275400HPCPHT19911100150031900 00010  2100 00010  2500 00020  
HPD02275400HPCPHT19911200010020100 00000g 2500 00000  
HPD02275400HPCPHT19911200110090300 00020  0400 00020  0600 00010  0900 00010  1000 00010  1100 00010  1200 00010  1500 00010  2500 00100  
HPD02275400HPCPHT19911200180080500 00030  0700 00010  0900 00010  1100 00010  1200 00010  1400 00010  2000 00010  2500 00090  
HPD02275400HPCPHT19911200190040800 00010  1400 00010  2200 00010  2500 00030  
HPD02275400HPCPHT19911200200090500 00010  1100 00010  1700 00010  2000 00010  2100 00020  2200 00010  2300 00020  2400 00010  2500 00100  
HPD02275400HPCPHT19911200210070100 00010  0200 00010  0400 00010  0700 00010  1000 00010  1300 00010  2500 00060  
HPD02275400HPCPHT19911200250050800 00020  0900 00010  1100 00010  1700 00010  2500 00050  
HPD02275400HPCPHT19911200290021400 00010  2500 00010  
HPD02275400HPCPHT19920100010020100 00000g 2500 00000  
HPD02275400HPCPHT19920100050022300 00010  2500 00010  
HPD02275400HPCPHT19920100060040200 00010  0600 00010  1300 00010  2500 00030  
HPD02275400HPCPHT19920100120040800 00010  1000 00010  1600 00010  2500 00030  
HPD02275400HPCPHT19920200010020100 00000g 2500 00000  
HPD02275400HPCPHT19920200020021700 00020  2500 00020  
HPD02275400HPCPHT19920200030030100 00010  1500 00010  2500 00020  
HPD02275400HPCPHT19920200040021600 00010  2500 00010  
HPD02275400HPCPHT19920200080021200 00010  2500 00010  
HPD02275400HPCPHT19920200110021400 00010  2500 00010  
HPD02275400HPCPHT19920200120021400 00010  2500 00010  
HPD02275400HPCPHT19920200130050900 00010  1100 00010  1400 00010  1900 00010  2500 00040  
HPD02275400HPCPHT19920200140020900 00010  2500 00010  
HPD02275400HPCPHT19920200150021500 00010  2500 00010  
HPD02275400HPCPHT19920300010020100 99999a 2500 00000I 
HPD02275400HPCPHT19920300310022400 00150A 2500 00150P 
HPD02275400HPCPHT19920400010040100 00000g 2200 00010  2400 00010  2500 00020  
HPD02275400HPCPHT19920400020030500 00010  1100 00010  2500 00020  
HPD02275400HPCPHT19920400030020900 00010  2500 00010  
HPD02275400HPCPHT19920500010020100 00000g 2500 00000  
HPD02275400HPCPHT19920500040021900 99999{ 2500 00000P 
HPD02275400HPCPHT19920500100021800 99999} 2500 00000P 
HPD02275400HPCPHT19920500170021900 99999{ 2500 00000P 
HPD02275400HPCPHT19920500240021800 99999} 2500 00000P 
HPD02275400HPCPHT19920500290041800 00010  1900 00010  2000 00010  2500 00030  
HPD02275400HPCPHT19920500300021100 00010  2500 00010  
HPD02275400HPCPHT19920600010020100 00000g 2500 00000  
HPD02275400HPCPHI19920600230021400 00020  2500 00020  
HPD02275400HPCPHI19920700010020100 00000g 2500 00000  
HPD02275400HPCPHI19920700090021900 99999{ 2500 00000P 
HPD02275400HPCPHT19920700110050900 99999} 1000 00010  1100 99999{ 1800 99999} 2500 00010P 
HPD02275400HPCPHT19920700190021900 99999{ 2500 00000P 
HPD02275400HPCPHT19920700200021800 99999} 2500 00000P 
HPD02275400HPCPHT19920700240041300 00030  1400 00030  1600 00010  2500 00070  
HPD02275400HPCPHT19920800010040100 00000g 1400 00010  1500 00010  2500 00020  
HPD02275400HPCPHT19920800080021900 99999{ 2500 00000P 
HPD02275400HPCPHT19920800090021800 99999} 2500 00000P 
HPD02275400HPCPHT19920800100021900 99999a 2500 00000I 
HPD02275400HPCPHT19920800140031800 00020A 1900 00020  2500 00040P 
HPD02275400HPCPHT19920800230032100 00020  2300 00010  2500 00030  
HPD02275400HPCPHT19920800240030100 00020  0400 00010  2500 00030  
HPD02275400HPCPHT19920800250021400 00010  2500 00010  
HPD02275400HPCPHT19920900010020100 00000g 2500 00000  
HPD02275400HPCPHI19920900200040700 00020  0800 00010  1100 00010  2500 00040  
HPD02275400HPCPHI19921000010020100 00000g 2500 00000  
HPD02275400HPCPHI19921000200021900 99999{ 2500 00000P 
HPD02275400HPCPHI19921000210021800 99999} 2500 00000P 
HPD02275400HPCPHT19921000290031300 00010  1700 00010  2500 00020  
HPD02275400HPCPHT19921100010020100 00000g 2500 00000  
HPD02275400HPCPHT19921200010020100 00000g 2500 00000  
HPD02275400HPCPHT19921200040071500 00020  1600 00010  1700 00010  1800 00010  1900 00010  2100 00010  2500 00070  
HPD02275400HPCPHT19921200050080200 00010  0300 00010  0500 00010  0700 00010  0900 00010  1300 00010  2300 00010  2500 00070  
HPD02275400HPCPHT19921200080021100 00010  2500 00010  
HPD02275400HPCPHT19921200280081700 00020  1800 00010  1900 00010  2000 00010  2200 00010  2300 00010  2400 00010  2500 00080  
HPD02275400HPCPHT19921200290020400 00010  2500 00010  
HPD02275400HPCPHT19930100010020100 00000g 2500 00000  
HPD02275400HPCPHT19930100050021900 99999{ 2500 00000P 
HPD02275400HPCPHT19930100060021800 99999} 2500 00000P 
HPD02275400HPCPHT19930100070031400 00010  2000 00010  2500 00020  
HPD02275400HPCPHT19930100080090500 00010  0700 00020  0800 00030  0900 00010  1000 00020  1100 00010  1400 00010  1500 00010  2500 00120  
HPD02275400HPCPHT19930100100041800 00010  2200 00010  2400 00010  2500 00030  
HPD02275400HPCPHT19930100110060200 00030  0400 00010  0500 00010  0900 00010  1300 00010  2500 00070  
HPD02275400HPCPHT19930100120021500 00010  2500 00010  
HPD02275400HPCPHT19930100130041100 00010  1200 00010  1600 00010  2500 00030  
HPD02275400HPCPHT19930100160021900 99999{ 2500 00000P 
HPD02275400HPCPHT19930100180041800 99999} 2000 00020  2100 00020  2500 00040P 
HPD02275400HPCPHT19930100190041100 00020  1200 00010  1500 00010  2500 00040  
HPD02275400HPCPHT19930200010020100 00000g 2500 00000  
HPD02275400HPCPHT19930200090031300 00010  1500 00010  2500 00020  
HPD02275400HPCPHT19930200100030500 00010  1100 00010  2500 00020  
HPD02275400HPCPHT19930200130021900 99999{ 2500 00000P 
HPD02275400HPCPHT19930200150021800 99999} 2500 00000P 
HPD02275400HPCPHT19930200180020900 00010  2500 00010  
HPD02275400HPCPHT19930200190041600 00010  1800 00010  2100 00010  2500 00030  
HPD02275400HPCPHT19930200200030500 00010  1300 00010  2500 00020  
HPD02275400HPCPHT19930200280031100 00010  1400 00010  2500 00020  
HPD02275400HPCPHT19930300010020100 00000g 2500 00000  
HPD02275400HPCPHT19930300260021900 99999{ 2500 00000P 
HPD02275400HPCPHT19930300290021800 99999} 2500 00000P 
HPD02275400HPCPHT19930400010020100 00000g 2500 00000  
HPD02275400HPCPHT19930500010020100 00000g 2500 00000  
HPD02275400HPCPHT19930600010020100 00000g 2500 00000  
HPD02275400HPCPHT19930700010020100 00000g 2500 00000  
HPD02275400HPCPHT19930700120021700 00010  2500 00010  
HPD02275400HPCPHT19930700130021900 00010  2500 00010  
HPD02275400HPCPHT19930700290041800 00030  1900 00020  2300 00010  2500 00060  
HPD02275400HPCPHT19930700300021600 00010  2500 00010  
HPD02275400HPCPHT19930700310020700 00010  2500 00010  
HPD02275400HPCPHT19930800010020100 00000g 2500 00000  
HPD02275400HPCPHT19930800020021700 00010  2500 00010  
HPD02275400HPCPHT19930800100030900 00010  1500 00010  2500 00020  
HPD02275400HPCPHT19930800130051700 00090  1800 00040  2100 00010  2400 00010  2500 00150  
HPD02275400HPCPHT19930800140031000 00010  1500 00010  2500 00020  
HPD02275400HPCPHT19930800150020800 00010  2500 00010  
HPD02275400HPCPHT19930800180021700 00010  2500 00010  
HPD02275400HPCPHT19930800200030800 00010  1600 00010  2500 00020  
HPD02275400HPCPHT19930800260022000 00010  2500 00010  
HPD02275400HPCPHT19930800270060800 00010  1800 00030  1900 00010  2200 00010  2300 00010  2500 00070  
HPD02275400HPCPHT19930800280060300 00010  1000 00010  1900 00020  2000 00050  2200 00010  2500 00100  
HPD02275400HPCPHT19930800290030500 00010  1200 00010  2500 00020  
HPD02275400HPCPHT19930800300021500 00010  2500 00010  
HPD02275400HPCPHT19930800310100500 00010  0600 00020  0700 00010  0800 00010  1200 00010  1400 00020  1500 00010  1600 00010  2000 00010  2500 00110  
HPD02275400HPCPHT19930900010040100 00000g 0200 00010  1800 00010  2500 00020  
HPD02275400HPCPHT19931000010020100 00000g 2500 00000  
HPD02275400HPCPHT19931000060042100 00030  2200 00020  2300 00020  2500 00070  
HPD02275400HPCPHT19931000070030100 00010  0300 00010  2500 00020  
HPD02275400HPCPHT19931000160021900 99999a 2500 00000I 
HPD02275400HPCPHT19931000190021800 00040A 2500 00040P 
HPD02275407HPCPHT19931100010020100 00000g 2500 00000  
HPD02275407HPCPHT19931100090021900 99999a 2500 00000I 
HPD02275407HPCPHT19931100300022400 00050A 2500 00050P 
HPD02275407HPCPHT19931200010020100 00000g 2500 00000  
HPD02275407HPCPHT19940100010020100 00000g 2500 00000  
HPD02275407HPCPHT19940100280051400 00020  1500 00010  1600 99999a 1800 00010A 2500 00040  
HPD02275407HPCPHT19940100290021300 00000  2500 00000  
HPD02275407HPCPHT19940200010030100 00000g 1900 00000  2500 00000  
HPD02275407HPCPHT19940200080080400 00010  0500 00010  0600 00010  0800 00010  0900 00010  1200 00010  2000 00010  2500 00070  
HPD02275407HPCPHT19940200090020600 00010  2500 00010  
HPD02275407HPCPHT19940200160021400 00000  2500 00000  
HPD02275407HPCPHT19940300010030100 00000g 1800 00000  2500 00000  
HPD02275407HPCPHT19940300200070100 00020  0200 00020  0300 00010  0400 00010  0500 00010  0700 00010  2500 00080  
HPD02275407HPCPHT19940300210021700 00010  2500 00010  
HPD02275407HPCPHT19940300270021400 00010  2500 00010  
HPD02275407HPCPHT19940400010020100 00000g 2500 00000  
HPD02275407HPCPHT19940400080021300 00000  2500 00000  
HPD02275407HPCPHT19940500010020100 00000g 2500 00000  
HPD02275407HPCPHT19940500230031400 00010  2100 00010  2500 00020  
HPD02275407HPCPHT19940500240021700 00020  2500 00020  
HPD02275407HPCPHT19940500260021600 00020  2500 00020  
HPD02275407HPCPHT19940600010030100 00000g 1900 00000  2500 00000  
HPD02275407HPCPHT19940600210022400 00010  2500 00010  
HPD02275407HPCPHT19940600220020300 00010  2500 00010  
HPD02275407HPCPHT19940600230021500 00000  2500 00000  
HPD02275407HPCPHT19940700010020100 00000g 2500 00000  
HPD02275407HPCPHT19940700190021200 00010  2500 00010  
HPD02275407HPCPHT19940700220030100 00010  0900 00010  2500 00020  
HPD02275407HPCPHT19940700230021700 00010  2500 00010  
HPD02275407HPCPHT19940700240040900 00010  2000 00020  2200 00010  2500 00040  
HPD02275407HPCPHT19940700250020200 00010  2500 00010  
HPD02275407HPCPHT19940700290021400 00010  2500 00010  
HPD02275407HPCPHT19940800010020100 00000g 2500 00000  
HPD02275407HPCPHT19940800080022300 00010  2500 00010  
HPD02275407HPCPHT19940800090040100 00010  0300 00010  1500 00010  2500 00030  
HPD02275407HPCPHT19940800160021600 00010  2500 00010  
HPD02275407HPCPHT19940800190021300 00010  2500 00010  
HPD02275407HPCPHT19940800250051700 00010  1800 00010  1900 00010  2300 00010  2500 00040  
HPD02275407HPCPHT19940800270021300 00010  2500 00010  
HPD02275407HPCPHT19940800300021600 00010  2500 00010  
HPD02275407HPCPHT19940900010020100 00000g 2500 00000  
HPD02275407HPCPHT19940900020030500 00010  1100 00010  2500 00020  
HPD02275407HPCPHT19940900030021500 00010  2500 00010  
HPD02275407HPCPHT19940900060021000 00010  2500 00010  
HPD02275407HPCPHT19940900110030200 00010  0900 00010  2500 00020  
HPD02275407HPCPHT19940900130021300 00010  2500 00010  
HPD02275407HPCPHT19941000010030100 00000g 1600 00010  2500 00010  
HPD02275407HPCPHT19941000140021800 00010  2500 00010  
HPD02275407HPCPHT19941000160041000 00010  1400 00010  2100 00010  2500 00030  
HPD02275407HPCPHT19941000170021400 00010  2500 00010  
HPD02275407HPCPHT19941100010020100 00000g 2500 00000  
HPD02275407HPCPHT19941100030021400 00010  2500 00010  
HPD02275407HPCPHT19941100040021100 00010  2500 00010  
HPD02275407HPCPHT19941100050021000 00000  2500 00000  
HPD02275407HPCPHT19941100080021000 00010  2500 00010  
HPD02275407HPCPHT19941100110121000 00010  1100 00010  1300 00010  1400 00010  1500 00010  1700 00010  1900 00010  2000 00010  2100 00010  2300 00010  2400 00010  2500 00110  
HPD02275407HPCPHT19941100120090100 00020  0200 00020  0300 00010  0500 00020  0600 00010  0800 00010  0900 00010  1100 00010  2500 00110  
HPD02275407HPCPHT19941200010020100 00000g 2500 00000  
HPD02275407HPCPHT19941200050151000 00010  1200 00010  1300 00010  1400 00010  1500 00010  1600 00010  1700 00020  1800 00010  1900 00020  2000 00010  2100 00010  2200 00010  2300 00010  2400 00010  2500 00160  
HPD02275407HPCPHT19941200060040200 00010  0400 00010  1000 00010  2500 00030  
HPD02275407HPCPHT19941200120022100 00010  2500 00010  
HPD02275407HPCPHT19941200130021200 00010  2500 00010  
HPD02275407HPCPHT19941200260040700 00010  1600 00010  2100 00010  2500 00030  
HPD02275407HPCPHT19941200270030200 00010  0700 00010  2500 00020  
HPD02275407HPCPHT19941200300021700 00010  2500 00010  
HPD02275407HPCPHT19950100010030100 00000g 1900 99999{ 2500 00000P 
HPD02275407HPCPHT19950100310022400 99999} 2500 00000P 
HPD02275407HPCPHT19950200010030100 99999{ 1600 99999} 2500 00000P 
HPD02275407HPCPHT19950200150060800 00010  0900 00010  1000 00010  1100 00010  1400 00010  2500 00050  
HPD02275407HPCPHT19950200160020700 00010  2500 00010  
HPD02275407HPCPHT19950200220021100 00010  2500 00010  
HPD02275407HPCPHT19950300010030100 00000g 1300 99999a 2500 00000I 
HPD02275407HPCPHT19950300310022400 00020A 2500 00020P 
HPD02275407HPCPHT19950400010040100 99999{ 1800 99999} 1900 99999[ 2500 00000P 
HPD02275407HPCPHT19950400110021600 99999] 2500 00000I 
HPD02275407HPCPHT19950400180021900 99999{ 2500 00000P 
HPD02275407HPCPHT19950400190021800 99999} 2500 00000P 
HPD02275407HPCPHT19950500010020100 00000g 2500 00000  
HPD02275407HPCPHT19950600010020100 00000g 2500 00000  
HPD02275407HPCPHT19950700010020100 00000g 2500 00000  
HPD02275407HPCPHT19950700150022200 00020  2500 00020  
HPD02275407HPCPHT19950700160020200 00010  2500 00010  
HPD02275407HPCPHT19950800010020100 00000g 2500 00000  
HPD02275407HPCPHT19950800060021900 99999{ 2500 00000P 
HPD02275407HPCPHT19950800280021800 99999} 2500 00000P 
HPD02275407HPCPHT19950900010020100 00000g 2500 00000  
HPD02275407HPCPHT19950900090021500 00020  2500 00020  
HPD02275407HPCPHT19950900100021300 00010  2500 00010  
HPD02275407HPCPHT19950900150031700 00010  2100 00010  2500 00020  
HPD02275407HPCPHT19950900280031100 00020  1500 00010  2500 00030  
HPD02275407HPCPHT19951000010030100 00000g 1800 00000  2500 00000  
HPD02275407HPCPHT19951100010020100 00000g 2500 00000  
HPD02275407HPCPHT19951100060030400 00020  0600 00010  2500 00030  
HPD02275407HPCPHT19951200010020100 00000g 2500 00000  
HPD02275407HPCPHT19951200170021500 00010  2500 00010  
HPD02275407HPCPHT19960100010020100 00000g 2500 00000  
HPD02275407HPCPHT19960200010060100 00000g 0500 00010  0700 00020  1100 00010  1500 00010  2500 00050  
HPD02275407HPCPHT19960200020020900 00010  2500 00010  
HPD02275407HPCPHT19960300010020100 00000g 2500 00000  
HPD02275407HPCPHT19960400010020100 00000g 2500 00000  
HPD02275407HPCPHT19960500010040100 00000g 1700 99999{ 1800 99999} 2500 00000P 
HPD02275407HPCPHT19960600010020100 00000g 2500 00000  
HPD02275407HPCPHT19960700010020100 00000g 2500 00000  
HPD02275407HPCPHT19960700060021100 00010  2500 00010  
HPD02275407HPCPHT19960700070021100 00010  2500 00010  
HPD02275407HPCPHT19960700110021700 00040  2500 00040  
HPD02275407HPCPHT19960700120020900 00010  2500 00010  
HPD02275407HPCPHT19960700130021100 00010  2500 00010  
HPD02275407HPCPHT19960700140021500 00010  2500 00010  
HPD02275407HPCPHT19960700150021200 00010  2500 00010  
HPD02275407HPCPHT19960700160021500 00010  2500 00010  
HPD02275407HPCPHT19960700180021800 00010  2500 00010  
HPD02275407HPCPHT19960700220030900 00010  1900 00010  2500 00020  
HPD02275407HPCPHT19960700230030500 00010  1400 00010  2500 00020  
HPD02275407HPCPHT19960700240021200 00010  2500 00010  
HPD02275407HPCPHT19960700260021700 00010  2500 00010  
HPD02275407HPCPHT19960800010020100 00000g 2500 00000  
HPD02275407HPCPHT19960800020050100 00010  0200 00010  0400 00010  1000 00010  2500 00040  
HPD02275407HPCPHT19960800090052000 00030  2100 00010  2300 00010  2400 00020  2500 00070  
HPD02275407HPCPHT19960800100090100 00030  0200 00050  0300 00020  0400 00020  0500 00010  0600 00010  0900 00010  1300 00010  2500 00160  
HPD02275407HPCPHT19960800110030600 00010  1500 00010  2500 00020  
HPD02275407HPCPHT19960800120021200 00010  2500 00010  
HPD02275407HPCPHT19960800130021200 00010  2500 00010  
HPD02275407HPCPHT19960800210050200 00010  0400 00010  0900 00010  1400 00010  2500 00040  
HPD02275407HPCPHT19960800220031200 00010  2300 00010  2500 00020  
HPD02275407HPCPHT19960800230031000 00010  1600 00010  2500 00020  
HPD02275407HPCPHT19960800240030500 00010  1500 00010  2500 00020  
HPD02275407HPCPHT19960800270061300 00010  1700 00020  1800 00010  1900 00010  2200 00010  2500 00060  
HPD02275407HPCPHT19960800280020700 00010  2500 00010  
HPD02275407HPCPHT19960800290051000 00010  1900 00070  2000 00010  2300 00010  2500 00100  
HPD02275407HPCPHT19960800300030600 00010  1300 00010  2500 00020  
HPD02275407HPCPHT19960800310021300 00010  2500 00010  
HPD02275407HPCPHT19960900010020100 00000g 2500 00000  
HPD02275407HPCPHT19960900030021800 00010  2500 00010  
HPD02275407HPCPHT19960900040021600 00010  2500 00010  
HPD02275407HPCPHT19960900100021100 00010  2500 00010  
HPD02275407HPCPHT19960900110021300 00010  2500 00010  
HPD02275407HPCPHT19960900120021300 00010  2500 00010  
HPD02275407HPCPHT19960900130041900 00010  2100 00010  2400 00010  2500 00030  
HPD02275407HPCPHT19960900140030600 00010  1200 00010  2500 00020  
HPD02275407HPCPHT19960900150021100 00010  2500 00010  
HPD02275407HPCPHT19960900170021200 00010  2500 00010  
HPD02275407HPCPHT19960900210021300 00010  2500 00010  
HPD02275407HPCPHT19960900250021300 00010  2500 00010  
HPD02275407HPCPHT19960900280021200 00010  2500 00010  
HPD02275407HPCPHT19961000010030100 00000g 1900 00010  2500 00010  
HPD02275407HPCPHT19961000250021500 00010  2500 00010  
HPD02275407HPCPHT19961000270051200 00010  1400 00010  1500 00010  2000 00010  2500 00040  
HPD02275407HPCPHT19961000280110200 00010  0300 00010  0500 00010  0600 00010  0700 00010  0800 00010  0900 00020  1000 00010  1300 00010  1900 00010  2500 00110  
HPD02275407HPCPHT19961000290021200 00010  2500 00010  
HPD02275407HPCPHT19961100010020100 00000g 2500 00000  
HPD02275407HPCPHT19961100220021900 99999{ 2500 00000P 
HPD02275407HPCPHT19961100230021800 99999} 2500 00000P 
HPD02275407HPCPHT19961100290022200 00010 R2500 00010 R
HPD02275407HPCPHT19961100300020800 00010 R2500 00010 R
HPD02275407HPCPHT19961200010020100 00000g 2500 00000  
HPD02275407HPCPHT19970100010020100 00000g 2500 00000  
HPD02275407HPCPHT19970100030021900 99999{ 2500 00000P 
HPD02275407HPCPHT19970100040021800 99999} 2500 00000P 
HPD02275407HPCPHT19970100050021200 00010  2500 00010  
HPD02275407HPCPHT19970100060061000 00010  1300 00010  1700 00010  2000 00010  2400 00010  2500 00050  
HPD02275407HPCPHT19970100070021100 00010  2500 00010  
HPD02275407HPCPHT19970100090021200 00010  2500 00010  
HPD02275407HPCPHT19970100130032100 00010  2400 00010  2500 00020  
HPD02275407HPCPHT19970100140020900 00010  2500 00010  
HPD02275407HPCPHT19970100150021100 00010  2500 00010  
HPD02275407HPCPHT19970100230021200 00010  2500 00010  
HPD02275407HPCPHT19970100270020800 00010  2500 00010  
HPD02275407HPCPHT19970100280020800 00010  2500 00010  
HPD02275407HPCPHT19970200010020100 00000g 2500 00000  
HPD02275407HPCPHT19970200200021700 00010  2500 00010  
HPD02275407HPCPHT19970200280060300 00010  0500 00010  0600 00010  0700 00010  0900 00010  2500 00050  
HPD02275407HPCPHT19970300010040100 00000g 0600 00010  1600 00010  2500 00020  
HPD02275407HPCPHT19970300020021500 00010  2500 00010  
HPD02275407HPCPHT19970300060021400 00010  2500 00010  
HPD02275407HPCPHT19970300200021500 00010  2500 00010  
HPD02275407HPCPHT19970300250021300 00010  2500 00010  
HPD02275407HPCPHT19970300270021600 00010  2500 00010  
HPD02275407HPCPHT19970300310021600 00010  2500 00010  
HPD02275407HPCPHT19970400010020100 00000g 2500 00000  
HPD02275407HPCPHT19970400220021400 00010  2500 00010  
HPD02275407HPCPHT19970500010020100 00000g 2500 00000  
HPD02275407HPCPHT19970500110021600 00010  2500 00010  
HPD02275407HPCPHT19970500130021400 00010  2500 00010  
HPD02275407HPCPHT19970500150021700 00010  2500 00010  
HPD02275407HPCPHT19970500180021600 00010  2500 00010  
HPD02275407HPCPHT19970500190021700 00010  2500 00010  
HPD02275407HPCPHT19970500200021800 00010  2500 00010  
HPD02275407HPCPHT19970500210021000 00010  2500 00010  
HPD02275407HPCPHT19970500220021500 00010  2500 00010  
HPD02275407HPCPHT19970500250021200 00010  2500 00010  
HPD02275407HPCPHT19970600010020100 00000g 2500 00000  
HPD02275407HPCPHT19970600090021200 00010  2500 00010  
HPD02275407HPCPHT19970600270021700 00010  2500 00010  
HPD02275407HPCPHT19970700010020100 00000g 2500 00000  
HPD02275407HPCPHT19970700240021900 99999{ 2500 00000P 
HPD02275407HPCPHT19970700250021800 99999} 2500 00000P 
HPD02275407HPCPHT19970700280030700 00010  1300 00010  2500 00020  
HPD02275407HPCPHT19970700290021000 99999{ 2500 00000P 
HPD02275407HPCPHT19970700310022400 99999} 2500 00000P 
HPD02275407HPCPHT19970800010020100 99999{ 2500 00000P 
HPD02275407HPCPHT19970800310022400 99999} 2500 00000P 
HPD02275407HPCPHT19970900010020100 99999{ 2500 00000P 
HPD02275407HPCPHT19970900300022400 99999} 2500 00000P 
HPD02275407HPCPHT19971000010040100 99999{ 1800 99999} 1900 99999[ 2500 00000P 
HPD02275407HPCPHT19971000280021400 99999] 2500 00000I 
HPD02275407HPCPHT19971100010030100 00000g 1600 99999{ 2500 00000P 
HPD02275407HPCPHT19971100300022400 99999} 2500 00000P 
HPD02275407HPCPHT19971200010020100 99999{ 2500 00000P 
HPD02275407HPCPHT19971200310022400 99999} 2500 00000P 
HPD02275407HPCPHT19980100010020100 00000g 2500 00000  
HPD02275407HPCPHT19980100250021500 00010  2500 00010  
HPD02275407HPCPHT19980100270021900 99999{ 2500 00000P 
HPD02275407HPCPHT19980100310022400 99999} 2500 00000P 
HPD02275407HPCPHT19980200010030100 99999{ 1900 99999} 2500 00000P 
HPD02275407HPCPHT19980200030021900 99999{ 2500 00000P 
HPD02275407HPCPHT19980200040021800 99999} 2500 00000P 
HPD02275407HPCPHT19980200090050600 00010  0800 00010  1200 00010  2100 00010  2500 00040  
HPD02275407HPCPHT19980200100021300 00010  2500 00010  
HPD02275407HPCPHT19980200150030900 00010  1600 00010  2500 00020  
HPD02275407HPCPHT19980200180021200 00010  2500 00010  
HPD02275407HPCPHT19980200200031400 00010  2400 00010  2500 00020  
HPD02275407HPCPHT19980200220021500 00000 q2500 00000P 
HPD02275407HPCPHT19980200250021300 00010  2500 00010  
HPD02275407HPCPHT19980200280021800 00010  2500 00010  
HPD02275407HPCPHT19980300010020100 00000g 2500 00000  
HPD02275407HPCPHT19980300070021300 00010  2500 00010  
HPD02275407HPCPHT19980300140041900 00010  2000 00010  2200 00010  2500 00030  
HPD02275407HPCPHT19980300150020900 00010  2500 00010  
HPD02275407HPCPHT19980300170021800 00010  2500 00010  
HPD02275407HPCPHT19980300180021700 00010  2500 00010  
HPD02275407HPCPHT19980300190021500 00010  2500 00010  
HPD02275407HPCPHT19980300240021300 00010  2500 00010  
HPD02275407HPCPHT19980300260021400 00010  2500 00010  
HPD02275407HPCPHT19980300280020900 00010  2500 00010  
HPD02275407HPCPHT19980300290022300 00010  2500 00010  
HPD02275407HPCPHT19980300300021100 00010  2500 00010  
HPD02275407HPCPHT19980400010050100 00000g 1200 00010  1500 99999[ 1700 99999] 2500 00010I 
HPD02275407HPCPHT19980400030021400 00010  2500 00010  
HPD02275407HPCPHT19980400130021700 00010  2500 00010  
HPD02275407HPCPHT19980500010020100 00000g 2500 00000  
HPD02275407HPCPHT19980600010020100 00000g 2500 00000  
HPD02275407HPCPHT19980700010030100 00000g 0900 00010  2500 00010  
HPD02275407HPCPHT19980700060031900 00010  2200 00010  2500 00020  
HPD02275407HPCPHT19980700070021100 00010  2500 00010  
HPD02275407HPCPHT19980700080020700 00010  2500 00010  
HPD02275407HPCPHT19980700090021300 00010  2500 00010  
HPD02275407HPCPHT19980700110020900 00010  2500 00010  
HPD02275407HPCPHT19980700120021500 00010  2500 00010  
HPD02275407HPCPHT19980700220061600 00070  1700 00020  1800 00010  1900 00010  2100 00010  2500 00120  
HPD02275407HPCPHT19980700230060900 00010  1600 00010  1800 00010  1900 00070  2100 00010  2500 00110  
HPD02275407HPCPHT19980700240040100 00010  0700 00010  1600 00010  2500 00030  
HPD02275407HPCPHT19980700250021200 00010  2500 00010  
HPD02275407HPCPHT19980700270021900 00010  2500 00010  
HPD02275407HPCPHT19980700290021000 00010  2500 00010  
HPD02275407HPCPHT19980800010040100 00000g 0900 00010  1800 00010  2500 00020  
HPD02275407HPCPHT19980800020031600 00010  1700 00010  2500 00020  
HPD02275407HPCPHT19980800060020900 00010  2500 00010  
HPD02275407HPCPHT19980800070021000 00010  2500 00010  
HPD02275407HPCPHT19980800090021100 00010  2500 00010  
HPD02275407HPCPHT19980800150021100 00010  2500 00010  
HPD02275407HPCPHT19980800200022100 00010  2500 00010  
HPD02275407HPCPHT19980800210030100 00010  1100 00010  2500 00020  
HPD02275407HPCPHT19980800250021000 00010  2500 00010  
HPD02275407HPCPHT19980800260021600 00010  2500 00010  
HPD02275407HPCPHT19980800290021100 00010  2500 00010  
HPD02275407HPCPHT19980900010020100 00000g 2500 00000  
HPD02275407HPCPHT19980900020021100 00010  2500 00010  
HPD02275407HPCPHT19980900040030800 00010  1300 00010  2500 00020  
HPD02275407HPCPHT19980900060021100 00010  2500 00010  
HPD02275407HPCPHT19980900100021000 00010  2500 00010  
HPD02275407HPCPHT19980900130021100 00010  2500 00010  
HPD02275407HPCPHT19980900170031100 00010  2100 00010  2500 00020  
HPD02275407HPCPHT19980900190021300 00010  2500 00010  
HPD02275407HPCPHT19980900290020500 00010  2500 00010  
HPD02275407HPCPHT19981000010020100 00000g 2500 00000  
HPD02275407HPCPHT19981000260021200 00010  2500 00010  
HPD02275407HPCPHT19981000280021200 00010  2500 00010  
HPD02275407HPCPHT19981000300021300 00020  2500 00020  
HPD02275407HPCPHT19981100010020100 00000g 2500 00000  
HPD02275407HPCPHT19981100080021000 00010  2500 00010  
HPD02275407HPCPHT19981100110021200 00010  2500 00010  
HPD02275407HPCPHT19981100150021200 00010  2500 00010  
HPD02275407HPCPHT19981100280021900 99999{ 2500 00000P 
HPD02275407HPCPHT19981100290021800 99999} 2500 00000P 
HPD02275407HPCPHT19981200010020100 99999[ 2500 00000I 
HPD02275407HPCPHT19981200040021500 99999] 2500 00000I 
HPD02275407HPCPHT19981200060021300 00010  2500 00010  
