HPD02835600HPCPHI19480700010040100 00000g 1300 99999[ 2400 99999] 2500 00000I 
HPD02835600HPCPHI19480700200040200 00002  0300 00002  0400 00001  2500 00005  
HPD02835600HPCPHI19480700250061800 00014  1900 00159  2000 00007  2100 00003  2300 00002  2500 00185  
HPD02835600HPCPHI19480700260051700 00004  1800 00085  1900 00001  2000 00001  2500 00091  
HPD02835600HPCPHI19480800010040100 00000g 1300 99999[ 2400 99999] 2500 00000I 
HPD02835600HPCPHI19480800020021900 00002  2500 00002  
HPD02835600HPCPHI19480800040030300 00003  0400 00003  2500 00006  
HPD02835600HPCPHI19480800060042200 00006  2300 00001  2400 00008  2500 00015  
HPD02835600HPCPHI19480800070030100 00016  0200 00012  2500 00028  
HPD02835600HPCPHI19480800290031800 00010  1900 00001  2500 00011  
HPD02835600HPCPHI19480900010040100 00000g 1300 99999[ 2400 99999] 2500 00000I 
HPD02835600HPCPHI19480900260041800 00008  2000 00015  2100 00004  2500 00027  
HPD02835600HPCPHI19481000010040100 00000g 1300 99999[ 2400 99999] 2500 00000I 
HPD02835600HPCPHI19481000180090300 00001  0500 00001  0600 00004  0800 00001  1000 00002  1200 00002  1400 00001  1600 00001  2500 00013  
HPD02835600HPCPHI19481000300130100 00002  0200 00010  0300 00002  0400 00001  0500 00001  0600 00003  0700 00001  1200 00001  1300 00003  1600 00001  2100 00004  2200 99999a 2500 00029I 
HPD02835600HPCPHI19481000310020600 00020A 2500 00020P 
HPD02835600HPCPHI19481100010040100 00000g 1300 99999[ 2400 99999] 2500 00000I 
HPD02835600HPCPHI19481200010040100 00000g 1300 99999[ 2400 99999] 2500 00000I 
HPD02835600HPCPHI19481200140032100 00001  2200 00001  2500 00002  
HPD02835600HPCPHI19481200220120800 00006  0900 00008  1000 00012  1100 00009  1200 00004  1300 00005  1400 00009  1500 00014  1600 00001  1800 00002  2200 00004  2500 00074  
HPD02835600HPCPHI19481200230100100 00007  0200 00003  0400 00004  0700 00001  1200 00012  1300 00002  1400 00008  1500 00002  1700 00001  2500 00040  
HPD02835600HPCPHI19481200250031200 00004  1400 00003  2500 00007  
HPD02835600HPCPHI19481200260060500 00001  0600 00002  0700 00001  1100 00001  1200 00001  2500 00006  
HPD02835600HPCPHI19481200270080900 00008  1000 00002  1100 00008  1200 00018  1300 00021  1400 00007  1500 00001  2500 00065  
HPD02835600HPCPHI19490100010040100 00000g 1300 99999[ 2400 99999] 2500 00000I 
HPD02835600HPCPHI19490100020041000 00001  1100 00001  1200 00001  2500 00003  
HPD02835600HPCPHI19490100080032300 00001  2400 00002  2500 00003  
HPD02835600HPCPHI19490100090110200 00001  0500 00001  0600 00001  0700 00007  0800 00001  1100 00001  1700 00001  1800 00002  1900 00001  2000 00002  2500 00018  
HPD02835600HPCPHI19490100100030100 00001  1300 00001  2500 00002  
HPD02835600HPCPHI19490100110030100 00001  0200 00001  2500 00002  
HPD02835600HPCPHI19490100130110100 00004  0200 00011  0300 00002  0400 00002  0500 00001  0600 00003  1000 00001  1100 00001  1700 00001  1900 00001  2500 00027  
HPD02835600HPCPHI19490100140021800 99999a 2500 00000I 
HPD02835600HPCPHI19490100150021800 00009A 2500 00009P 
HPD02835600HPCPHI19490100240170100 00001  0200 00003  0500 00006  0600 00003  0700 00006  0800 00006  0900 00001  1000 00005  1100 00009  1200 00002  1300 00003  1400 00006  1500 00005  1800 00001  1900 00002  2200 00001  2500 00060  
HPD02835600HPCPHI19490100250090700 00005  0800 00015  0900 00005  1000 00012  1100 00008  1200 00006  1300 00008  1400 00001  2500 00060  
HPD02835600HPCPHI19490100260060500 00010  0700 00006  0800 00011  0900 00003  1000 00001  2500 00031  
HPD02835600HPCPHI19490200010040100 00000g 1300 99999[ 2400 99999] 2500 00000I 
HPD02835600HPCPHI19490200070021800 99999a 2500 00000I 
HPD02835600HPCPHI19490200080030800 00021A 1300 00019  2500 00040P 
HPD02835600HPCPHI19490200120031900 00005  2000 00001  2500 00006  
HPD02835600HPCPHI19490200130080100 00001  0200 00001  0600 00001  0800 00001  1100 00001  1300 00002  1600 00001  2500 00008  
HPD02835600HPCPHI19490200270032100 00009  2200 00005  2500 00014  
HPD02835600HPCPHI19490200280020300 00001  2500 00001  
HPD02835600HPCPHI19490300010040100 00000g 1300 99999[ 2400 99999] 2500 00000I 
HPD02835600HPCPHI19490300060031800 00002  1900 00001  2500 00003  
HPD02835600HPCPHI19490300200031900 00001  2000 00001  2500 00002  
HPD02835600HPCPHI19490300250070100 00002  0200 00004  0300 00008  0400 00008  0500 00008  0600 00011  2500 00041  
HPD02835600HPCPHI19490300290040800 00001  0900 00001  1000 00002  2500 00004  
HPD02835600HPCPHI19490300310051300 00004  1500 00001  2100 00012  2200 00003  2500 00020  
HPD02835600HPCPHI19490400010100100 00000g 0600 00001  0700 00010  0800 00013  0900 00010  1000 00006  1100 00002  1200 00004  1300 00002  2500 00048  
HPD02835600HPCPHI19490400030030300 00001  0400 00001  2500 00002  
HPD02835600HPCPHI19490500010040100 00000g 1300 99999[ 2400 99999] 2500 00000I 
HPD02835600HPCPHI19490500160022400 00006  2500 00006  
HPD02835600HPCPHI19490500170030100 00002  2300 00001  2500 00003  
HPD02835600HPCPHI19490500180030500 00001  0600 00001  2500 00002  
HPD02835600HPCPHI19490600010040100 00000g 1300 99999[ 2400 99999] 2500 00000I 
HPD02835600HPCPHI19490600170041700 00054  1900 00001  2100 00034  2500 00089  
HPD02835600HPCPHI19490600180070100 00001  0200 00001  0300 00026  0400 00005  0600 00001  0700 00001  2500 00035  
HPD02835600HPCPHI19490700010040100 00000g 1300 99999[ 2400 99999] 2500 00000I 
HPD02835600HPCPHI19490700030022000 00003  2500 00003  
HPD02835600HPCPHI19490700100052100 00074  2200 00046  2300 00002  2400 00005  2500 00127  
HPD02835600HPCPHI19490700220030600 00050  0700 00017  2500 00067  
HPD02835600HPCPHI19490700230031700 00006  1800 00002  2500 00008  
HPD02835600HPCPHI19490700240021000 00004  2500 00004  
HPD02835600HPCPHI19490700300022200 00001  2500 00001  
HPD02835600HPCPHI19490800010040100 00000g 1300 99999[ 2400 99999] 2500 00000I 
HPD02835600HPCPHI19490800030030700 00001  0800 00001  2500 00002  
HPD02835600HPCPHI19490800060021900 00045  2500 00045  
HPD02835600HPCPHI19490900010040100 00000g 1300 99999[ 2400 99999] 2500 00000I 
HPD02835600HPCPHI19490900030020200 00001  2500 00001  
HPD02835600HPCPHI19490900050020400 00001  2500 00001  
HPD02835600HPCPHI19490900130050700 00001  0800 00022  0900 00002  1400 00001  2500 00026  
HPD02835600HPCPHI19491000010040100 00000g 1300 99999[ 2400 99999] 2500 00000I 
HPD02835600HPCPHI19491000040031800 00015  1900 00001  2500 00016  
HPD02835600HPCPHI19491000170030300 00003  0400 00007  2500 00010  
HPD02835600HPCPHI19491000190040900 00001  1000 00001  1100 00001  2500 00003  
HPD02835600HPCPHI19491100010040100 00000g 1300 99999[ 2400 99999] 2500 00000I 
HPD02835600HPCPHI19491100100042200 00016  2300 00027  2400 00005  2500 00048  
HPD02835600HPCPHI19491100300051900 00001  2000 00001  2200 00004  2300 00006  2500 00012  
HPD02835600HPCPHI19491200010040100 00000g 1300 99999[ 2400 99999] 2500 00000I 
HPD02835600HPCPHI19491200090071400 00001  1500 00005  1600 00009  1700 00004  1800 00008  2200 00003  2500 00030  
HPD02835600HPCPHI19491200100060400 00001  0500 00004  0600 00001  1300 00027  1400 00006  2500 00039  
HPD02835600HPCPHI19491200170030200 00004  0300 00002  2500 00006  
HPD02835600HPCPHI19491200200050300 00012  0400 00014  0500 00004  0600 00002  2500 00032  
HPD02835600HPCPHI19500100010040100 00000g 1900 00001  2000 00001  2500 00002  
HPD02835600HPCPHI19500100120031700 00004  2400 00012  2500 00016  
HPD02835600HPCPHI19500100130020100 00001  2500 00001  
HPD02835600HPCPHI19500100290111500 00001  1600 00003  1700 00005  1800 00002  1900 00003  2000 00005  2100 00007  2200 00008  2300 00006  2400 00006  2500 00046  
HPD02835600HPCPHI19500100300050100 00009  0200 00003  0300 00005  0400 00007  2500 00024  
HPD02835600HPCPHI19500200010040100 00000g 1300 99999[ 2400 99999] 2500 00000I 
HPD02835600HPCPHI19500200110100800 00010  0900 00002  1000 00014  1100 00005  1200 00003  1300 00001  1700 00023  1800 00001  1900 00001  2500 00060  
HPD02835600HPCPHI19500200260061900 00008  2000 00007  2200 00005  2300 00007  2400 00012  2500 00039  
HPD02835600HPCPHI19500300010030100 00000g 1000 00001  2500 00001  
HPD02835600HPCPHI19500300020060100 00018  0200 00002  0300 00003  0400 00001  0500 00001  2500 00025  
HPD02835600HPCPHI19500300250041300 00014  1400 00007  1500 00001  2500 00022  
HPD02835600HPCPHI19500300260021300 00001  2500 00001  
HPD02835600HPCPHI19500400010040100 00000g 1300 99999[ 2400 99999] 2500 00000I 
HPD02835600HPCPHI19500500010040100 00000g 1300 99999[ 2400 99999] 2500 00000I 
HPD02835600HPCPHI19500500040040600 00005  0700 00003  0800 00002  2500 00010  
HPD02835600HPCPHI19500600010040100 00000g 1300 99999[ 2400 99999] 2500 00000I 
HPD02835600HPCPHI19500600220020100 00004  2500 00004  
HPD02835600HPCPHI19500600230021500 00003  2500 00003  
HPD02835600HPCPHI19500700010040100 00000g 0700 00001  0800 00001  2500 00002  
HPD02835600HPCPHI19500700060021700 00007  2500 00007  
HPD02835600HPCPHI19500700070022300 00005  2500 00005  
HPD02835600HPCPHI19500700080070200 00001  1300 00001  1400 00033  1500 00003  1600 00001  1700 00001  2500 00040  
HPD02835600HPCPHI19500700170032000 00006  2100 00001  2500 00007  
HPD02835600HPCPHI19500700180021000 00003  2500 00003  
HPD02835600HPCPHI19500700220042000 00032  2100 00001  2200 00002  2500 00035  
HPD02835600HPCPHI19500800010020100 00000g 2500 00000  
HPD02835600HPCPHI19500800030021500 00001  2500 00001  
HPD02835600HPCPHI19500800050090400 00004  0600 00023  0700 00023  0800 00006  0900 00012  1000 00005  1100 00026  1200 00001  2500 00100  
HPD02835600HPCPHI19500800110041600 00094  1700 00006  2000 00010  2500 00110  
HPD02835600HPCPHI19500800180021800 00007  2500 00007  
HPD02835600HPCPHI19500900010020100 00000g 2500 00000  
HPD02835600HPCPHI19500900020021600 00003  2500 00003  
HPD02835600HPCPHI19500900060041800 00005  1900 00001  2000 00001  2500 00007  
HPD02835600HPCPHI19500900070021900 00017  2500 00017  
HPD02835600HPCPHI19500900180041400 00010  1500 00031  1800 00035  2500 00076  
HPD02835600HPCPHI19500900210061000 00002  1400 00002  1500 00012  1600 00004  1700 00002  2500 00022  
HPD02835600HPCPHI19501000010040100 00000g 1300 99999[ 2400 99999] 2500 00000I 
HPD02835600HPCPHI19501100010020100 00000g 2500 00000  
HPD02835600HPCPHI19501100140061300 00006  1400 00001  1700 00002  1800 00006  2000 00006  2500 00021  
HPD02835600HPCPHI19501100150030100 00004  0200 00001  2500 00005  
HPD02835600HPCPHI19501200010020100 00000g 2500 00000  
HPD02835600HPCPHI19501200310031500 00002  1600 00003  2500 00005  
HPD02835600HPCPHI19510100010040100 00000g 0400 00001  0500 00002  2500 00003  
HPD02835600HPCPHI19510100120110200 00002  0300 00013  0400 00020  0500 00015  0600 00005  0900 00005  1000 00002  1100 00001  1200 00001  1300 00001  2500 00065  
HPD02835600HPCPHI19510100130030800 00002  0900 00001  2500 00003  
HPD02835600HPCPHI19510100160031300 99999[ 2400 99999] 2500 00000I 
HPD02835600HPCPHI19510100290042100 00003  2200 00007  2400 00001  2500 00011  
HPD02835600HPCPHI19510100300180100 00001  0600 00001  0700 00008  0800 00023  0900 00023  1000 00022  1100 00021  1200 00015  1300 00003  1400 00001  1500 00006  1600 00001  1700 00012  1800 00003  1900 00001  2300 00009  2400 00001  2500 00151  
HPD02835600HPCPHI19510200010040100 00000g 1300 99999[ 2400 99999] 2500 00000I 
HPD02835600HPCPHI19510200190040600 00002  0700 00003  0800 00004  2500 00009  
HPD02835600HPCPHI19510200240040400 00002  0500 00004  0600 00004  2500 00010  
HPD02835600HPCPHI19510200250031700 00001  1800 00002  2500 00003  
HPD02835600HPCPHI19510200270040800 00001  0900 00001  1000 00001  2500 00003  
HPD02835600HPCPHI19510300010050100 00000g 2200 00001  2300 00008  2400 00002  2500 00011  
HPD02835600HPCPHI19510300020050100 00001  0200 00001  0500 00005  0600 00001  2500 00008  
HPD02835600HPCPHI19510300260091300 00001  1400 00005  1600 00004  1700 00001  1900 00001  2000 00013  2100 00002  2200 00001  2500 00028  
HPD02835600HPCPHI19510400010040100 00000g 1300 99999[ 2400 99999] 2500 00000I 
HPD02835600HPCPHI19510400040071200 00003  1400 00001  1500 00025  1600 00008  1700 00001  1800 00004  2500 00042  
HPD02835600HPCPHI19510400050060200 00001  0300 00010  0400 00001  1000 00002  2300 00009  2500 00023  
HPD02835600HPCPHI19510400060030800 00001  0900 00001  2500 00002  
HPD02835600HPCPHI19510400190080500 00001  0600 00001  0700 00003  0800 00015  1000 00001  2000 00012  2200 00002  2500 00035  
HPD02835600HPCPHI19510400200021300 00020  2500 00020  
HPD02835600HPCPHI19510400260040300 00010  0400 00006  0500 00001  2500 00017  
HPD02835600HPCPHI19510400290040800 00022  0900 00008  1100 00002  2500 00032  
HPD02835600HPCPHI19510500010020100 00000g 2500 00000  
HPD02835600HPCPHI19510500140041300 00005  1400 00002  1500 00003  2500 00010  
HPD02835600HPCPHI19510500150040900 00001  1000 00003  1200 00001  2500 00005  
HPD02835600HPCPHI19510600010020100 00000g 2500 00000  
HPD02835600HPCPHI19510700010020100 00000g 2500 00000  
HPD02835600HPCPHI19510700140021900 00012  2500 00012  
HPD02835600HPCPHI19510700170022400 00009  2500 00009  
HPD02835600HPCPHI19510700180022200 00065  2500 00065  
HPD02835600HPCPHI19510700270041700 00003  1800 00016  2100 00006  2500 00025  
HPD02835600HPCPHI19510800010030100 00000g 0500 00002  2500 00002  
HPD02835600HPCPHI19510800020022400 00038  2500 00038  
HPD02835600HPCPHI19510800030040100 00014  0200 00003  0300 00003  2500 00020  
HPD02835600HPCPHI19510800040020300 00001  2500 00001  
HPD02835600HPCPHI19510800260051900 00015  2000 00085  2100 00021  2300 00001  2500 00122  
HPD02835600HPCPHI19510800270180600 00002  0700 00005  0800 00016  0900 00005  1000 00004  1100 00004  1200 00010  1300 00017  1400 00037  1500 00007  1600 00016  1700 00005  1800 00013  1900 00006  2000 00014  2100 00001  2200 00003  2500 00165  
HPD02835600HPCPHI19510800280130100 00043  0200 00012  0300 00003  0400 00001  0500 00001  0600 00003  0800 00001  0900 00008  1000 00007  2000 00001  2200 00003  2300 00001  2500 00084  
HPD02835600HPCPHI19510800290080800 00001  0900 00002  1000 00043  1100 00021  1200 00002  1500 00002  1600 00001  2500 00072  
HPD02835600HPCPHI19510900010020100 00000g 2500 00000  
HPD02835600HPCPHI19510900290100200 00002  0300 00002  0400 00006  0500 00004  0600 00001  0700 00005  1400 00002  1500 00045  1600 00003  2500 00070  
HPD02835600HPCPHI19511000010020100 00000g 2500 00000  
HPD02835600HPCPHI19511000260030200 00005  0300 00002  2500 00007  
HPD02835600HPCPHI19511000300071100 00016  1200 00002  1300 00004  1400 00014  1500 00002  1700 00001  2500 00039  
HPD02835600HPCPHI19511100010020100 00000g 2500 00000  
HPD02835600HPCPHI19511100100022300 00005  2500 00005  
HPD02835600HPCPHI19511100110060100 00005  0200 00003  0300 00002  0500 00003  0600 00002  2500 00015  
HPD02835600HPCPHI19511100230121200 00005  1300 00007  1400 00023  1500 00003  1600 00007  1800 00018  1900 00007  2100 00003  2200 00005  2300 00010  2400 00002  2500 00090  
HPD02835600HPCPHI19511100240020100 00003  2500 00003  
HPD02835600HPCPHI19511200010020100 00000g 2500 00000  
HPD02835600HPCPHI19511200050041300 00015  1400 00003  1700 00002  2500 00020  
HPD02835600HPCPHI19511200190091500 00005  1600 00003  1700 00002  1800 00014  1900 00005  2200 00002  2300 00023  2400 00002  2500 00056  
HPD02835600HPCPHI19511200290060600 00001  0800 00001  0900 00003  1000 00006  1100 00002  2500 00013  
HPD02835600HPCPHI19511200300091600 00002  1700 00007  1800 00001  1900 00002  2000 00003  2100 00003  2200 00004  2300 00001  2500 00023  
HPD02835600HPCPHI19511200310040600 00002  1200 00001  1300 00001  2500 00004  
HPD02835600HPCPHI19520100010020100 00000g 2500 00000  
HPD02835600HPCPHI19520100130061000 00006  1100 00008  1200 00002  1300 00001  1900 00008  2500 00025  
HPD02835600HPCPHI19520100170042200 00004  2300 00003  2400 00002  2500 00009  
HPD02835600HPCPHI19520100180120100 00005  0500 00001  0800 00004  0900 00003  1000 00002  1300 00010  1500 00011  1600 00002  1700 00001  1800 00001  1900 00001  2500 00041  
HPD02835600HPCPHI19520100190031300 00001  1600 00001  2500 00002  
HPD02835600HPCPHI19520200010020100 00000g 2500 00000  
HPD02835600HPCPHI19520200100040500 00016  1700 00009  1800 00001  2500 00026  
HPD02835600HPCPHI19520300010090100 00000g 0700 00010  0800 00007  0900 00003  1400 00001  1600 00009  2300 00011  2400 00013  2500 00054  
HPD02835600HPCPHI19520300020070100 00005  0200 00001  0400 00001  0500 00001  0900 00002  1000 00001  2500 00011  
HPD02835600HPCPHI19520300080032300 00009  2400 00004  2500 00013  
HPD02835600HPCPHI19520300090060100 00005  0200 00006  0300 00004  0400 00001  0500 00001  2500 00017  
HPD02835600HPCPHI19520300110081100 00020  1200 00020  1300 00020  1400 00005  1500 00003  1600 00003  1900 00002  2500 00073  
HPD02835600HPCPHI19520300120030200 00001  0500 00001  2500 00002  
HPD02835600HPCPHI19520300160071400 00006  1500 00014  1600 00006  1700 00001  1800 00001  1900 00001  2500 00029  
HPD02835600HPCPHI19520300170110300 00001  0400 00012  0500 00007  0600 00007  0700 00001  0900 00006  1000 00002  1100 00002  1400 00001  1500 00001  2500 00040  
HPD02835600HPCPHI19520400010020100 00000g 2500 00000  
HPD02835600HPCPHI19520400100021900 99999a 2500 00000I 
HPD02835600HPCPHI19520400110022400 00005A 2500 00005P 
HPD02835600HPCPHI19520400190042100 00004  2200 00011  2300 00005  2500 00020  
HPD02835600HPCPHI19520400200080500 00005  0800 00015  0900 00012  1000 00010  1100 00013  1200 00007  1300 00001  2500 00063  
HPD02835600HPCPHI19520400240041800 00002  1900 00002  2000 00001  2500 00005  
HPD02835600HPCPHI19520400270051200 00027  1300 00001  1400 00001  1600 00001  2500 00030  
HPD02835600HPCPHI19520400280120800 00001  0900 00004  1000 00006  1100 00004  1200 00010  1300 00004  1400 00003  1500 00008  1600 00005  1700 00005  2000 00001  2500 00051  
HPD02835600HPCPHI19520500010020100 00000g 2500 00000  
HPD02835600HPCPHI19520500170041700 00002  1800 00001  1900 00001  2500 00004  
HPD02835600HPCPHI19520600010020100 00000g 2500 00000  
HPD02835600HPCPHI19520600020051700 00012  1800 00010  1900 00001  2000 00001  2500 00024  
HPD02835600HPCPHI19520700010020100 00000g 2500 00000  
HPD02835600HPCPHI19520700040041500 00001  1600 00001  1700 00001  2500 00003  
HPD02835600HPCPHI19520700050030400 00004  0500 00001  2500 00005  
HPD02835600HPCPHI19520700060031800 99999[ 2200 99999] 2500 00000I 
HPD02835600HPCPHI19520700230031700 99999[ 2200 99999] 2500 00000I 
HPD02835600HPCPHI19520700260032200 99999[ 2400 99999] 2500 00000I 
HPD02835600HPCPHI19520800010020100 00000g 2500 00000  
HPD02835600HPCPHI19520800120030700 99999[ 1000 99999] 2500 00000I 
HPD02835600HPCPHI19520800150031700 99999[ 2000 99999] 2500 00000I 
HPD02835600HPCPHI19520800160050200 00001  0300 00001  0400 00018  0600 00001  2500 00021  
HPD02835600HPCPHI19520800270050400 00002  0500 00003  0600 00003  0800 00006  2500 00014  
HPD02835600HPCPHI19520900010020100 00000g 2500 00000  
HPD02835600HPCPHI19520900200032000 00003  2100 00038  2500 00041  
HPD02835600HPCPHI19521000010020100 00000g 2500 00000  
HPD02835600HPCPHI19521100010020100 00000g 2500 00000  
HPD02835600HPCPHI19521100080020700 00006  2500 00006  
HPD02835600HPCPHI19521100090060700 00001  0800 00003  0900 00006  1000 00009  1100 00001  2500 00020  
HPD02835600HPCPHI19521100150080800 00003  0900 00006  1000 00016  1100 00010  1200 00005  2100 99999[ 2200 99999] 2500 00040I 
HPD02835600HPCPHI19521100160100200 00005  0300 00037  0400 00023  0500 00026  0600 00012  0700 00013  0800 00009  0900 00004  1000 00002  2500 00131  
HPD02835600HPCPHI19521100170031900 00001  2000 00002  2500 00003  
HPD02835600HPCPHI19521100230101200 00010  1300 00017  1500 00001  1600 00010  1700 00007  1800 00001  1900 00001  2000 00001  2100 00003  2500 00051  
HPD02835600HPCPHI19521100240160100 00007  0200 00006  0300 00006  0400 00007  0600 00002  0700 00006  0800 00015  0900 00009  1000 00004  1100 00002  1200 00004  1300 00003  1400 00004  1500 00005  1600 00001  2500 00081  
HPD02835600HPCPHI19521100300071200 00004  1300 00016  1400 00014  1500 00005  1600 00001  1700 00001  2500 00041  
HPD02835600HPCPHI19521200010020100 00000g 2500 00000  
HPD02835600HPCPHI19521200170101300 00002  1400 00002  1500 00003  1600 00003  1700 00005  1800 00015  1900 00010  2000 00002  2300 00001  2500 00043  
HPD02835600HPCPHI19521200180030300 00001  0700 00001  2500 00002  
HPD02835600HPCPHI19521200200032200 00011  2300 00009  2500 00020  
HPD02835600HPCPHI19521200210020600 00001  2500 00001  
HPD02835600HPCPHI19521200310020800 00006  2500 00006  
HPD02835600HPCPHI19530100010020100 00000g 2500 00000  
HPD02835600HPCPHI19530100060052100 00004  2200 00001  2300 00002  2400 00002  2500 00009  
HPD02835600HPCPHI19530100070110100 00003  0200 00003  0400 00003  0500 00005  0600 00004  0700 00003  0800 00002  1100 00001  1500 00001  1700 00001  2500 00026  
HPD02835600HPCPHI19530200010020100 00000g 2500 00000  
HPD02835600HPCPHI19530200240130100 99999a 0500 00015A 0600 00005  0700 00003  0800 00002  1100 00001  1200 00004  1300 00005  1400 00003  1500 00002  1600 00003  1700 00002  2500 00045  
HPD02835600HPCPHI19530200280101100 00005  1200 00003  1300 00007  1400 00008  1500 00002  1800 00020  1900 00005  2100 00003  2200 00002  2500 00055  
HPD02835600HPCPHI19530300010090100 00000g 1800 00004  1900 00008  2000 00005  2100 00017  2200 00001  2300 00007  2400 00007  2500 00049  
HPD02835600HPCPHI19530300020110100 00006  0200 00005  1400 00005  1500 00010  1600 00002  1700 00010  1800 00017  1900 00003  2000 00003  2100 00001  2500 00062  
HPD02835600HPCPHI19530300030030400 00001  0600 00003  2500 00004  
HPD02835600HPCPHI19530400010020100 00000g 2500 00000  
HPD02835600HPCPHI19530400210022000 00002  2500 00002  
HPD02835600HPCPHI19530400220020800 00001  2500 00001  
HPD02835600HPCPHI19530500010020100 00000g 2500 00000  
HPD02835600HPCPHI19530500160030600 00001  0700 00004  2500 00005  
HPD02835600HPCPHI19530600010020100 00000g 2500 00000  
HPD02835600HPCPHI19530700010020100 00000g 2500 00000  
HPD02835600HPCPHI19530700130041700 00049  1800 00002  1900 00001  2500 00052  
HPD02835600HPCPHI19530700160052100 00008  2200 00015  2300 00016  2400 00014  2500 00053  
HPD02835600HPCPHI19530700170090100 00013  0200 00005  0300 00001  0400 00001  0500 00003  0900 00003  1000 00021  1100 00002  2500 00049  
HPD02835600HPCPHI19530700290041500 00007  1600 00003  2200 00003  2500 00013  
HPD02835600HPCPHI19530800010020100 00000g 2500 00000  
HPD02835600HPCPHI19530800080021600 00010  2500 00010  
HPD02835600HPCPHI19530900010020100 00000g 2500 00000  
HPD02835600HPCPHI19531000010020100 00000g 2500 00000  
HPD02835600HPCPHI19531000190031300 99999[ 1900 99999] 2500 00000I 
HPD02835600HPCPHI19531100010020100 00000g 2500 00000  
HPD02835600HPCPHI19531100180060400 00011  0500 00014  0600 00006  0700 00001  0800 00001  2500 00033  
HPD02835600HPCPHI19531200010020100 00000g 2500 00000  
HPD02835600HPCPHI19531200040031700 00001  1800 00004  2500 00005  
HPD02835600HPCPHI19531200270021800 00003  2500 00003  
HPD02835600HPCPHI19540100010020100 00000g 2500 00000  
HPD02835600HPCPHI19540100120041800 00001  2100 00001  2300 00003  2500 00005  
HPD02835600HPCPHI19540100130110300 00001  0400 00007  0500 00007  0600 00001  0700 00002  0800 00002  1000 00004  1100 00001  1500 00009  1600 00001  2500 00035  
HPD02835600HPCPHI19540100190032300 00002  2400 00006  2500 00008  
HPD02835600HPCPHI19540100200100100 00005  0200 00001  0400 00002  0600 00010  0700 00002  1400 00016  1600 00004  1700 00014  1800 00001  2500 00055  
HPD02835600HPCPHI19540100250051500 00002  1600 00002  1700 00003  2000 00002  2500 00009  
HPD02835600HPCPHI19540200010020100 00000g 2500 00000  
HPD02835600HPCPHI19540200090021500 00002  2500 00002  
HPD02835600HPCPHI19540200140071200 00008  1300 00009  1400 00008  1500 00011  1600 00004  2400 00004  2500 00044  
HPD02835600HPCPHI19540200150040100 00021  0200 00004  0300 00001  2500 00026  
HPD02835600HPCPHI19540300010020100 00000g 2500 00000  
HPD02835600HPCPHI19540300170061100 00001  1200 00004  1300 00005  1400 00007  1500 00002  2500 00019  
HPD02835600HPCPHI19540300210032300 00004  2400 00001  2500 00005  
HPD02835600HPCPHI19540300220250100 00004  0200 00002  0300 00001  0400 00001  0500 00007  0600 00007  0700 00003  0800 00008  0900 00007  1000 00008  1100 00006  1200 00011  1300 00005  1400 00010  1500 00015  1600 00024  1700 00021  1800 00002  1900 00018  2000 00006  2100 00010  2200 00001  2300 00001  2400 00007  2500 00185  
HPD02835600HPCPHI19540300230120100 00004  0200 00006  0300 00004  0400 00001  0500 00020  0600 00025  0700 00009  0800 00001  0900 00001  1700 99999a 2400 00033A 2500 00104  
HPD02835600HPCPHI19540300240022100 00002  2500 00002  
HPD02835600HPCPHI19540400010020100 00000g 2500 00000  
HPD02835600HPCPHI19540400300032300 00008  2400 00001  2500 00009  
HPD02835600HPCPHI19540500010020100 00000g 2500 00000  
HPD02835600HPCPHI19540500200051900 00020  2000 00002  2100 00004  2200 00001  2500 00027  
HPD02835600HPCPHI19540600010020100 00000g 2500 00000  
HPD02835600HPCPHI19540700010020100 00000g 2500 00000  
HPD02835600HPCPHI19540700020051600 00010  1700 00003  1800 00008  2000 00001  2500 00022  
HPD02835600HPCPHI19540700030022300 00015  2500 00015  
HPD02835600HPCPHI19540700050020800 99999[ 2500 00000I 
HPD02835600HPCPHI19540700310022400 99999] 2500 00000I 
HPD02835600HPCPHI19540800010020100 99999[ 2500 00000I 
HPD02835600HPCPHI19540800310022400 99999] 2500 00000I 
HPD02835600HPCPHI19540900010020100 99999[ 2500 00000I 
HPD02835600HPCPHI19540900300022400 99999] 2500 00000I 
HPD02835600HPCPHI19541000010020100 00000g 2500 00000  
HPD02835600HPCPHI19541000020041100 99999[ 1400 99999] 2200 99999[ 2500 00000I 
HPD02835600HPCPHI19541000030020500 99999] 2500 00000I 
HPD02835600HPCPHI19541100010020100 00000g 2500 00000  
HPD02835600HPCPHI19541200010020100 00000g 2500 00000  
HPD02835600HPCPHI19541200100041500 00008  1600 00003  1700 00004  2500 00015  
HPD02835600HPCPHI19550100010020100 00000g 2500 00000  
HPD02835600HPCPHI19550100030081800 00003  1900 00004  2000 00009  2100 00010  2200 00009  2300 00007  2400 00008  2500 00050  
HPD02835600HPCPHI19550100040040100 00006  0200 00004  1400 00010  2500 00020  
HPD02835600HPCPHI19550100070032300 00005  2400 00007  2500 00012  
HPD02835600HPCPHI19550100080040100 00005  0200 00010  0300 00003  2500 00018  
HPD02835600HPCPHI19550100130022000 99999a 2500 00000I 
HPD02835600HPCPHI19550100140020600 00025A 2500 00025P 
HPD02835600HPCPHI19550100160081800 00003  1900 00004  2000 00013  2100 00017  2200 00015  2300 00010  2400 00020  2500 00082  
HPD02835600HPCPHI19550100170110100 00005  0300 00006  0400 00001  0500 00001  0600 00002  0700 00001  0800 00004  0900 00003  1000 00001  1200 00001  2500 00025  
HPD02835600HPCPHI19550100190041300 00004  1400 00003  1800 00001  2500 00008  
HPD02835600HPCPHI19550100200020100 00002  2500 00002  
HPD02835600HPCPHI19550200010020100 00000g 2500 00000  
HPD02835600HPCPHI19550200170041600 00007  2200 00007  2300 00004  2500 00018  
HPD02835600HPCPHI19550200180020300 00002  2500 00002  
HPD02835600HPCPHI19550300010020100 00000g 2500 00000  
HPD02835600HPCPHI19550400010020100 00000g 2500 00000  
HPD02835600HPCPHI19550500010020100 00000g 2500 00000  
HPD02835600HPCPHI19550600010020100 00000g 2500 00000  
HPD02835600HPCPHI19550600120021400 00008  2500 00008  
HPD02835600HPCPHI19550600130041600 00003  1800 00074  1900 00044  2500 00121  
HPD02835600HPCPHI19550700010020100 99999[ 2500 00000I 
HPD02835600HPCPHI19550700310022400 99999] 2500 00000I 
HPD02835600HPCPHI19550800010020100 99999[ 2500 00000I 
HPD02835600HPCPHI19550800310022400 99999] 2500 00000I 
HPD02835600HPCPHI19550900010020100 00000g 2500 00000  
HPD02835600HPCPHI19550900160032100 00002  2200 00006  2500 00008  
HPD02835600HPCPHI19551000010020100 00000g 2500 00000  
HPD02835600HPCPHI19551100010020100 00000g 2500 00000  
HPD02835600HPCPHI19551100130060600 00003  0700 00002  0900 00002  1000 00004  1100 00001  2500 00012  
HPD02835600HPCPHI19551100140051400 00005  1500 00015  1700 00001  1800 00006  2500 00027  
HPD02835600HPCPHI19551100150030300 00001  0400 00002  2500 00003  
HPD02835600HPCPHI19551100220020300 00003  2500 00003  
HPD02835600HPCPHI19551200010020100 00000g 2500 00000  
HPD02835600HPCPHI19551200020030600 99999a 1200 00070A 2500 00070  
HPD02835600HPCPHI19560100010020100 00000g 2500 00000  
HPD02835600HPCPHI19560100160031900 00002  2000 00006  2500 00008  
HPD02835600HPCPHI19560100210090700 00009  0800 00003  0900 00002  1000 00002  1100 00003  1300 00005  1400 00005  1500 00005  2500 00034  
HPD02835600HPCPHI19560100280140800 00003  0900 00007  1000 00016  1100 00008  1200 00010  1300 00005  1400 00002  1500 00005  1700 00006  1800 00007  1900 00010  2000 00002  2100 00001  2500 00082  
HPD02835600HPCPHI19560100310042000 00001  2200 00006  2300 00001  2500 00008  
HPD02835600HPCPHI19560200010030100 00001  0200 00001  2500 00002  
HPD02835600HPCPHI19560200060022200 00005  2500 00005  
HPD02835600HPCPHI19560200070070200 00001  0300 00002  0400 00003  0500 00001  0600 00002  0700 00001  2500 00010  
HPD02835600HPCPHI19560200080061200 00001  1400 00001  1500 00013  1600 00014  1700 00001  2500 00030  
HPD02835600HPCPHI19560200160160800 00002  0900 00001  1000 00003  1100 00007  1200 00009  1300 00006  1500 00001  1700 00001  1800 00003  1900 00008  2000 00002  2100 00001  2200 00004  2300 00007  2400 00001  2500 00056  
HPD02835600HPCPHI19560200170040100 00002  0300 00002  0400 00001  2500 00005  
HPD02835600HPCPHI19560300010020100 00000g 2500 00000  
HPD02835600HPCPHI19560400010070100 00000g 1800 00001  1900 00012  2100 00004  2200 00008  2300 00004  2500 00029  
HPD02835600HPCPHI19560400020040900 00001  1000 00009  1100 00001  2500 00011  
HPD02835600HPCPHI19560400140020500 00008  2500 00008  
HPD02835600HPCPHI19560400170020600 00004  2500 00004  
HPD02835600HPCPHI19560400270020200 00035  2500 00035  
HPD02835600HPCPHI19560500010020100 00000g 2500 00000  
HPD02835600HPCPHI19560600010020100 00000g 2500 00000  
HPD02835600HPCPHI19560600280022100 00055  2500 00055  
HPD02835600HPCPHI19560600300020700 00002  2500 00002  
HPD02835600HPCPHI19560700010020100 00000g 2500 00000  
HPD02835600HPCPHI19560700190032200 00001  2300 00001  2500 00002  
HPD02835600HPCPHI19560700260021800 00012  2500 00012  
HPD02835600HPCPHI19560700310031900 00005  2000 00005  2500 00010  
HPD02835600HPCPHI19560800010020100 00000g 2500 00000  
HPD02835600HPCPHI19560900010020100 00000g 2500 00000  
HPD02835600HPCPHI19560900300022400 00003  2500 00003  
HPD02835600HPCPHI19561000010060100 00000g 0400 00024  0500 00016  0600 00025  0700 00002  2500 00067  
HPD02835600HPCPHI19561000230041200 00007  1300 00001  1400 00008  2500 00016  
HPD02835600HPCPHI19561000240030100 00002  0400 00001  2500 00003  
HPD02835600HPCPHI19561000290050200 00006  0300 00009  0400 00004  0500 00001  2500 00020  
HPD02835600HPCPHI19561100010020100 00000g 2500 00000  
HPD02835600HPCPHI19561200010020100 00000g 2500 00000  
HPD02835600HPCPHI19561200070041200 00005  1500 00007  1600 00003  2500 00015  
HPD02835600HPCPHI19570100010020100 00000g 2500 00000  
HPD02835600HPCPHI19570100030090900 00008  1000 00006  1100 00008  1200 00018  1300 00001  1400 00005  1700 00001  1800 00002  2500 00049  
HPD02835600HPCPHI19570100070052100 00003  2200 00002  2300 00005  2400 00002  2500 00012  
HPD02835600HPCPHI19570100080110100 00003  0200 00011  0300 00006  0400 00010  0500 00002  0600 00001  1100 00005  1200 00014  2300 00001  2400 00012  2500 00065  
HPD02835600HPCPHI19570100090060100 00013  0200 00002  0300 00003  0400 00005  0500 00001  2500 00024  
HPD02835600HPCPHI19570100100170200 00001  0300 00002  0400 00009  0500 00003  0600 00004  0700 00005  0800 00008  0900 00003  1500 00009  1600 00030  1700 00002  1800 00003  1900 00001  2000 00001  2100 00001  2200 00001  2500 00083  
HPD02835600HPCPHI19570100210031000 99999a 1500 00005A 2500 00005  
HPD02835600HPCPHI19570100260022400 00004  2500 00004  
HPD02835600HPCPHI19570100270180100 00001  0200 00001  0300 00002  0400 00007  0500 00001  0600 00001  0700 00002  1000 00001  1100 00006  1200 00006  1300 00005  1400 00005  1500 00002  1600 00003  1700 00011  1800 00005  1900 00004  2500 00063  
HPD02835600HPCPHI19570100280051300 99999[ 1800 99999] 2200 00002  2300 00003  2500 00005I 
HPD02835600HPCPHI19570100290030300 00003  0600 00001  2500 00004  
HPD02835600HPCPHI19570100300070200 00001  0400 00008  0500 00006  0600 00003  0700 00002  0900 00001  2500 00021  
HPD02835600HPCPHI19570200010020100 00000g 2500 00000  
HPD02835600HPCPHI19570200170022400 00002  2500 00002  
HPD02835600HPCPHI19570200180020100 00003  2500 00003  
HPD02835600HPCPHI19570200190070500 00004  0600 00001  1100 00002  1200 00012  1300 00002  1400 00002  2500 00023  
HPD02835600HPCPHI19570200230061300 00001  1400 00006  1500 00004  1600 00002  1700 00010  2500 00023  
HPD02835600HPCPHI19570300010040100 00000g 1800 00030  1900 00003  2500 00033  
HPD02835600HPCPHI19570300020030200 00001  0300 00001  2500 00002  
HPD02835600HPCPHI19570300100060300 00009  0400 00006  0500 00002  0600 00004  0700 00001  2500 00022  
HPD02835600HPCPHI19570300190042200 00005  2300 00015  2400 00019  2500 00039  
HPD02835600HPCPHI19570300200070100 00010  0200 00006  0300 00003  0400 00001  0700 00001  0800 00005  2500 00026  
HPD02835600HPCPHI19570400010020100 00000g 2500 00000  
HPD02835600HPCPHI19570400210031900 00001  2000 00001  2500 00002  
HPD02835600HPCPHI19570400220050100 00001  0200 00001  1200 00007  1400 00005  2500 00014  
HPD02835600HPCPHI19570500010020100 00000g 2500 00000  
HPD02835600HPCPHI19570500060031600 00014  1700 00005  2500 00019  
HPD02835600HPCPHI19570500070032300 00032  2400 00002  2500 00034  
HPD02835600HPCPHI19570500080030100 00009  0200 00001  2500 00010  
HPD02835600HPCPHI19570500110051100 00039  1300 00003  1400 00005  1500 00001  2500 00048  
HPD02835600HPCPHI19570600010020100 00000g 2500 00000  
HPD02835600HPCPHI19570600100052100 00019  2200 00007  2300 00005  2400 00001  2500 00032  
HPD02835600HPCPHI19570700010020100 00000g 2500 00000  
HPD02835600HPCPHI19570700050022400 00020  2500 00020  
HPD02835600HPCPHI19570700060030200 00001  2300 00004  2500 00005  
HPD02835600HPCPHI19570700090040200 00017  2000 00002  2100 00002  2500 00021  
HPD02835600HPCPHI19570700160042000 00003  2100 00006  2300 00002  2500 00011  
HPD02835600HPCPHI19570700180040800 00002  0900 00004  1000 00002  2500 00008  
HPD02835600HPCPHI19570700250031900 00004  2000 00002  2500 00006  
HPD02835600HPCPHI19570700260041300 00004  1400 00010  1700 00001  2500 00015  
HPD02835600HPCPHI19570700310021700 00004  2500 00004  
HPD02835600HPCPHI19570800010020100 00000g 2500 00000  
HPD02835600HPCPHI19570800050061500 00015  1800 00001  1900 00001  2300 00003  2400 00002  2500 00022  
HPD02835600HPCPHI19570800110031700 00003  1800 00001  2500 00004  
HPD02835600HPCPHI19570800120031700 00008  1800 00001  2500 00009  
HPD02835600HPCPHI19570800200032300 00002  2400 00002  2500 00004  
HPD02835600HPCPHI19570800260031700 00032  1800 00002  2500 00034  
HPD02835600HPCPHI19570900010020100 00000g 2500 00000  
HPD02835600HPCPHI19571000010020100 00000g 2500 00000  
HPD02835600HPCPHI19571000120060300 00009  0400 00008  0500 00033  0600 00013  1600 00010  2500 00073  
HPD02835600HPCPHI19571000140070900 00008  1000 00001  1100 00009  1200 00013  1300 00001  1400 00001  2500 00033  
HPD02835600HPCPHI19571000160081000 00005  1100 00021  1200 00002  1300 00002  1400 00001  1500 00001  1600 00001  2500 00033  
HPD02835600HPCPHI19571000200021100 00010  2500 00010  
HPD02835600HPCPHI19571000220040400 00002  0500 00008  0600 00001  2500 00011  
HPD02835600HPCPHI19571000280080400 00003  0500 00007  0600 00005  0700 00004  0900 00006  1000 00020  1100 00001  2500 00046  
HPD02835600HPCPHI19571000310070400 00001  0500 00018  0600 00028  0700 00024  0800 00037  0900 00002  2500 00110  
HPD02835600HPCPHI19571100010020100 00000g 2500 00000  
HPD02835600HPCPHI19571100060020700 00006  2500 00006  
HPD02835600HPCPHI19571200010020100 00000g 2500 00000  
HPD02835600HPCPHI19571200050100100 00001  0200 00001  0300 00003  0400 00001  1700 00005  1800 00005  2000 00001  2100 00001  2300 00001  2500 00019  
HPD02835600HPCPHI19571200150051200 00001  1300 00011  1400 00002  1500 00001  2500 00015  
HPD02835600HPCPHI19580100010020100 00000g 2500 00000  
HPD02835600HPCPHI19580100260031900 00002  2000 00002  2500 00004  
HPD02835600HPCPHI19580200010020100 00000g 2500 00000  
HPD02835600HPCPHI19580200030042100 00002  2200 00001  2300 00009  2500 00012  
HPD02835600HPCPHI19580200040120100 00001  0200 00001  0600 00002  1100 00006  1300 00001  1900 00031  2000 00023  2100 00017  2200 00023  2300 00010  2400 00003  2500 00118  
HPD02835600HPCPHI19580200130021400 00007  2500 00007  
HPD02835600HPCPHI19580200250041600 00003  1700 00003  1800 00004  2500 00010  
HPD02835600HPCPHI19580300010020100 00000g 2500 00000  
HPD02835600HPCPHI19580300160031100 99999a 1900 00215A 2500 00215  
HPD02835600HPCPHI19580300280030100 99999[ 0500 99999] 2500 00000I 
HPD02835600HPCPHI19580400010020100 99999[ 2500 00000I 
HPD02835600HPCPHI19580400300022400 99999] 2500 00000I 
HPD02835600HPCPHI19580500010020100 99999[ 2500 00000I 
HPD02835600HPCPHI19580500310022400 99999] 2500 00000I 
HPD02835600HPCPHI19580600010020100 99999[ 2500 00000I 
HPD02835600HPCPHI19580600300022400 99999] 2500 00000I 
HPD02835600HPCPHI19580700010020100 99999[ 2500 00000I 
HPD02835600HPCPHI19580700310022400 99999] 2500 00000I 
HPD02835600HPCPHI19580800010020100 00000g 2500 00000  
HPD02835600HPCPHI19580800100022200 99999[ 2500 00000I 
HPD02835600HPCPHI19580800110020300 99999] 2500 00000I 
HPD02835600HPCPHI19580800150030300 99999[ 0700 99999] 2500 00000I 
HPD02835600HPCPHI19580800160022300 99999[ 2500 00000I 
HPD02835600HPCPHI19580800170020500 99999] 2500 00000I 
HPD02835600HPCPHI19580800180032300 00014  2400 00002  2500 00016  
HPD02835600HPCPHI19580800200021800 00005  2500 00005  
HPD02835600HPCPHI19580900010020100 00000g 2500 00000  
HPD02835600HPCPHI19580900060031300 99999[ 1900 99999] 2500 00000I 
HPD02835600HPCPHI19580900100032100 00015  2200 00001  2500 00016  
HPD02835600HPCPHI19580900120100400 00005  0900 00001  1000 00009  1100 00003  1200 00027  1400 00001  1500 00002  1600 00017  2000 00003  2500 00068  
HPD02835600HPCPHI19580900130041100 00001  1300 00004  1400 00007  2500 00012  
HPD02835600HPCPHI19580900220022400 00015  2500 00015  
HPD02835600HPCPHI19580900230020100 00015  2500 00015  
HPD02835600HPCPHI19581000010020100 00000g 2500 00000  
HPD02835600HPCPHI19581000040032100 00002  2200 00003  2500 00005  
HPD02835600HPCPHI19581000050140300 00002  0400 00003  0500 00002  0700 00001  0800 00007  0900 00009  1000 00008  1300 00006  1500 00040  1600 00002  1900 00010  2000 00001  2200 00002  2500 00093  
HPD02835600HPCPHI19581000060040100 00002  1100 00001  1200 00001  2500 00004  
HPD02835600HPCPHI19581100010020100 00000g 2500 00000  
HPD02835600HPCPHI19581100160031400 99999[ 2100 99999] 2500 00000I 
HPD02835600HPCPHI19581200010020100 00000g 2500 00000  
HPD02835600HPCPHI19590100010020100 00000g 2500 00000  
HPD02835600HPCPHI19590100060021300 99999[ 2500 00000I 
HPD02835600HPCPHI19590100070020400 99999] 2500 00000I 
HPD02835600HPCPHI19590200010020100 00000g 2500 00000  
HPD02835600HPCPHI19590200090070100 00004  0200 00014  0300 00023  0400 00016  0500 00008  0600 00017  2500 00082  
HPD02835600HPCPHI19590200120052100 00005  2200 00002  2300 00003  2400 00001  2500 00011  
HPD02835600HPCPHI19590200130050100 00002  0200 00002  0300 00004  0400 00001  2500 00009  
HPD02835600HPCPHI19590200210031800 00004  1900 00001  2500 00005  
HPD02835600HPCPHI19590300010020100 00000g 2500 00000  
HPD02835600HPCPHI19590400010020100 00000g 2500 00000  
HPD02835600HPCPHI19590500010020100 00000g 2500 00000  
HPD02835600HPCPHI19590600010020100 00000g 2500 00000  
HPD02835600HPCPHI19590600130031500 99999a 1800 00033A 2500 00033  
HPD02835600HPCPHI19590700010020100 00000g 2500 00000  
HPD02835600HPCPHI19590700090051600 00017  1700 00074  1800 00001  1900 00002  2500 00094  
HPD02835600HPCPHI19590700190032300 00075  2400 00001  2500 00076  
HPD02835600HPCPHI19590700290031700 00044  1800 00001  2500 00045  
HPD02835600HPCPHI19590800010020100 00000g 2500 00000  
HPD02835600HPCPHI19590800050031400 99999[ 1700 99999] 2500 00000I 
HPD02835600HPCPHI19590800110060900 00014  1000 00001  1300 00002  1400 00003  1500 00004  2500 00024  
HPD02835600HPCPHI19590800170051500 00029  1600 00125  1700 00012  1800 00003  2500 00169  
HPD02835600HPCPHI19590800180040300 00002  0400 00011  0500 00002  2500 00015  
HPD02835600HPCPHI19590800220041700 00002  1800 00010  1900 00016  2500 00028  
HPD02835600HPCPHI19590800230060500 00001  0600 00001  0900 00003  1000 00002  1100 00005  2500 00012  
HPD02835600HPCPHI19590900010020100 00000g 2500 00000  
HPD02835600HPCPHI19590900140032100 00001  2200 00002  2500 00003  
HPD02835600HPCPHI19591000010080100 00000g 1900 00005  2000 00013  2100 00005  2200 00002  2300 00004  2400 00004  2500 00033  
HPD02835600HPCPHI19591000020040100 00001  0200 00001  0300 00003  2500 00005  
HPD02835600HPCPHI19591000290101500 00004  1600 00009  1700 00007  1800 00036  1900 00029  2000 00006  2200 00001  2300 00001  2400 00012  2500 00105  
HPD02835600HPCPHI19591000300160100 00039  0200 00006  0300 00015  0400 00003  0500 00007  0600 00005  0700 00019  0800 00011  0900 00006  1000 00009  1100 00003  1200 00004  1300 00013  1400 00001  1500 00001  2500 00142  
HPD02835600HPCPHI19591100010020100 00000g 2500 00000  
HPD02835600HPCPHI19591100020050900 00002  1000 00015  1100 00003  1600 00007  2500 00027  
HPD02835600HPCPHI19591100150030400 00005  0500 00001  2500 00006  
HPD02835600HPCPHI19591200010020100 00000g 2500 00000  
HPD02835600HPCPHI19591200080022400 00020  2500 00020  
HPD02835600HPCPHI19591200090060200 00025  0300 00022  0400 00005  0500 00003  0600 00002  2500 00057  
HPD02835600HPCPHI19591200100110400 00001  0500 00001  0700 00003  0900 00005  1100 00001  1200 00051  1300 00075  1400 00015  1500 00035  1600 00010  2500 00197  
HPD02835600HPCPHI19591200130081800 00002  1900 00007  2000 00008  2100 00002  2200 00005  2300 00018  2400 00009  2500 00051  
HPD02835600HPCPHI19591200140050100 00004  0200 00009  0300 00007  0400 00002  2500 00022  
HPD02835600HPCPHI19591200240131000 00003  1100 00006  1200 00006  1300 00005  1400 00001  1500 00009  1600 00010  1700 00010  1800 00018  1900 00017  2000 00004  2400 00001  2500 00090  
HPD02835600HPCPHI19591200250190200 00005  0300 00010  0400 00007  0500 00018  0600 00007  0700 00008  0800 00007  0900 00010  1000 00016  1100 00006  1200 00001  1500 00010  1600 00001  1700 00001  1800 00001  1900 00001  2000 00036  2100 00005  2500 00150  
HPD02835600HPCPHI19591200310051200 00020  1300 00002  1400 00001  1500 00002  2500 00025  
HPD02835600HPCPHI19600100010020100 00000g 2500 00000  
HPD02835600HPCPHI19600100100022400 00002  2500 00002  
HPD02835600HPCPHI19600100110210100 00008  0200 00005  0400 00001  0500 00009  0600 00011  0700 00009  0800 00007  0900 00008  1000 00001  1100 00004  1200 00001  1300 00001  1400 00001  1500 00006  1600 00001  1900 00005  2000 00007  2100 00002  2200 00006  2400 00005  2500 00098  
HPD02835600HPCPHI19600100120022400 00001  2500 00001  
HPD02835600HPCPHI19600100130140100 00007  0200 00013  0300 00006  0400 00006  0500 00005  0600 00008  0700 00007  0800 00010  0900 00003  1000 00002  1400 00002  1500 00001  1700 00002  2500 00072  
HPD02835600HPCPHI19600100160120300 00001  0500 00002  0600 00002  0900 00006  1000 00009  1100 00005  1200 00001  1300 00001  1400 00001  1500 00001  1700 00003  2500 00032  
HPD02835600HPCPHI19600200010020100 00000g 2500 00000  
HPD02835600HPCPHI19600200020040400 00002  0500 00003  0600 00004  2500 00009  
HPD02835600HPCPHI19600200100051700 00001  1800 00004  1900 00010  2000 00005  2500 00020  
HPD02835600HPCPHI19600300010040100 00000g 0300 99999[ 1100 99999] 2500 00000I 
HPD02835600HPCPHI19600400010020100 00000g 2500 00000  
HPD02835600HPCPHI19600500010020100 00000g 2500 00000  
HPD02835600HPCPHI19600500050050300 00005  0400 00001  0500 00012  0600 00002  2500 00020  
HPD02835600HPCPHI19600600010020100 00000g 2500 00000  
HPD02835600HPCPHI19600700010020100 00000g 2500 00000  
HPD02835600HPCPHI19600700220032300 00007  2400 00007  2500 00014  
HPD02835600HPCPHI19600700230040100 00059  0200 00001  0300 00006  2500 00066  
HPD02835600HPCPHI19600700250022400 00050  2500 00050  
HPD02835600HPCPHI19600700260050100 00001  0200 00001  0300 00001  0400 00002  2500 00005  
HPD02835600HPCPHI19600700300030100 00006  0200 00001  2500 00007  
HPD02835600HPCPHI19600800010020100 00000g 2500 00000  
HPD02835600HPCPHI19600800090031900 99999[ 2300 99999] 2500 00000I 
HPD02835600HPCPHI19600800220030300 99999[ 1500 99999] 2500 00000I 
HPD02835600HPCPHI19600800310042100 00019  2200 00015  2300 00001  2500 00035  
HPD02835600HPCPHI19600900010050100 00004  0200 00001  2000 00001  2100 00009  2500 00015  
HPD02835600HPCPHI19600900090041400 00002  1500 00010  1600 00001  2500 00013  
HPD02835600HPCPHI19600900100031900 00024  2000 00001  2500 00025  
HPD02835600HPCPHI19601000010020100 00000g 2500 00000  
HPD02835600HPCPHI19601000080071800 00002  2000 00001  2100 00001  2200 00020  2300 00001  2400 00001  2500 00026  
HPD02835600HPCPHI19601000140022400 00018  2500 00018  
HPD02835600HPCPHI19601000150060100 00017  0200 00012  0300 00001  0400 99999a 0800 00072A 2500 00102  
HPD02835600HPCPHI19601000170051100 00008  1200 00006  1500 00001  2400 00003  2500 00018  
HPD02835600HPCPHI19601000180070100 00002  0200 00002  0300 00002  0400 00001  0500 99999[ 0900 99999] 2500 00007I 
HPD02835600HPCPHI19601100010020100 00000g 2500 00000  
HPD02835600HPCPHI19601200010020100 00000g 2500 00000  
HPD02835600HPCPHI19601200280022400 00001  2500 00001  
HPD02835600HPCPHI19601200290050100 00003  0200 00001  0300 00001  0400 00001  2500 00006  
HPD02835600HPCPHI19601200300040400 00001  0500 00001  0600 00002  2500 00004  
HPD02835600HPCPHI19610100010020100 00000g 2500 00000  
HPD02835600HPCPHI19610100240050600 00002  0900 00002  1000 00002  1100 00001  2500 00007  
HPD02835600HPCPHI19610100260052100 00003  2200 00008  2300 00002  2400 00005  2500 00018  
HPD02835600HPCPHI19610100270040100 00005  0200 00001  0300 00004  2500 00010  
HPD02835600HPCPHI19610200010020100 99999[ 2500 00000I 
HPD02835600HPCPHI19610200280022400 99999] 2500 00000I 
HPD02835600HPCPHI19610300010020100 99999[ 2500 00000I 
HPD02835600HPCPHI19610300310022400 99999] 2500 00000I 
HPD02835600HPCPHI19610400010020100 99999[ 2500 00000I 
HPD02835600HPCPHI19610400300022400 99999] 2500 00000I 
HPD02835600HPCPHI19610500010020100 00000g 2500 00000  
HPD02835600HPCPHI19610600010020100 00000g 2500 00000  
HPD02835600HPCPHI19610700010020100 00000g 2500 00000  
HPD02835600HPCPHI19610700020041600 00005  1900 00002  2000 00002  2500 00009  
HPD02835600HPCPHI19610700220021800 00005  2500 00005  
HPD02835600HPCPHI19610800010020100 00000g 2500 00000  
HPD02835600HPCPHI19610800020031900 00020  2000 00003  2500 00023  
HPD02835600HPCPHI19610800040031800 99999a 2100 00067A 2500 00067  
HPD02835600HPCPHI19610800050021800 99999[ 2500 00000I 
HPD02835600HPCPHI19610800310022400 99999] 2500 00000I 
HPD02835600HPCPHI19610900010020100 00000g 2500 00000  
HPD02835600HPCPHI19610900030020300 00005  2500 00005  
HPD02835600HPCPHI19610900070022400 00005  2500 00005  
HPD02835600HPCPHI19610900080041900 00013  2000 00010  2100 00017  2500 00040  
HPD02835600HPCPHI19611000010020100 00000g 2500 00000  
HPD02835600HPCPHI19611000080031000 00003  1100 00001  2500 00004  
HPD02835600HPCPHI19611000300101000 00001  1100 00001  1200 00001  1300 00004  1400 00001  1500 00003  1600 00002  1700 00002  1800 00003  2500 00018  
HPD02835600HPCPHI19611000310020900 00003  2500 00003  
HPD02835600HPCPHI19611100010020100 00000g 2500 00000  
HPD02835600HPCPHI19611100250051400 00002  1500 00002  1600 00003  1700 00001  2500 00008  
HPD02835600HPCPHI19611100260020300 00003  2500 00003  
HPD02835600HPCPHI19611200010020100 00000g 2500 00000  
HPD02835600HPCPHI19611200090032300 00001  2400 00001  2500 00002  
HPD02835600HPCPHI19611200100110100 00001  0200 00007  0500 00001  0600 00005  0700 00002  0800 00001  1400 00001  1500 00001  2200 00001  2300 00001  2500 00021  
HPD02835600HPCPHI19611200110100300 00003  0400 00001  0500 00001  0600 00002  0700 00007  0800 00004  0900 00006  1000 00002  1100 00002  2500 00028  
HPD02835600HPCPHI19611200150220300 00005  0400 00005  0500 00005  0600 00005  0700 00005  0800 00004  0900 00001  1000 00006  1100 00008  1200 00006  1300 00010  1400 00005  1500 00004  1600 00001  1700 00005  1800 00005  1900 00009  2000 00011  2200 00001  2300 00004  2400 00010  2500 00115  
HPD02835600HPCPHI19611200160090200 00008  0300 00011  0400 00002  0500 00003  0600 00001  2200 00001  2300 00004  2400 00005  2500 00035  
HPD02835600HPCPHI19611200170041100 00001  1300 00001  1400 00003  2500 00005  
HPD02835600HPCPHI19620100010020100 00000g 2500 00000  
HPD02835600HPCPHI19620100130031800 00005  1900 00001  2500 00006  
HPD02835600HPCPHI19620100140050300 00001  0400 00001  0500 00001  0600 00001  2500 00004  
HPD02835600HPCPHI19620100210111400 00005  1500 00005  1600 00004  1700 00006  1800 00008  1900 00004  2000 00011  2100 00002  2200 00004  2300 00001  2500 00050  
HPD02835600HPCPHI19620100220050100 00005  0200 00005  0300 00002  0400 00001  2500 00013  
HPD02835600HPCPHI19620100230060700 00002  0800 00005  0900 00003  1000 00004  1100 00003  2500 00017  
HPD02835600HPCPHI19620100240031300 99999[ 2400 99999] 2500 00000I 
HPD02835600HPCPHI19620200010020100 00000g 2500 00000  
HPD02835600HPCPHI19620200120031700 99999a 2000 00025A 2500 00025  
HPD02835600HPCPHI19620200200100400 00001  0500 00015  0600 00006  0800 00001  1700 00009  1800 00004  1900 00001  2000 00001  2300 00001  2500 00039  
HPD02835600HPCPHI19620200210032100 00001  2200 00002  2500 00003  
HPD02835600HPCPHI19620200250030500 99999a 1100 00020A 2500 00020  
HPD02835600HPCPHI19620200270060100 00002  0200 00003  0300 00007  0500 00001  0600 00003  2500 00016  
HPD02835600HPCPHI19620300010020100 00000g 2500 00000  
HPD02835600HPCPHI19620300100040300 00015  0400 00010  0700 00005  2500 00030  
HPD02835600HPCPHI19620300190052100 00005  2200 00005  2300 00015  2400 00001  2500 00026  
HPD02835600HPCPHI19620300200110100 00004  0200 00002  0300 00001  0600 00002  0800 00002  0900 00004  1100 00001  1400 00001  1500 00001  1600 00001  2500 00019  
HPD02835600HPCPHI19620300210060700 00007  0800 00001  0900 00002  1100 00002  1200 00002  2500 00014  
HPD02835600HPCPHI19620400010020100 00000g 2500 00000  
HPD02835600HPCPHI19620500010020100 00000g 2500 00000  
HPD02835600HPCPHI19620600010020100 99999[ 2500 00000I 
HPD02835600HPCPHI19620600300022400 99999] 2500 00000I 
HPD02835600HPCPHI19620700010020100 99999[ 2500 00000I 
HPD02835600HPCPHI19620700310022400 99999] 2500 00000I 
HPD02835600HPCPHI19620800010020100 99999[ 2500 00000I 
HPD02835600HPCPHI19620800310022400 99999] 2500 00000I 
HPD02835600HPCPHI19620900010020100 00000g 2500 00000  
HPD02835600HPCPHI19620900080031300 99999[ 1700 99999] 2500 00000I 
HPD02835600HPCPHI19620900130031400 99999[ 1800 99999] 2500 00000I 
HPD02835600HPCPHI19620900200030100 99999[ 0500 99999] 2500 00000I 
HPD02835600HPCPHI19620900210030100 99999[ 0500 99999] 2500 00000I 
HPD02835600HPCPHI19620900220090400 00003  0500 00005  0800 00007  0900 00001  1200 00001  1300 00001  1400 00001  1600 00001  2500 00020  
HPD02835600HPCPHI19620900230050200 00010  0300 00011  0400 00006  0500 00001  2500 00028  
HPD02835600HPCPHI19620900240020100 99999[ 2500 00000I 
HPD02835600HPCPHI19620900260022000 99999] 2500 00000I 
HPD02835600HPCPHI19621000010020100 00000g 2500 00000  
HPD02835600HPCPHI19621000160032300 00004  2400 00001  2500 00005  
HPD02835600HPCPHI19621000190020600 00005  2500 00005  
HPD02835600HPCPHI19621100010020100 00000g 2500 00000  
HPD02835600HPCPHI19621100140021200 99999a 2500 00000I 
HPD02835600HPCPHI19621100150020700 00030A 2500 00030P 
HPD02835600HPCPHI19621100300081000 00004  1100 00001  1300 00001  1400 00001  1500 00001  1600 00006  1700 00001  2500 00015  
HPD02835600HPCPHI19621200010020100 00000g 2500 00000  
HPD02835600HPCPHI19621200180021600 99999a 2500 00000I 
HPD02835600HPCPHI19621200190020600 00065A 2500 00065P 
HPD02835600HPCPHI19621200240091200 00010  1300 00008  1400 00005  1500 00001  1800 00001  2200 00002  2300 00003  2400 00002  2500 00032  
HPD02835600HPCPHI19621200250040100 00003  0200 00001  0300 00001  2500 00005  
HPD02835600HPCPHI19630100010020100 00000g 2500 00000  
HPD02835600HPCPHI19630100030160100 00004  0200 00006  0300 00015  0400 00011  0500 00017  0600 00009  0700 00003  1200 00001  1300 99999a 1500 00004A 1600 00002  1700 00001  1800 00004  1900 00003  2000 00001  2500 00081  
HPD02835600HPCPHI19630100100051700 00001  1800 00001  2200 00007  2300 00006  2500 00015  
HPD02835600HPCPHI19630100110040900 00001  1000 00001  1100 00001  2500 00003  
HPD02835600HPCPHI19630200010020100 00000g 2500 00000  
HPD02835600HPCPHI19630200100190100 00006  0200 00007  0300 00015  0400 00013  0500 00001  0600 00002  0900 00024  1000 00009  1100 00001  1400 00009  1500 00001  1600 00019  1700 00001  1800 00006  1900 00007  2000 00010  2100 00006  2200 00001  2500 00138  
HPD02835600HPCPHI19630200110180100 00004  0200 00006  0400 00005  0500 00007  0600 00006  0700 00003  0800 00006  0900 00005  1000 00002  1100 00001  1200 00015  1300 00013  1400 00040  1500 00012  1600 00002  2300 00009  2400 00001  2500 00137  
HPD02835600HPCPHI19630300010020100 00000g 2500 00000  
HPD02835600HPCPHI19630300170021500 99999[ 2500 00000I 
HPD02835600HPCPHI19630300180020600 99999] 2500 00000I 
HPD02835600HPCPHI19630400010020100 00000g 2500 00000  
HPD02835600HPCPHI19630400250081400 00006  1500 00004  1600 00003  1700 00003  1800 00004  1900 00002  2000 00003  2500 00025  
HPD02835600HPCPHI19630400260061000 00003  1100 00002  1200 00001  1300 00003  1400 00001  2500 00010  
HPD02835600HPCPHI19630500010020100 00000g 2500 00000  
HPD02835600HPCPHI19630600010020100 00000g 2500 00000  
HPD02835600HPCPHI19630700010020100 99999[ 2500 00000I 
HPD02835600HPCPHI19630700310022400 99999] 2500 00000I 
HPD02835600HPCPHI19630800010020100 99999[ 2500 00000I 
HPD02835600HPCPHI19630800310022400 99999] 2500 00000I 
HPD02835600HPCPHI19630900010020100 99999[ 2500 00000I 
HPD02835600HPCPHI19630900300022400 99999] 2500 00000I 
HPD02835600HPCPHI19631000010020100 99999[ 2500 00000I 
HPD02835600HPCPHI19631000310022400 99999] 2500 00000I 
HPD02835600HPCPHI19631100010020100 99999[ 2500 00000I 
HPD02835600HPCPHI19631100300022400 99999] 2500 00000I 
HPD02835600HPCPHI19631200010020100 99999[ 2500 00000I 
HPD02835600HPCPHI19631200310022400 99999] 2500 00000I 
HPD02835600HPCPHI19640100010020100 99999[ 2500 00000I 
HPD02835600HPCPHI19640100310022400 99999] 2500 00000I 
HPD02835600HPCPHI19640200010020100 99999[ 2500 00000I 
HPD02835600HPCPHI19640200290022400 99999] 2500 00000I 
HPD02835600HPCPHI19640300010020100 99999[ 2500 00000I 
HPD02835600HPCPHI19640300310022400 99999] 2500 00000I 
HPD02835600HPCPHI19640400010020100 99999[ 2500 00000I 
HPD02835600HPCPHI19640400300022400 99999] 2500 00000I 
HPD02835600HPCPHI19640500010020100 99999[ 2500 00000I 
HPD02835600HPCPHI19640500310022400 99999] 2500 00000I 
HPD02835600HPCPHI19640600010020100 99999[ 2500 00000I 
HPD02835600HPCPHI19640600300022400 99999] 2500 00000I 
HPD02835600HPCPHI19640700010020100 99999[ 2500 00000I 
HPD02835600HPCPHI19640700310022400 99999] 2500 00000I 
HPD02835600HPCPHI19640800010020100 99999[ 2500 00000I 
HPD02835600HPCPHI19640800310022400 99999] 2500 00000I 
HPD02835600HPCPHI19640900010020100 99999[ 2500 00000I 
HPD02835600HPCPHI19640900300022400 99999] 2500 00000I 
HPD02835600HPCPHI19641000010020100 99999[ 2500 00000I 
HPD02835600HPCPHI19641000310022400 99999] 2500 00000I 
HPD02835600HPCPHI19641100010020100 99999[ 2500 00000I 
HPD02835600HPCPHI19641100300022400 99999] 2500 00000I 
HPD02835600HPCPHI19641200010020100 00000g 2500 00000  
HPD02835600HPCPHI19641200180090700 00003  0800 00004  0900 00012  1000 00025  1100 00007  1500 00002  1600 00002  1700 00001  2500 00056  
HPD02835600HPCPHI19641200280070400 00002  0500 00001  0600 00015  0700 00015  0800 00002  0900 00003  2500 00038  
HPD02835600HPCPHI19641200310042200 00001  2300 00002  2400 00002  2500 00005  
HPD02835600HPCPHI19650100010040100 00002  0200 00005  0300 00002  2500 00009  
HPD02835600HPCPHI19650100050031900 00001  2000 00002  2500 00003  
HPD02835600HPCPHI19650100060120300 00001  0600 00001  0700 00001  1000 00005  1100 00005  1200 00007  1300 00008  1400 00004  1500 00008  1600 00002  1700 00001  2500 00043  
HPD02835600HPCPHI19650100070130200 00001  0300 00007  0400 00008  0500 00005  0600 00004  1000 00009  1100 00018  1200 00008  1300 00005  1500 00001  2100 00006  2300 00002  2500 00074  
HPD02835600HPCPHI19650100200110400 00004  0700 00001  0800 00005  0900 00002  1000 00008  1100 00003  1200 00003  1300 00002  1500 00001  1600 00016  2500 00045  
HPD02835600HPCPHI19650200010020100 00000g 2500 00000  
HPD02835600HPCPHI19650200060131200 00006  1300 00009  1400 00028  1500 00021  1600 00007  1700 00013  1800 00002  1900 00003  2100 00001  2200 00005  2300 00019  2400 00011  2500 00125  
HPD02835600HPCPHI19650200070090100 00005  0200 00001  0300 00002  0900 00001  1000 00001  1100 00001  1200 00001  1300 00001  2500 00013  
HPD02835600HPCPHI19650200090041500 00005  1600 00002  1700 00001  2500 00008  
HPD02835600HPCPHI19650300010020100 00000g 2500 00000  
HPD02835600HPCPHI19650300100021600 99999a 2500 00000I 
HPD02835600HPCPHI19650300120021600 00075A 2500 00075P 
HPD02835600HPCPHI19650300150032100 00002  2200 00005  2500 00007  
HPD02835600HPCPHI19650300160090200 00001  0300 00001  0400 00002  0700 00003  0800 00003  0900 00002  1000 00002  1100 00001  2500 00015  
HPD02835600HPCPHI19650400010020100 00000g 2500 00000  
HPD02835600HPCPHI19650400030091200 00002  1300 00001  1400 00002  2000 00002  2100 00007  2200 00008  2300 00020  2400 00015  2500 00057  
HPD02835600HPCPHI19650400040080100 00012  0200 00003  0800 00002  1000 00001  1200 00001  1300 00002  1400 00004  2500 00025  
HPD02835600HPCPHI19650400070041000 00001  1100 00003  1200 00001  2500 00005  
HPD02835600HPCPHI19650400090081100 00013  1200 00006  1300 00006  1400 00004  1500 00001  1700 00001  1800 00001  2500 00032  
HPD02835600HPCPHI19650400100060900 00001  1000 00010  1100 00002  1200 00002  1300 00001  2500 00016  
HPD02835600HPCPHI19650400120071100 00002  1200 00002  1300 00001  1400 00001  1500 00001  1600 00003  2500 00010  
HPD02835600HPCPHI19650500010020100 00000g 2500 00000  
HPD02835600HPCPHI19650500120031200 99999[ 2000 99999] 2500 00000I 
HPD02835600HPCPHI19650600010020100 00000g 2500 00000  
HPD02835600HPCPHI19650600230031200 99999a 2100 00020A 2500 00020  
HPD02835600HPCPHI19650700010020100 99999[ 2500 00000I 
HPD02835600HPCPHI19650700310022400 99999] 2500 00000I 
HPD02835600HPCPHI19650800010020100 99999[ 2500 00000I 
HPD02835600HPCPHI19650800310022400 99999] 2500 00000I 
HPD02835600HPCPHI19650900010020100 00000g 2500 00000  
HPD02835600HPCPHI19650900020020300 99999[ 2500 00000I 
HPD02835600HPCPHI19650900050021800 99999] 2500 00000I 
HPD02835600HPCPHI19650900180031000 99999[ 1500 99999] 2500 00000I 
HPD02835600HPCPHI19651000010020100 00000g 2500 00000  
HPD02835600HPCPHI19651000160060200 00003  0300 00008  0400 00019  0500 00009  0600 00001  2500 00040  
HPD02835600HPCPHI19651100010020100 00000g 2500 00000  
HPD02835600HPCPHI19651100220161000 00001  1100 00002  1200 00002  1300 00005  1400 00006  1500 00004  1600 00005  1700 00013  1800 00002  1900 00002  2000 00003  2100 00001  2200 00005  2300 00009  2400 00004  2500 00064  
HPD02835600HPCPHI19651100230070100 00002  0200 00004  0300 00010  0900 00002  1200 00002  1300 00003  2500 00023  
HPD02835600HPCPHI19651100240070900 00002  1000 00001  1200 00001  1300 00004  1400 00001  1500 00001  2500 00010  
HPD02835600HPCPHI19651100250100100 00014  0200 00003  0600 00001  0900 00003  1000 00001  1200 00002  1300 00031  1400 00001  1500 00001  2500 00057  
HPD02835600HPCPHI19651200010020100 00000g 2500 00000  
HPD02835600HPCPHI19651200090200300 00001  0400 00018  0500 00001  0600 00010  0900 00002  1000 00001  1200 00001  1300 00001  1400 00030  1500 00013  1600 00012  1700 00040  1800 00037  1900 00006  2000 00002  2100 00002  2200 00033  2300 00020  2400 00010  2500 00240  
HPD02835600HPCPHI19651200100070100 00003  0200 00012  0300 00019  0400 00001  0900 00002  1000 00021  2500 00058  
HPD02835600HPCPHI19651200130030800 99999a 1600 00062A 2500 00062  
HPD02835600HPCPHI19651200140140900 00003  1000 00014  1100 00014  1200 00001  1400 00002  1500 00001  1600 00010  1700 00001  1800 00001  2100 00005  2200 00007  2300 00004  2400 00003  2500 00066  
HPD02835600HPCPHI19651200150080100 00001  0200 00012  0300 00007  0400 00001  0900 00002  1500 00004  1600 00001  2500 00028  
HPD02835600HPCPHI19651200160051800 00001  1900 00004  2000 00003  2400 00001  2500 00009  
HPD02835600HPCPHI19651200170090100 00006  0200 00001  0300 00001  0900 00001  1100 00001  1200 00015  1400 00014  1500 00001  2500 00040  
HPD02835600HPCPHI19651200180030200 00001  0300 00003  2500 00004  
HPD02835600HPCPHI19651200220100400 00001  0500 00003  0600 00022  0700 00032  0800 00031  0900 00008  1000 00004  1100 00005  1400 99999a 2500 00106I 
HPD02835600HPCPHI19651200230022200 00125A 2500 00125P 
HPD02835600HPCPHI19651200290021300 99999[ 2500 00000I 
HPD02835600HPCPHI19651200310022400 99999] 2500 00000I 
HPD02835600HPCPHI19660100010020100 99999[ 2500 00000I 
HPD02835600HPCPHI19660100310022400 99999] 2500 00000I 
HPD02835600HPCPHI19660200010020100 00000g 2500 00000  
HPD02835600HPCPHI19660200070021700 99999[ 2500 00000I 
HPD02835600HPCPHI19660200080020600 99999] 2500 00000I 
HPD02835600HPCPHI19660200100031300 99999[ 2200 99999] 2500 00000I 
HPD02835600HPCPHI19660200260031600 00001  1700 00004  2500 00005  
HPD02835600HPCPHI19660300010020100 99999[ 2500 00000I 
HPD02835600HPCPHI19660300310022400 99999] 2500 00000I 
HPD02835600HPCPHI19660400010020100 00000g 2500 00000  
HPD02835600HPCPHI19660500010020100 00000g 2500 00000  
HPD02835600HPCPHI19660600010020100 99999[ 2500 00000I 
HPD02835600HPCPHI19660600300022400 99999] 2500 00000I 
HPD02835600HPCPHI19660700010020100 99999[ 2500 00000I 
HPD02835600HPCPHI19660700310022400 99999] 2500 00000I 
HPD02835600HPCPHI19660800010020100 99999[ 2500 00000I 
HPD02835600HPCPHI19660800310022400 99999] 2500 00000I 
HPD02835600HPCPHI19660900010020100 99999[ 2500 00000I 
HPD02835600HPCPHI19660900300022400 99999] 2500 00000I 
HPD02835600HPCPHI19661000010020100 99999[ 2500 00000I 
HPD02835600HPCPHI19661000310022400 99999] 2500 00000I 
HPD02835600HPCPHI19661100010020100 99999[ 2500 00000I 
HPD02835600HPCPHI19661100300022400 99999] 2500 00000I 
HPD02835600HPCPHI19661200010020100 99999[ 2500 00000I 
HPD02835600HPCPHI19661200310022400 99999] 2500 00000I 
HPD02835600HPCPHI19670100010020100 99999[ 2500 00000I 
HPD02835600HPCPHI19670100310022400 99999] 2500 00000I 
HPD02835600HPCPHI19670200010020100 99999[ 2500 00000I 
HPD02835600HPCPHI19670200280022400 99999] 2500 00000I 
HPD02835600HPCPHI19670300010020100 99999[ 2500 00000I 
HPD02835600HPCPHI19670300310022400 99999] 2500 00000I 
HPD02835600HPCPHI19670400010020100 99999[ 2500 00000I 
HPD02835600HPCPHI19670400300022400 99999] 2500 00000I 
HPD02835600HPCPHI19670500010020100 99999[ 2500 00000I 
HPD02835600HPCPHI19670500310022400 99999] 2500 00000I 
HPD02835600HPCPHI19670600010020100 99999[ 2500 00000I 
HPD02835600HPCPHI19670600300022400 99999] 2500 00000I 
HPD02835600HPCPHI19670700010020100 99999[ 2500 00000I 
HPD02835600HPCPHI19670700310022400 99999] 2500 00000I 
HPD02835600HPCPHI19670800010020100 99999[ 2500 00000I 
HPD02835600HPCPHI19670800310022400 99999] 2500 00000I 
HPD02835600HPCPHI19670900010020100 99999[ 2500 00000I 
HPD02835600HPCPHI19670900300022400 99999] 2500 00000I 
HPD02835600HPCPHI19671000010020100 99999[ 2500 00000I 
HPD02835600HPCPHI19671000310022400 99999] 2500 00000I 
HPD02835600HPCPHI19671100010020100 99999[ 2500 00000I 
HPD02835600HPCPHI19671100300022400 99999] 2500 00000I 
HPD02835600HPCPHI19671200010020100 99999[ 2500 00000I 
HPD02835600HPCPHI19671200310022400 99999] 2500 00000I 
HPD02835600HPCPHI19680100010020100 99999[ 2500 00000I 
HPD02835600HPCPHI19680100280020500 99999] 2500 00000I 
