HPD02787604HPCPHT20070100010020100 00000g 2500 00000  
HPD02787604HPCPHT20070100110031200 99999[ 1400 99999] 2500 00000I 
HPD02787604HPCPHT20070100190100600 00010  0800 00020  0900 00030  1000 00020  1500 00010  1600 00020  2100 00010  2300 00010  2400 00010  2500 00140  
HPD02787604HPCPHT20070100200050700 00010  0800 00010  0900 00010  1300 00010  2500 00040  
HPD02787604HPCPHT20070100210071000 00010  1200 00020 Z1300 00020 Z1400 00020  1500 00010  1600 00010  2500 00090 Z
HPD02787604HPCPHT20070100220020400 00010  2500 00010  
HPD02787604HPCPHT20070100240021600 00010  2500 00010  
HPD02787604HPCPHT20070100300071200 00010  1400 00010  1600 00010  1800 00010  2000 00020  2400 00010  2500 00070  
HPD02787604HPCPHT20070100310080200 00010  0700 00010  0800 00010  1100 00010  1600 00010  1700 00010  1800 00010  2500 00070  
HPD02787604HPCPHT20070200010050100 00000g 0500 00010  0800 00020  1400 00010  2500 00040  
HPD02787604HPCPHT20070200050021700 00010  2500 00010  
HPD02787604HPCPHT20070200110041300 00010  1700 00010  1900 00010  2500 00030  
HPD02787604HPCPHT20070200120020700 00010  2500 00010  
HPD02787604HPCPHT20070200130050800 00010  0900 00010  1200 00020  1400 00020  2500 00060  
HPD02787604HPCPHT20070200140040100 00010  0700 00010  1600 00010  2500 00030  
HPD02787604HPCPHT20070200160021500 00010  2500 00010  
HPD02787604HPCPHT20070200190022200 00020  2500 00020  
HPD02787604HPCPHT20070200200021200 00010  2500 00010  
HPD02787604HPCPHT20070200230031200 00010  1300 00010  2500 00020  
HPD02787604HPCPHT20070200240021500 00010  2500 00010  
HPD02787604HPCPHT20070300010030100 00000g 1400 00010  2500 00010  
HPD02787604HPCPHT20070300170021700 00010  2500 00010  
HPD02787604HPCPHT20070300210032300 00020  2400 00020  2500 00040  
HPD02787604HPCPHT20070300220070200 00010  0800 00010  2100 00010  2200 00030  2300 00030  2400 00020  2500 00110  
HPD02787604HPCPHT20070300230040300 00010  1100 00010  2100 00010  2500 00030  
HPD02787604HPCPHT20070300240030400 00020  1100 00010  2500 00030  
HPD02787604HPCPHT20070400010020100 00000g 2500 00000  
HPD02787604HPCPHT20070400050021500 00010  2500 00010  
HPD02787604HPCPHT20070400120032300 00010  2400 00020  2500 00030  
HPD02787604HPCPHT20070400130021100 00010  2500 00010  
HPD02787604HPCPHT20070400180021600 00010  2500 00010  
HPD02787604HPCPHT20070400210031100 00010  1400 00010  2500 00020  
HPD02787604HPCPHT20070400240021600 00010  2500 00010  
HPD02787604HPCPHT20070400270021000 00010  2500 00010  
HPD02787604HPCPHT20070500010030100 00000g 1000 00010  2500 00010  
HPD02787604HPCPHT20070500100021500 00010  2500 00010  
HPD02787604HPCPHT20070500130021400 00010  2500 00010  
HPD02787604HPCPHT20070500160032000 00010  2100 00010  2500 00020  
HPD02787604HPCPHT20070500170021000 00010  2500 00010  
HPD02787604HPCPHT20070600010030100 00000g 0900 00010  2500 00010  
HPD02787604HPCPHT20070600040021500 00010  2500 00010  
HPD02787604HPCPHT20070700010030100 00000g 1300 00010  2500 00010  
HPD02787604HPCPHT20070700100022300 00010  2500 00010  
HPD02787604HPCPHT20070700120021500 00010  2500 00010  
HPD02787604HPCPHT20070700150021800 00010  2500 00010  
HPD02787604HPCPHT20070700210042000 00030  2100 00050  2300 00010  2500 00090  
HPD02787604HPCPHT20070700220031600 00010  2100 00020  2500 00030  
HPD02787604HPCPHT20070700250021500 00010  2500 00010  
HPD02787604HPCPHT20070700270031600 00030  1700 00020  2500 00050  
HPD02787604HPCPHT20070700310041600 00040  1700 00040  1800 00010  2500 00090  
HPD02787604HPCPHT20070800010020100 00000g 2500 00000  
HPD02787604HPCPHT20070800020022200 00010  2500 00010  
HPD02787604HPCPHT20070800030022300 00010  2500 00010  
HPD02787604HPCPHT20070800040051500 00010  1600 00060  1700 00040  1900 00010  2500 00120  
HPD02787604HPCPHT20070800050021400 00010  2500 00010  
HPD02787604HPCPHT20070800060061300 00010  1400 00120  1500 00010  1600 00020  1700 00030  2500 00190  
HPD02787604HPCPHT20070800070020800 00010  2500 00010  
HPD02787604HPCPHT20070800140021300 00010  2500 00010  
HPD02787604HPCPHT20070800160021600 00010  2500 00010  
HPD02787604HPCPHT20070800270021400 00010  2500 00010  
HPD02787604HPCPHT20070800290021700 00020  2500 00020  
HPD02787604HPCPHT20070800300021200 00010  2500 00010  
HPD02787604HPCPHT20070900010020100 00000g 2500 00000  
HPD02787604HPCPHT20070900030021600 00010  2500 00010  
HPD02787604HPCPHT20070900060041500 00010  1600 00030  1700 00010  2500 00050  
HPD02787604HPCPHT20070900070021500 00010  2500 00010  
HPD02787604HPCPHT20070900080021100 00010  2500 00010  
HPD02787604HPCPHT20070900200022100 00010  2500 00010  
HPD02787604HPCPHT20070900210030100 00010  1000 00010  2500 00020  
HPD02787604HPCPHT20070900230030700 00010  1000 00010  2500 00020  
HPD02787604HPCPHT20070900240021500 00010  2500 00010  
HPD02787604HPCPHT20071000010020100 00000g 2500 00000  
HPD02787604HPCPHT20071000020021200 00010  2500 00010  
HPD02787604HPCPHT20071100010030100 00000g 1000 00010  2500 00010  
HPD02787604HPCPHT20071100270021200 00010  2500 00010  
HPD02787604HPCPHT20071100300140700 00010  1000 00010  1300 00010  1400 00010  1600 00020  1700 00030  1800 00010  1900 00030  2000 00010  2100 00010  2200 00020  2300 00020  2400 00020  2500 00210  
HPD02787604HPCPHT20071200010140100 00040  0200 00010  0600 00010  0700 00010  0800 00020  0900 00010  1000 00020  1100 00020  1200 00030  1300 00020  1400 00010  1500 00010  1600 00010  2500 00220  
HPD02787604HPCPHT20071200070081600 00010  1800 00010  2000 00010  2100 00060  2200 00030  2300 00030  2400 00010  2500 00160  
HPD02787604HPCPHT20071200080100100 00020  0300 00020  0400 00010  0500 00020  0600 00030  0700 00020  0800 00010  1200 00010  1400 00010  2500 00150  
HPD02787604HPCPHT20071200100040700 00010  1200 00010  1500 00010  2500 00030  
HPD02787604HPCPHT20071200110041300 00010  1500 00010  1800 00010  2500 00030  
HPD02787604HPCPHT20071200120031200 00000 q1300 99999[ 2500 00000P 
HPD02787604HPCPHT20071200230020900 99999] 2500 00000I 
