HPD02048703HPCPHT20060100010020100 00000g 2500 00000  
HPD02048703HPCPHT20060100250021300 00010  2500 00010  
HPD02048703HPCPHT20060100310022400 00010  2500 00010  
HPD02048703HPCPHT20060200010020100 00000g 2500 00000  
HPD02048703HPCPHT20060300010020100 00000g 2500 00000  
HPD02048703HPCPHT20060300080021200 00010  2500 00010  
HPD02048703HPCPHT20060300100021100 00010  2500 00010  
HPD02048703HPCPHT20060300110041300 00010  1400 00010  1600 00010  2500 00030  
HPD02048703HPCPHT20060300120031100 00010  1500 00010  2500 00020  
HPD02048703HPCPHT20060300200021200 00010  2500 00010  
HPD02048703HPCPHT20060300210021400 00010  2500 00010  
HPD02048703HPCPHT20060300220031100 00010  1700 00010  2500 00020  
HPD02048703HPCPHT20060300280031700 00010  2200 00010  2500 00020  
HPD02048703HPCPHT20060300290031300 00010  1500 00010  2500 00020  
HPD02048703HPCPHT20060400010030100 00000g 1700 00010  2500 00010  
HPD02048703HPCPHT20060400050030900 00010  1000 00010  2500 00020  
HPD02048703HPCPHT20060400060020900 00010  2500 00010  
HPD02048703HPCPHT20060400140022200 00010  2500 00010  
HPD02048703HPCPHT20060400180021100 00010  2500 00010  
HPD02048703HPCPHT20060400280021300 00010  2500 00010  
HPD02048703HPCPHT20060500010020100 00000g 2500 00000  
HPD02048703HPCPHT20060600010020100 00000g 2500 00000  
HPD02048703HPCPHT20060600020021500 00010  2500 00010  
HPD02048703HPCPHT20060600110021700 00010  2500 00010  
HPD02048703HPCPHT20060600270021100 00010  2500 00010  
HPD02048703HPCPHT20060600290021500 00010  2500 00010  
HPD02048703HPCPHT20060700010030100 00000g 1100 00010  2500 00010  
HPD02048703HPCPHT20060700090022200 00010  2500 00010  
HPD02048703HPCPHT20060700180022200 00010  2500 00010  
HPD02048703HPCPHT20060700190021600 00010  2500 00010  
HPD02048703HPCPHT20060700200021400 00010  2500 00010  
HPD02048703HPCPHT20060700220021400 00010  2500 00010  
HPD02048703HPCPHT20060700250021700 00020  2500 00020  
HPD02048703HPCPHT20060700260041300 00010  1800 00120  1900 00030  2500 00160  
HPD02048703HPCPHT20060700270031800 00010  2000 00010  2500 00020  
HPD02048703HPCPHT20060700280021600 00010  2500 00010  
HPD02048703HPCPHT20060700290021100 00010  2500 00010  
HPD02048703HPCPHT20060800010020100 00000g 2500 00000  
HPD02048703HPCPHT20060800040021100 00010  2500 00010  
HPD02048703HPCPHT20060800050021300 00010  2500 00010  
HPD02048703HPCPHT20060800090031600 00040  1700 00010  2500 00050  
HPD02048703HPCPHT20060800110061600 00030  1700 00010  1800 00010  1900 00010  2000 00010  2500 00070  
HPD02048703HPCPHT20060800130031300 00010  1600 00010  2500 00020  
HPD02048703HPCPHT20060800150031500 00010  2200 00010  2500 00020  
HPD02048703HPCPHT20060800180021100 00010  2500 00010  
HPD02048703HPCPHT20060800220021500 00020  2500 00020  
HPD02048703HPCPHT20060800240031400 00070  1500 00010  2500 00080  
HPD02048703HPCPHT20060800250021700 00010  2500 00010  
HPD02048703HPCPHT20060900010030100 00000g 1200 00010  2500 00010  
HPD02048703HPCPHT20060900070041300 00010  1800 00010  2300 00010  2500 00030  
HPD02048703HPCPHT20060900080031500 00030  1600 00030  2500 00060  
HPD02048703HPCPHT20060900150021700 00010  2500 00010  
HPD02048703HPCPHT20060900290021300 00010  2500 00010  
HPD02048703HPCPHT20061000010030100 00000g 1200 00010  2500 00010  
HPD02048703HPCPHT20061000060020700 00010  2500 00010  
HPD02048703HPCPHT20061000120021000 99999[ 2500 00000I 
HPD02048703HPCPHT20061000310022400 99999] 2500 00000I 
HPD02048703HPCPHT20061100010020100 99999[ 2500 00000I 
HPD02048703HPCPHT20061100050020700 99999] 2500 00000I 
HPD02048703HPCPHT20061200010020100 00000g 2500 00000  
HPD02048703HPCPHT20061200100021300 00010  2500 00010  
HPD02048703HPCPHT20061200190021300 00010  2500 00010  
HPD02048703HPCPHT20061200280030400 00010  0600 00010  2500 00020  
