HPD02062500HPCPHI19761200010020100 99999[ 2500 00000I 
HPD02062500HPCPHI19761200100021300 99999] 2500 00000I 
HPD02062500HPCPHT19761200310110400 00010  0500 00010  0700 00010  1000 00010  1300 00010  1600 00010  1700 00010  1900 00010  2100 00010  2200 00010  2500 00100  
HPD02062500HPCPHT19770100010030100 00000g 0700 00010  2500 00010  
HPD02062500HPCPHT19770100030100500 00010  0600 00010  0700 00010  0800 00010  0900 00010  1000 00020  1100 00010  1200 00010  1300 00020  2500 00110  
HPD02062500HPCPHT19770100050040300 00010  0400 00010  0500 00010  2500 00030  
HPD02062500HPCPHT19770100080021800 00010  2500 00010  
HPD02062500HPCPHT19770100210022100 00010  2500 00010  
HPD02062500HPCPHT19770100220060500 00010  0600 00010  1300 00010  1800 00010  1900 00010  2500 00050  
HPD02062500HPCPHT19770200010020100 00000g 2500 00000  
HPD02062500HPCPHT19770200240031900 00010  2100 00010  2500 00020  
HPD02062500HPCPHT19770300010020100 00000g 2500 00000  
HPD02062500HPCPHT19770300260050300 00010  0900 00010  1200 00010  2400 00010  2500 00040  
HPD02062500HPCPHT19770300280021800 00010  2500 00010  
HPD02062500HPCPHT19770300290030200 00010  0500 00010  2500 00020  
HPD02062500HPCPHT19770400010020100 00000g 2500 00000  
HPD02062500HPCPHT19770400020090900 00010  1000 00010  1100 00010  1300 00010  1500 00010  1600 00010  1700 00010  1900 00010  2500 00080  
HPD02062500HPCPHT19770400240021200 00010  2500 00010  
HPD02062500HPCPHT19770500010020100 00000g 2500 00000  
HPD02062500HPCPHT19770500130031200 00010  1800 00010  2500 00020  
HPD02062500HPCPHT19770500140020200 00010  2500 00010  
HPD02062500HPCPHT19770500240021500 00010  2500 00010  
HPD02062500HPCPHT19770600010020100 00000g 2500 00000  
HPD02062500HPCPHT19770600030021500 00010  2500 00010  
HPD02062500HPCPHT19770700010020100 00000g 2500 00000  
HPD02062500HPCPHT19770700050040100 00010  0200 00010  0400 00010  2500 00030  
HPD02062500HPCPHT19770700170031800 00010  1900 00010  2500 00020  
HPD02062500HPCPHT19770700230021700 00010  2500 00010  
HPD02062500HPCPHT19770700290021200 00010  2500 00010  
HPD02062500HPCPHT19770800010020100 00000g 2500 00000  
HPD02062500HPCPHT19770800040021300 00010  2500 00010  
HPD02062500HPCPHT19770800090021500 00030  2500 00030  
HPD02062500HPCPHT19770800120021500 00020  2500 00020  
HPD02062500HPCPHT19770800130021800 00030  2500 00030  
HPD02062500HPCPHT19770800140020900 00010  2500 00010  
HPD02062500HPCPHT19770800160050100 00010  2000 00010  2100 00010  2400 00010  2500 00040  
HPD02062500HPCPHT19770800170020300 00010  2500 00010  
HPD02062500HPCPHT19770800210022200 00010  2500 00010  
HPD02062500HPCPHT19770900010020100 00000g 2500 00000  
HPD02062500HPCPHT19770900090022100 00010  2500 00010  
HPD02062500HPCPHT19770900100022200 00010  2500 00010  
HPD02062500HPCPHT19770900110030100 00010  1400 00010  2500 00020  
HPD02062500HPCPHT19770900270080900 00010  1000 00020  1100 00030  1200 00020  1400 00010  1500 00010  1700 00010  2500 00110  
HPD02062500HPCPHT19771000010020100 00000g 2500 00000  
HPD02062500HPCPHT19771000060080400 00010  0600 00010  0700 00030  0800 00010  0900 00010  1300 00010  1500 00010  2500 00090  
HPD02062500HPCPHT19771000290030600 00010  0800 00010  2500 00020  
HPD02062500HPCPHT19771100010020100 00000g 2500 00000  
HPD02062500HPCPHT19771100060040800 00010  0900 00010  1800 00010  2500 00030  
HPD02062500HPCPHT19771200010020100 00000g 2500 00000  
HPD02062500HPCPHT19771200240021300 00010  2500 00010  
HPD02062500HPCPHT19771200260031000 00010  2400 00010  2500 00020  
HPD02062500HPCPHT19771200280041500 00010  1600 00020  1900 00010  2500 00040  
HPD02062500HPCPHT19771200290030300 00020  0600 00010  2500 00030  
HPD02062500HPCPHT19771200300040900 00010  1000 00010  1300 00010  2500 00030  
HPD02062500HPCPHT19780100010020100 00000g 2500 00000  
HPD02062500HPCPHT19780100100150400 00010  0500 00020  0600 00010  0800 00010  1000 00010  1200 00010  1300 00010  1500 00010  1600 00010  1800 00010  1900 00010  2000 00010  2100 00010  2300 00010  2500 00150  
HPD02062500HPCPHT19780100150130100 00010  0200 00010  0300 00020  0400 00020  0500 00020  0600 00020  0700 00030  0800 00010  0900 00010  1000 00010  1400 00010  1500 00010  2500 00180  
HPD02062500HPCPHT19780100170060100 00010  0400 00010  0500 00020  0800 00010  1100 00020  2500 00070  
HPD02062500HPCPHT19780100190050600 00010  1200 00010  1400 00010  1700 00010  2500 00040  
HPD02062500HPCPHT19780100300081400 00010  1500 00010  1600 00010  1700 00010  2000 00010  2300 00020  2400 00010  2500 00080  
HPD02062500HPCPHT19780100310050100 00020  0300 00010  0600 00010  1300 00010  2500 00050  
HPD02062500HPCPHT19780200010030100 00000g 1000 00010  2500 00010  
HPD02062500HPCPHT19780200050022400 00010  2500 00010  
HPD02062500HPCPHT19780200070020400 00010  2500 00010  
HPD02062500HPCPHT19780200080020100 00010  2500 00010  
HPD02062500HPCPHT19780200100081600 00010  1700 00010  1800 00040  1900 00020  2000 00020  2200 00020  2400 00010  2500 00130  
HPD02062500HPCPHT19780200110060100 00010  0200 00010  0300 00010  0400 00020  0800 00010  2500 00060  
HPD02062500HPCPHT19780200120020800 00010  2500 00010  
HPD02062500HPCPHT19780200130051800 00010  2200 00010  2300 00010  2400 00010  2500 00040  
HPD02062500HPCPHT19780200140030100 00010  0400 00010  2500 00020  
HPD02062500HPCPHT19780200160021100 00020  2500 00020  
HPD02062500HPCPHT19780200270031800 00010  2300 00010  2500 00020  
HPD02062500HPCPHT19780200280130100 00010  0200 00010  0300 00010  0400 00010  0500 00030  0600 00010  0700 00010  1000 00010  1500 00010  1800 00010  1900 00010  2100 00010  2500 00140  
HPD02062500HPCPHT19780300010190100 00020  0200 00010  0300 00020  0400 00010  0500 00030  0600 00010  0800 00020  0900 00010  1000 00010  1300 00010  1500 00010  1700 00010  1900 00010  2000 00020  2100 00030  2200 00020  2300 00010  2400 00010  2500 00270  
HPD02062500HPCPHT19780300020160100 00020  0300 00010  0400 00010  0500 00010  0600 00030  0700 00020  0800 00030  0900 00010  1000 00020  1100 00010  1500 00010  1900 00010  2100 00010  2200 00010  2400 00010  2500 00220  
HPD02062500HPCPHT19780300030060100 00010  0200 00010  0300 00010  0400 00010  0600 00010  2500 00050  
HPD02062500HPCPHT19780300050060800 00010  1100 00020  1200 00020  1600 00010  1900 00010  2500 00070  
HPD02062500HPCPHT19780300060020300 00010  2500 00010  
HPD02062500HPCPHT19780300100030800 00010  1000 00010  2500 00020  
HPD02062500HPCPHT19780300120030500 00010  1500 00010  2500 00020  
HPD02062500HPCPHT19780300220070100 00020  0500 00010  0600 00020  0700 00010  0900 00010  1300 00010  2500 00080  
HPD02062500HPCPHT19780400010020100 99999[ 2500 00000I 
HPD02062500HPCPHT19780400300022400 99999] 2500 00000I 
HPD02062500HPCPHT19780500010030100 00000g 2400 00010  2500 00010  
HPD02062500HPCPHT19780600010020100 00000g 2500 00000  
HPD02062500HPCPHT19780700010020100 99999[ 2500 00000I 
HPD02062500HPCPHT19780700310022400 99999] 2500 00000I 
HPD02062500HPCPHT19780800010020100 99999[ 2500 00000I 
HPD02062500HPCPHT19780800310022400 99999] 2500 00000I 
HPD02062500HPCPHT19780900010020100 00000g 2500 00000  
HPD02062500HPCPHT19780900040021600 00010  2500 00010  
HPD02062500HPCPHT19780900140040900 00010  1000 00020  1100 00030  2500 00060  
HPD02062500HPCPHT19781000010020100 00000g 2500 00000  
HPD02062500HPCPHT19781000200041100 00020  1200 00010  1400 00010  2500 00040  
HPD02062500HPCPHT19781000210050300 00010  0400 00010  0600 00010  0800 00010  2500 00040  
HPD02062500HPCPHT19781000230021300 00010  2500 00010  
HPD02062500HPCPHT19781000250020700 00010  2500 00010  
HPD02062500HPCPHT19781100010020100 00000g 2500 00000  
HPD02062500HPCPHT19781100100041800 00010  2300 00040  2400 00020  2500 00070  
HPD02062500HPCPHT19781100110200100 00010  0200 00020  0400 00010  0600 00010  0700 00010  0800 00020  0900 00020  1100 00010  1200 00010  1300 00010  1500 00010  1600 00020  1700 00020  1800 00010  1900 00030  2000 00030  2100 00010  2300 00010  2400 00010  2500 00280  
HPD02062500HPCPHT19781100120050200 00010  0300 00010  0500 00010  0700 00010  2500 00040  
HPD02062500HPCPHT19781100150020900 00010  2500 00010  
HPD02062500HPCPHT19781100230022400 00010  2500 00010  
HPD02062500HPCPHT19781100240110200 00010  0300 00010  0500 00010  0800 00010  0900 00010  1100 00010  1300 00010  1400 00010  1600 00010  1900 00010  2500 00100  
HPD02062500HPCPHT19781100250020100 00010  2500 00010  
HPD02062500HPCPHT19781200010020100 00000g 2500 00000  
HPD02062500HPCPHT19781200020021200 00010  2500 00010  
HPD02062500HPCPHT19781200040021200 99999[ 2500 00000I 
HPD02062500HPCPHT19781200310022400 99999] 2500 00000I 
HPD02062500HPCPHT19790100010020100 00000g 2500 00000  
HPD02062500HPCPHT19790100040020900 99999[ 2500 00000I 
HPD02062500HPCPHT19790100290020900 99999] 2500 00000I 
HPD02062500HPCPHT19790200010020100 99999[ 2500 00000I 
HPD02062500HPCPHT19790200280022400 99999] 2500 00000I 
HPD02062500HPCPHT19790300010020100 99999[ 2500 00000I 
HPD02062500HPCPHT19790300310022400 99999] 2500 00000I 
HPD02062500HPCPHT19790400010020100 99999[ 2500 00000I 
HPD02062500HPCPHT19790400300022400 99999] 2500 00000I 
HPD02062500HPCPHT19790500010020100 00000g 2500 00000  
HPD02062500HPCPHT19790500110021200 00010  2500 00010  
HPD02062500HPCPHT19790500190020800 99999a 2500 00000I 
HPD02062500HPCPHT19790500270020700 00110A 2500 00110P 
HPD02062500HPCPHT19790600010020100 99999[ 2500 00000I 
HPD02062500HPCPHT19790600300022400 99999] 2500 00000I 
HPD02062500HPCPHT19790700010020100 00000g 2500 00000  
HPD02062500HPCPHT19790700160022400 00010  2500 00010  
HPD02062500HPCPHT19790700170020400 00010  2500 00010  
HPD02062500HPCPHT19790800010020100 00000g 2500 00000  
HPD02062500HPCPHT19790800040020700 99999a 2500 00000I 
HPD02062500HPCPHT19790800190020700 00120A 2500 00120P 
HPD02062500HPCPHT19790900010020100 00000g 2500 00000  
HPD02062500HPCPHT19790900140021700 00010  2500 00010  
HPD02062500HPCPHT19791000010020100 00000g 2500 00000  
HPD02062500HPCPHT19791000200042000 00020  2100 00030  2200 00010  2500 00060  
HPD02062500HPCPHT19791000210020100 00010  2500 00010  
HPD02062500HPCPHT19791100010020100 00000g 2500 00000  
HPD02062500HPCPHT19791100070040800 00020  1000 00020  1100 00010  2500 00050  
HPD02062500HPCPHT19791100080040100 00010  0300 00010  0900 00020  2500 00040  
HPD02062500HPCPHT19791200010020100 00000g 2500 00000  
HPD02062500HPCPHT19791200210040800 00010  0900 00020  1000 00010  2500 00040  
HPD02062500HPCPHT19791200220030600 00010  1000 00010  2500 00020  
HPD02062500HPCPHT19791200260050800 00010  1100 00010  1400 00010  2200 00010  2500 00040  
HPD02062500HPCPHT19800100010020100 00000g 2500 00000  
HPD02062500HPCPHT19800100090121400 00010  1500 00010  1600 00010  1700 00010  1800 00020  1900 00030  2000 00030  2100 00020  2200 00020  2300 00010  2400 00020  2500 00190  
HPD02062500HPCPHT19800100100100100 00020  0200 00020  0300 00010  0500 00010  0700 00010  1000 00010  1200 00010  1700 00010  2400 00010  2500 00110  
HPD02062500HPCPHT19800100110050600 00010  1000 00010  1300 00010  1600 00010  2500 00040  
HPD02062500HPCPHT19800100120030100 00010  0600 00010  2500 00020  
HPD02062500HPCPHT19800100140022400 00010  2500 00010  
HPD02062500HPCPHT19800100150030100 00010  0200 00020  2500 00030  
HPD02062500HPCPHT19800100180090400 00010  1000 00010  1600 00010  1800 00030  1900 00030  2000 00020  2200 00010  2400 00010  2500 00130  
HPD02062500HPCPHT19800100190030500 00010  0900 00010  2500 00020  
HPD02062500HPCPHT19800100210020100 00010  2500 00010  
HPD02062500HPCPHT19800100220021400 00010  2500 00010  
HPD02062500HPCPHT19800100280021100 00010  2500 00010  
HPD02062500HPCPHT19800100290130600 00010  0800 00010  0900 00010  1000 00010  1100 00010  1300 00010  1500 00010  1800 00010  2000 00010  2100 00010  2300 00010  2400 00020  2500 00130  
HPD02062500HPCPHT19800100300050100 00010  0300 00010  0500 00010  0900 00010  2500 00040  
HPD02062500HPCPHT19800200010020100 00000g 2500 00000  
HPD02062500HPCPHT19800200130091200 00010  1400 00010  1500 00020  1600 00010  1800 00010  1900 00010  2300 00010  2400 00010  2500 00090  
HPD02062500HPCPHT19800200140200100 00020  0200 00010  0300 00010  0500 00020  0600 00040  0700 00020  0900 00010  1000 00020  1100 00010  1200 00020  1300 00020  1400 00030  1500 00020  1900 00020  2000 00010  2100 00040  2200 00010  2300 00010  2400 00010  2500 00350  
HPD02062500HPCPHT19800200150150100 00020  0200 00010  0400 00010  0500 00010  0600 00010  0700 00010  0800 00010  0900 00030  1000 00020  1100 00020  1200 00030  1300 00010  1400 00020  1700 00010  2500 00220  
HPD02062500HPCPHT19800200160021000 00010  2500 00010  
HPD02062500HPCPHT19800200170040200 00010  0300 00010  0700 00010  2500 00030  
