HPD02632304HPCPHT20050100010020100 00000g 2500 00000  
HPD02632304HPCPHT20050100030160200 00010  0300 00010  0400 00010  0500 00010  1000 00010  1100 00010  1200 00010  1300 00010  1500 00010  1700 00020  1800 00010  1900 00020  2100 00010  2200 00010  2400 00010  2500 00170  
HPD02632304HPCPHT20050100040160100 00010  0200 00010  0400 00010  0500 00020  0600 00010  0700 00010  0900 00020  1000 00010  1100 00020  1300 00010  1500 00010  1600 00010  2000 00010  2200 00010  2300 00010  2500 00180  
HPD02632304HPCPHT20050100050050100 00010  0200 00010  0400 00010  0500 00010  2500 00040  
HPD02632304HPCPHT20050100110022000 00010  2500 00010  
HPD02632304HPCPHT20050100260091300 00020  1400 00010  1800 00010  1900 00020  2000 00010  2100 00010  2200 00010  2400 00010  2500 00100  
HPD02632304HPCPHT20050100270060100 00010  0300 00030  0400 00010  0600 00010  1900 00010  2500 00070  
HPD02632304HPCPHT20050100290031300 00010  1500 00010  2500 00020  
HPD02632304HPCPHT20050100310021100 00010  2500 00010  
HPD02632304HPCPHT20050200010020100 00000g 2500 00000  
HPD02632304HPCPHT20050200070040500 00010  0800 00010  1000 00010  2500 00030  
HPD02632304HPCPHT20050200100041700 00010  2100 00010  2300 00010  2500 00030  
HPD02632304HPCPHT20050200110150300 00010  0600 00010  0800 00010  1000 00010  1200 00010  1300 00010  1500 00010  1700 00010  1900 00010  2000 00010  2100 00010  2200 00010  2300 00010  2400 00010  2500 00140  
HPD02632304HPCPHT20050200120110100 00010  0200 00010  0300 00010  0400 00010  0500 00010  0700 00010  0900 00010  1000 00020  1200 00010  1600 00010  2500 00110  
HPD02632304HPCPHT20050200150022300 00010  2500 00010  
HPD02632304HPCPHT20050200180070100 00010  0300 00010  0600 00010  1800 00010  1900 00010  2400 00010  2500 00060  
HPD02632304HPCPHT20050200190100200 00010  0300 00030  0400 00010  0500 00010  0600 00010  0700 00010  0900 00010  1100 00010  1300 00010  2500 00110  
HPD02632304HPCPHT20050200200050300 00010  0400 00010  0500 00010  0600 00010  2500 00040  
HPD02632304HPCPHT20050200210042200 00010  2300 00010  2400 00010  2500 00030  
HPD02632304HPCPHT20050200220060600 00010  0700 00010  0800 00010  1100 00010  2000 00020  2500 00060  
HPD02632304HPCPHT20050200270021400 00010  2500 00010  
HPD02632304HPCPHT20050300010040100 00000g 0900 99999[ 1400 99999] 2500 00000I 
HPD02632304HPCPHT20050300040022400 00020  2500 00020  
HPD02632304HPCPHT20050300050070200 00010  0300 00020  0400 00010  0500 00010  0700 00020  2000 00010  2500 00080  
HPD02632304HPCPHT20050300070021100 00010  2500 00010  
HPD02632304HPCPHT20050300200040500 00010  0700 00010  0800 00010  2500 00030  
HPD02632304HPCPHT20050300250041000 00010  1400 00010  1800 00010  2500 00030  
HPD02632304HPCPHT20050400010020100 00000g 2500 00000  
HPD02632304HPCPHT20050400180021300 00030  2500 00030  
HPD02632304HPCPHT20050400230032300 00020  2400 00020  2500 00040  
HPD02632304HPCPHT20050400240060100 00030  0200 00010  0300 00010  0900 00010  1500 00010  2500 00070  
HPD02632304HPCPHT20050500010040100 00000g 0800 99999[ 1400 99999] 2500 00000I 
HPD02632304HPCPHT20050500280022400 00010  2500 00010  
HPD02632304HPCPHT20050600010040100 00000g 0900 99999[ 1400 99999] 2500 00000I 
HPD02632304HPCPHT20050600240020600 00010  2500 00010  
HPD02632304HPCPHT20050700010040100 00000g 0800 99999[ 1200 99999] 2500 00000I 
HPD02632304HPCPHT20050700160022100 00010  2500 00010  
HPD02632304HPCPHT20050700170021000 00010  2500 00010  
HPD02632304HPCPHT20050700210020200 00010  2500 00010  
HPD02632304HPCPHT20050700240020100 00010  2500 00010  
HPD02632304HPCPHT20050700280031500 99999{ 1600 99999} 2500 00000P 
HPD02632304HPCPHT20050700300021300 00010  2500 00010  
HPD02632304HPCPHT20050700310031600 00010  2300 00010  2500 00020  
HPD02632304HPCPHT20050800010050100 00000g 0400 00010  0800 99999[ 1200 99999] 2500 00010I 
HPD02632304HPCPHT20050800020041600 00110  1700 00020  2300 00010  2500 00140  
HPD02632304HPCPHT20050800040021700 00010  2500 00010  
HPD02632304HPCPHT20050800050020900 00010  2500 00010  
HPD02632304HPCPHT20050800060020900 00010  2500 00010  
HPD02632304HPCPHT20050800070031500 00090  1600 00010  2500 00100  
HPD02632304HPCPHT20050800080041000 00010  1400 00030  1500 00030  2500 00070  
HPD02632304HPCPHT20050800100020600 00010  2500 00010  
HPD02632304HPCPHT20050800120041400 00090  1500 00070  1600 00010  2500 00170  
HPD02632304HPCPHT20050800140021600 00010  2500 00010  
HPD02632304HPCPHT20050800190022000 00010  2500 00010  
HPD02632304HPCPHT20050800200020800 00010  2500 00010  
HPD02632304HPCPHT20050800220032000 00010  2100 00010  2500 00020  
HPD02632304HPCPHT20050800230040100 00020  0200 00010  1200 00010  2500 00040  
HPD02632304HPCPHT20050900010020100 00000g 2500 00000  
HPD02632304HPCPHT20050900090021600 00010  2500 00010  
HPD02632304HPCPHT20050900100021300 00010  2500 00010  
HPD02632304HPCPHT20051000010030100 00000g 1100 00010  2500 00010  
HPD02632304HPCPHT20051000170032000 00010  2300 00010  2500 00020  
HPD02632304HPCPHT20051000180040600 00010  1000 00010  1400 00010  2500 00030  
HPD02632304HPCPHT20051100010020100 00000g 2500 00000  
HPD02632304HPCPHT20051100110021300 00010  2500 00010  
HPD02632304HPCPHT20051100120021100 00010  2500 00010  
HPD02632304HPCPHT20051200010020100 00000g 2500 00000  
