HPD02300902HPCPHT20090100010020100 00000g 2500 00000  
HPD02300902HPCPHT20090100040021200 00010  2500 00010  
HPD02300902HPCPHT20090100050021200 00010  2500 00010  
HPD02300902HPCPHT20090100070021400 00010  2500 00010  
HPD02300902HPCPHT20090100230031200 00010  1600 00010  2500 00020  
HPD02300902HPCPHT20090100240031300 00010  1500 00010  2500 00020  
HPD02300902HPCPHT20090100260031300 00010  1800 00010  2500 00020  
HPD02300902HPCPHT20090100270021300 00010  2500 00010  
HPD02300902HPCPHT20090200010030100 00000g 1100 00010  2500 00010  
HPD02300902HPCPHT20090200080080300 00010  0400 00010  0500 00010  1100 00010  1600 00010  1800 00010  2100 00010  2500 00070  
HPD02300902HPCPHT20090200090110900 00010  1200 00010  1300 00010  1500 00010  1600 00010  1700 00010  1800 00010  2000 00010  2100 00010  2200 00010  2500 00100  
HPD02300902HPCPHT20090200100021100 00010  2500 00010  
HPD02300902HPCPHT20090200140021100 00010  2500 00010  
HPD02300902HPCPHT20090200160022400 00010  2500 00010  
HPD02300902HPCPHT20090200170040200 00010  0300 00010  1200 00010  2500 00030  
HPD02300902HPCPHT20090300010020100 00000g 2500 00000  
HPD02300902HPCPHT20090300130021000 00010  2500 00010  
HPD02300902HPCPHT20090300160021200 00010  2500 00010  
HPD02300902HPCPHT20090300280021600 00010  2500 00010  
HPD02300902HPCPHT20090400010030100 00000g 1400 00010  2500 00010  
HPD02300902HPCPHT20090400020020900 99999[ 2500 00000I 
HPD02300902HPCPHT20090400060021000 99999] 2500 00000I 
HPD02300902HPCPHT20090400070021400 00010  2500 00010  
HPD02300902HPCPHT20090400110030800 00010  1200 00010  2500 00020  
HPD02300902HPCPHT20090400150031100 00010  1300 00010  2500 00020  
HPD02300902HPCPHT20090400180021300 00010  2500 00010  
HPD02300902HPCPHT20090500010030100 00000g 1000 00010  2500 00010  
HPD02300902HPCPHT20090500200031400 00020  1500 00010  2500 00030  
HPD02300902HPCPHT20090500210021400 00010  2500 00010  
HPD02300902HPCPHT20090500220060400 00010  0500 00010  0600 00010  1200 00010  1800 00010  2500 00050  
HPD02300902HPCPHT20090500230031300 00020  1600 00020  2500 00040  
HPD02300902HPCPHT20090500250031700 00020  1800 00010  2500 00030  
HPD02300902HPCPHT20090500280020800 00010  2500 00010  
HPD02300902HPCPHT20090500290021300 00010  2500 00010  
HPD02300902HPCPHT20090500300021800 00020  2500 00020  
HPD02300902HPCPHT20090600010020100 00000g 2500 00000  
HPD02300902HPCPHT20090600260021600 00010  2500 00010  
HPD02300902HPCPHT20090600290031300 00010  1700 00010  2500 00020  
HPD02300902HPCPHT20090700010030100 00000g 1500 00010  2500 00010  
HPD02300902HPCPHT20090700040041600 00010  1700 00030  1900 00010  2500 00050  
HPD02300902HPCPHT20090700100020700 99999[ 2500 00000I 
HPD02300902HPCPHT20090700120041000 99999] 1300 99999[ 1400 99999] 2500 00000I 
HPD02300902HPCPHT20090700190020800 99999{ 2500 00000P 
HPD02300902HPCPHT20090700200020800 99999} 2500 00000P 
HPD02300902HPCPHT20090800010020100 99999[ 2500 00000I 
HPD02300902HPCPHT20090800100022100 99999] 2500 00000I 
HPD02300902HPCPHT20090800240020800 99999{ 2500 00000P 
HPD02300902HPCPHT20090800260020800 99999} 2500 00000P 
HPD02300902HPCPHT20090900010020100 00010  2500 00010  
HPD02300902HPCPHT20090900030021000 99999[ 2500 00000I 
HPD02300902HPCPHT20090900280021100 99999] 2500 00000I 
HPD02300902HPCPHT20091000010020100 00000g 2500 00000  
HPD02300902HPCPHT20091000040031000 00010  1200 00010  2500 00020  
HPD02300902HPCPHT20091000070021000 00010  2500 00010  
HPD02300902HPCPHT20091000290021000 00010  2500 00010  
HPD02300902HPCPHT20091100010030100 00000g 1000 00010  2500 00010  
HPD02300902HPCPHT20091100130050700 00010  0900 00010  1200 00010  1500 00010  2500 00040  
HPD02300902HPCPHT20091100140021000 00010  2500 00010  
HPD02300902HPCPHT20091100250021200 00010  2500 00010  
HPD02300902HPCPHT20091100280032100 00010  2200 00010  2500 00020  
HPD02300902HPCPHT20091100300021300 00010  2500 00010  
HPD02300902HPCPHT20091200010020100 00000g 2500 00000  
HPD02300902HPCPHT20091200060020700 99999{ 2500 00000P 
HPD02300902HPCPHT20091200070080700 99999} 0800 00010  1000 00010  1100 00010  1700 00010  2200 00010  2400 00010  2500 00060P 
HPD02300902HPCPHT20091200100021400 00010  2500 00010  
HPD02300902HPCPHT20091200110041300 00010  1500 00010  1900 00010  2500 00030  
HPD02300902HPCPHT20091200120041500 00010  1900 00010  2300 00020  2500 00040  
HPD02300902HPCPHT20091200130070200 00010  0300 00010  0600 00010  0800 00010  1000 00010  2000 00010  2500 00060  
HPD02300902HPCPHT20091200140031000 00010  1600 00010  2500 00020  
HPD02300902HPCPHT20091200170021500 00010  2500 00010  
HPD02300902HPCPHT20091200220031500 00010  2000 00010  2500 00020  
HPD02300902HPCPHT20091200230040300 00010  0400 00010  1400 00010  2500 00030  
HPD02300902HPCPHT20091200260020600 00010  2500 00010  
HPD02300902HPCPHT20091200270021500 00010  2500 00010  
HPD02300902HPCPHT20091200280020800 00010  2500 00010  
HPD02300902HPCPHT20091200290021800 00010  2500 00010  
HPD02300902HPCPHT20091200300041700 00010  1900 00010  2300 00010  2500 00030  
