HPD02232903HPCPHT20100100010030100 99999[ 0600 99999] 2500 00000I 
HPD02232903HPCPHT20100100110021000 00010  2500 00010  
HPD02232903HPCPHT20100100140021500 00010  2500 00010  
HPD02232903HPCPHT20100100170021000 00010  2500 00010  
HPD02232903HPCPHT20100100180031100 00010  1600 00010  2500 00020  
HPD02232903HPCPHT20100100190090200 00010  0300 00020  1500 00010  1800 00010  1900 00020  2000 00030  2100 00020  2200 00040  2500 00160  
HPD02232903HPCPHT20100100200021400 00010  2500 00010  
HPD02232903HPCPHT20100100210220100 00010  0200 00010  0400 00020  0500 00020  0600 00020  0700 00020  0800 00010  0900 00050  1000 00030  1100 00030  1200 00030  1300 00050  1400 00040  1500 00040  1600 00050  1700 00060  1800 00050  1900 00050  2000 00070  2100 00070  2200 00010  2500 00740  
HPD02232903HPCPHT20100100220140300 00010  0400 00010  0500 00010  0600 00010  0800 00010  0900 00010  1100 00010  1200 00010  1300 00010  1400 00010  1500 00010  1600 00010  1900 00010  2500 00130  
HPD02232903HPCPHT20100100230090100 00010  0200 00010  0500 00010  0700 00010  0800 00010  1100 00010  1200 00010  1400 00010  2500 00080  
HPD02232903HPCPHT20100100240021500 00010  2500 00010  
HPD02232903HPCPHT20100100250020500 00010  2500 00010  
HPD02232903HPCPHT20100100290021400 00010  2500 00010  
HPD02232903HPCPHT20100200010030100 00000g 1700 00010  2500 00010  
HPD02232903HPCPHT20100200060052000 00020  2100 00010  2200 00010  2300 00010  2500 00050  
HPD02232903HPCPHT20100200070080100 00010  0200 00020  0300 00010  0400 00010  0500 00010  1100 00010  1400 00010  2500 00080  
HPD02232903HPCPHT20100200080021600 00010  2500 00010  
HPD02232903HPCPHT20100200090030600 00010  1400 00010  2500 00020  
HPD02232903HPCPHT20100200180021000 00010  2500 00010  
HPD02232903HPCPHT20100200200051100 00010  1300 00010  1600 00010  2200 00010  2500 00040  
HPD02232903HPCPHT20100200210060100 00010  0300 00010  0400 00010  1100 00010  1600 00010  2500 00050  
HPD02232903HPCPHT20100200220060400 00010  1000 00010  1100 00010  1300 00010  1500 00010  2500 00050  
HPD02232903HPCPHT20100200250020900 00010  2500 00010  
HPD02232903HPCPHT20100200280060100 00020  0200 00030  0300 00010  0500 00010  1300 00010  2500 00080  
HPD02232903HPCPHT20100300010040100 00000g 1400 00010  1500 99999[ 2500 00010I 
HPD02232903HPCPHT20100300250030900 99999] 1100 00010  2500 00010I 
HPD02232903HPCPHT20100400010020100 00000g 2500 00000  
HPD02232903HPCPHT20100400180021800 00010  2500 00010  
HPD02232903HPCPHT20100400210041100 00010  1200 00020  2000 00010  2500 00040  
HPD02232903HPCPHT20100400250021800 00010  2500 00010  
HPD02232903HPCPHT20100500010020100 00000g 2500 00000  
HPD02232903HPCPHT20100500030021800 00010  2500 00010  
HPD02232903HPCPHT20100500120030800 00010  1600 00010  2500 00020  
HPD02232903HPCPHT20100500170021400 99999[ 2500 00000I 
HPD02232903HPCPHT20100500310022400 99999] 2500 00000I 
HPD02232903HPCPHT20100600010020100 99999[ 2500 00000I 
HPD02232903HPCPHT20100600240030600 99999] 1400 00010  2500 00010I 
HPD02232903HPCPHT20100700010030100 00000g 1400 00010  2500 00010  
HPD02232903HPCPHT20100700090021500 00010  2500 00010  
HPD02232903HPCPHT20100700160041700 00020  1800 00030  2100 00010  2500 00060  
HPD02232903HPCPHT20100700180021600 00010  2500 00010  
HPD02232903HPCPHT20100700190050700 00040  0800 00010  0900 00010  1600 00010  2500 00070  
HPD02232903HPCPHT20100700220021800 00020  2500 00020  
HPD02232903HPCPHT20100700230040900 00010  1100 00010  1200 00010  2500 00030  
HPD02232903HPCPHT20100700240021900 00010  2500 00010  
HPD02232903HPCPHT20100700250031300 00010  2300 00010  2500 00020  
HPD02232903HPCPHT20100700270032000 00060  2100 00010  2500 00070  
HPD02232903HPCPHT20100700280041400 00010  1700 00010  1800 00010  2500 00030  
HPD02232903HPCPHT20100700290041200 00060  1300 00030  1700 00060  2500 00150  
HPD02232903HPCPHT20100700310030900 00020  1200 00010  2500 00030  
HPD02232903HPCPHT20100800010050100 00000g 0200 00010  1100 00010  1600 00010  2500 00030  
HPD02232903HPCPHT20100800030021600 00010  2500 00010  
HPD02232903HPCPHT20100800070040700 00010  1000 00010  1100 00010  2500 00030  
HPD02232903HPCPHT20100800080021100 00010  2500 00010  
HPD02232903HPCPHT20100800110021800 00010  2500 00010  
HPD02232903HPCPHT20100800160021100 99999[ 2500 00000I 
HPD02232903HPCPHT20100800310022400 99999] 2500 00000I 
HPD02232903HPCPHI20100900010020100 99999[ 2500 00000I 
HPD02232903HPCPHI20100900300022400 99999] 2500 00000I 
HPD02232903HPCPHI20101000010020100 99999[ 2500 00000I 
HPD02232903HPCPHI20101000310022400 99999] 2500 00000I 
HPD02232903HPCPHT20101100010020100 99999[ 2500 00000I 
HPD02232903HPCPHT20101100180030600 99999] 1500 00010  2500 00010I 
HPD02232903HPCPHT20101100210090600 00010  0700 00010  0900 00020  1000 00010  1100 00010  1300 00010  1500 00010  1600 00010  2500 00090  
HPD02232903HPCPHT20101100220021200 00010  2500 00010  
HPD02232903HPCPHT20101200010020100 00000g 2500 00000  
HPD02232903HPCPHT20101200160070900 00010  1200 00010  1300 00010  1400 00020  1500 00010  1800 00010  2500 00070  
HPD02232903HPCPHT20101200180030500 00010  0700 00010  2500 00020  
HPD02232903HPCPHT20101200190021500 00010  2500 00010  
HPD02232903HPCPHT20101200210032000 00010  2400 00010  2500 00020  
HPD02232903HPCPHT20101200220081800 00020  1900 00030  2000 00030  2100 00020  2200 00030  2300 00020  2400 00010  2500 00160  
HPD02232903HPCPHT20101200230040100 00010  0300 00010  2000 00010  2500 00030  
HPD02232903HPCPHT20101200250021400 00010  2500 00010  
HPD02232903HPCPHT20101200290141100 00010  1200 00010  1300 00010  1400 00010  1500 00010  1700 00010  1800 00010  1900 00010  2000 00010  2100 00020  2200 00030  2300 00020  2400 00030  2500 00190  
HPD02232903HPCPHT20101200300090100 00020  0200 00010  0400 00020  0500 00010  0700 00010  0900 00010  1100 00020 Z1300 00010 Z2500 00110 Z
