HPD02877801HPCPHT20000100010020100 00000g 2500 00000  
HPD02877801HPCPHT20000100160021700 00010  2500 00010  
HPD02877801HPCPHT20000100200031500 99999{ 1600 99999} 2500 00000P 
HPD02877801HPCPHT20000100260021300 00020  2500 00020  
HPD02877801HPCPHT20000200010020100 00000g 2500 00000  
HPD02877801HPCPHT20000200020021600 00010  2500 00010  
HPD02877801HPCPHT20000200170020100 00010  2500 00010  
HPD02877801HPCPHT20000200210050200 00010  1500 00010  1600 00010  1800 00010  2500 00040  
HPD02877801HPCPHT20000200230032100 00010  2400 00010  2500 00020  
HPD02877801HPCPHT20000200240020200 00010  2500 00010  
HPD02877801HPCPHT20000300010020100 00000g 2500 00000  
HPD02877801HPCPHT20000300050041400 00010  2000 00010  2300 00010  2500 00030  
HPD02877801HPCPHT20000300060030200 00010  0500 00010  2500 00020  
HPD02877801HPCPHT20000300080022100 00010  2500 00010  
HPD02877801HPCPHT20000300190021600 00010  2500 00010  
HPD02877801HPCPHT20000300280030100 00010  1100 00010  2500 00020  
HPD02877801HPCPHT20000400010020100 00000g 2500 00000  
HPD02877801HPCPHT20000400130021500 00010  2500 00010  
HPD02877801HPCPHT20000400160021300 00010  2500 00010  
HPD02877801HPCPHT20000500010040100 00000g 0800 99999{ 1700 99999} 2500 00000P 
HPD02877801HPCPHT20000500080021600 00010  2500 00010  
HPD02877801HPCPHT20000600010020100 00000g 2500 00000  
HPD02877801HPCPHT20000600140030800 99999{ 0900 99999} 2500 00000P 
HPD02877801HPCPHT20000600230021600 00010  2500 00010  
HPD02877801HPCPHT20000600290021800 00010  2500 00010  
HPD02877801HPCPHT20000700010020100 00000g 2500 00000  
HPD02877801HPCPHT20000700040021700 00010  2500 00010  
HPD02877801HPCPHT20000700170031600 00000 q1700 00000 q2500 00000P 
HPD02877801HPCPHT20000700230021600 00010  2500 00010  
HPD02877801HPCPHT20000700240021500 00030  2500 00030  
HPD02877801HPCPHT20000700280021500 00010  2500 00010  
HPD02877801HPCPHT20000800010020100 00000g 2500 00000  
HPD02877801HPCPHT20000800020020700 00010  2500 00010  
HPD02877801HPCPHT20000800130042100 00010  2200 00010  2400 00010  2500 00030  
HPD02877801HPCPHT20000800190021500 00010  2500 00010  
HPD02877801HPCPHT20000800220021900 00050  2500 00050  
HPD02877801HPCPHT20000800230020600 00010  2500 00010  
HPD02877801HPCPHT20000800250021600 00010  2500 00010  
HPD02877801HPCPHT20000800270021600 00020  2500 00020  
HPD02877801HPCPHT20000800290041500 00020  1600 00040  1700 00010  2500 00070  
HPD02877801HPCPHT20000800300021200 00010  2500 00010  
HPD02877801HPCPHT20000900010020100 00000g 2500 00000  
HPD02877801HPCPHT20000900100030600 00010  0900 00010  2500 00020  
HPD02877801HPCPHT20001000010020100 00000g 2500 00000  
HPD02877801HPCPHT20001000220020100 00020  2500 00020  
HPD02877801HPCPHT20001000230030700 00010  0900 00010  2500 00020  
HPD02877801HPCPHT20001000270060500 00010  1000 00030  1100 00010  1200 00010  2000 00020  2500 00080  
HPD02877801HPCPHT20001000290031500 00010  1700 00010  2500 00020  
HPD02877801HPCPHT20001000300030800 00020  0900 00010  2500 00030  
HPD02877801HPCPHT20001100010020100 00000g 2500 00000  
HPD02877801HPCPHT20001100100022400 00010  2500 00010  
HPD02877801HPCPHT20001100110020900 00010  2500 00010  
HPD02877801HPCPHT20001100120021100 00010  2500 00010  
HPD02877801HPCPHT20001200010020100 00000g 2500 00000  
HPD02877801HPCPHT20001200120021900 00010  2500 00010  
