HPD02563503HPCPHT20040100010020100 00000g 2500 00000  
HPD02563503HPCPHT20040100200071400 00010  1900 00010  2000 00020  2100 00010  2200 00010  2400 00010  2500 00070  
HPD02563503HPCPHT20040100260021700 00010  2500 00010  
HPD02563503HPCPHT20040200010020100 00000g 2500 00000  
HPD02563503HPCPHT20040200030031100 00010  1300 00010  2500 00020  
HPD02563503HPCPHT20040200230050400 00010  0700 00010  0900 00010  1800 00010  2500 00040  
HPD02563503HPCPHT20040200270040800 00010  1000 00010  2400 00010  2500 00030  
HPD02563503HPCPHT20040200280030100 00010  1000 00010  2500 00020  
HPD02563503HPCPHT20040300010020100 00000g 2500 00000  
HPD02563503HPCPHT20040300030021200 00010  2500 00010  
HPD02563503HPCPHT20040300040021100 00010  2500 00010  
HPD02563503HPCPHT20040400010020100 00000g 2500 00000  
HPD02563503HPCPHT20040400020050200 00010  0700 00010  0900 00020  1300 00010  2500 00050  
HPD02563503HPCPHT20040400050041200 00010  1600 00010  1800 00020  2500 00040  
HPD02563503HPCPHT20040400070031400 00010  1600 00020  2500 00030  
HPD02563503HPCPHT20040400080020900 00010  2500 00010  
HPD02563503HPCPHT20040500010020100 00000g 2500 00000  
HPD02563503HPCPHT20040600010020100 00000g 2500 00000  
HPD02563503HPCPHT20040600130030900 99999{ 1000 99999} 2500 00000P 
HPD02563503HPCPHT20040700010020100 00000g 2500 00000  
HPD02563503HPCPHT20040700160021800 00010  2500 00010  
HPD02563503HPCPHT20040700170021900 00020  2500 00020  
HPD02563503HPCPHT20040700180021500 00030  2500 00030  
HPD02563503HPCPHT20040700190021600 00010  2500 00010  
HPD02563503HPCPHT20040700250022200 00010  2500 00010  
HPD02563503HPCPHT20040700260021300 00010  2500 00010  
HPD02563503HPCPHT20040800010020100 00000g 2500 00000  
HPD02563503HPCPHT20040800060021200 00010  2500 00010  
HPD02563503HPCPHT20040800070030100 00010  0400 00010  2500 00020  
HPD02563503HPCPHT20040800090031500 99999{ 1600 99999} 2500 00000P 
HPD02563503HPCPHT20040800130021600 00010  2500 00010  
HPD02563503HPCPHT20040800210021100 00010  2500 00010  
HPD02563503HPCPHT20040900010020100 00000g 2500 00000  
HPD02563503HPCPHT20040900170021100 00010  2500 00010  
HPD02563503HPCPHT20040900180032000 00010  2300 00010  2500 00020  
HPD02563503HPCPHT20040900190090400 00020  0500 00010  0700 00010  0800 00020  1100 00010  1200 00010  1300 00020  1400 00010  2500 00110  
HPD02563503HPCPHT20041000010020100 00000g 2500 00000  
HPD02563503HPCPHT20041000210061500 00020  1700 00010  1800 00010  1900 00010  2300 00010  2500 00060  
HPD02563503HPCPHT20041000270022400 00010  2500 00010  
HPD02563503HPCPHT20041000280110400 00010  0500 00020  0600 00020  0700 00010  0800 00010  0900 00010  1000 00010  1200 00010  1300 00010  1500 00010  2500 00120  
HPD02563503HPCPHT20041000290020100 00010  2500 00010  
HPD02563503HPCPHT20041100010020100 00000g 2500 00000  
HPD02563503HPCPHT20041100080060100 00020  0400 00010  0900 00020  1000 00020  2100 00010  2500 00080  
HPD02563503HPCPHT20041100090021400 00010  2500 00010  
HPD02563503HPCPHT20041100210060200 00010  0800 00010  1100 00010  1300 00010  2400 00010  2500 00050  
HPD02563503HPCPHT20041100220040500 00010  1200 00010  1400 00010  2500 00030  
HPD02563503HPCPHT20041200010020100 00000g 2500 00000  
HPD02563503HPCPHT20041200040041600 00010  1800 00010  2400 00010  2500 00030  
HPD02563503HPCPHT20041200050020700 00010  2500 00010  
HPD02563503HPCPHT20041200060020400 00010  2500 00010  
HPD02563503HPCPHT20041200100021300 00010  2500 00010  
HPD02563503HPCPHT20041200260021200 00010  2500 00010  
HPD02563503HPCPHT20041200280042100 00010  2200 00020  2400 00010  2500 00040  
HPD02563503HPCPHT20041200290110200 00010  0300 00010  0500 00010  0600 00010  0700 00010  0800 00010  0900 00010  1000 00040  1100 00010  1800 00010  2500 00130  
HPD02563503HPCPHT20041200300021300 00010  2500 00010  
