HPD02534403HPCPHT20080100010030100 00000g 1200 00010  2500 00010  
HPD02534403HPCPHT20080100050061300 00010  1500 00010  1600 00010  1800 00010  2200 00010  2500 00050  
HPD02534403HPCPHT20080100060040100 00010  0600 00010  1800 00010  2500 00030  
HPD02534403HPCPHT20080100070080300 00020  0500 00010  0600 00020  0700 00010  0800 00020  1000 00010  1100 00010  2500 00100  
HPD02534403HPCPHT20080100240022400 00010  2500 00010  
HPD02534403HPCPHT20080100270120700 00020  0800 00010  0900 00020  1000 00020  1200 00010  1300 00010  1400 00010  1600 00010  1700 00010  1900 00010  2300 00010  2500 00140  
HPD02534403HPCPHT20080100280041700 00010  1800 00010  2200 00010  2500 00030  
HPD02534403HPCPHT20080200010030100 00000g 1000 99999[ 2500 00000I 
HPD02534403HPCPHT20080200290020700 99999] 2500 00000I 
HPD02534403HPCPHT20080300010020100 00000g 2500 00000  
HPD02534403HPCPHT20080300110021500 00010  2500 00010  
HPD02534403HPCPHT20080300160031500 00010  1700 00010  2500 00020  
HPD02534403HPCPHT20080400010020100 00000g 2500 00000  
HPD02534403HPCPHT20080500010020100 00000g 2500 00000  
HPD02534403HPCPHT20080500100021500 00010  2500 00010  
HPD02534403HPCPHT20080500130030800 00010  0900 00010  2500 00020  
HPD02534403HPCPHT20080500170021300 00010  2500 00010  
HPD02534403HPCPHT20080500230041300 00010  2000 00010  2200 00010  2500 00030  
HPD02534403HPCPHT20080500240021200 00010  2500 00010  
HPD02534403HPCPHT20080500250021300 00010  2500 00010  
HPD02534403HPCPHT20080600010020100 00000g 2500 00000  
HPD02534403HPCPHT20080600160021400 00010  2500 00010  
HPD02534403HPCPHT20080600210021500 00010  2500 00010  
HPD02534403HPCPHT20080700010020100 00000g 2500 00000  
HPD02534403HPCPHT20080700020021500 00010  2500 00010  
HPD02534403HPCPHT20080700040041700 00010  2000 00010  2400 00010  2500 00030  
HPD02534403HPCPHT20080700050021600 00040  2500 00040  
HPD02534403HPCPHT20080700060031100 00010  1500 00040  2500 00050  
HPD02534403HPCPHT20080700080021500 00010  2500 00010  
HPD02534403HPCPHT20080700100031700 00050  2200 00010  2500 00060  
HPD02534403HPCPHT20080700120021400 00010  2500 00010  
HPD02534403HPCPHT20080700140021700 00010  2500 00010  
HPD02534403HPCPHT20080700150030500 00020  1000 00010  2500 00030  
HPD02534403HPCPHT20080700170020900 00010  2500 00010  
HPD02534403HPCPHT20080700200031000 00010  1100 00030  2500 00040  
HPD02534403HPCPHT20080700210021800 00010  2500 00010  
HPD02534403HPCPHT20080700250031900 00010  2100 00010  2500 00020  
HPD02534403HPCPHT20080700300021500 00010  2500 00010  
HPD02534403HPCPHT20080800010030100 00000g 1200 00010  2500 00010  
HPD02534403HPCPHT20080800070021400 00060  2500 00060  
HPD02534403HPCPHT20080800090021300 00010  2500 00010  
HPD02534403HPCPHT20080800120021000 00010  2500 00010  
HPD02534403HPCPHT20080800140021700 00010  2500 00010  
HPD02534403HPCPHT20080800150022000 00010  2500 00010  
HPD02534403HPCPHT20080800240021700 00010  2500 00010  
HPD02534403HPCPHT20080800250061900 00050  2100 00020  2200 00020  2300 00010  2400 00010  2500 00110  
HPD02534403HPCPHT20080800260021600 00010  2500 00010  
HPD02534403HPCPHT20080800280021100 00010  2500 00010  
HPD02534403HPCPHT20080900010030100 00000g 1300 00010  2500 00010  
HPD02534403HPCPHT20080900090041300 00010  2300 00030  2400 00010  2500 00050  
HPD02534403HPCPHT20080900120021400 00010  2500 00010  
HPD02534403HPCPHT20080900140021200 00010  2500 00010  
HPD02534403HPCPHT20080900220021200 00010  2500 00010  
HPD02534403HPCPHT20080900270021700 00020  2500 00020  
HPD02534403HPCPHT20081000010020100 00000g 2500 00000  
HPD02534403HPCPHT20081100010020100 00000g 2500 00000  
HPD02534403HPCPHT20081100090021700 00010  2500 00010  
HPD02534403HPCPHT20081100260051100 00010  1300 00010  1900 00010  2000 00010  2500 00040  
HPD02534403HPCPHT20081100270090200 00030  0300 00050  0400 00020  0600 00010  0700 00010  1200 00010  1500 00010  1600 00010  2500 00150  
HPD02534403HPCPHT20081200010020100 00000g 2500 00000  
HPD02534403HPCPHT20081200130020100 99999[ 2500 00000I 
HPD02534403HPCPHT20081200310022400 99999] 2500 00000I 
