HPD02915803HPCPHT20060100010020100 00000g 2500 00000  
HPD02915803HPCPHT20060200010020100 00000g 2500 00000  
HPD02915803HPCPHT20060200280021100 00010  2500 00010  
HPD02915803HPCPHT20060300010020100 00000g 2500 00000  
HPD02915803HPCPHT20060300080021400 00010  2500 00010  
HPD02915803HPCPHT20060300100050600 00010  1200 00010  1900 00010  2400 00010  2500 00040  
HPD02915803HPCPHT20060300110070600 00010  0800 00010  1100 00020  1800 00010  2200 00010  2400 00010  2500 00070  
HPD02915803HPCPHT20060300120040100 00010  0400 00010  0500 00010  2500 00030  
HPD02915803HPCPHT20060300190022400 00010  2500 00010  
HPD02915803HPCPHT20060300200020900 00010  2500 00010  
HPD02915803HPCPHT20060300210031300 00010  1500 00010  2500 00020  
HPD02915803HPCPHT20060300280021600 00010  2500 00010  
HPD02915803HPCPHT20060300290040700 00010  1200 00010  1400 00010  2500 00030  
HPD02915803HPCPHT20060300300021400 00010  2500 00010  
HPD02915803HPCPHT20060300310021200 00010  2500 00010  
HPD02915803HPCPHT20060400010030100 00000g 1100 00010  2500 00010  
HPD02915803HPCPHT20060400050040900 00010  1800 00010  2000 00010  2500 00030  
HPD02915803HPCPHT20060400060021600 00010  2500 00010  
HPD02915803HPCPHT20060400240021600 00010  2500 00010  
HPD02915803HPCPHT20060400280020400 00010  2500 00010  
HPD02915803HPCPHT20060500010020100 00000g 2500 00000  
HPD02915803HPCPHT20060600010020100 00000g 2500 00000  
HPD02915803HPCPHT20060600080021000 00010  2500 00010  
HPD02915803HPCPHT20060600170021500 00010  2500 00010  
HPD02915803HPCPHT20060600230021400 00010  2500 00010  
HPD02915803HPCPHT20060600270051600 00020  1700 00030  1800 00010  1900 00010  2500 00070  
HPD02915803HPCPHT20060600300021200 00010  2500 00010  
HPD02915803HPCPHT20060700010030100 00000g 1100 00010  2500 00010  
HPD02915803HPCPHT20060700040041400 00010  1500 00030  1600 00010  2500 00050  
HPD02915803HPCPHT20060700050021400 00010  2500 00010  
HPD02915803HPCPHT20060700070020700 00010  2500 00010  
HPD02915803HPCPHT20060700080031100 00010  1800 00010  2500 00020  
HPD02915803HPCPHT20060700090021100 00010  2500 00010  
HPD02915803HPCPHT20060700140021800 00010  2500 00010  
HPD02915803HPCPHT20060700200031600 00020  1700 00030  2500 00050  
HPD02915803HPCPHT20060700210021800 00010  2500 00010  
HPD02915803HPCPHT20060700220021300 00010  2500 00010  
HPD02915803HPCPHT20060700250031400 00010  2100 00010  2500 00020  
HPD02915803HPCPHT20060700270021500 00010  2500 00010  
HPD02915803HPCPHT20060700290021300 00010  2500 00010  
HPD02915803HPCPHT20060800010020100 00000g 2500 00000  
HPD02915803HPCPHT20060800050021600 99999[ 2500 00000I 
HPD02915803HPCPHT20060800090021100 99999] 2500 00000I 
HPD02915803HPCPHT20060800100031500 00010  1600 00040  2500 00050  
HPD02915803HPCPHT20060800110031900 00010  2000 00010  2500 00020  
HPD02915803HPCPHT20060800120021700 00010  2500 00010  
HPD02915803HPCPHT20060800140031300 00050  1400 00020  2500 00070  
HPD02915803HPCPHT20060800220031300 00010  1700 00020  2500 00030  
HPD02915803HPCPHT20060800240031500 00010  1700 00010  2500 00020  
HPD02915803HPCPHT20060800260021700 00010  2500 00010  
HPD02915803HPCPHT20060900010030100 00000g 1500 00010  2500 00010  
HPD02915803HPCPHT20060900070031900 00020  2200 00010  2500 00030  
HPD02915803HPCPHT20060900080021500 00010  2500 00010  
HPD02915803HPCPHT20060900090021000 00010  2500 00010  
HPD02915803HPCPHT20060900130041700 00020  1800 00010  1900 00010  2500 00040  
HPD02915803HPCPHT20060900140021500 00030  2500 00030  
HPD02915803HPCPHT20061000010040100 00000g 1100 00010  1700 99999[ 2500 00010I 
HPD02915803HPCPHT20061000120031300 99999] 1700 00010  2500 00010I 
HPD02915803HPCPHT20061000130080100 00010  0200 00020  0500 00010  0600 00010  0700 00010  0800 00020  2400 00010  2500 00090  
HPD02915803HPCPHT20061000160021700 00010  2500 00010  
HPD02915803HPCPHT20061000220021400 00010  2500 00010  
HPD02915803HPCPHT20061000240060900 00010  1200 00010  1400 00020  1500 00010  1900 00010  2500 00060  
HPD02915803HPCPHT20061000250021800 00010  2500 00010  
HPD02915803HPCPHT20061000310021300 00010  2500 00010  
HPD02915803HPCPHT20061100010020100 00000g 2500 00000  
HPD02915803HPCPHT20061200010020100 00000g 2500 00000  
HPD02915803HPCPHT20061200230021100 00010  2500 00010  
HPD02915803HPCPHT20061200280021500 00010  2500 00010  
