HPD02915803HPCPHT20010100010020100 00000g 2500 00000  
HPD02915803HPCPHT20010100080022200 00010  2500 00010  
HPD02915803HPCPHT20010100090060100 00010  0200 00010  0300 00010  0400 00010  0500 00010  2500 00050  
HPD02915803HPCPHT20010100110031900 00010  2000 00010  2500 00020  
HPD02915803HPCPHT20010100120050900 00010  1500 00010  1600 00010  2100 00010  2500 00040  
HPD02915803HPCPHT20010100130021600 00010  2500 00010  
HPD02915803HPCPHT20010100140021600 00010  2500 00010  
HPD02915803HPCPHT20010100150021600 00010  2500 00010  
HPD02915803HPCPHT20010100180041400 00010  1500 00010  1700 00010  2500 00030  
HPD02915803HPCPHT20010100190021300 00010  2500 00010  
HPD02915803HPCPHT20010100270021600 00010  2500 00010  
HPD02915803HPCPHT20010100280041300 00010  1500 00010  1700 00010  2500 00030  
HPD02915803HPCPHT20010200010020100 00000g 2500 00000  
HPD02915803HPCPHT20010200130021800 00010  2500 00010  
HPD02915803HPCPHT20010200140021500 00010  2500 00010  
HPD02915803HPCPHT20010200150041100 00010  1500 00010  1700 00010  2500 00030  
HPD02915803HPCPHT20010200160041300 00010  1400 00010  1500 00010  2500 00030  
HPD02915803HPCPHT20010200260060100 00010  0400 00010  0500 00010  0900 00010  1600 00010  2500 00050  
HPD02915803HPCPHT20010200270032000 00010  2300 00010  2500 00020  
HPD02915803HPCPHT20010200280021200 00010  2500 00010  
HPD02915803HPCPHT20010300010020100 00000g 2500 00000  
HPD02915803HPCPHT20010300070070400 00010  0500 00010  0600 00010  0800 00010  1000 00010  1100 00010  2500 00060  
HPD02915803HPCPHT20010300090052000 00010  2200 00020  2300 00010  2400 00010  2500 00050  
HPD02915803HPCPHT20010300100030200 00010  1100 00010  2500 00020  
HPD02915803HPCPHT20010400010020100 00000g 2500 00000  
HPD02915803HPCPHT20010400060020600 00010  2500 00010  
HPD02915803HPCPHT20010400100031200 00010  1300 00010  2500 00020  
HPD02915803HPCPHT20010400210041200 00010  1400 00010  1700 00010  2500 00030  
HPD02915803HPCPHT20010500010020100 00000g 2500 00000  
HPD02915803HPCPHT20010600010030100 99999[ 0800 99999] 2500 00000I 
HPD02915803HPCPHT20010600220041600 00090 R1700 00020  1900 00010  2500 00120 R
HPD02915803HPCPHT20010600230031800 00030  1900 00010  2500 00040  
HPD02915803HPCPHT20010600240020900 00010  2500 00010  
HPD02915803HPCPHT20010700010020100 00000g 2500 00000  
HPD02915803HPCPHT20010700060021700 00010  2500 00010  
HPD02915803HPCPHT20010700100031400 00010  1600 00010  2500 00020  
HPD02915803HPCPHT20010700250031700 00010  2300 00010  2500 00020  
HPD02915803HPCPHT20010700260030800 00010  1500 00010  2500 00020  
HPD02915803HPCPHT20010800010020100 00000g 2500 00000  
HPD02915803HPCPHT20010800040030100 00010  0900 00010  2500 00020  
HPD02915803HPCPHT20010800050021600 99999{ 2500 00000P 
HPD02915803HPCPHT20010800310022400 99999} 2500 00000P 
HPD02915803HPCPHT20010900010030100 00000g 0200 99999{ 2500 00000P 
HPD02915803HPCPHT20010900140021100 99999} 2500 00000P 
HPD02915803HPCPHT20010900150031500 00020  1900 00010  2500 00030  
HPD02915803HPCPHT20010900300041900 00020  2000 99999{ 2400 99999} 2500 00020P 
HPD02915803HPCPHT20011000010030100 00000g 0200 99999{ 2500 00000P 
HPD02915803HPCPHT20011000190021300 99999} 2500 00000P 
HPD02915803HPCPHT20011000290020800 00010  2500 00010  
HPD02915803HPCPHT20011100010020100 00000g 2500 00000  
HPD02915803HPCPHT20011100050050500 00010  0600 00010  0700 00010  0900 00010  2500 00040  
HPD02915803HPCPHT20011100250030500 00010  0800 00010  2500 00020  
HPD02915803HPCPHT20011100290022200 00010  2500 00010  
HPD02915803HPCPHT20011100300022400 00030 R2500 00030 R
HPD02915803HPCPHT20011200010030100 99999[ 0500 99999] 2500 00000I 
HPD02915803HPCPHT20011200040030600 00010  1300 00020  2500 00030  
HPD02915803HPCPHT20011200110021300 00010  2500 00010  
HPD02915803HPCPHT20011200290031500 00010  1900 00010  2500 00020  
HPD02915803HPCPHT20011200300021700 00010  2500 00010  
