HPD02887500HPCPHI19550600010020100 99999[ 2500 00000I 
HPD02887500HPCPHI19550600300021100 99999] 2500 00000I 
HPD02887500HPCPHI19550700010020100 00000g 2500 00000  
HPD02887500HPCPHI19550700040021200 00004  2500 00004  
HPD02887500HPCPHI19550700100032300 00010  2400 00010  2500 00020  
HPD02887500HPCPHI19550700110030100 00012  2300 00002  2500 00014  
HPD02887500HPCPHI19550700120041200 00003  1300 00018  1400 00003  2500 00024  
HPD02887500HPCPHI19550700130021300 00005  2500 00005  
HPD02887500HPCPHI19550700140061600 00005  1700 00024  1800 00022  1900 00006  2000 00003  2500 00060  
HPD02887500HPCPHI19550700160051400 00011  1500 00003  1600 00010  1700 00001  2500 00025  
HPD02887500HPCPHI19550700170032000 00004  2100 00001  2500 00005  
HPD02887500HPCPHI19550700190051100 00005  1200 00006  1300 00014  1400 00003  2500 00028  
HPD02887500HPCPHI19550700250080900 00001  1000 00007  1100 00027  1200 00005  1300 00002  1900 00001  2000 00002  2500 00045  
HPD02887500HPCPHI19550700290081300 00001  1400 00003  1500 00007  1600 00004  1800 00002  1900 00003  2300 00009  2500 00029  
HPD02887500HPCPHI19550700300040100 00001  1800 00001  1900 00020  2500 00022  
HPD02887500HPCPHI19550700310061400 00019  1500 00011  1600 00006  1700 00006  1800 00003  2500 00045  
HPD02887500HPCPHI19550800010020100 00000g 2500 00000  
HPD02887500HPCPHI19550800020061100 00003  1200 00023  1300 00001  1400 00005  1800 00002  2500 00034  
HPD02887500HPCPHI19550800030021400 00010  2500 00010  
HPD02887500HPCPHI19550800050041300 00002  1400 00012  1500 00001  2500 00015  
HPD02887500HPCPHI19550800070061600 00001  1700 00002  1800 00004  1900 00004  2000 00001  2500 00012  
HPD02887500HPCPHI19550800080061300 00004  1400 00015  1500 00001  1600 00005  1700 00006  2500 00031  
HPD02887500HPCPHI19550800090031400 00002  1500 00028  2500 00030  
HPD02887500HPCPHI19550800100041700 00002  1800 00014  1900 00009  2500 00025  
HPD02887500HPCPHI19550800110041700 00008  1800 00002  1900 00002  2500 00012  
HPD02887500HPCPHI19550800120031300 00008  1400 00001  2500 00009  
HPD02887500HPCPHI19550800130030100 00005  0200 00005  2500 00010  
HPD02887500HPCPHI19550800170031500 00003  1600 00009  2500 00012  
HPD02887500HPCPHI19550800180031400 00008  1500 00002  2500 00010  
HPD02887500HPCPHI19550800190032000 00027  2100 00001  2500 00028  
HPD02887500HPCPHI19550800200081300 00034  1400 00012  1500 00001  2000 00003  2100 00006  2200 00006  2300 00005  2500 00067  
HPD02887500HPCPHI19550800210061500 00003  1600 00012  1700 00013  1800 00006  1900 00001  2500 00035  
HPD02887500HPCPHI19550800220041300 00001  1400 00017  1500 00002  2500 00020  
HPD02887500HPCPHI19550800240031400 00005  1500 00001  2500 00006  
HPD02887500HPCPHI19550800250031600 00006  1700 00002  2500 00008  
HPD02887500HPCPHI19550800260031900 00012  2000 00001  2500 00013  
HPD02887500HPCPHI19550800270051300 00025  1400 00026  1700 00033  1800 00001  2500 00085  
HPD02887500HPCPHI19550800280031200 00002  1300 00004  2500 00006  
HPD02887500HPCPHI19550800290041500 00022  1600 00003  1700 00001  2500 00026  
HPD02887500HPCPHI19550900010020100 00000g 2500 00000  
HPD02887500HPCPHI19550900130031400 00022  1500 00005  2500 00027  
HPD02887500HPCPHI19550900180051100 00012  1300 00018  1500 00020  1800 00006  2500 00056  
HPD02887500HPCPHI19551000010020100 00000g 2500 00000  
HPD02887500HPCPHI19551000030071500 00004  1600 00022  1700 00001  1800 00015  1900 00013  2000 00014  2500 00069  
HPD02887500HPCPHI19551100010020100 00000g 2500 00000  
HPD02887500HPCPHI19551100120041700 00002  1800 00001  2400 00001  2500 00004  
HPD02887500HPCPHI19551100130050100 00001  0200 00001  0300 00003  0400 00003  2500 00008  
HPD02887500HPCPHI19551100140020900 99999a 2500 00000I 
HPD02887500HPCPHI19551100150020900 00068A 2500 00068P 
HPD02887500HPCPHI19551100220030100 99999a 0600 00005A 2500 00005  
HPD02887500HPCPHI19551100300050900 00004  1000 00005  1100 00008  1300 00001  2500 00018  
HPD02887500HPCPHI19551200010020100 00000g 2500 00000  
HPD02887500HPCPHI19551200040021500 99999a 2500 00000I 
HPD02887500HPCPHI19551200050020200 00095A 2500 00095P 
HPD02887500HPCPHI19560100010020100 00000g 2500 00000  
HPD02887500HPCPHI19560100160031600 99999a 2400 00025A 2500 00025  
HPD02887500HPCPHI19560100200022000 99999a 2500 00000I 
HPD02887500HPCPHI19560100210022000 00070A 2500 00070P 
HPD02887500HPCPHI19560100280020800 99999[ 2500 00000I 
HPD02887500HPCPHI19560100290020700 99999] 2500 00000I 
HPD02887500HPCPHI19560100310031000 99999[ 2400 99999] 2500 00000I 
HPD02887500HPCPHI19560200010020100 99999[ 2500 00000I 
HPD02887500HPCPHI19560200020021200 99999] 2500 00000I 
HPD02887500HPCPHI19560200060022200 99999[ 2500 00000I 
HPD02887500HPCPHI19560200070021300 99999] 2500 00000I 
HPD02887500HPCPHI19560200080030500 99999[ 2300 99999] 2500 00000I 
HPD02887500HPCPHI19560200090030100 99999[ 1500 99999] 2500 00000I 
HPD02887500HPCPHI19560200160021900 99999a 2500 00000I 
HPD02887500HPCPHI19560200170020300 00021A 2500 00021P 
HPD02887500HPCPHI19560300010020100 00000g 2500 00000  
HPD02887500HPCPHI19560400010030100 00000g 1500 99999a 2500 00000I 
HPD02887500HPCPHI19560400020021100 00071A 2500 00071P 
HPD02887500HPCPHI19560400140051100 00004  1200 00013  1300 00005  1400 00003  2500 00025  
HPD02887500HPCPHI19560400200031900 99999a 2400 00040A 2500 00040  
HPD02887500HPCPHI19560500010020100 00000g 2500 00000  
HPD02887500HPCPHI19560600010020100 00000g 2500 00000  
HPD02887500HPCPHI19560600100041900 00002  2000 00002  2100 00001  2500 00005  
HPD02887500HPCPHI19560600270041400 00001  1500 00003  1600 00006  2500 00010  
HPD02887500HPCPHI19560600290032000 00010  2100 00041  2500 00051  
HPD02887500HPCPHI19560600300021200 00015  2500 00015  
HPD02887500HPCPHI19560700010020100 00000g 2500 00000  
HPD02887500HPCPHI19560700120081400 00061  1500 00021  1600 00001  1700 00002  1800 00013  1900 00008  2000 00001  2500 00107  
HPD02887500HPCPHI19560700130031400 00016  1500 00011  2500 00027  
HPD02887500HPCPHI19560700170031300 99999a 1800 00100A 2500 00100  
HPD02887500HPCPHI19560700180041500 00025  1700 00001  1800 00001  2500 00027  
HPD02887500HPCPHI19560700190090200 00005  1500 00001  1600 00039  1700 00001  1800 00001  1900 00004  2000 00002  2100 00011  2500 00064  
HPD02887500HPCPHI19560700210061300 00010  1400 00002  1500 00001  1600 00001  1700 00001  2500 00015  
HPD02887500HPCPHI19560700250031100 00008  1200 00001  2500 00009  
HPD02887500HPCPHI19560700270050100 00015  0200 00005  0300 00010  0400 00005  2500 00035  
HPD02887500HPCPHI19560700280051400 00005  1500 00017  1600 00001  1700 00002  2500 00025  
HPD02887500HPCPHI19560700290071300 00001  1400 00001  1500 00001  1600 00016  1700 00011  1800 00002  2500 00032  
HPD02887500HPCPHI19560700300031300 00007  1400 00001  2500 00008  
HPD02887500HPCPHI19560700310051400 00010  1500 00015  1600 00005  1700 00002  2500 00032  
HPD02887500HPCPHI19560800010020100 00000g 2500 00000  
HPD02887500HPCPHI19560800060031700 00030  1800 00002  2500 00032  
HPD02887500HPCPHI19560800120051400 00006  1500 00001  1600 00001  1700 00005  2500 00013  
HPD02887500HPCPHI19560800130031700 00009  1800 00005  2500 00014  
HPD02887500HPCPHI19560800140061500 00001  1600 00003  1700 00005  1800 00018  1900 00007  2500 00034  
HPD02887500HPCPHI19560800150051600 00002  1800 00001  1900 00001  2100 00002  2500 00006  
HPD02887500HPCPHI19560800200041300 00001  1400 00008  1500 00003  2500 00012  
HPD02887500HPCPHI19560800210051500 00016  1600 00005  1700 00001  1800 00001  2500 00023  
HPD02887500HPCPHI19560800230021600 00005  2500 00005  
HPD02887500HPCPHI19560900010020100 00000g 2500 00000  
HPD02887500HPCPHI19561000010020100 00000g 2500 00000  
HPD02887500HPCPHI19561000230021600 99999a 2500 00000I 
HPD02887500HPCPHI19561000240020500 00035A 2500 00035P 
HPD02887500HPCPHI19561000280022300 99999a 2500 00000I 
HPD02887500HPCPHI19561000290021600 00102A 2500 00102P 
HPD02887500HPCPHI19561100010020100 00000g 2500 00000  
HPD02887500HPCPHI19561200010020100 00000g 2500 00000  
HPD02887500HPCPHI19561200070031700 99999a 2100 00055A 2500 00055  
HPD02887500HPCPHI19561200220030800 99999a 1100 00009A 2500 00009  
HPD02887500HPCPHI19570100010020100 00000g 2500 00000  
HPD02887500HPCPHI19570100030051300 00009  1400 00002  1500 00003  1600 00002  2500 00016  
HPD02887500HPCPHI19570100040031300 99999a 1700 00034A 2500 00034  
HPD02887500HPCPHI19570100070081600 00002  1700 00001  1800 00001  2100 00001  2200 00001  2300 00007  2400 00006  2500 00019  
HPD02887500HPCPHI19570100080230100 00009  0200 00011  0300 00006  0400 00007  0500 00011  0600 00008  0700 00005  0800 00004  0900 00004  1000 00002  1200 00001  1300 00004  1400 00002  1600 00001  1700 00007  1800 00004  1900 00001  2000 00002  2100 00001  2200 00001  2300 00001  2400 00010  2500 00102  
HPD02887500HPCPHI19570100090080100 00006  0200 00012  0300 00012  0400 00003  0500 00004  0600 00006  0700 00002  2500 00045  
HPD02887500HPCPHI19570100100190100 00001  0200 00004  0300 00009  0400 00006  0500 00001  0600 00001  0700 00005  0800 00007  0900 00009  1000 00013  1100 00005  1200 00001  1300 00002  1400 00002  1600 00001  2000 00009  2100 00002  2300 00002  2500 00080  
HPD02887500HPCPHI19570100210041200 00009  1300 00013  1400 00009  2500 00031  
HPD02887500HPCPHI19570100270021200 99999[ 2500 00000I 
HPD02887500HPCPHI19570100300021300 99999] 2500 00000I 
HPD02887500HPCPHI19570200010020100 00000g 2500 00000  
HPD02887500HPCPHI19570200040070800 00001  0900 00001  1000 00004  1100 00004  1200 00007  1300 00009  2500 00026  
HPD02887500HPCPHI19570200170061400 00001  1500 00001  2200 00010  2300 00010  2400 00002  2500 00024  
HPD02887500HPCPHI19570200180130200 00001  0300 00005  0500 00002  0600 00004  1200 00004  1300 00002  1400 00003  1500 00005  1600 00001  1800 00001  2200 00001  2300 00001  2500 00030  
HPD02887500HPCPHI19570200190170100 00001  0900 00001  1000 00001  1100 00001  1200 00002  1300 00003  1400 00003  1500 00004  1700 00002  1800 00003  1900 00001  2000 00003  2100 00001  2200 00002  2300 00001  2400 00001  2500 00030  
HPD02887500HPCPHI19570200200040100 00001  0200 00001  0300 00001  2500 00003  
HPD02887500HPCPHI19570200210022400 00002  2500 00002  
HPD02887500HPCPHI19570200220030100 00001  0300 00001  2500 00002  
HPD02887500HPCPHI19570200230021400 99999a 2500 00000I 
HPD02887500HPCPHI19570200240020300 00035A 2500 00035P 
HPD02887500HPCPHI19570300010100100 00000g 1000 00001  1100 00002  1200 00002  1300 00002  1500 00004  1600 00008  1700 00001  1800 00001  2500 00021  
HPD02887500HPCPHI19570300020100600 00001  0700 00001  0800 00001  1000 00004  1100 00007  1200 00006  1300 00005  1500 00007  1700 00002  2500 00034  
HPD02887500HPCPHI19570300030031200 99999a 2200 00039A 2500 00039  
HPD02887500HPCPHI19570300050030900 00001  1000 00006  2500 00007  
HPD02887500HPCPHI19570300100120300 00001  0400 00002  0500 00002  0600 00002  0700 00002  0800 00006  0900 00002  1000 00005  1100 00001  1200 00004  1400 00010  2500 00037  
HPD02887500HPCPHI19570300190101300 00001  1400 00002  1500 00005  1700 00001  2000 00001  2100 00002  2200 00003  2300 00003  2400 00002  2500 00020  
HPD02887500HPCPHI19570300200140100 00002  0200 00001  0300 00001  0400 00001  0900 00002  1000 00010  1100 00008  1200 00001  1300 00001  1400 00007  1500 00002  2300 00002  2400 00002  2500 00040  
HPD02887500HPCPHI19570300210100100 00001  0200 00001  0300 00001  0400 00002  0500 00001  0800 00001  0900 00004  1000 00002  2000 99999a 2500 00013I 
HPD02887500HPCPHI19570300220020800 00040A 2500 00040P 
HPD02887500HPCPHI19570400010040100 00000g 1000 00001  1300 00001  2500 00002  
HPD02887500HPCPHI19570400220031200 99999a 1800 00086A 2500 00086  
HPD02887500HPCPHI19570500010020100 00000g 2500 00000  
HPD02887500HPCPHI19570500060021500 00007  2500 00007  
HPD02887500HPCPHI19570500070081700 00003  1800 00010  2000 00001  2100 00001  2200 00001  2300 00004  2400 00002  2500 00022  
HPD02887500HPCPHI19570500100032100 00002  2200 00001  2500 00003  
HPD02887500HPCPHI19570500110031700 00004  1800 00001  2500 00005  
HPD02887500HPCPHI19570500120090800 00005  0900 00001  1400 00019  1500 00021  1600 00001  1700 00001  1800 00001  1900 00002  2500 00051  
HPD02887500HPCPHI19570500190052000 00006  2100 00006  2200 00013  2300 00004  2500 00029  
HPD02887500HPCPHI19570600010020100 00000g 2500 00000  
HPD02887500HPCPHI19570600020031500 00001  1600 00001  2500 00002  
HPD02887500HPCPHI19570600030041200 00002  1300 00001  1600 00010  2500 00013  
HPD02887500HPCPHI19570600040021700 00025  2500 00025  
HPD02887500HPCPHI19570600100071500 00002  1600 00005  1700 00012  1800 00013  1900 00005  2000 00003  2500 00040  
HPD02887500HPCPHI19570600110031000 00001  1600 00001  2500 00002  
HPD02887500HPCPHI19570600190051500 00001  1700 00001  1900 00001  2100 00002  2500 00005  
HPD02887500HPCPHI19570600290021800 00005  2500 00005  
HPD02887500HPCPHI19570700010020100 00000g 2500 00000  
HPD02887500HPCPHI19570700100022200 00013  2500 00013  
HPD02887500HPCPHI19570700120031600 00004  1700 00002  2500 00006  
HPD02887500HPCPHI19570700140031600 00015  1700 00001  2500 00016  
HPD02887500HPCPHI19570700150031300 00017  1400 00003  2500 00020  
HPD02887500HPCPHI19570700160042200 00001  2300 00025  2400 00015  2500 00041  
HPD02887500HPCPHI19570700170040100 00005  0200 00001  0300 00002  2500 00008  
HPD02887500HPCPHI19570700240041300 00011  1400 00010  1500 00003  2500 00024  
HPD02887500HPCPHI19570700250041000 00002  1100 00002  1600 00008  2500 00012  
HPD02887500HPCPHI19570700260110400 00003  0700 00006  1100 00003  1200 00002  1300 00014  1400 00024  1500 00012  1600 00002  1700 00002  1900 00001  2500 00069  
HPD02887500HPCPHI19570700300041500 00029  1600 00009  1700 00001  2500 00039  
HPD02887500HPCPHI19570700310032300 00002  2400 00002  2500 00004  
HPD02887500HPCPHI19570800010070100 00002  0200 00001  1300 00016  1400 00010  1500 00012  1600 00003  2500 00044  
HPD02887500HPCPHI19570800020051700 00002  1800 00005  1900 00002  2000 00001  2500 00010  
HPD02887500HPCPHI19570800030031600 00010  1700 00003  2500 00013  
HPD02887500HPCPHI19570800040061000 00008  1100 00016  1200 00001  1300 00003  1500 00017  2500 00045  
HPD02887500HPCPHI19570800050042200 00022  2300 00006  2400 00007  2500 00035  
HPD02887500HPCPHI19570800060030100 00002  0200 00002  2500 00004  
HPD02887500HPCPHI19570800100071400 00005  1500 00110  1600 00030  1700 00005  1800 00010  1900 00002  2500 00162  
HPD02887500HPCPHI19570800120021700 00004  2500 00004  
HPD02887500HPCPHI19570800130051200 00002  1400 00001  1500 00007  1600 00008  2500 00018  
HPD02887500HPCPHI19570800160041200 00001  1300 00005  1400 00002  2500 00008  
HPD02887500HPCPHI19570800170031600 00002  2000 00001  2500 00003  
HPD02887500HPCPHI19570800190052000 00016  2200 00018  2300 00009  2400 00003  2500 00046  
HPD02887500HPCPHI19570800200040100 00009  0200 00007  0300 00002  2500 00018  
HPD02887500HPCPHI19570800220041900 00002  2000 00002  2100 00001  2500 00005  
HPD02887500HPCPHI19570800230042200 00002  2300 00009  2400 00005  2500 00016  
HPD02887500HPCPHI19570800240060100 00019  0200 00004  0300 00001  0400 00001  1200 00024  2500 00049  
HPD02887500HPCPHI19570800250071600 00003  1700 00006  1800 00001  1900 00001  2200 00005  2400 00002  2500 00018  
HPD02887500HPCPHI19570800260030100 00005  1700 00006  2500 00011  
HPD02887500HPCPHI19570800280031600 00007  1700 00002  2500 00009  
HPD02887500HPCPHI19570800300081300 00001  1400 00002  1500 00002  1600 00023  1700 00002  1900 00001  2000 00002  2500 00033  
HPD02887500HPCPHI19570900010020100 00000g 2500 00000  
HPD02887500HPCPHI19570900060031300 00030  1400 00002  2500 00032  
HPD02887500HPCPHI19571000010020100 00000g 2500 00000  
HPD02887500HPCPHI19571000050041300 00002  1400 00001  1600 00001  2500 00004  
HPD02887500HPCPHI19571000060061200 00002  1400 00001  1500 00001  1700 00001  1800 00002  2500 00007  
HPD02887500HPCPHI19571000150031500 99999a 1900 00265A 2500 00265  
HPD02887500HPCPHI19571000160031200 00001  1300 00001  2500 00002  
HPD02887500HPCPHI19571000220031100 00009  1200 00015  2500 00024  
HPD02887500HPCPHI19571000280160100 00001  0200 00005  0300 00001  0400 00009  0600 00001  0700 00001  0800 00002  1100 00004  1200 00002  1300 00004  1400 00001  1500 00017  1600 00008  1700 00003  1800 00002  2500 00061  
HPD02887500HPCPHI19571000310070800 00001  0900 00026  1000 00005  1100 00001  1400 00011  1500 00003  2500 00047  
HPD02887500HPCPHI19571100010040100 00000g 0300 00001  0400 00001  2500 00002  
HPD02887500HPCPHI19571100040031700 00001  2300 99999a 2500 00001I 
HPD02887500HPCPHI19571100050020300 00025A 2500 00025P 
HPD02887500HPCPHI19571100060041400 00003  1500 00002  1600 00005  2500 00010  
HPD02887500HPCPHI19571100150032300 00010  2400 00003  2500 00013  
HPD02887500HPCPHI19571100160170100 00007  0200 00010  0300 00018  0400 00019  0500 00003  0700 00003  0800 00006  0900 00001  1000 00003  1100 00002  1200 00005  1300 00004  1400 00001  1600 00008  1800 00001  2100 00001  2500 00092  
HPD02887500HPCPHI19571100170050800 00003  1400 00004  1500 00004  1700 00002  2500 00013  
HPD02887500HPCPHI19571200010020100 00000g 2500 00000  
HPD02887500HPCPHI19571200050140600 00001  0700 00001  0800 00005  0900 00007  1000 00003  1100 00001  1800 00001  1900 00002  2000 00005  2100 00005  2200 00004  2300 00017  2400 00005  2500 00057  
HPD02887500HPCPHI19571200150061400 00002  1500 00013  1600 00003  1700 00003  2000 00001  2500 00022  
HPD02887500HPCPHI19571200240030500 00001  0600 00002  2500 00003  
HPD02887500HPCPHI19580100010020100 00000g 2500 00000  
HPD02887500HPCPHI19580100040090800 00002  1000 00002  1100 00006  1200 00003  1300 00001  1500 00002  1600 00001  1800 00005  2500 00022  
HPD02887500HPCPHI19580100260022100 00009  2500 00009  
HPD02887500HPCPHI19580100270030200 00003  0300 00002  2500 00005  
HPD02887500HPCPHI19580200010020100 00000g 2500 00000  
HPD02887500HPCPHI19580200030032300 00002  2400 00001  2500 00003  
HPD02887500HPCPHI19580200040100300 00001  0400 00004  0500 00006  0600 00002  0800 00010  0900 00010  1000 00023  1100 00025  1200 99999a 2500 00081I 
HPD02887500HPCPHI19580200050061200 00137A 1300 00002  1400 00001  1600 00002  1700 00002  2500 00144P 
HPD02887500HPCPHI19580200130031400 00003  1500 00005  2500 00008  
HPD02887500HPCPHI19580200200090800 00001  1000 00001  1200 00006  1300 00010  1600 00005  1900 00015  2000 00026  2100 00011  2500 00075  
HPD02887500HPCPHI19580200220061600 00003  1700 00002  1800 00001  2000 00001  2100 00001  2500 00008  
HPD02887500HPCPHI19580200230021800 00003  2500 00003  
HPD02887500HPCPHI19580200240030300 00001  0400 00001  2500 00002  
HPD02887500HPCPHI19580200250111500 00001  1600 00002  1700 00006  1800 00012  1900 00003  2000 00001  2100 00001  2200 00005  2300 00019  2400 00016  2500 00066  
HPD02887500HPCPHI19580200260040100 00002  0200 00008  0300 00001  2500 00011  
HPD02887500HPCPHI19580300010020100 00000g 2500 00000  
HPD02887500HPCPHI19580300030130300 00002  0400 00002  0500 00001  0600 00001  0700 00004  0800 00006  1200 00001  1300 00005  1400 00003  1500 00002  1600 00001  2400 00004  2500 00032  
HPD02887500HPCPHI19580300040120100 00003  0200 00004  0300 00001  0400 00006  0500 00002  0800 00006  1000 00003  1100 00003  1300 00003  1600 00001  1700 00001  2500 00033  
HPD02887500HPCPHI19580300050081800 00001  1900 00007  2000 00019  2100 00009  2200 00009  2300 00003  2400 00001  2500 00049  
HPD02887500HPCPHI19580300060120200 00001  0400 00001  0500 00004  0600 00006  0700 00004  1000 00002  1100 00001  1800 00005  1900 00003  2300 00009  2400 00007  2500 00043  
HPD02887500HPCPHI19580300070180200 00001  0300 00002  0400 00005  0500 00015  0600 00015  0700 00013  0800 00009  0900 00005  1000 00002  1500 00001  1600 00003  1700 00001  1800 00003  1900 00002  2000 00002  2100 00001  2200 00001  2500 00081  
HPD02887500HPCPHI19580300110021600 99999a 2500 00000I 
HPD02887500HPCPHI19580300120021500 00080A 2500 00080P 
HPD02887500HPCPHI19580300130050100 00002  0400 00001  0500 00001  0600 00001  2500 00005  
HPD02887500HPCPHI19580300160170200 00003  0300 00002  0400 00003  0500 00001  0600 00001  0900 00002  1200 00002  1300 00008  1400 00013  1500 00014  1600 00011  1700 00007  1800 00004  1900 00001  2200 00002  2300 00003  2500 00077  
HPD02887500HPCPHI19580300170120100 00002  0200 00002  0300 00003  0500 00001  0600 00002  0900 00002  1000 00001  1100 00007  1200 00002  1300 00001  1400 00002  2500 00025  
HPD02887500HPCPHI19580300210052100 00002  2200 00001  2300 00006  2400 00003  2500 00012  
HPD02887500HPCPHI19580300220170100 00008  0200 00009  0300 00003  0400 00003  0500 00004  0600 00007  0700 00006  0800 00025  0900 00025  1000 00001  1100 00018  1200 00004  1300 00007  1400 00004  1500 00002  1600 00007  2500 00133  
HPD02887500HPCPHI19580300270032100 00017  2200 00008  2500 00025  
HPD02887500HPCPHI19580300280080200 00001  0300 00001  0400 00003  0500 00002  0600 00003  0700 00001  0800 00001  2500 00012  
HPD02887500HPCPHI19580400010020100 00000g 2500 00000  
HPD02887500HPCPHI19580400020030100 99999a 0900 00045A 2500 00045  
HPD02887500HPCPHI19580400080030500 99999a 2100 00090A 2500 00090  
HPD02887500HPCPHI19580400160070200 99999a 1100 00023A 1400 00001  1500 00004  1600 00002  1700 00001  2500 00031  
HPD02887500HPCPHI19580500010020100 00000g 2500 00000  
HPD02887500HPCPHI19580500020021900 00005  2500 00005  
HPD02887500HPCPHI19580500110040700 00004  0800 00007  1100 00013  2500 00024  
HPD02887500HPCPHI19580600010020100 00000g 2500 00000  
HPD02887500HPCPHI19580600050031700 00010  1800 00005  2500 00015  
HPD02887500HPCPHI19580600200031300 00040  1400 00002  2500 00042  
HPD02887500HPCPHI19580600290050200 00002  0300 00001  0400 00001  0500 00002  2500 00006  
HPD02887500HPCPHI19580700010020100 00000g 2500 00000  
HPD02887500HPCPHI19580700050041500 00006  1700 00007  2300 00004  2500 00017  
HPD02887500HPCPHI19580700160041700 00083  1800 00054  1900 00010  2500 00147  
HPD02887500HPCPHI19580700180030300 99999[ 0700 99999] 2500 00000I 
HPD02887500HPCPHI19580700260051600 00023  1700 00002  1800 00005  1900 00009  2500 00039  
HPD02887500HPCPHI19580700280051500 00002  1600 00015  1700 00020  1800 00005  2500 00042  
HPD02887500HPCPHI19580700290040500 00001  0600 00001  1500 00005  2500 00007  
HPD02887500HPCPHI19580700300090100 00001  0200 00001  0300 00005  0400 00001  1700 00010  1800 00005  1900 00075  2000 00018  2500 00116  
HPD02887500HPCPHI19580700310051800 00001  1900 00009  2000 00012  2100 00004  2500 00026  
HPD02887500HPCPHI19580800010020100 00000g 2500 00000  
HPD02887500HPCPHI19580800020071300 00049  1400 00097  1500 00016  1600 00027  1700 00001  1800 00002  2500 00192  
HPD02887500HPCPHI19580800030031700 00002  1800 00002  2500 00004  
HPD02887500HPCPHI19580800060021400 00005  2500 00005  
HPD02887500HPCPHI19580800100051500 00010  1600 00015  1800 00003  1900 00007  2500 00035  
HPD02887500HPCPHI19580800110041500 00001  1600 00011  1700 00002  2500 00014  
HPD02887500HPCPHI19580800120032300 00032  2400 00013  2500 00045  
HPD02887500HPCPHI19580800130020100 00005  2500 00005  
HPD02887500HPCPHI19580800140031500 00002  1600 00004  2500 00006  
HPD02887500HPCPHI19580800150041800 00018  1900 00008  2000 00001  2500 00027  
HPD02887500HPCPHI19580800160041700 00001  1800 00004  1900 00001  2500 00006  
HPD02887500HPCPHI19580800190031900 00027  2200 00001  2500 00028  
HPD02887500HPCPHI19580800220031500 00053  1600 00005  2500 00058  
HPD02887500HPCPHI19580800280031700 00003  1800 00002  2500 00005  
HPD02887500HPCPHI19580900010020100 00000g 2500 00000  
HPD02887500HPCPHI19580900020031700 00003  1800 00002  2500 00005  
HPD02887500HPCPHI19580900040061600 00004  1700 00020  1800 00001  2000 00002  2100 00008  2500 00035  
HPD02887500HPCPHI19580900060081300 00001  1500 00008  1600 00001  2100 00016  2200 00015  2300 00010  2400 00005  2500 00056  
HPD02887500HPCPHI19580900070030100 00015  0200 00001  2500 00016  
HPD02887500HPCPHI19580900080032200 00016  2300 00005  2500 00021  
HPD02887500HPCPHI19580900100051500 00004  1600 00002  1700 00001  1800 00001  2500 00008  
HPD02887500HPCPHI19580900120080400 00002  0500 00001  1600 00016  1900 00024  2000 00001  2300 00002  2400 00023  2500 00069  
HPD02887500HPCPHI19580900130090100 00030  0500 00001  0600 00009  0700 00003  0800 00004  0900 00003  2300 00024  2400 00006  2500 00080  
HPD02887500HPCPHI19580900230030700 00005  1800 00005  2500 00010  
HPD02887500HPCPHI19580900260090900 00028  1000 00005  1100 00001  1200 00005  1300 00001  1600 00005  1700 00002  1800 00003  2500 00050  
HPD02887500HPCPHI19580900270040300 00005  1700 00001  1800 00002  2500 00008  
HPD02887500HPCPHI19581000010020100 00000g 2500 00000  
HPD02887500HPCPHI19581000050210400 00001  0500 00003  0600 00001  0800 00001  0900 00003  1000 00011  1100 00013  1200 00018  1300 00018  1400 00001  1500 00027  1600 00044  1700 00019  1800 00036  1900 00001  2000 00013  2100 00002  2200 00001  2300 00002  2400 00005  2500 00220  
HPD02887500HPCPHI19581000060080100 00003  0200 00002  0400 00001  0500 00001  0700 00008  1600 00015  1700 00015  2500 00045  
HPD02887500HPCPHI19581000110031400 00014  1500 00001  2500 00015  
HPD02887500HPCPHI19581000140031900 00002  2000 00003  2500 00005  
HPD02887500HPCPHI19581000270042200 00014  2300 00004  2400 00001  2500 00019  
HPD02887500HPCPHI19581000280051100 00001  1300 00001  1400 00002  1800 00001  2500 00005  
HPD02887500HPCPHI19581000290041400 00002  1500 00002  1600 00001  2500 00005  
HPD02887500HPCPHI19581100010020100 00000g 2500 00000  
HPD02887500HPCPHI19581100110032300 00001  2400 00002  2500 00003  
HPD02887500HPCPHI19581100120040200 00008  0300 00001  0400 00008  2500 00017  
HPD02887500HPCPHI19581100150021500 99999a 2500 00000I 
HPD02887500HPCPHI19581100170020300 00172A 2500 00172P 
HPD02887500HPCPHI19581100270090100 00002  0300 00003  0500 00001  0700 00001  0800 00001  1000 00001  1100 00001  1200 00003  2500 00013  
HPD02887500HPCPHI19581200010020100 00000g 2500 00000  
HPD02887500HPCPHI19581200280031800 00013  1900 00002  2500 00015  
HPD02887500HPCPHI19590100010020100 00000g 2500 00000  
HPD02887500HPCPHI19590100030100300 00001  0400 00001  0500 00003  0600 00001  0700 00001  0900 00002  1000 00001  1100 00002  1200 00001  2500 00013  
HPD02887500HPCPHI19590100060071700 00003  1800 00004  1900 00006  2000 00001  2300 00002  2400 00003  2500 00019  
HPD02887500HPCPHI19590100070040100 00002  0200 00002  0300 00001  2500 00005  
HPD02887500HPCPHI19590100200060300 00003  0600 00012  0700 00005  0800 00003  0900 00002  2500 00025  
HPD02887500HPCPHI19590200010020100 00000g 2500 00000  
HPD02887500HPCPHI19590200020130700 00002  0800 00003  1000 00001  1300 00003  1400 00001  1800 00004  1900 00004  2000 00004  2100 00008  2200 00002  2300 00001  2400 00002  2500 00035  
HPD02887500HPCPHI19590200080022000 99999a 2500 00000I 
HPD02887500HPCPHI19590200090021400 00125A 2500 00125P 
HPD02887500HPCPHI19590200120022400 99999a 2500 00000I 
HPD02887500HPCPHI19590200130020700 00025A 2500 00025P 
HPD02887500HPCPHI19590200210081400 00012  1500 00004  1600 00001  1700 00001  1800 00001  2100 00016  2200 00007  2500 00042  
HPD02887500HPCPHI19590200220060200 00003  0300 00006  0400 00001  0500 00001  0700 00004  2500 00015  
HPD02887500HPCPHI19590300010020100 00000g 2500 00000  
HPD02887500HPCPHI19590300240031300 00004  1400 00001  2500 00005  
HPD02887500HPCPHI19590300250030100 00004  0200 00001  2500 00005  
HPD02887500HPCPHI19590400010020100 00000g 2500 00000  
HPD02887500HPCPHI19590400060061900 00006  2100 00006  2200 00014  2300 00004  2400 00001  2500 00031  
HPD02887500HPCPHI19590400070030200 00008  0400 00005  2500 00013  
HPD02887500HPCPHI19590400160031200 00009  1300 00004  2500 00013  
HPD02887500HPCPHI19590500010020100 00000g 2500 00000  
HPD02887500HPCPHI19590600010020100 00000g 2500 00000  
HPD02887500HPCPHI19590600150022000 00004  2500 00004  
HPD02887500HPCPHI19590600160021700 00002  2500 00002  
HPD02887500HPCPHI19590600180041500 00005  1800 00001  1900 00001  2500 00007  
HPD02887500HPCPHI19590600230021300 00001  2500 00001  
HPD02887500HPCPHI19590700010020100 00000g 2500 00000  
HPD02887500HPCPHI19590700030060100 00060  0200 00011  1600 00004  2000 00027  2400 00006  2500 00108  
HPD02887500HPCPHI19590700040040100 00002  0200 00012  1800 00006  2500 00020  
HPD02887500HPCPHI19590700090041300 00001  1400 00010  1500 00003  2500 00014  
HPD02887500HPCPHI19590700100031400 00022  1500 00005  2500 00027  
HPD02887500HPCPHI19590700130051600 00003  1700 00002  1800 00017  1900 00003  2500 00025  
HPD02887500HPCPHI19590700150032100 00015  2200 00002  2500 00017  
HPD02887500HPCPHI19590700190031500 00002  2000 00101  2500 00103  
HPD02887500HPCPHI19590700200021700 00003  2500 00003  
HPD02887500HPCPHI19590700210031600 00002  1700 00001  2500 00003  
HPD02887500HPCPHI19590700220031400 00029  1500 00002  2500 00031  
HPD02887500HPCPHI19590700240031900 00002  2000 00002  2500 00004  
HPD02887500HPCPHI19590700270051500 00011  1600 00001  2100 00022  2400 00001  2500 00035  
HPD02887500HPCPHI19590700280050200 00001  0300 00001  1400 00002  1500 00012  2500 00016  
HPD02887500HPCPHI19590700300022300 00015  2500 00015  
HPD02887500HPCPHI19590700310041300 00001  1400 00001  1600 00001  2500 00003  
HPD02887500HPCPHI19590800010070100 00000g 1400 00012  1500 00025  1700 00002  1800 00008  1900 00015  2500 00062  
HPD02887500HPCPHI19590800020032100 00115  2200 00008  2500 00123  
HPD02887500HPCPHI19590800040030300 00025  0400 00005  2500 00030  
HPD02887500HPCPHI19590800060070800 00025  0900 00002  1000 00030  1400 00003  1700 00002  1800 00002  2500 00064  
HPD02887500HPCPHI19590800070030500 00002  0600 00002  2500 00004  
HPD02887500HPCPHI19590800090021300 00012  2500 00012  
HPD02887500HPCPHI19590800100052100 00010  2200 00042  2300 00030  2400 00006  2500 00088  
HPD02887500HPCPHI19590800110030200 00001  0300 00001  2500 00002  
HPD02887500HPCPHI19590800130041800 00018  1900 00023  2000 00002  2500 00043  
HPD02887500HPCPHI19590800160031300 00004  1400 00016  2500 00020  
HPD02887500HPCPHI19590800170071600 00001  1700 00002  1800 00020  1900 00013  2000 00006  2100 00003  2500 00045  
HPD02887500HPCPHI19590800180051200 00001  1300 00002  1400 00001  1500 00001  2500 00005  
HPD02887500HPCPHI19590800190110300 00002  0400 00004  0500 00005  0600 00040  0700 00017  0800 00002  0900 00001  1100 00022  1200 00005  1300 00003  2500 00101  
HPD02887500HPCPHI19590800200040600 00018  0700 00006  1800 00002  2500 00026  
HPD02887500HPCPHI19590800210061700 00002  1800 00010  1900 00001  2000 00007  2300 00015  2500 00035  
HPD02887500HPCPHI19590800240051900 00025  2000 00100  2100 00008  2200 00003  2500 00136  
HPD02887500HPCPHI19590800250031400 00004  1500 00002  2500 00006  
HPD02887500HPCPHI19590800260041400 00003  1500 00005  1600 00002  2500 00010  
HPD02887500HPCPHI19590800270041400 00005  1500 00038  1600 00002  2500 00045  
HPD02887500HPCPHI19590800280031600 00003  1700 00002  2500 00005  
HPD02887500HPCPHI19590900010020100 00000g 2500 00000  
HPD02887500HPCPHI19590900150040100 00002  0200 00005  0300 00001  2500 00008  
HPD02887500HPCPHI19590900240060800 00005  0900 00004  1000 00003  1100 00004  1200 00001  2500 00017  
HPD02887500HPCPHI19591000010150100 00000g 1000 00003  1300 00002  1400 00001  1500 00003  1600 00007  1700 00006  1800 00020  1900 00007  2000 00003  2100 00005  2200 00005  2300 00001  2400 00003  2500 00066  
HPD02887500HPCPHI19591000020160300 00001  0500 00005  0600 00001  0700 00006  0800 00007  0900 00001  1000 00003  1100 00001  1200 00001  1400 00001  1500 00001  1600 00003  1700 00006  1800 00001  1900 00005  2500 00043  
HPD02887500HPCPHI19591000280022400 00002  2500 00002  
HPD02887500HPCPHI19591000290230100 00001  0200 00001  0300 00001  0400 00009  0500 00001  0600 00004  0700 00011  0800 00006  0900 00004  1000 00001  1100 00014  1200 00028  1300 00001  1400 00001  1600 00001  1700 00007  1800 00012  1900 00015  2100 00002  2200 00003  2300 00005  2400 00001  2500 00129  
HPD02887500HPCPHI19591000300210100 00002  0200 00002  0400 00006  0500 00006  0600 00003  0700 00002  0900 00003  1000 00005  1100 00005  1200 00001  1300 00024  1400 00010  1500 00013  1600 00009  1700 00011  1800 00007  1900 00010  2000 00008  2100 00007  2200 00003  2500 00137  
HPD02887500HPCPHI19591000310180200 00001  0300 00001  0500 00003  0600 00003  0700 00004  0800 00007  0900 00003  1000 00003  1100 00002  1200 00005  1300 00002  1400 00001  1500 00002  1800 00002  1900 00003  2200 00010  2300 00009  2500 00061  
HPD02887500HPCPHI19591100010070100 00000g 0300 00001  0500 00002  0600 00001  0900 00001  1000 00001  2500 00006  
HPD02887500HPCPHI19591100020110300 00001  0400 00009  0500 00005  0600 00005  0700 00013  0800 00002  1100 00035  1200 00009  1300 00006  1400 00013  2500 00098  
HPD02887500HPCPHI19591100030070300 00001  0400 00001  0500 00002  0600 00001  1000 00001  1100 00002  2500 00008  
HPD02887500HPCPHI19591100140052100 00001  2200 00006  2300 00020  2400 00005  2500 00032  
HPD02887500HPCPHI19591100150090300 00001  0400 00001  0700 00002  0800 00002  0900 00001  1000 00001  1200 00007  1300 00001  2500 00016  
HPD02887500HPCPHI19591200010020100 00000g 2500 00000  
HPD02887500HPCPHI19591200090110400 00002  0600 00003  0700 00013  0800 00009  0900 00008  1000 00007  1100 00003  1200 00002  1300 00001  1400 00001  2500 00049  
HPD02887500HPCPHI19591200100160500 00001  0600 00002  0700 00002  0800 00003  0900 00001  1100 00002  1200 00003  1300 00002  1400 00001  1500 00004  1600 00009  1700 00011  1800 00014  1900 00005  2000 00001  2500 00061  
HPD02887500HPCPHI19591200130032300 00005  2400 00005  2500 00010  
HPD02887500HPCPHI19591200140160100 00007  0300 00001  0400 00002  0500 00004  0600 00008  0700 00007  0800 00011  0900 00012  1000 00010  1100 00012  1200 00012  1300 00010  1400 00003  1500 00002  1600 00001  2500 00102  
HPD02887500HPCPHI19591200200022100 00003  2500 00003  
HPD02887500HPCPHI19591200240021400 99999a 2500 00000I 
HPD02887500HPCPHI19591200260020600 00275A 2500 00275P 
HPD02887500HPCPHI19591200310031100 99999[ 2100 99999] 2500 00000I 
HPD02887500HPCPHI19600100010040100 00000g 0500 99999[ 1600 99999] 2500 00000I 
HPD02887500HPCPHI19600100100041400 00001  1500 00002  2400 00001  2500 00004  
HPD02887500HPCPHI19600100110020200 99999a 2500 00000I 
HPD02887500HPCPHI19600100130031600 00165A 1700 99999a 2500 00165P 
HPD02887500HPCPHI19600100170020400 00330A 2500 00330P 
HPD02887500HPCPHI19600200010020100 00000g 2500 00000  
HPD02887500HPCPHI19600200020100700 00015  0800 00010  0900 00004  1000 00004  1200 00014  1300 00016  1400 00001  1500 00002  1600 00001  2500 00067  
HPD02887500HPCPHI19600200100111100 00001  1200 00001  1400 00001  1500 00002  1600 00001  1700 00003  1800 00001  1900 00001  2000 00003  2100 00001  2500 00015  
HPD02887500HPCPHI19600200190061200 00001  1300 00004  1400 00001  1900 00001  2200 00003  2500 00010  
HPD02887500HPCPHI19600200230041700 00006  1800 00003  1900 00001  2500 00010  
HPD02887500HPCPHI19600200240060200 00004  0300 00001  0400 00002  0500 00003  0800 00001  2500 00011  
HPD02887500HPCPHI19600200270061400 00001  1600 00002  1700 00004  1800 00003  1900 00001  2500 00011  
HPD02887500HPCPHI19600200290091100 00001  1200 00002  1300 00001  1400 00001  1500 00003  1600 00001  1700 00001  2400 00001  2500 00011  
HPD02887500HPCPHI19600300010190100 00003  0200 00001  0500 00001  0600 00007  0700 00001  0800 00009  0900 00004  1000 00005  1100 00008  1200 00005  1300 00002  1400 00001  1500 00011  1600 00006  1800 00001  2100 00004  2300 00001  2400 00002  2500 00072  
HPD02887500HPCPHI19600300020080200 00001  0300 00010  0400 00001  0500 00004  0800 00001  1700 00001  1800 00001  2500 00019  
HPD02887500HPCPHI19600300230041700 00015  1800 00011  1900 00004  2500 00030  
HPD02887500HPCPHI19600300240040700 00004  0800 00009  0900 00001  2500 00014  
HPD02887500HPCPHI19600400010020100 00000g 2500 00000  
HPD02887500HPCPHI19600400120052100 00002  2200 00006  2300 00010  2400 00005  2500 00023  
HPD02887500HPCPHI19600400280022400 00002  2500 00002  
HPD02887500HPCPHI19600400290050100 00008  0200 00001  0400 00003  0600 00001  2500 00013  
HPD02887500HPCPHI19600500010020100 00000g 2500 00000  
HPD02887500HPCPHI19600500040100200 00002  0300 00003  1000 00002  1100 00004  1200 00003  1400 00005  2200 00003  2300 00001  2400 00004  2500 00027  
HPD02887500HPCPHI19600500050110100 00022  0200 00020  0300 00020  0400 00004  0500 00001  0600 00005  0800 00001  0900 00004  1000 00001  1100 00002  2500 00080  
HPD02887500HPCPHI19600600010020100 00000g 2500 00000  
HPD02887500HPCPHI19600600050031600 00004  1700 00001  2500 00005  
HPD02887500HPCPHI19600600060021200 00003  2500 00003  
HPD02887500HPCPHI19600600110041400 00015  1500 00006  1600 00001  2500 00022  
HPD02887500HPCPHI19600700010020100 00000g 2500 00000  
HPD02887500HPCPHI19600700040030800 00004  0900 00001  2500 00005  
HPD02887500HPCPHI19600700070031300 00001  1400 00022  2500 00023  
HPD02887500HPCPHI19600700080021700 00005  2500 00005  
HPD02887500HPCPHI19600700170021600 00006  2500 00006  
HPD02887500HPCPHI19600700180031300 00001  1400 00001  2500 00002  
HPD02887500HPCPHI19600700210021700 00008  2500 00008  
HPD02887500HPCPHI19600700220021300 00006  2500 00006  
HPD02887500HPCPHI19600700230031600 00004  1700 00033  2500 00037  
HPD02887500HPCPHI19600700240021500 00004  2500 00004  
HPD02887500HPCPHI19600700250021400 00036  2500 00036  
HPD02887500HPCPHI19600700260031400 00004  1700 00005  2500 00009  
HPD02887500HPCPHI19600700280031700 00010  1800 00030  2500 00040  
HPD02887500HPCPHI19600700290022100 00035  2500 00035  
HPD02887500HPCPHI19600700300030100 00002  0700 00002  2500 00004  
HPD02887500HPCPHI19600800010020100 00000g 2500 00000  
HPD02887500HPCPHI19600800050041400 00002  1500 00010  1600 00001  2500 00013  
HPD02887500HPCPHI19600800060031300 00002  1400 00003  2500 00005  
HPD02887500HPCPHI19600800070021400 00003  2500 00003  
HPD02887500HPCPHI19600800080021400 00003  2500 00003  
HPD02887500HPCPHI19600800100071200 00033  1300 00012  1400 00003  1600 00001  2000 00005  2100 00002  2500 00056  
HPD02887500HPCPHI19600800110031700 00005  1800 00001  2500 00006  
HPD02887500HPCPHI19600800140050400 00002  1600 00014  1800 00001  1900 00001  2500 00018  
HPD02887500HPCPHI19600800150041700 00005  1800 00001  1900 00002  2500 00008  
HPD02887500HPCPHI19600800230030700 99999a 1100 00108A 2500 00108  
HPD02887500HPCPHI19600800300031300 99999[ 1800 99999] 2500 00000I 
HPD02887500HPCPHI19600900010020100 00000g 2500 00000  
HPD02887500HPCPHI19600900050031200 99999[ 2200 99999] 2500 00000I 
HPD02887500HPCPHI19600900060031500 99999[ 1900 99999] 2500 00000I 
HPD02887500HPCPHI19600900090051300 00020  1400 00052  1500 00007  1600 00001  2500 00080  
HPD02887500HPCPHI19600900190021500 00020  2500 00020  
HPD02887500HPCPHI19600900200020600 00003  2500 00003  
HPD02887500HPCPHI19601000010060100 00000g 0300 00001  0600 00001  0700 00001  0800 00002  2500 00005  
HPD02887500HPCPHI19601000030070500 00004  0600 00002  0700 00002  1100 00001  1200 00001  1300 00001  2500 00011  
HPD02887500HPCPHI19601000080052100 00005  2200 00012  2300 00022  2400 00024  2500 00063  
HPD02887500HPCPHI19601000090040100 00022  0200 00002  0600 00003  2500 00027  
HPD02887500HPCPHI19601000140071800 00013  2000 00010  2100 00004  2200 00002  2300 00003  2400 00003  2500 00035  
HPD02887500HPCPHI19601000150080100 00001  0200 00001  0300 00004  0400 00003  0500 00001  0800 00002  0900 00001  2500 00013  
HPD02887500HPCPHI19601000160110300 00001  0400 00013  0500 00003  0600 00001  0700 00002  1700 00001  1800 00001  2000 00001  2300 00002  2400 00004  2500 00029  
HPD02887500HPCPHI19601000170140100 00001  0500 00001  0600 00001  0700 00003  0800 00005  0900 00006  1000 00006  1100 00004  1300 00001  1500 00004  1600 00002  1700 00003  1800 00003  2500 00040  
HPD02887500HPCPHI19601000180160100 00002  0200 00005  0300 00006  0400 00009  0500 00006  0600 00009  0700 00005  0800 00005  0900 00002  1000 00001  1100 00002  1300 00001  1600 00001  1700 00001  1900 00003  2500 00058  
HPD02887500HPCPHI19601100010020100 00000g 2500 00000  
HPD02887500HPCPHI19601100050030400 00003  0600 00002  2500 00005  
HPD02887500HPCPHI19601100060032100 00003  2300 00002  2500 00005  
HPD02887500HPCPHI19601100070080100 00001  0200 00001  0300 00001  0500 00007  0700 00005  0800 00003  0900 00002  2500 00020  
HPD02887500HPCPHI19601100270050400 00002  0500 00005  0600 00007  0700 00001  2500 00015  
HPD02887500HPCPHI19601200010020100 00000g 2500 00000  
HPD02887500HPCPHI19601200030101500 00003  1600 00016  1700 00007  1800 00010  1900 00002  2100 00016  2200 00004  2300 00004  2400 00011  2500 00073  
HPD02887500HPCPHI19601200040040300 00001  0400 00001  0500 00001  2500 00003  
HPD02887500HPCPHI19601200070130900 00001  1000 00001  1100 00001  1200 00001  1700 00001  1800 00001  1900 00006  2000 00009  2100 00006  2200 00005  2300 00005  2400 00003  2500 00040  
HPD02887500HPCPHI19601200080210100 00006  0200 00004  0300 00004  0400 00007  0500 00005  0600 00006  0700 00005  0800 00001  0900 00003  1000 00001  1200 00001  1300 00003  1400 00001  1500 00001  1600 00002  1700 00001  2100 00004  2200 00004  2300 00004  2400 00004  2500 00067  
HPD02887500HPCPHI19601200090061500 00001  1600 00003  1700 00005  1800 00002  1900 00003  2500 00014  
HPD02887500HPCPHI19601200290050600 00001  0700 00002  0900 00002  1000 00001  2500 00006  
HPD02887500HPCPHI19601200300070500 00006  0600 00001  0700 00009  0800 00006  0900 00003  1000 00001  2500 00026  
HPD02887500HPCPHI19610100010020100 00000g 2500 00000  
HPD02887500HPCPHI19610100220020600 00005  2500 00005  
HPD02887500HPCPHI19610100240060700 00001  0800 00003  0900 00001  1600 00002  1700 00003  2500 00010  
HPD02887500HPCPHI19610100260042200 00003  2300 00005  2400 00010  2500 00018  
HPD02887500HPCPHI19610100270200100 00008  0200 00009  0300 00015  0400 00002  0500 00003  0600 00005  0700 00001  0800 00005  0900 00009  1000 00010  1200 00001  1300 00002  1400 00002  1500 00005  1600 00004  1700 00002  1800 00001  1900 00002  2000 00001  2500 00087  
HPD02887500HPCPHI19610100280051100 00001  1200 00001  1300 00002  1500 00002  2500 00006  
HPD02887500HPCPHI19610200010020100 00000g 2500 00000  
HPD02887500HPCPHI19610200030052000 00010  2100 00001  2200 00002  2300 00002  2500 00015  
HPD02887500HPCPHI19610200160022000 99999a 2500 00000I 
HPD02887500HPCPHI19610200170020500 00055A 2500 00055P 
HPD02887500HPCPHI19610200260042200 00010  2300 00004  2400 00002  2500 00016  
HPD02887500HPCPHI19610300010020100 00000g 2500 00000  
HPD02887500HPCPHI19610300030021400 00003  2500 00003  
HPD02887500HPCPHI19610300040061700 00004  1800 00001  2000 00001  2300 00009  2400 00012  2500 00027  
HPD02887500HPCPHI19610300050090100 00005  0200 00003  0300 00013  0400 00013  0500 00002  0600 00004  0700 00001  0800 00002  2500 00043  
HPD02887500HPCPHI19610300160090100 00003  0200 00008  0300 00015  0900 00001  1000 00003  1100 00004  1200 00004  1400 00002  2500 00040  
HPD02887500HPCPHI19610300180120400 00003  0500 00001  0600 00004  0700 00003  1000 00001  1100 00001  1200 00001  1500 00001  1600 00002  1700 00004  1800 00005  2500 00026  
HPD02887500HPCPHI19610300260040300 00008  0400 00012  0500 00001  2500 00021  
HPD02887500HPCPHI19610300290110400 00008  0500 00009  0600 00016  0700 00002  0800 00005  0900 00007  1000 00003  1500 00003  1900 00005  2000 00002  2500 00060  
HPD02887500HPCPHI19610300300070800 00001  1000 00002  1200 00001  1300 00001  1400 00001  1500 00002  2500 00008  
HPD02887500HPCPHI19610400010020100 00000g 2500 00000  
HPD02887500HPCPHI19610400070041900 00001  2000 00003  2300 00001  2500 00005  
HPD02887500HPCPHI19610400080070100 00005  0200 00010  0500 00002  0600 00008  0700 00003  0800 00002  2500 00030  
HPD02887500HPCPHI19610500010020100 00000g 2500 00000  
HPD02887500HPCPHI19610600010020100 00000g 2500 00000  
HPD02887500HPCPHI19610600150041700 00052  1800 00001  1900 00001  2500 00054  
HPD02887500HPCPHI19610600160031600 00003  1900 00002  2500 00005  
HPD02887500HPCPHI19610600170041400 00002  1500 00003  1600 00002  2500 00007  
HPD02887500HPCPHI19610600270022100 00003  2500 00003  
HPD02887500HPCPHI19610600290061500 00003  1600 00001  1700 00001  1800 00001  1900 00002  2500 00008  
HPD02887500HPCPHI19610700010020100 00000g 2500 00000  
HPD02887500HPCPHI19610700020061600 00030  1700 00009  2000 00001  2300 00003  2400 00011  2500 00054  
HPD02887500HPCPHI19610700030040100 00004  0200 00007  0300 00012  2500 00023  
HPD02887500HPCPHI19610700060032300 00003  2400 00001  2500 00004  
HPD02887500HPCPHI19610700070030300 00002  1900 00008  2500 00010  
HPD02887500HPCPHI19610700160031600 99999a 1900 00018A 2500 00018  
HPD02887500HPCPHI19610700220031400 00004  1500 00001  2500 00005  
HPD02887500HPCPHI19610700230021400 00045  2500 00045  
HPD02887500HPCPHI19610700250021300 00006  2500 00006  
HPD02887500HPCPHI19610700270041200 00097  1300 00086  1400 00002  2500 00185  
HPD02887500HPCPHI19610700300031700 00003  1800 00014  2500 00017  
HPD02887500HPCPHI19610700310041400 00002  1500 00004  1600 00004  2500 00010  
HPD02887500HPCPHI19610800010030100 00000g 1800 00002  2500 00002  
HPD02887500HPCPHI19610800020021800 00105  2500 00105  
HPD02887500HPCPHI19610800030031800 00003  2400 00010  2500 00013  
HPD02887500HPCPHI19610800040021800 00012  2500 00012  
HPD02887500HPCPHI19610800060021700 00003  2500 00003  
HPD02887500HPCPHI19610800090041800 00001  1900 00012  2000 00003  2500 00016  
HPD02887500HPCPHI19610800120051500 00050  1600 00007  1700 00009  1800 00005  2500 00071  
HPD02887500HPCPHI19610800130031500 00002  1600 00002  2500 00004  
HPD02887500HPCPHI19610800140021700 99999a 2500 00000I 
HPD02887500HPCPHI19610800150022200 00078A 2500 00078P 
HPD02887500HPCPHI19610800170031700 00004  2000 00001  2500 00005  
HPD02887500HPCPHI19610800180041600 00001  1700 00008  1800 00001  2500 00010  
HPD02887500HPCPHI19610800190031500 00002  1600 00088  2500 00090  
HPD02887500HPCPHI19610800200031800 00014  1900 00008  2500 00022  
HPD02887500HPCPHI19610800280051600 00009  1700 00017  1800 00023  1900 00001  2500 00050  
HPD02887500HPCPHI19610800290140600 00003  0700 00033  0800 00023  0900 00004  1400 00001  1500 00014  1600 00015  1700 00019  1800 00006  1900 00005  2000 00003  2100 00006  2200 00001  2500 00133  
HPD02887500HPCPHI19610800310030100 00013  0200 00002  2500 00015  
HPD02887500HPCPHI19610900010020100 00000g 2500 00000  
HPD02887500HPCPHI19610900030030300 00010  0500 00005  2500 00015  
HPD02887500HPCPHI19610900080080700 00005  0800 00029  0900 00003  1000 00001  1100 00001  1200 00001  2100 00002  2500 00042  
HPD02887500HPCPHI19610900090050100 00003  0200 00020  0300 00005  0400 00002  2500 00030  
HPD02887500HPCPHI19610900130051600 00011  1700 00019  1800 00009  1900 00001  2500 00040  
HPD02887500HPCPHI19611000010020100 00000g 2500 00000  
HPD02887500HPCPHI19611000080021000 99999a 2500 00000I 
HPD02887500HPCPHI19611000090020600 00084A 2500 00084P 
HPD02887500HPCPHI19611000280061800 00006  1900 00004  2200 00004  2300 00006  2400 00005  2500 00025  
HPD02887500HPCPHI19611000290190100 00001  0200 00004  0300 00001  0500 00004  0600 00005  0700 00005  0800 00005  0900 00002  1000 00001  1100 00001  1200 00001  1500 00001  1600 00004  1700 00005  1800 00006  1900 00004  2000 00004  2100 00001  2500 00055  
HPD02887500HPCPHI19611000300230300 00003  0400 00002  0500 00001  0600 00003  0700 00005  0800 00004  0900 00004  1000 00002  1100 00001  1200 00005  1300 00010  1400 00015  1500 00015  1600 00010  1700 00015  1800 00010  1900 00015  2000 00010  2100 00008  2200 00012  2300 00003  2400 00002  2500 00155  
HPD02887500HPCPHI19611000310080100 00003  0200 00002  0300 00003  0400 00007  0700 00002  0800 00002  0900 00001  2500 00020  
HPD02887500HPCPHI19611100010150100 00000g 0300 00005  0500 00005  0700 00001  0800 00001  0900 00001  1000 00002  1200 00001  1300 00001  1400 00001  1500 00007  1600 00002  1700 00001  1800 00002  2500 00030  
HPD02887500HPCPHI19611100020040300 00001  0400 00001  0500 00003  2500 00005  
HPD02887500HPCPHI19611100070021700 00005  2500 00005  
HPD02887500HPCPHI19611100090050600 00001  0700 00001  0800 00001  0900 00002  2500 00005  
HPD02887500HPCPHI19611100130131000 00002  1100 00002  1200 00003  1300 00012  1400 00009  1500 00009  1600 00011  1700 00002  1800 00005  1900 00002  2000 00001  2100 00002  2500 00060  
HPD02887500HPCPHI19611100140060300 00001  0400 00001  0500 00005  1700 00002  1800 00001  2500 00010  
HPD02887500HPCPHI19611100210150200 00001  0300 00001  0400 00001  0700 00001  1200 00003  1300 00025  1400 00018  1500 00004  1600 00012  1700 00009  1800 00005  1900 00001  2000 00003  2100 00001  2500 00085  
HPD02887500HPCPHI19611200010020100 00000g 2500 00000  
HPD02887500HPCPHI19611200040090100 00020  0200 00006  0300 00013  0400 00001  0500 00001  0600 00003  0700 00001  0800 00001  2500 00046  
HPD02887500HPCPHI19611200080230200 00003  0300 00003  0400 00001  0500 00001  0600 00002  0700 00003  0800 00001  0900 00003  1000 00004  1100 00002  1200 00001  1400 00002  1500 00002  1600 00003  1700 00002  1800 00004  1900 00004  2000 00003  2100 00012  2200 00012  2300 00010  2400 00016  2500 00094  
HPD02887500HPCPHI19611200090240100 00017  0200 00021  0300 00009  0400 00003  0500 00002  0600 00005  0700 00003  0800 00004  0900 00001  1000 00001  1100 00004  1200 00002  1300 00003  1400 00005  1500 00001  1600 00001  1700 00003  1900 00001  2000 00001  2100 00003  2200 00002  2300 00002  2400 00003  2500 00097  
HPD02887500HPCPHI19611200100230100 00004  0200 00001  0300 00009  0400 00003  0500 00006  0600 00001  0700 00001  0900 00001  1000 00009  1100 00005  1200 00004  1300 00002  1400 00004  1500 00004  1600 00001  1700 00004  1800 00001  2000 00003  2100 00013  2200 00016  2300 00018  2400 00019  2500 00129  
HPD02887500HPCPHI19611200110120100 00011  0200 00015  0300 00016  0400 00016  0500 00008  0600 00007  0700 00018  0800 00009  0900 00001  1000 00003  1100 00002  2500 00106  
HPD02887500HPCPHI19611200130080900 00004  1000 00001  1100 00004  1200 00003  1400 00001  1500 00001  1800 00001  2500 00015  
HPD02887500HPCPHI19611200140140100 00001  0200 00003  0300 00002  0400 00001  0700 00002  0800 00001  1000 00001  1100 00001  1500 00001  1600 00002  1700 00001  2300 00001  2400 00002  2500 00019  
HPD02887500HPCPHI19611200150230200 00001  0300 00001  0500 00001  0600 00002  0700 00001  0800 00002  0900 00003  1000 00004  1100 00011  1200 00010  1300 00005  1400 00002  1500 00003  1600 00007  1700 00003  1800 00001  1900 00001  2000 00013  2100 00004  2200 00006  2300 00005  2400 00010  2500 00096  
HPD02887500HPCPHI19611200160110100 00003  0200 00002  0300 00008  0400 00009  0500 00010  0600 00009  0700 00005  0800 00008  0900 99999[ 2100 99999] 2500 00054I 
HPD02887500HPCPHI19620100010020100 00000g 2500 00000  
HPD02887500HPCPHI19620100020030200 00002  0300 00001  2500 00003  
HPD02887500HPCPHI19620100100040900 00002  1000 00003  1100 00002  2500 00007  
HPD02887500HPCPHI19620100130091200 00006  1300 00004  1400 00002  1500 00001  1600 00002  1700 00002  1800 00003  2000 00002  2500 00022  
HPD02887500HPCPHI19620100140050200 00001  0300 00002  0400 00003  0500 00003  2500 00009  
HPD02887500HPCPHI19620100170051900 00001  2000 00002  2100 00001  2200 00001  2500 00005  
HPD02887500HPCPHI19620100210131100 00002  1200 00002  1400 00005  1500 00003  1600 00002  1700 00005  1800 00002  1900 00008  2100 00005  2200 00008  2300 00002  2400 00005  2500 00049  
HPD02887500HPCPHI19620100220150100 00005  0200 00012  0300 00007  0400 00006  0500 00003  0600 00010  0700 00011  0800 00009  0900 00017  1000 00025  1100 00007  1200 00011  1300 00009  1400 00001  2500 00133  
HPD02887500HPCPHI19620100230090200 00004  0300 00011  0400 00001  0500 00001  1400 00004  1600 00003  1700 00001  1800 00001  2500 00026  
HPD02887500HPCPHI19620100240130900 00001  1000 00001  1100 00002  1200 00002  1300 00001  1400 00001  1600 00002  1700 00003  2000 00007  2100 00001  2200 00011  2300 00001  2500 00033  
HPD02887500HPCPHI19620100250210100 00002  0200 00017  0300 00006  0400 00003  0500 00003  0600 00004  0700 00002  0800 00005  1000 00011  1100 00004  1200 00005  1300 00003  1400 00002  1500 00003  1600 00002  1700 00002  1800 00001  1900 00003  2200 00002  2300 00003  2500 00083  
HPD02887500HPCPHI19620200010020100 00000g 2500 00000  
HPD02887500HPCPHI19620200080110200 00004  0300 00001  0400 00005  1200 00001  1300 00003  1400 00001  1500 00005  1600 00002  1700 00001  1900 00001  2500 00024  
HPD02887500HPCPHI19620200120071900 00002  2000 00002  2100 00005  2200 00004  2300 00001  2400 00001  2500 00015  
HPD02887500HPCPHI19620200130040200 00001  0300 00001  1900 00002  2500 00004  
HPD02887500HPCPHI19620200200180300 00005  0900 00001  1000 00005  1100 00017  1200 00012  1300 00001  1400 00002  1500 00002  1600 00003  1700 00007  1800 00002  1900 00002  2000 00001  2100 00001  2200 00001  2300 00003  2400 00003  2500 00068  
HPD02887500HPCPHI19620200210100100 00001  0200 00001  0300 00001  1900 00001  2000 00005  2100 00001  2200 00001  2300 00001  2400 00002  2500 00014  
HPD02887500HPCPHI19620200220080100 00006  0200 00003  0300 00006  1100 00001  1200 00001  1700 00001  1800 00001  2500 00019  
HPD02887500HPCPHI19620200250110600 00002  0700 00008  0800 00003  0900 00004  1000 00004  1100 00009  1200 00003  1300 00004  1400 00002  1500 00001  2500 00040  
HPD02887500HPCPHI19620200260130300 00002  0400 00003  0700 00003  0800 00002  0900 00003  1100 00002  1200 00003  1300 00003  1400 00008  1500 00002  1600 00004  1700 00005  2500 00040  
HPD02887500HPCPHI19620200270210100 00002  0200 00003  0300 00007  0400 00003  0500 00002  0600 00006  0700 00009  0800 00013  0900 00010  1000 00010  1100 00017  1200 00009  1300 00002  1400 00002  1600 00004  1800 00001  2000 00001  2100 00002  2200 00001  2300 00001  2500 00105  
HPD02887500HPCPHI19620300010020100 00000g 2500 00000  
HPD02887500HPCPHI19620300070052100 00004  2200 00004  2300 00001  2400 00001  2500 00010  
HPD02887500HPCPHI19620300090121100 00001  1200 00003  1300 00001  1400 00005  1500 00001  1600 00004  1800 00001  1900 00002  2000 00005  2100 00001  2300 00001  2500 00025  
HPD02887500HPCPHI19620300100170400 00003  0500 00024  0600 00008  0700 00003  0800 00001  0900 00001  1000 00001  1100 00001  1200 00002  1300 00001  1400 00005  1500 00002  1600 00002  1700 00001  1800 00007  1900 00002  2500 00064  
HPD02887500HPCPHI19620300190032300 00003  2400 00007  2500 00010  
HPD02887500HPCPHI19620300200120100 00002  0200 00010  0300 00003  0400 00002  0500 00002  0700 00001  0800 00002  0900 00002  1000 00001  1100 00001  1200 00002  2500 00028  
HPD02887500HPCPHI19620300210100600 00002  0700 00004  0800 00002  0900 00001  1000 00006  1100 00009  1900 00003  2000 00001  2200 00001  2500 00029  
HPD02887500HPCPHI19620300230130900 00002  1000 00001  1100 00002  1300 00001  1400 00001  1500 00003  1600 00001  1700 00001  1900 00001  2000 00004  2100 00001  2200 00003  2500 00021  
HPD02887500HPCPHI19620400010020100 00000g 2500 00000  
HPD02887500HPCPHI19620400260032200 00003  2300 00002  2500 00005  
HPD02887500HPCPHI19620500010020100 00000g 2500 00000  
HPD02887500HPCPHI19620500280030200 00002  0300 00001  2500 00003  
HPD02887500HPCPHI19620600010020100 00000g 2500 00000  
HPD02887500HPCPHI19620600260021300 00010  2500 00010  
HPD02887500HPCPHI19620600270051400 00024  1500 00004  1600 00001  1700 00001  2500 00030  
HPD02887500HPCPHI19620600280051400 00016  1500 00030  1600 00008  2300 00021  2500 00075  
HPD02887500HPCPHI19620600290021700 00003  2500 00003  
HPD02887500HPCPHI19620700010020100 00000g 2500 00000  
HPD02887500HPCPHI19620700030051700 00029  1800 00006  1900 00008  2000 00001  2500 00044  
HPD02887500HPCPHI19620700040021700 00002  2500 00002  
HPD02887500HPCPHI19620700170050100 00002  1500 00003  1600 00027  1700 00002  2500 00034  
HPD02887500HPCPHI19620700190051300 00016  1400 00002  1700 00006  1800 00001  2500 00025  
HPD02887500HPCPHI19620700210101400 00002  1500 00007  1600 00007  1700 00001  1900 00007  2000 00001  2200 00018  2300 00009  2400 00023  2500 00075  
HPD02887500HPCPHI19620700220110100 00008  0200 00002  0300 00002  0400 00001  0500 00001  0600 00001  2100 00055  2200 00005  2300 00001  2400 00001  2500 00077  
HPD02887500HPCPHI19620700250031600 00015  1700 00008  2500 00023  
HPD02887500HPCPHI19620700260021400 00009  2500 00009  
HPD02887500HPCPHI19620700270031500 00004  1600 00001  2500 00005  
HPD02887500HPCPHI19620700280030200 00002  0300 00001  2500 00003  
HPD02887500HPCPHI19620700290071500 00020  1600 00020  1700 00007  1800 00001  1900 00002  2100 00001  2500 00051  
HPD02887500HPCPHI19620700310031500 00005  1700 00006  2500 00011  
HPD02887500HPCPHI19620800010030100 00000g 1800 00003  2500 00003  
HPD02887500HPCPHI19620800120031800 00004  1900 00001  2500 00005  
HPD02887500HPCPHI19620800150032200 00003  2300 00003  2500 00006  
HPD02887500HPCPHI19620800200031500 00004  1600 00029  2500 00033  
HPD02887500HPCPHI19620800210022300 00007  2500 00007  
HPD02887500HPCPHI19620800220070100 00002  0300 00008  0400 00007  0700 00002  0800 00001  1000 00001  2500 00021  
HPD02887500HPCPHI19620900010020100 00000g 2500 00000  
HPD02887500HPCPHI19620900050041300 00005  1400 00010  1500 00003  2500 00018  
HPD02887500HPCPHI19620900060070100 00012  0800 00004  0900 00006  1400 00002  1500 00025  1600 00005  2500 00054  
HPD02887500HPCPHI19620900080071000 00034  1100 00001  1200 00003  1300 00010  1400 00016  1500 00012  2500 00076  
HPD02887500HPCPHI19620900130031800 00005  1900 00003  2500 00008  
HPD02887500HPCPHI19620900170031300 00020  1400 00006  2500 00026  
HPD02887500HPCPHI19620900220061200 00005  1300 00001  1400 00002  1500 00005  1600 00002  2500 00015  
HPD02887500HPCPHI19620900230070300 00001  0400 00002  0500 00001  0600 00001  0700 00005  1400 00010  2500 00020  
HPD02887500HPCPHI19620900240080500 00010  0600 00001  0700 00003  1400 00021  1500 00008  1600 00007  1700 00005  2500 00055  
HPD02887500HPCPHI19620900250110300 00001  0400 00001  0500 00002  0800 00001  0900 00005  1000 00018  1100 00014  1200 00017  1300 00006  1400 00005  2500 00070  
HPD02887500HPCPHI19620900260100300 00001  0400 00004  0500 00014  0600 00015  0700 00008  0800 00005  0900 00005  2200 00005  2300 00001  2500 00058  
HPD02887500HPCPHI19620900270060200 00002  0300 00002  0400 00006  0500 00025  0600 00012  2500 00047  
HPD02887500HPCPHI19620900280031400 00002  1500 00003  2500 00005  
HPD02887500HPCPHI19621000010020100 00000g 2500 00000  
HPD02887500HPCPHI19621000040051500 00018  1600 00010  1700 00019  1800 00008  2500 00055  
HPD02887500HPCPHI19621000160121200 00005  1300 00001  1400 00012  1500 00001  1700 00001  1800 00001  1900 00004  2000 00005  2100 00001  2200 00003  2400 00008  2500 00042  
HPD02887500HPCPHI19621000170110100 00003  0200 00001  0300 00001  1500 00012  1600 00001  1700 00023  1800 00013  1900 00001  2100 00007  2200 00008  2500 00070  
HPD02887500HPCPHI19621000180060300 00005  1100 00001  1300 00001  1400 00012  1500 00001  2500 00020  
HPD02887500HPCPHI19621000190060900 00001  1000 00003  1100 00001  1300 00008  1400 00002  2500 00015  
HPD02887500HPCPHI19621000260041200 00002  1300 00002  1400 00001  2500 00005  
HPD02887500HPCPHI19621100010020100 00000g 2500 00000  
HPD02887500HPCPHI19621100140141200 00001  1300 00001  1400 00002  1500 00002  1600 00005  1700 00004  1800 00002  1900 00002  2000 00002  2100 00004  2200 00010  2300 00010  2400 00010  2500 00055  
HPD02887500HPCPHI19621100150130100 00013  0200 00022  0300 00020  0400 00010  0500 00005  0600 00001  0800 00002  0900 00011  1000 00011  1100 00001  1200 00002  1300 00007  2500 00105  
HPD02887500HPCPHI19621100170040200 00005  0300 00001  0400 00001  2500 00007  
HPD02887500HPCPHI19621100300120600 00001  0700 00003  0800 00005  1000 00002  1100 00003  1200 00005  1300 00001  1400 00002  1500 00001  1600 00018  1700 00003  2500 00044  
HPD02887500HPCPHI19621200010070100 00000g 1300 00001  1700 00001  1800 00002  1900 00004  2000 00002  2500 00010  
HPD02887500HPCPHI19621200170042200 00004  2300 00002  2400 00001  2500 00007  
HPD02887500HPCPHI19621200180150600 00002  0700 00005  0800 00014  0900 00005  1000 00001  1600 00001  1700 00003  1800 00002  1900 00004  2000 00005  2100 00005  2200 00001  2300 00007  2400 00003  2500 00058  
HPD02887500HPCPHI19621200190030300 00002  0400 00003  2500 00005  
HPD02887500HPCPHI19621200240110900 00001  1000 00002  1100 00007  1200 00006  1300 00002  1400 00002  1500 00005  1700 00009  1800 00006  2400 00002  2500 00042  
HPD02887500HPCPHI19621200250100100 00004  0200 00007  0300 00007  0400 00010  0500 00007  0600 00003  0700 00003  0800 00002  0900 00001  2500 00044  
HPD02887500HPCPHI19621200270042200 00020  2300 00012  2400 00004  2500 00036  
HPD02887500HPCPHI19621200280050100 00001  0200 00005  0300 00004  0400 00001  2500 00011  
HPD02887500HPCPHI19630100010020100 00000g 2500 00000  
HPD02887500HPCPHI19630100030210200 00003  0300 00001  0500 00002  0600 00002  0700 00002  0800 00007  0900 00008  1000 00002  1100 00003  1200 00001  1300 00001  1400 00002  1500 00002  1600 00005  1700 00005  1800 00004  1900 00005  2000 00002  2100 00001  2400 00002  2500 00060  
HPD02887500HPCPHI19630100100180800 00002  0900 00006  1000 00005  1100 00003  1200 00007  1300 00003  1400 00004  1500 00005  1600 00005  1700 00002  1800 00003  1900 00002  2000 00004  2100 00001  2200 00007  2300 00011  2400 00011  2500 00081  
HPD02887500HPCPHI19630100110100100 00014  0200 00009  0300 00008  0400 00003  0500 00001  0600 00003  0700 00001  1100 00001  1200 00002  2500 00042  
HPD02887500HPCPHI19630100190100600 00001  0700 00004  0800 00010  0900 00009  1000 00011  1100 00010  1200 00007  1300 00002  1400 00001  2500 00055  
HPD02887500HPCPHI19630200010020100 00000g 2500 00000  
HPD02887500HPCPHI19630200100020200 99999a 2500 00000I 
HPD02887500HPCPHI19630200120020600 00335A 2500 00335P 
HPD02887500HPCPHI19630300010020100 00000g 2500 00000  
HPD02887500HPCPHI19630300030101400 00001  1500 00001  1700 00001  1800 00002  1900 00003  2000 00007  2100 00007  2200 00006  2300 00001  2500 00029  
HPD02887500HPCPHI19630300040100300 00002  1200 00001  1300 00001  1400 00003  1600 00001  1700 00012  1800 00001  2000 00001  2100 00005  2500 00027  
HPD02887500HPCPHI19630300100030300 00001  0400 00002  2500 00003  
HPD02887500HPCPHI19630300110070200 00001  0300 00003  0900 00001  1000 00003  1100 00001  1200 00001  2500 00010  
HPD02887500HPCPHI19630300170071900 00004  2000 00009  2100 00014  2200 00019  2300 00009  2400 00007  2500 00062  
HPD02887500HPCPHI19630300180150100 00003  0200 00002  0300 00008  0400 00007  0500 00007  0600 00001  0800 00003  0900 00002  1000 00001  1100 00005  1200 00001  1300 00003  1400 00003  1500 00001  2500 00047  
HPD02887500HPCPHI19630300290041500 00002  1600 00002  1700 00001  2500 00005  
HPD02887500HPCPHI19630400010020100 00000g 2500 00000  
HPD02887500HPCPHI19630400250121300 00001  1400 00004  1500 00003  1600 00002  1700 00002  1800 00007  1900 00008  2000 00008  2100 00005  2200 00005  2300 00003  2500 00048  
HPD02887500HPCPHI19630500010020100 00000g 2500 00000  
HPD02887500HPCPHI19630600010020100 00000g 2500 00000  
HPD02887500HPCPHI19630600110031300 99999a 1700 00010A 2500 00010  
HPD02887500HPCPHI19630700010060100 00000g 1300 00001  1400 00001  1500 00005  1600 00003  2500 00010  
HPD02887500HPCPHI19630700030031400 00021  1500 00006  2500 00027  
HPD02887500HPCPHI19630700050051700 00002  1800 00001  2100 00002  2200 00002  2500 00007  
HPD02887500HPCPHI19630700080031600 00005  1700 00005  2500 00010  
HPD02887500HPCPHI19630700090021100 00002  2500 00002  
HPD02887500HPCPHI19630700100050300 00003  0500 00001  0600 00001  1800 00020  2500 00025  
HPD02887500HPCPHI19630700110031600 00002  1700 00003  2500 00005  
HPD02887500HPCPHI19630700170041700 00006  1800 00010  1900 00003  2500 00019  
HPD02887500HPCPHI19630700180052100 00003  2200 00006  2300 00010  2400 00001  2500 00020  
HPD02887500HPCPHI19630700190060600 00005  1400 00005  1500 00004  1600 00002  1700 00001  2500 00017  
HPD02887500HPCPHI19630700200031900 00010  2000 00001  2500 00011  
HPD02887500HPCPHI19630700210031700 00001  1800 00006  2500 00007  
HPD02887500HPCPHI19630700240021600 00003  2500 00003  
HPD02887500HPCPHI19630700280031400 00002  1500 00001  2500 00003  
HPD02887500HPCPHI19630700310021400 00003  2500 00003  
HPD02887500HPCPHI19630800010020100 00000g 2500 00000  
HPD02887500HPCPHI19630800020031400 00001  1500 00008  2500 00009  
HPD02887500HPCPHI19630800030031300 00009  1400 00181  2500 00190  
HPD02887500HPCPHI19630800040051600 00009  1700 00001  2000 00003  2100 00004  2500 00017  
HPD02887500HPCPHI19630800050040100 00001  0200 00004  2300 00005  2500 00010  
HPD02887500HPCPHI19630800060022200 00005  2500 00005  
HPD02887500HPCPHI19630800070051500 00001  1700 00001  1800 00003  2400 00003  2500 00008  
HPD02887500HPCPHI19630800080022100 00002  2500 00002  
HPD02887500HPCPHI19630800090051100 00001  1200 00001  1400 00007  1500 00001  2500 00010  
HPD02887500HPCPHI19630800100031600 00005  1700 00002  2500 00007  
HPD02887500HPCPHI19630800110051800 00002  1900 00001  2000 00008  2100 00002  2500 00013  
HPD02887500HPCPHI19630800120041200 00001  1300 00012  1400 00025  2500 00038  
HPD02887500HPCPHI19630800130040100 00002  0200 00001  0300 00001  2500 00004  
HPD02887500HPCPHI19630800140081300 00006  1400 00032  1500 00010  1600 00015  1700 00005  1800 00004  1900 00001  2500 00073  
HPD02887500HPCPHI19630800150051400 00016  1500 00002  1900 00001  2000 00001  2500 00020  
HPD02887500HPCPHI19630800160081500 00001  1600 00005  1700 00005  1800 00003  1900 00001  2200 00001  2300 00001  2500 00017  
HPD02887500HPCPHI19630800170140300 00001  0400 00001  0500 00001  0600 00003  0700 00001  0800 00001  1000 00001  1100 00001  1200 00001  1300 00012  1400 00005  1600 00002  1700 00001  2500 00031  
HPD02887500HPCPHI19630800180031600 00005  1700 00001  2500 00006  
HPD02887500HPCPHI19630800190061400 00002  1500 00027  1600 00004  1700 00001  1800 00001  2500 00035  
HPD02887500HPCPHI19630800200040300 00001  0400 00011  0500 00002  2500 00014  
HPD02887500HPCPHI19630800210031900 00004  2000 00007  2500 00011  
HPD02887500HPCPHI19630800220041300 00025  1400 00013  1500 00002  2500 00040  
HPD02887500HPCPHI19630800250022400 00005  2500 00005  
HPD02887500HPCPHI19630800260061700 00030  1800 00005  1900 00004  2000 00008  2100 00003  2500 00050  
HPD02887500HPCPHI19630800270021500 00002  2500 00002  
HPD02887500HPCPHI19630800290031700 00002  1800 00003  2500 00005  
HPD02887500HPCPHI19630800300050500 00012  0600 00001  0700 00017  0800 00018  2500 00048  
HPD02887500HPCPHI19630900010020100 00000g 2500 00000  
HPD02887500HPCPHI19630900030051500 00003  1700 00019  1800 00013  1900 00002  2500 00037  
HPD02887500HPCPHI19630900040031800 00004  1900 00011  2500 00015  
HPD02887500HPCPHI19630900080041500 00005  1700 00003  1800 00002  2500 00010  
HPD02887500HPCPHI19630900090041900 00001  2000 00002  2100 00001  2500 00004  
HPD02887500HPCPHI19630900100030400 00001  0500 00003  2500 00004  
HPD02887500HPCPHI19630900130052100 00010  2200 00014  2300 00007  2400 00003  2500 00034  
HPD02887500HPCPHI19630900140040300 00001  0400 00001  1800 00006  2500 00008  
HPD02887500HPCPHI19630900180040300 00003  0400 00003  0500 00002  2500 00008  
HPD02887500HPCPHI19631000010020100 00000g 2500 00000  
HPD02887500HPCPHI19631000160061600 00004  1700 00001  1800 00005  1900 00005  2100 00005  2500 00020  
HPD02887500HPCPHI19631000180091600 00025  1700 00008  1800 00016  1900 00007  2000 00004  2200 00001  2300 00003  2400 00003  2500 00067  
HPD02887500HPCPHI19631000190110100 00009  0200 00001  0700 00003  0800 00031  0900 00007  1000 00014  1100 00002  1200 00001  1400 00018  1500 00004  2500 00090  
HPD02887500HPCPHI19631000310031500 00009  1600 00004  2500 00013  
HPD02887500HPCPHI19631100010020100 00000g 2500 00000  
HPD02887500HPCPHI19631100020101000 00002  1100 00004  1200 00001  1500 00005  1600 00001  1700 00012  1800 00005  1900 00002  2000 00010  2500 00042  
HPD02887500HPCPHI19631100070111100 00010  1200 00018  1300 00013  1400 00001  1500 00002  1600 00001  1800 00003  2200 00003  2300 00001  2400 00001  2500 00053  
HPD02887500HPCPHI19631100080040100 00003  0200 00001  0300 00002  2500 00006  
HPD02887500HPCPHI19631100160031200 00002  1300 00013  2500 00015  
HPD02887500HPCPHI19631100210150500 00012  0600 00010  0700 00006  0800 00005  0900 00007  1000 00006  1100 00004  1200 00006  1300 00006  1400 00005  1500 00021  1600 00013  1700 00005  1800 00003  2500 00109  
HPD02887500HPCPHI19631200010020100 00000g 2500 00000  
HPD02887500HPCPHI19631200100030200 99999a 0800 00037A 2500 00037  
HPD02887500HPCPHI19640100010020100 00000g 2500 00000  
HPD02887500HPCPHI19640100070030400 99999a 0900 00008A 2500 00008  
HPD02887500HPCPHI19640100190030100 99999a 0600 00009A 2500 00009  
HPD02887500HPCPHI19640100220121000 00002  1100 00001  1200 00001  1600 00001  1700 00006  1800 00003  1900 00006  2000 00001  2100 00005  2200 00006  2300 00002  2500 00034  
HPD02887500HPCPHI19640100230120400 00001  0500 00004  0600 00005  0700 00005  1100 00002  1200 00002  1300 00001  1400 00004  2000 00009  2100 00004  2200 00002  2500 00039  
HPD02887500HPCPHI19640100280030500 99999a 0900 00009A 2500 00009  
HPD02887500HPCPHI19640200010020100 00000g 2500 00000  
HPD02887500HPCPHI19640200110081700 00002  1800 00001  1900 00001  2000 00003  2100 00003  2200 00001  2300 00001  2500 00012  
HPD02887500HPCPHI19640200120081200 00003  1300 00002  1400 00005  1500 00009  1600 00001  1800 00001  1900 00001  2500 00022  
HPD02887500HPCPHI19640200250022000 99999a 2500 00000I 
HPD02887500HPCPHI19640200260020700 00022A 2500 00022P 
HPD02887500HPCPHI19640300010020100 00000g 2500 00000  
HPD02887500HPCPHI19640300020081800 00003  1900 00005  2000 00001  2100 00001  2200 00017  2300 00004  2400 00008  2500 00039  
HPD02887500HPCPHI19640300030180100 00007  0200 00003  0500 00001  0600 00003  0700 00001  1300 00001  1400 00001  1500 00001  1600 00007  1700 00003  1800 00003  1900 00004  2000 00003  2100 00002  2200 00004  2300 00002  2400 00002  2500 00048  
HPD02887500HPCPHI19640300040030100 00001  0300 00001  2500 00002  
HPD02887500HPCPHI19640300070032300 00001  2400 00002  2500 00003  
HPD02887500HPCPHI19640300080160100 00003  0200 00001  0300 00001  0400 00003  0500 00001  0600 00001  0700 00001  0800 00001  0900 00003  1000 00020  1100 00003  1200 00007  1300 00001  1400 00002  1500 00007  2500 00055  
HPD02887500HPCPHI19640300170031900 00004  2000 00006  2500 00010  
HPD02887500HPCPHI19640300220041100 00001  1200 00001  1400 00001  2500 00003  
HPD02887500HPCPHI19640300240140800 00005  0900 00001  1000 00005  1100 00008  1200 00003  1300 00007  1400 00002  1500 00007  1600 00002  1700 00004  1800 00002  1900 00003  2300 00001  2500 00050  
HPD02887500HPCPHI19640300250040200 00002  0300 00002  0400 00001  2500 00005  
HPD02887500HPCPHI19640400010020100 00000g 2500 00000  
HPD02887500HPCPHI19640400020080100 00004  0200 00008  0300 00001  0400 00002  0600 00001  0700 00005  0800 00009  2500 00030  
HPD02887500HPCPHI19640400030110200 00005  0300 00005  0400 00002  0500 00001  0800 00017  0900 00001  1000 00001  1100 00001  1200 00001  1300 00001  2500 00035  
HPD02887500HPCPHI19640400040140400 00002  0500 00003  0600 00005  0700 00006  0800 00009  0900 00005  1000 00004  1100 00001  1200 00004  1300 00009  1400 00015  1500 00002  1600 00010  2500 00075  
HPD02887500HPCPHI19640400050080100 00003  0200 00003  0300 00002  0400 00001  0500 00001  1100 00001  1200 00001  2500 00012  
HPD02887500HPCPHI19640400060060900 00003  1000 00004  1100 00006  1200 00004  1300 00001  2500 00018  
HPD02887500HPCPHI19640400180050600 00002  0700 00001  0800 00006  0900 00005  2500 00014  
HPD02887500HPCPHI19640400290060400 00004  0500 00004  0600 00005  0700 00004  0800 00001  2500 00018  
HPD02887500HPCPHI19640500010020100 00000g 2500 00000  
HPD02887500HPCPHI19640500200021700 00003  2500 00003  
HPD02887500HPCPHI19640600010020100 00000g 2500 00000  
HPD02887500HPCPHI19640600240031600 00002  1700 00005  2500 00007  
HPD02887500HPCPHI19640600280041400 00003  1500 00002  1600 00002  2500 00007  
HPD02887500HPCPHI19640700010020100 00000g 2500 00000  
HPD02887500HPCPHI19640700080081300 00002  1400 00003  1600 00001  1700 00001  1800 00001  2100 00001  2200 00001  2500 00010  
HPD02887500HPCPHI19640700100021300 00010  2500 00010  
HPD02887500HPCPHI19640700110021500 00003  2500 00003  
HPD02887500HPCPHI19640700120021600 00004  2500 00004  
HPD02887500HPCPHI19640700130070800 00002  1100 00001  1500 00031  1600 00003  1700 00001  1800 00001  2500 00039  
HPD02887500HPCPHI19640700150080100 00130  0200 00012  0300 00012  0400 00002  0500 00001  0700 00001  1900 00016  2500 00174  
HPD02887500HPCPHI19640700160031900 00001  2000 00022  2500 00023  
HPD02887500HPCPHI19640700170031300 00001  1400 00034  2500 00035  
HPD02887500HPCPHI19640700180051400 00001  1500 00001  1600 00001  1700 00001  2500 00004  
HPD02887500HPCPHI19640700190061300 00008  1400 00010  1500 00002  1600 00003  2100 00002  2500 00025  
HPD02887500HPCPHI19640700230051400 00001  1500 00001  1600 00001  1700 00001  2500 00004  
HPD02887500HPCPHI19640700240071300 00001  1400 00003  1500 00001  2100 00002  2200 00009  2300 00001  2500 00017  
HPD02887500HPCPHI19640700250031300 00003  1400 00001  2500 00004  
HPD02887500HPCPHI19640700260031400 00026  1500 00040  2500 00066  
HPD02887500HPCPHI19640700300081300 00069  1400 00001  1700 00001  1800 00001  1900 00034  2000 00026  2100 00014  2500 00146  
HPD02887500HPCPHI19640700310061100 00001  1200 00001  1300 00009  1400 00004  1500 00010  2500 00025  
HPD02887500HPCPHI19640800010040100 00000g 0300 99999[ 2300 99999] 2500 00000I 
HPD02887500HPCPHI19640800020031500 99999[ 1900 99999] 2500 00000I 
HPD02887500HPCPHI19640800070021500 00031  2500 00031  
HPD02887500HPCPHI19640800080022200 00007  2500 00007  
HPD02887500HPCPHI19640800090051200 00005  1300 00026  1400 00054  1500 00001  2500 00086  
HPD02887500HPCPHI19640800100021800 00044  2500 00044  
HPD02887500HPCPHI19640800110031300 00001  1500 00008  2500 00009  
HPD02887500HPCPHI19640800130061500 00008  1600 00006  1700 00001  2000 00003  2100 00002  2500 00020  
HPD02887500HPCPHI19640800140041500 00011  1600 00009  1700 00003  2500 00023  
HPD02887500HPCPHI19640800170051400 00005  1500 00001  2000 00002  2100 00001  2500 00009  
HPD02887500HPCPHI19640800190021800 00026  2500 00026  
HPD02887500HPCPHI19640800200051200 00001  1300 00002  1400 00001  1500 00003  2500 00007  
HPD02887500HPCPHI19640800260090400 00001  0500 00002  1800 00023  1900 00005  2000 00002  2100 00017  2200 00011  2300 00002  2500 00063  
HPD02887500HPCPHI19640900010020100 00000g 2500 00000  
HPD02887500HPCPHI19640900050022100 99999[ 2500 00000I 
HPD02887500HPCPHI19640900090021000 99999] 2500 00000I 
HPD02887500HPCPHI19640900100031500 00030  1600 00002  2500 00032  
HPD02887500HPCPHI19640900110041200 00001  1300 00097  1400 00032  2500 00130  
HPD02887500HPCPHI19640900120100900 00001  1000 00004  1100 00001  1200 00002  1400 00001  1500 00001  1700 00003  1800 00007  1900 00001  2500 00021  
HPD02887500HPCPHI19640900130041900 00003  2000 00003  2400 00003  2500 00009  
HPD02887500HPCPHI19640900140091200 00048  1300 00007  1500 00005  1600 00001  2100 00001  2200 00003  2300 00006  2400 00001  2500 00072  
HPD02887500HPCPHI19640900150130100 00015  0200 00009  0300 00002  0400 00002  0600 00005  0700 00004  1000 00001  1400 00010  1500 00015  1600 00006  1900 00001  2000 00002  2500 00072  
HPD02887500HPCPHI19640900180042100 00004  2200 00002  2300 00003  2500 00009  
HPD02887500HPCPHI19640900190080200 00001  0400 00004  0500 00005  1500 00001  1600 00027  1700 00002  1800 00001  2500 00041  
HPD02887500HPCPHI19640900210071800 00002  1900 00001  2000 00002  2100 00012  2200 00010  2300 00005  2500 00032  
HPD02887500HPCPHI19640900220050900 00013  1000 00011  1100 00004  1200 00001  2500 00029  
HPD02887500HPCPHI19640900230040100 00004  0200 00001  0900 00006  2500 00011  
HPD02887500HPCPHI19640900240051000 00001  1200 00001  1400 00001  1500 00001  2500 00004  
HPD02887500HPCPHI19641000010020100 00000g 2500 00000  
HPD02887500HPCPHI19641000070021500 00003  2500 00003  
HPD02887500HPCPHI19641000160071400 00010  1600 00002  1700 00027  1900 00005  2200 00001  2300 00001  2500 00046  
HPD02887500HPCPHI19641000170050200 00001  0300 00001  0500 00001  0600 00001  2500 00004  
HPD02887500HPCPHI19641000180021700 00010  2500 00010  
HPD02887500HPCPHI19641100010020100 00000g 2500 00000  
HPD02887500HPCPHI19641100020031700 99999a 2200 00017A 2500 00017  
HPD02887500HPCPHI19641100110030100 99999a 0600 00025A 2500 00025  
HPD02887500HPCPHI19641100150020900 99999a 2500 00000I 
HPD02887500HPCPHI19641100160021200 00193A 2500 00193P 
HPD02887500HPCPHI19641100180081400 00001  1500 00003  1600 00001  1700 00002  1800 00002  2000 00001  2100 00001  2500 00011  
HPD02887500HPCPHI19641200010020100 00000g 2500 00000  
HPD02887500HPCPHI19641200020022400 00011  2500 00011  
HPD02887500HPCPHI19641200030030400 00002  1300 99999a 2500 00002I 
HPD02887500HPCPHI19641200040021100 00065A 2500 00065P 
HPD02887500HPCPHI19641200180121100 00015  1200 00023  1300 00005  1400 00004  1500 00005  1600 00002  1700 00002  1900 00001  2000 00001  2100 00001  2200 00003  2500 00062  
HPD02887500HPCPHI19641200280110700 00001  0800 00002  0900 00001  1000 00004  1100 00002  1200 00008  1300 00007  1400 00005  1500 00005  1600 00001  2500 00036  
HPD02887500HPCPHI19641200290040200 00001  0300 00004  2400 00010  2500 00015  
HPD02887500HPCPHI19641200300090100 00004  0200 00002  0300 00001  1300 00005  1400 00002  1500 00003  1600 00003  1700 00002  2500 00022  
HPD02887500HPCPHI19650100010090100 00000g 0300 00001  0400 00007  0500 00007  0600 00004  0700 00003  0800 00002  0900 00001  2500 00025  
HPD02887500HPCPHI19650100060160600 00001  0700 00001  0800 00003  0900 00002  1000 00006  1100 00001  1200 00009  1300 00007  1400 00011  1500 00009  1600 00010  1700 00003  1800 00012  1900 00011  2000 00002  2500 00088  
HPD02887500HPCPHI19650100070210200 00002  0300 00005  0400 00001  0500 00001  0600 00001  0700 00005  0900 00003  1000 00003  1300 00002  1400 00003  1500 00018  1600 00017  1700 00010  1800 00010  1900 00012  2000 00003  2100 00008  2200 00002  2300 00004  2400 00002  2500 00112  
HPD02887500HPCPHI19650100080120100 00006  0200 00007  0300 00014  0400 00010  0500 00006  0600 00001  1000 00001  1200 00002  1300 00001  1400 00001  1500 00001  2500 00050  
HPD02887500HPCPHI19650100200070600 00005  0700 00005  0800 00004  0900 00002  1000 99999a 2300 00052A 2500 00068  
HPD02887500HPCPHI19650100240071700 00005  1900 00002  2100 00009  2200 00009  2300 00005  2400 00005  2500 00035  
HPD02887500HPCPHI19650100250020100 00001  2500 00001  
HPD02887500HPCPHI19650200010020100 00000g 2500 00000  
HPD02887500HPCPHI19650200060021500 99999a 2500 00000I 
HPD02887500HPCPHI19650200070021400 00208A 2500 00208P 
HPD02887500HPCPHI19650200090180700 00001  0800 00002  0900 00007  1000 00001  1100 00001  1200 00004  1300 00005  1500 00004  1600 00007  1700 00004  1800 00015  1900 00020  2000 00016  2100 00016  2200 00009  2300 00009  2400 00014  2500 00135  
HPD02887500HPCPHI19650200100210100 00011  0200 00005  0300 00003  0400 00002  0500 00001  0600 00001  0700 00001  0800 00001  0900 00001  1000 00003  1100 00002  1400 00001  1500 00004  1600 00001  1700 00002  1900 00002  2000 00002  2100 00001  2200 00001  2400 00001  2500 00046  
HPD02887500HPCPHI19650200110060700 00006  0800 00006  0900 00001  1000 00002  1200 00002  2500 00017  
HPD02887500HPCPHI19650200230030700 00001  0800 00002  2500 00003  
HPD02887500HPCPHI19650200280041700 00004  1800 00001  2000 00005  2500 00010  
HPD02887500HPCPHI19650300010020100 00000g 2500 00000  
HPD02887500HPCPHI19650300100131100 00005  1200 00003  1300 00002  1400 00002  1500 00003  1600 00003  1700 00002  1800 00004  1900 00001  2200 00001  2300 00002  2400 00002  2500 00030  
HPD02887500HPCPHI19650300110210100 00005  0200 00003  0300 00005  0400 00005  0500 00006  0600 00006  0700 00010  0800 00005  0900 00004  1000 00003  1100 00003  1200 00008  1300 00005  1400 00005  1500 00007  1600 00003  1800 00002  2100 00004  2200 00003  2300 00001  2500 00093  
HPD02887500HPCPHI19650300120140100 00002  0200 00006  0400 00002  0800 00002  1200 00003  1400 00002  1500 00005  1600 00005  1700 00004  1800 00001  2100 00003  2300 00002  2400 00003  2500 00040  
HPD02887500HPCPHI19650300130041100 00001  1200 00001  1300 00003  2500 00005  
HPD02887500HPCPHI19650300150052100 00002  2200 00006  2300 00003  2400 00002  2500 00013  
HPD02887500HPCPHI19650300160130200 00003  0300 00002  0400 00002  0500 00003  0600 00004  0800 00001  0900 00001  1000 00003  1100 00001  1200 00004  1300 00002  1400 00004  2500 00030  
HPD02887500HPCPHI19650300250050900 00001  1000 00001  1400 00003  1500 00002  2500 00007  
HPD02887500HPCPHI19650400010030100 00000g 2300 00003  2500 00003  
HPD02887500HPCPHI19650400020060600 00003  0800 00001  0900 00012  1000 00005  1100 00002  2500 00023  
HPD02887500HPCPHI19650400040180200 00006  0300 00014  0400 00011  0500 00010  0600 00004  0700 00001  0800 00005  0900 00007  1000 00006  1100 00001  1300 00003  1400 00001  1500 00001  1600 00002  1700 00001  1800 00004  2100 00002  2500 00079  
HPD02887500HPCPHI19650400050020300 00002  2500 00002  
HPD02887500HPCPHI19650400070021300 00002  2500 00002  
HPD02887500HPCPHI19650400090070600 00005  0700 00005  0800 00003  0900 00001  1000 00001  1300 99999a 2500 00015I 
HPD02887500HPCPHI19650400100021400 00093A 2500 00093P 
HPD02887500HPCPHI19650400250031400 00003  1500 00002  2500 00005  
HPD02887500HPCPHI19650500010020100 00000g 2500 00000  
HPD02887500HPCPHI19650500120051500 00001  1600 00004  1700 00010  1800 00005  2500 00020  
HPD02887500HPCPHI19650500130030600 00002  0700 00001  2500 00003  
HPD02887500HPCPHI19650500140032300 00001  2400 00005  2500 00006  
HPD02887500HPCPHI19650500150020100 00002  2500 00002  
HPD02887500HPCPHI19650600010020100 00000g 2500 00000  
HPD02887500HPCPHI19650600050051800 00002  1900 00016  2100 00001  2200 00001  2500 00020  
HPD02887500HPCPHI19650600080052000 00007  2100 00001  2300 00002  2400 00007  2500 00017  
HPD02887500HPCPHI19650600090030100 00004  0200 00001  2500 00005  
HPD02887500HPCPHI19650600110040900 00002  1000 00001  1100 00001  2500 00004  
HPD02887500HPCPHI19650600230071200 00005  1800 00001  1900 00012  2000 00013  2100 00001  2200 00001  2500 00033  
HPD02887500HPCPHI19650600240020100 00003  2500 00003  
HPD02887500HPCPHI19650700010050100 00000g 1400 00013  1500 00005  1600 00001  2500 00019  
HPD02887500HPCPHI19650700090041400 00010  1500 00010  1700 00001  2500 00021  
HPD02887500HPCPHI19650700100021400 00003  2500 00003  
HPD02887500HPCPHI19650700110032100 00024  2400 00002  2500 00026  
HPD02887500HPCPHI19650700120020100 00002  2500 00002  
HPD02887500HPCPHI19650700130021200 00007  2500 00007  
HPD02887500HPCPHI19650700140041800 00049  1900 00021  2000 00001  2500 00071  
HPD02887500HPCPHI19650700150040300 00002  1700 00004  1800 00001  2500 00007  
HPD02887500HPCPHI19650700170031200 00002  1300 00002  2500 00004  
HPD02887500HPCPHI19650700180060300 00014  0400 00018  0500 00004  1400 00007  1500 00003  2500 00046  
HPD02887500HPCPHI19650700210071700 00026  1800 00027  1900 00005  2000 00006  2200 00002  2300 00001  2500 00067  
HPD02887500HPCPHI19650700220021400 00004  2500 00004  
HPD02887500HPCPHI19650700230070200 00005  0300 00003  1600 00009  1700 00008  2200 00002  2300 00003  2500 00030  
HPD02887500HPCPHI19650700240090200 00001  0300 00001  1600 00018  1700 00001  2000 00002  2200 00028  2300 00015  2400 00003  2500 00069  
HPD02887500HPCPHI19650700250021800 00002  2500 00002  
HPD02887500HPCPHI19650700270031300 00018  1400 00007  2500 00025  
HPD02887500HPCPHI19650700280100400 00001  0500 00004  1200 00001  1300 00004  1400 00040  1600 00011  1700 00004  2000 00002  2100 00003  2500 00070  
HPD02887500HPCPHI19650700290020500 00005  2500 00005  
HPD02887500HPCPHI19650700300031600 00002  1700 00001  2500 00003  
HPD02887500HPCPHI19650800010030100 00000g 1900 00003  2500 00003  
HPD02887500HPCPHI19650800020021700 00005  2500 00005  
HPD02887500HPCPHI19650800110041100 00001  1200 00001  1700 00003  2500 00005  
HPD02887500HPCPHI19650800120041600 00004  1700 00003  1800 00001  2500 00008  
HPD02887500HPCPHI19650800130090800 00001  0900 00005  1000 00001  1100 00001  1300 00005  1400 00013  1500 00002  1600 00002  2500 00030  
HPD02887500HPCPHI19650800140050900 00002  1600 00005  1700 00026  1800 00003  2500 00036  
HPD02887500HPCPHI19650800150060900 00001  1000 00023  1100 00002  1200 00001  1300 00001  2500 00028  
HPD02887500HPCPHI19650800160031200 00001  1300 00002  2500 00003  
HPD02887500HPCPHI19650800170030200 00002  0400 00001  2500 00003  
HPD02887500HPCPHI19650800290040700 00003  0800 00006  1300 00002  2500 00011  
HPD02887500HPCPHI19650900010020100 00000g 2500 00000  
HPD02887500HPCPHI19650900030050300 00035  1600 00001  1700 00019  1800 00005  2500 00060  
HPD02887500HPCPHI19650900080081400 00001  1500 00015  1700 00002  1800 00035  1900 00027  2000 00015  2100 00001  2500 00096  
HPD02887500HPCPHI19650900110041600 00017  1700 00012  2100 00002  2500 00031  
HPD02887500HPCPHI19650900180070800 00015  1000 00001  1100 00008  1200 00001  1700 00005  1800 00007  2500 00037  
HPD02887500HPCPHI19650900190022400 00005  2500 00005  
HPD02887500HPCPHI19651000010020100 00000g 2500 00000  
HPD02887500HPCPHI19651000150032100 00012  2200 00001  2500 00013  
HPD02887500HPCPHI19651000160090800 00013  0900 00005  1000 00010  1100 00005  1200 00005  1300 00004  1400 00004  1500 00002  2500 00048  
HPD02887500HPCPHI19651000170070900 00002  1100 00001  1200 00003  1400 00001  1700 00001  1800 00002  2500 00010  
HPD02887500HPCPHI19651100010020100 00000g 2500 00000  
HPD02887500HPCPHI19651100220121400 00002  1500 00008  1600 00005  1700 00001  1800 00004  1900 00008  2000 00006  2100 00010  2200 00010  2300 00006  2400 00008  2500 00068  
HPD02887500HPCPHI19651100230180100 00006  0200 00003  0300 00003  0400 00013  0500 00009  0600 00001  0700 00002  0800 00005  0900 00005  1000 00005  1100 00005  1200 00004  1300 00002  1400 00005  1500 00009  1600 00002  1700 00003  2500 00082  
HPD02887500HPCPHI19651100240120100 00001  0200 00001  0300 00001  0700 00002  1600 00008  1700 00017  1800 00002  1900 00004  2000 00001  2100 00001  2400 00001  2500 00039  
HPD02887500HPCPHI19651100250240100 00006  0200 00010  0300 00005  0400 00005  0500 00004  0700 00001  0800 00002  0900 00016  1000 00014  1100 00008  1200 00012  1300 00023  1400 00015  1500 00002  1600 00007  1700 00006  1800 00004  1900 00005  2000 00006  2100 00010  2200 00001  2300 00001  2400 00003  2500 00166  
HPD02887500HPCPHI19651100260030100 00002  0200 00001  2500 00003  
HPD02887500HPCPHI19651200010040100 00004  0200 00003  0300 00002  2500 00009  
HPD02887500HPCPHI19651200090080200 00001  0300 00001  0400 00001  0500 00005  0600 00002  0800 00001  1500 99999a 2500 00011I 
HPD02887500HPCPHI19651200110020800 00383A 2500 00383P 
HPD02887500HPCPHI19651200120032300 00002  2400 00013  2500 00015  
HPD02887500HPCPHI19651200130170100 00005  0200 00005  0400 00001  0500 00002  0700 00012  0800 00005  0900 00013  1000 00002  1400 00002  1500 00006  1600 00007  1700 00001  1800 00001  2100 00001  2200 00004  2300 00001  2500 00068  
HPD02887500HPCPHI19651200140150200 00001  0300 00004  0400 00005  0500 00001  0700 00001  0800 00001  1500 00003  1600 00007  1700 00001  1800 00015  1900 00003  2000 00001  2200 00001  2300 00002  2500 00046  
HPD02887500HPCPHI19651200150120100 00001  0200 00001  0300 00005  1400 00001  1500 00001  1600 00002  1700 00003  1900 00002  2000 00002  2300 00001  2400 00002  2500 00021  
HPD02887500HPCPHI19651200160100100 00001  0200 00001  1800 00001  1900 00001  2000 00002  2100 00001  2200 00001  2300 00002  2400 00005  2500 00015  
HPD02887500HPCPHI19651200170150100 00013  0200 00001  0300 00001  0400 00003  0500 00018  0600 00001  0900 00001  1500 00002  1600 00001  1800 00001  1900 00001  2000 00004  2100 00001  2200 00001  2500 00049  
HPD02887500HPCPHI19651200180050200 00002  0300 00005  0400 00001  0500 00002  2500 00010  
HPD02887500HPCPHI19651200210022400 00011  2500 00011  
HPD02887500HPCPHI19651200220200200 00004  0400 00001  0600 00002  0700 00004  0800 00003  0900 00006  1000 00009  1100 00020  1200 00013  1300 00007  1400 00011  1500 00007  1600 00003  1700 00002  1800 00002  2100 00005  2200 00020  2300 00009  2400 00003  2500 00131  
HPD02887500HPCPHI19651200230170100 00013  0200 00010  0300 00003  0400 00002  0500 00005  0600 00005  0700 00001  0800 00002  1000 00004  1100 00002  1200 00002  1300 00002  1400 00002  1500 00005  1600 00015  1700 00003  2500 00076  
HPD02887500HPCPHI19651200290071900 00001  2000 00001  2100 00004  2200 00001  2300 00015  2400 00009  2500 00031  
HPD02887500HPCPHI19651200300180100 00006  0200 00015  0300 00010  0400 00004  0500 00001  0600 00005  0700 00013  0800 00014  0900 00010  1000 00009  1100 00009  1900 00004  2000 00004  2100 00001  2200 00008  2300 00007  2400 00011  2500 00131  
HPD02887500HPCPHI19651200310020100 00005  2500 00005  
HPD02887500HPCPHI19660100010130100 00000g 0200 00001  0300 00004  0400 00002  0600 00001  0700 00001  0800 00003  0900 00002  1000 00002  1100 00012  1200 00001  1300 00001  2500 00030  
HPD02887500HPCPHI19660100170061300 00001  1400 00001  1600 00001  2300 00002  2400 00003  2500 00008  
HPD02887500HPCPHI19660100180190200 00001  0300 00001  0400 00002  0600 00001  0800 00007  0900 00011  1000 00003  1100 00004  1200 00002  1300 00001  1600 00002  1700 00001  1800 00006  1900 00004  2000 00001  2100 00001  2200 00001  2300 00001  2500 00050  
HPD02887500HPCPHI19660100190040100 00001  0200 00003  0300 00001  2500 00005  
HPD02887500HPCPHI19660100200041700 00005  2000 00004  2100 00001  2500 00010  
HPD02887500HPCPHI19660100300032300 00016  2400 00011  2500 00027  
HPD02887500HPCPHI19660100310140100 00008  0200 00005  0300 00001  0400 00002  0600 00002  0700 00005  1000 00001  1100 00001  1200 00003  2000 00001  2100 00002  2200 00001  2400 00001  2500 00033  
HPD02887500HPCPHI19660200010060100 00000g 1400 00001  1700 00001  2200 00002  2300 00001  2500 00005  
HPD02887500HPCPHI19660200020020100 00001  2500 00001  
HPD02887500HPCPHI19660200070190100 00002  0200 00001  0300 00001  0600 00005  0700 00001  0800 00001  0900 00004  1000 00016  1100 00006  1200 00003  1400 00007  1500 00004  1600 00007  1700 00007  1800 00010  1900 00013  2000 00008  2100 99999a 2500 00096I 
HPD02887500HPCPHI19660200080130600 00059A 0700 00001  0800 00003  0900 00003  1000 00003  1100 00002  1200 00002  1300 00001  1400 00002  1500 00001  1600 00001  2100 00001  2500 00079P 
HPD02887500HPCPHI19660200090060100 00001  0200 00001  0300 00002  0400 00001  0500 00003  2500 00008  
HPD02887500HPCPHI19660200100021100 99999a 2500 00000I 
HPD02887500HPCPHI19660200110020300 00032A 2500 00032P 
HPD02887500HPCPHI19660200260130600 00001  0700 00001  1000 00001  1100 00001  1200 00001  1300 00008  1400 00002  1500 00008  1600 00002  2000 00004  2200 00001  2400 00001  2500 00031  
HPD02887500HPCPHI19660200270030100 00002  0200 00002  2500 00004  
HPD02887500HPCPHI19660300010070100 00000g 2000 00001  2100 00005  2200 00002  2300 00001  2400 00001  2500 00010  
HPD02887500HPCPHI19660300020120100 00005  0200 00007  0300 00001  0400 00002  0500 00005  1700 00009  1800 00001  1900 00001  2000 00001  2300 00002  2400 00001  2500 00035  
HPD02887500HPCPHI19660300250031400 99999[ 1900 99999] 2500 00000I 
HPD02887500HPCPHI19660300270021700 99999[ 2500 00000I 
HPD02887500HPCPHI19660300280020400 99999] 2500 00000I 
