HPD02771800HPCPHI19480700010030100 00000g 1600 00006  2500 00006  
HPD02771800HPCPHI19480700180031700 00018  1800 00002  2500 00020  
HPD02771800HPCPHI19480700210030100 00003  0200 00003  2500 00006  
HPD02771800HPCPHI19480700220101600 00024  1700 00005  1800 00004  1900 00002  2000 00005  2100 00002  2200 00001  2300 00001  2400 00001  2500 00045  
HPD02771800HPCPHI19480700230040100 00001  0200 00001  1300 00001  2500 00003  
HPD02771800HPCPHI19480700260031500 00002  1600 00001  2500 00003  
HPD02771800HPCPHI19480700310031300 99999[ 2400 99999] 2500 00000I 
HPD02771800HPCPHI19480800010040100 00000g 1300 99999[ 2400 99999] 2500 00000I 
HPD02771800HPCPHI19480800040101000 00008  1100 00043  1200 00012  1400 00002  1800 00004  1900 00024  2200 00006  2300 00002  2400 00002  2500 00103  
HPD02771800HPCPHI19480800050030100 00008  0200 00001  2500 00009  
HPD02771800HPCPHI19480800060071400 00009  1500 00008  2000 00012  2100 00017  2200 00005  2400 00007  2500 00058  
HPD02771800HPCPHI19480800070030100 00010  0200 00001  2500 00011  
HPD02771800HPCPHI19480800180021700 00003  2500 00003  
HPD02771800HPCPHI19480900010040100 00000g 1300 99999[ 2400 99999] 2500 00000I 
HPD02771800HPCPHI19480900150032200 00002  2400 00002  2500 00004  
HPD02771800HPCPHI19480900160040100 00004  0200 00001  0300 00009  2500 00014  
HPD02771800HPCPHI19480900290021500 00002  2500 00002  
HPD02771800HPCPHI19480900300020400 00002  2500 00002  
HPD02771800HPCPHI19481000010040100 00000g 1300 99999[ 2400 99999] 2500 00000I 
HPD02771800HPCPHI19481000180080700 00003  0800 00003  0900 00001  1000 00001  1500 00003  1600 00012  2400 00002  2500 00025  
HPD02771800HPCPHI19481000190030200 00005  0400 00002  2500 00007  
HPD02771800HPCPHI19481000300110700 00002  0800 00001  0900 00002  1500 00004  1600 00010  1700 00001  1800 00009  1900 00003  2100 00001  2200 00001  2500 00034  
HPD02771800HPCPHI19481100010040100 00000g 1300 99999[ 2400 99999] 2500 00000I 
HPD02771800HPCPHI19481200010040100 00000g 1300 99999[ 2400 99999] 2500 00000I 
HPD02771800HPCPHI19481200040021800 00002  2500 00002  
HPD02771800HPCPHI19481200170061300 00002  1400 00003  1500 00002  1600 00002  1700 00001  2500 00010  
HPD02771800HPCPHI19481200220031900 00001  2300 00001  2500 00002  
HPD02771800HPCPHI19481200230150100 00001  0200 00001  0300 00003  0400 00003  0500 00006  0600 00009  0700 00007  0800 00006  0900 00001  1000 00003  1100 00004  1200 00006  1300 00005  1700 00003  2500 00058  
HPD02771800HPCPHI19481200270071100 00004  1300 00002  1400 00011  1500 00003  1600 00005  1800 00001  2500 00026  
HPD02771800HPCPHI19490300010020100 99999[ 2500 00000I 
HPD02771800HPCPHI19490300160022400 99999] 2500 00000I 
HPD02771800HPCPHI19490300190022400 00020  2500 00020  
HPD02771800HPCPHI19490300200020100 00002  2500 00002  
HPD02771800HPCPHI19490300290030700 00003  0800 00006  2500 00009  
HPD02771800HPCPHI19490300310020700 00003  2500 00003  
HPD02771800HPCPHI19490400010050100 00000g 0700 00001  0800 00012  0900 00005  2500 00018  
HPD02771800HPCPHI19490400020041800 00001  1900 00006  2000 00001  2500 00008  
HPD02771800HPCPHI19490400070042000 00001  2100 00017  2200 00001  2500 00019  
HPD02771800HPCPHI19490500010040100 00000g 1300 99999[ 2400 99999] 2500 00000I 
HPD02771800HPCPHI19490500150120800 00002  0900 00002  1000 00016  1100 00005  1200 00003  1300 00002  1800 00006  2100 00002  2200 00007  2300 00007  2400 00010  2500 00062  
HPD02771800HPCPHI19490500160070100 00002  0200 00004  0300 00001  0400 00001  1400 00004  1500 00002  2500 00014  
HPD02771800HPCPHI19490600010040100 00000g 1300 99999[ 2400 99999] 2500 00000I 
HPD02771800HPCPHI19490600030071500 00009  1600 00003  2100 00001  2200 00008  2300 00003  2400 00004  2500 00028  
HPD02771800HPCPHI19490600040022400 00006  2500 00006  
HPD02771800HPCPHI19490600050030100 00001  0200 00002  2500 00003  
HPD02771800HPCPHI19490600060060400 00002  0600 00001  0900 00002  1000 00003  1100 00001  2500 00009  
HPD02771800HPCPHI19490600080031800 00001  1900 00005  2500 00006  
HPD02771800HPCPHI19490600170051500 00001  1600 00004  1700 00007  1800 00002  2500 00014  
HPD02771800HPCPHI19490700010040100 00000g 1200 00001  1300 00020  2500 00021  
HPD02771800HPCPHI19490700030051100 00001  1200 00010  1300 00010  1400 00001  2500 00022  
HPD02771800HPCPHI19490700050031200 00006  1300 00002  2500 00008  
HPD02771800HPCPHI19490700130041900 00001  2000 00001  2100 00003  2500 00005  
HPD02771800HPCPHI19490700230031400 00014  1500 00001  2500 00015  
HPD02771800HPCPHI19490800010040100 00000g 1300 99999[ 2400 99999] 2500 00000I 
HPD02771800HPCPHI19490800050051000 00001  1100 00001  1300 00002  1400 00020  2500 00024  
HPD02771800HPCPHI19490800070020200 00005  2500 00005  
HPD02771800HPCPHI19490800220022100 00013  2500 00013  
HPD02771800HPCPHI19490800230031300 00008  1400 00002  2500 00010  
HPD02771800HPCPHI19490900010040100 00000g 1300 99999[ 2400 99999] 2500 00000I 
HPD02771800HPCPHI19490900090091000 00017  1100 00026  1200 00018  1400 00006  1500 00008  1800 00005  2000 00014  2100 00018  2500 00112  
HPD02771800HPCPHI19490900100020400 00018  2500 00018  
HPD02771800HPCPHI19490900130051900 00008  2000 00002  2100 00006  2300 00004  2500 00020  
HPD02771800HPCPHI19490900250030100 00019  0700 00023  2500 00042  
HPD02771800HPCPHI19490900270021800 00002  2500 00002  
HPD02771800HPCPHI19491000010040100 00000g 1300 99999[ 2400 99999] 2500 00000I 
HPD02771800HPCPHI19491000090020100 00003  2500 00003  
HPD02771800HPCPHI19491000160021100 00030  2500 00030  
HPD02771800HPCPHI19491000180061300 00009  1400 00005  1500 00017  1600 00012  1700 00005  2500 00048  
HPD02771800HPCPHI19491000190020900 00004  2500 00004  
HPD02771800HPCPHI19491000210020500 00002  2500 00002  
HPD02771800HPCPHI19491100010040100 00000g 1300 99999[ 2400 99999] 2500 00000I 
HPD02771800HPCPHI19491100100041700 00023  1800 00007  1900 00003  2500 00033  
HPD02771800HPCPHI19491100160021500 00008  2500 00008  
HPD02771800HPCPHI19491200010040100 00000g 1300 99999[ 2400 99999] 2500 00000I 
HPD02771800HPCPHI19491200090021500 00003  2500 00003  
HPD02771800HPCPHI19491200100070400 00001  0500 00002  0600 00003  0700 00002  1200 00003  1300 00001  2500 00012  
HPD02771800HPCPHI19491200110021600 00001  2500 00001  
HPD02771800HPCPHI19491200190080100 00002  0200 00001  0300 00003  0400 00001  0500 00001  0600 00004  2100 00011  2500 00023  
HPD02771800HPCPHI19500100010040100 00000g 1600 00002  1700 00001  2500 00003  
HPD02771800HPCPHI19500100130030200 00001  0700 00001  2500 00002  
HPD02771800HPCPHI19500100290050600 00001  0700 00001  0800 00001  1300 00001  2500 00004  
HPD02771800HPCPHI19500200010040100 00000g 1300 99999[ 2400 99999] 2500 00000I 
HPD02771800HPCPHI19500200060032300 00001  2400 00001  2500 00002  
HPD02771800HPCPHI19500200100022300 00001  2500 00001  
HPD02771800HPCPHI19500200110060500 00008  0600 00012  0700 00002  0800 00001  1300 00002  2500 00025  
HPD02771800HPCPHI19500200260071900 00003  2000 00003  2100 00001  2200 00002  2300 00003  2400 00001  2500 00013  
HPD02771800HPCPHI19500200270040300 00001  0700 00002  0800 00002  2500 00005  
HPD02771800HPCPHI19500300010100100 00000g 1100 00005  1200 00006  1300 00010  1400 00004  1500 00002  2100 00001  2200 00001  2400 00004  2500 00033  
HPD02771800HPCPHI19500300030021400 00001  2500 00001  
HPD02771800HPCPHI19500300250090500 00003  0600 00003  0700 00008  0800 00002  1000 00004  1100 00009  1200 00006  1300 00003  2500 00038  
HPD02771800HPCPHI19500400010040100 00000g 1300 99999[ 2400 99999] 2500 00000I 
HPD02771800HPCPHI19500500010020100 00000g 2500 00000  
HPD02771800HPCPHI19500600010030100 99999[ 1300 99999] 2500 00000I 
HPD02771800HPCPHI19500600160030100 99999[ 2400 99999] 2500 00000I 
HPD02771800HPCPHI19500600190031300 99999[ 2400 99999] 2500 00000I 
HPD02771800HPCPHI19500700010020100 00000g 2500 00000  
HPD02771800HPCPHI19500800010020100 00000g 2500 00000  
HPD02771800HPCPHI19500900010020100 00000g 2500 00000  
HPD02771800HPCPHI19501000010020100 00000g 2500 00000  
HPD02771800HPCPHI19501100010020100 99999a 2500 00000I 
HPD02771800HPCPHI19501100300022400 99999A 2500 00000I 
HPD02771800HPCPHI19501200010020100 99999, 2500 00000I 
HPD02771800HPCPHI19501200310022400 99999A 2500 00000I 
HPD02771800HPCPHI19510100010020100 99999, 2500 00000I 
HPD02771800HPCPHI19510100310022400 99999A 2500 00000I 
HPD02771800HPCPHI19510200010020100 99999, 2500 00000I 
HPD02771800HPCPHI19510200280022400 99999A 2500 00000I 
HPD02771800HPCPHI19510300010020100 99999, 2500 00000I 
HPD02771800HPCPHI19510300310022400 00183A 2500 00183P 
HPD02771800HPCPHI19510400010020100 00000g 2500 00000  
HPD02771800HPCPHI19510500010020100 00000g 2500 00000  
HPD02771800HPCPHI19510600010040100 00000g 1300 99999[ 2400 99999] 2500 00000I 
