HPD02770802HPCPHT20080100010020100 00000g 2500 00000  
HPD02770802HPCPHT20080100050041400 00010  1500 00010  1900 00010  2500 00030  
HPD02770802HPCPHT20080100060040100 00010  0900 00010  1900 00020  2500 00040  
HPD02770802HPCPHT20080100070120100 00010  0200 00010  0300 00010  0400 00010  0500 00010  0600 00010  0700 00010  0800 00010  0900 00010  1000 00010  1100 00010  2500 00110  
HPD02770802HPCPHT20080100230021100 00010  2500 00010  
HPD02770802HPCPHT20080100240031700 00010  2400 00010  2500 00020  
HPD02770802HPCPHT20080100270110900 00010  1200 00010  1300 00010  1500 00010  1600 00010  1700 00030  1800 00020  2000 00020  2100 00010  2400 00010  2500 00140  
HPD02770802HPCPHT20080100280022100 00010  2500 00010  
HPD02770802HPCPHT20080100300021500 00010  2500 00010  
HPD02770802HPCPHT20080200010030100 00000g 1100 00010  2500 00010  
HPD02770802HPCPHT20080200030081400 00010  1500 00010  1600 00010  1900 00010  2100 00010  2300 00010  2400 00010  2500 00070  
HPD02770802HPCPHT20080200040030200 00010  1100 00010  2500 00020  
HPD02770802HPCPHT20080200200022200 00020  2500 00020  
HPD02770802HPCPHT20080200210020500 00010  2500 00010  
HPD02770802HPCPHT20080200220100900 00010  1000 00010  1200 00010  1300 00010  1400 00010  1500 00010  1600 00010  1700 00010  2100 00010  2500 00090  
HPD02770802HPCPHT20080200230030100 00010  0400 00010  2500 00020  
HPD02770802HPCPHT20080300010020100 00000g 2500 00000  
HPD02770802HPCPHT20080300090021600 00010  2500 00010  
HPD02770802HPCPHT20080300160031500 00010  1600 00010  2500 00020  
HPD02770802HPCPHT20080300170021100 00010  2500 00010  
HPD02770802HPCPHT20080400010020100 00000g 2500 00000  
HPD02770802HPCPHT20080400090021500 00010  2500 00010  
HPD02770802HPCPHT20080500010020100 00000g 2500 00000  
HPD02770802HPCPHT20080500060021400 00010  2500 00010  
HPD02770802HPCPHT20080500130050600 00010  0700 00010  0800 00010  1100 00010  2500 00040  
HPD02770802HPCPHT20080500180021500 00010  2500 00010  
HPD02770802HPCPHT20080500230050900 00010  1100 00010  2100 00020  2200 00010  2500 00050  
HPD02770802HPCPHT20080500240021300 00010  2500 00010  
HPD02770802HPCPHT20080500300021600 00010  2500 00010  
HPD02770802HPCPHT20080600010020100 00000g 2500 00000  
HPD02770802HPCPHT20080700010030100 00000g 1100 00010  2500 00010  
HPD02770802HPCPHT20080700080021200 00010  2500 00010  
HPD02770802HPCPHT20080700090021300 00010  2500 00010  
HPD02770802HPCPHT20080700140021700 00020  2500 00020  
HPD02770802HPCPHT20080700160021300 00010  2500 00010  
HPD02770802HPCPHT20080700190021300 00010  2500 00010  
HPD02770802HPCPHT20080700250021000 00010  2500 00010  
HPD02770802HPCPHT20080700270021400 00010  2500 00010  
HPD02770802HPCPHT20080800010030100 00000g 1100 00010  2500 00010  
HPD02770802HPCPHT20080800030031600 00020  1700 00030  2500 00050  
HPD02770802HPCPHT20080800080031800 00010  1900 00020  2500 00030  
HPD02770802HPCPHT20080800100021100 00010  2500 00010  
HPD02770802HPCPHT20080800150031800 00010  1900 00010  2500 00020  
HPD02770802HPCPHT20080800160031300 00010  1900 00010  2500 00020  
HPD02770802HPCPHT20080800170031200 00010  1700 00020  2500 00030  
HPD02770802HPCPHT20080800180021500 00010  2500 00010  
HPD02770802HPCPHT20080800200021300 00010  2500 00010  
HPD02770802HPCPHT20080800250051100 00010  1600 00010  1700 00020  1900 00010  2500 00050  
HPD02770802HPCPHT20080800270021400 00010  2500 00010  
HPD02770802HPCPHT20080800300021300 00010  2500 00010  
HPD02770802HPCPHT20080800310031400 00020  1500 00030  2500 00050  
HPD02770802HPCPHT20080900010030100 00000g 1200 00010  2500 00010  
HPD02770802HPCPHT20080900100051200 00010  1300 00010  1900 00020  2400 00010  2500 00050  
HPD02770802HPCPHT20080900130021600 00010  2500 00010  
HPD02770802HPCPHT20081000010030100 00000g 1200 00010  2500 00010  
HPD02770802HPCPHT20081000070021400 00010  2500 00010  
HPD02770802HPCPHT20081100010020100 00000g 2500 00000  
HPD02770802HPCPHT20081100020021500 00010  2500 00010  
HPD02770802HPCPHT20081100100021100 00010  2500 00010  
HPD02770802HPCPHT20081100250021600 99999{ 2500 00000P 
HPD02770802HPCPHT20081100280021600 99999} 2500 00000P 
HPD02770802HPCPHT20081200010020100 00000g 2500 00000  
HPD02770802HPCPHT20081200120021900 00010  2500 00010  
HPD02770802HPCPHT20081200130022300 00010  2500 00010  
HPD02770802HPCPHT20081200140020400 00010  2500 00010  
HPD02770802HPCPHT20081200160050200 00020  1200 00010  1500 00010  1700 00010  2500 00050  
HPD02770802HPCPHT20081200170061100 00010  1700 00010  2200 00010  2300 00010  2400 00010  2500 00050  
HPD02770802HPCPHT20081200180050100 00010  0200 00010  0400 00010  1300 00010  2500 00040  
HPD02770802HPCPHT20081200190021200 00010  2500 00010  
HPD02770802HPCPHT20081200240022400 00010  2500 00010  
HPD02770802HPCPHT20081200250090100 00010  0200 00010  0400 00010  0500 00010  1300 00010  1600 00010  2100 00010  2300 00020  2500 00090  
HPD02770802HPCPHT20081200260030200 00040  0400 00010  2500 00050  
