HPD02770802HPCPHT20100100010020100 00000g 2500 00000  
HPD02770802HPCPHT20100100140021100 00010  2500 00010  
HPD02770802HPCPHT20100100180031400 00010  2400 00010  2500 00020  
HPD02770802HPCPHT20100100190110200 00010  0300 00010  1100 00010  1200 00010  1300 00010  1400 00010  2000 00010  2100 00010  2200 00020  2300 00020  2500 00120  
HPD02770802HPCPHT20100100200030400 00010  1300 00010  2500 00020  
HPD02770802HPCPHT20100100210230200 00010  0400 00010  0500 00010  0600 00010  0700 00010  0800 00010  0900 00010  1000 00010  1100 00010  1200 00010  1300 00010  1400 00020  1500 00010  1600 00010  1700 00020  1800 00020  1900 00010  2000 00020  2100 00060  2200 00010  2300 00010  2400 00010  2500 00310  
HPD02770802HPCPHT20100100220060200 00010  0600 00010  1300 00010  1400 00010  2100 00010  2500 00050  
HPD02770802HPCPHT20100100230060200 00010  1200 00010  1300 00010  1600 00010  2000 00010  2500 00050  
HPD02770802HPCPHT20100100240041200 00010  1300 00010  1400 00010  2500 00030  
HPD02770802HPCPHT20100100270021400 00010  2500 00010  
HPD02770802HPCPHT20100100280021100 00010  2500 00010  
HPD02770802HPCPHT20100200010020100 00000g 2500 00000  
HPD02770802HPCPHT20100200050020900 00010  2500 00010  
HPD02770802HPCPHT20100200060052100 00020  2200 00010  2300 00010  2400 00010  2500 00050  
HPD02770802HPCPHT20100200070060500 00010  0600 00010  0700 00010  1400 00030  1900 00020  2500 00080  
HPD02770802HPCPHT20100200080021600 00010  2500 00010  
HPD02770802HPCPHT20100200090021400 00010  2500 00010  
HPD02770802HPCPHT20100200200031000 00010  1400 00010  2500 00020  
HPD02770802HPCPHT20100200210021300 00010  2500 00010  
HPD02770802HPCPHT20100200220040900 00030  1200 00010  1700 00010  2500 00050  
HPD02770802HPCPHT20100200280040400 00010  0500 00010  1500 00010  2500 00030  
HPD02770802HPCPHT20100300010030100 00000g 1300 00010  2500 00010  
HPD02770802HPCPHT20100300060022400 00030  2500 00030  
HPD02770802HPCPHT20100300070070100 00010  0200 00010  0300 00010  1200 00010  1500 00030  1600 00010  2500 00080  
HPD02770802HPCPHT20100300080021000 00010  2500 00010  
HPD02770802HPCPHT20100300090031200 00020  1700 00010  2500 00030  
HPD02770802HPCPHT20100300100031500 00010  1600 00010  2500 00020  
HPD02770802HPCPHT20100300110021300 00010  2500 00010  
HPD02770802HPCPHT20100300140030300 99999[ 0400 99999] 2500 00000I 
HPD02770802HPCPHT20100400010030100 00000g 1600 00010  2500 00010  
HPD02770802HPCPHT20100500010020100 00000g 2500 00000  
HPD02770802HPCPHT20100500040021700 00010  2500 00010  
HPD02770802HPCPHT20100600010020100 00000g 2500 00000  
HPD02770802HPCPHT20100600020021600 00010  2500 00010  
HPD02770802HPCPHT20100700010020100 00000g 2500 00000  
HPD02770802HPCPHT20100700110031700 00010  1800 00010  2500 00020  
HPD02770802HPCPHT20100700210041800 00010  1900 00010  2100 00020  2500 00040  
HPD02770802HPCPHT20100700220021800 00010  2500 00010  
HPD02770802HPCPHT20100700230060700 00010 R1100 00020 R1200 00010 R2100 00010 R2400 00010 R2500 00060 R
HPD02770802HPCPHT20100700240030400 00010 R1600 00010 R2500 00020 R
HPD02770802HPCPHT20100700270022200 00010 R2500 00010 R
HPD02770802HPCPHT20100700280040900 00010 R1000 00010 R1100 00020 R2500 00040 R
HPD02770802HPCPHT20100700300021800 00010  2500 00010  
HPD02770802HPCPHT20100700310061000 00010  1300 00010  1400 00010  1700 00010  2400 00010  2500 00050  
HPD02770802HPCPHT20100800010120100 00000g 0400 00020 R0500 00020 R0600 00010 R0700 00030 R0800 00020 R0900 00010 R1100 00010 R1300 00010 R1400 00010 R2400 00010 R2500 00150 R
HPD02770802HPCPHT20100800020070800 00010 R0900 00020 R1000 00010 R1100 00010 R1200 00030 R1400 00010 R2500 00090 R
HPD02770802HPCPHT20100800030021400 00010 R2500 00010 R
HPD02770802HPCPHT20100800070030800 00020  1500 00010  2500 00030  
HPD02770802HPCPHT20100800080041000 00010  1100 00020  1500 00010  2500 00040  
HPD02770802HPCPHT20100800180030500 00010  1300 00010  2500 00020  
HPD02770802HPCPHT20100800280031000 00020  1100 00010  2500 00030  
HPD02770802HPCPHT20100900010030100 00000g 0700 99999[ 2500 00000I 
HPD02770802HPCPHT20100900300022400 99999] 2500 00000I 
HPD02770802HPCPHI20101000010020100 99999[ 2500 00000I 
HPD02770802HPCPHI20101000310022400 99999] 2500 00000I 
