HPD02834906HPCPHT20000100010020100 99999{ 2500 00000P 
HPD02834906HPCPHT20000100030020900 99999} 2500 00000P 
HPD02834906HPCPHT20000200010020100 00000g 2500 00000  
HPD02834906HPCPHT20000200030030900 99999{ 1300 99999} 2500 00000P 
HPD02834906HPCPHT20000200210051400 00010  1600 00020  2100 00010  2400 00010  2500 00050  
HPD02834906HPCPHT20000200220040100 00010  0700 00020  0800 00010  2500 00040  
HPD02834906HPCPHT20000200240031000 00010  1100 00010  2500 00020  
HPD02834906HPCPHT20000300010020100 00000g 2500 00000  
HPD02834906HPCPHT20000300050090300 00010  0600 00010  0800 00010  0900 00010  1000 00010  1700 00010  2100 00010  2400 00020  2500 00090  
HPD02834906HPCPHT20000300060130100 00010  0200 00010  0300 00010  0400 00010  0500 00030  0600 00020  0800 00010  1100 00010  1500 00010  1800 00010  2100 00010  2300 00010  2500 00150  
HPD02834906HPCPHT20000300070060100 00010  0400 00010  0600 00010  0800 00010  1100 00010  2500 00050  
HPD02834906HPCPHT20000400010020100 00000g 2500 00000  
HPD02834906HPCPHT20000400030020800 99999{ 2500 00000P 
HPD02834906HPCPHT20000400300022400 99999} 2500 00000P 
HPD02834906HPCPHT20000500010020100 99999{ 2500 00000P 
HPD02834906HPCPHT20000500310022400 99999} 2500 00000P 
HPD02834906HPCPHT20000600010020100 00000g 2500 00000  
HPD02834906HPCPHT20000600070030600 99999{ 1100 99999} 2500 00000P 
HPD02834906HPCPHT20000600170022200 00010  2500 00010  
HPD02834906HPCPHT20000600180021800 00010  2500 00010  
HPD02834906HPCPHT20000600200031200 00020  1300 00010  2500 00030  
HPD02834906HPCPHT20000600270020100 99999{ 2500 00000P 
HPD02834906HPCPHT20000600300022400 99999} 2500 00000P 
HPD02834906HPCPHT20000700010020100 00000g 2500 00000  
HPD02834906HPCPHT20000700030030600 99999{ 0900 99999} 2500 00000P 
HPD02834906HPCPHT20000700300022000 00010  2500 00010  
HPD02834906HPCPHT20000800010030100 00000g 1200 99999{ 2500 00000P 
HPD02834906HPCPHT20000800310022400 99999} 2500 00000P 
HPD02834906HPCPHT20000900010020100 99999{ 2500 00000P 
HPD02834906HPCPHT20000900050030900 99999} 1000 99999{ 2500 00000P 
HPD02834906HPCPHT20000900300022400 99999} 2500 00000P 
HPD02834906HPCPHT20001000010020100 00000g 2500 00000  
HPD02834906HPCPHT20001000090022300 00010  2500 00010  
HPD02834906HPCPHT20001000100031000 00060  1500 00030  2500 00090  
HPD02834906HPCPHT20001000110020700 00020  2500 00020  
HPD02834906HPCPHT20001000210061700 00030  2000 00020  2200 00020  2300 00040  2400 00020  2500 00130  
HPD02834906HPCPHT20001000220070700 00010  0900 00070  1000 00010  1200 00010  1400 00010  2400 00010  2500 00120  
HPD02834906HPCPHT20001000230031000 00010  2400 00010  2500 00020  
HPD02834906HPCPHT20001000240020100 00010  2500 00010  
HPD02834906HPCPHT20001000270091500 00030  1600 00010  1700 00010  1800 00050  1900 00010  2000 00030  2100 00010  2200 00010  2500 00160  
HPD02834906HPCPHT20001000280020900 00020  2500 00020  
HPD02834906HPCPHT20001000300042100 00020  2200 00020  2300 00010  2500 00050  
HPD02834906HPCPHT20001100010020100 00000g 2500 00000  
HPD02834906HPCPHT20001100040040800 00010  0900 00010  1000 00010  2500 00030  
HPD02834906HPCPHT20001100050020300 00010  2500 00010  
HPD02834906HPCPHT20001100060081200 00030  1300 00050  1400 00020  1500 00020  1600 00040  1700 00010  1800 00010  2500 00180  
HPD02834906HPCPHT20001100100051400 00010  1900 00010  2000 00010  2200 00010  2500 00040  
HPD02834906HPCPHT20001100110020400 00010  2500 00010  
HPD02834906HPCPHT20001200010020100 00000g 2500 00000  
