HPD02619400HPCPHI19620100010020100 00000g 2500 00000  
HPD02619400HPCPHI19620100210070700 00002  0800 00008  1900 00001  2100 00001  2200 00002  2300 00001  2500 00015  
HPD02619400HPCPHI19620100240081000 00001  1100 00001  1200 00002  1300 00004  1400 00003  1500 00003  1600 00001  2500 00015  
HPD02619400HPCPHI19620200010020100 00000g 2500 00000  
HPD02619400HPCPHI19620200210031100 00009  1300 00001  2500 00010  
HPD02619400HPCPHI19620200260051900 00001  2100 00001  2200 00004  2400 00001  2500 00007  
HPD02619400HPCPHI19620300010020100 00000g 2500 00000  
HPD02619400HPCPHI19620300090022400 00005  2500 00005  
HPD02619400HPCPHI19620300100040400 00001  0500 00001  0600 00001  2500 00003  
HPD02619400HPCPHI19620300190071400 00002  1500 00008  1600 00025  1700 00015  2200 00001  2300 00001  2500 00052  
HPD02619400HPCPHI19620300200030500 00001  0600 00001  2500 00002  
HPD02619400HPCPHI19620400010020100 00000g 2500 00000  
HPD02619400HPCPHI19620500010020100 00000g 2500 00000  
HPD02619400HPCPHI19620600010020100 00000g 2500 00000  
HPD02619400HPCPHI19620600290030500 00020  0600 00003  2500 00023  
HPD02619400HPCPHI19620700010020100 00000g 2500 00000  
HPD02619400HPCPHI19620800010030100 00000g 2300 00010  2500 00010  
HPD02619400HPCPHI19620800140032300 00009  2400 00015  2500 00024  
HPD02619400HPCPHI19620800210042200 99999[ 2300 00005] 2400 00001  2500 00006I 
HPD02619400HPCPHI19620900010020100 00000g 2500 00000  
HPD02619400HPCPHI19620900130021400 00005  2500 00005  
HPD02619400HPCPHI19620900230040100 99999[ 1300 99999] 2400 00002  2500 00002I 
HPD02619400HPCPHI19620900240030100 99999[ 1300 99999] 2500 00000I 
HPD02619400HPCPHI19620900250100100 00005  0200 00002  0500 00001  0600 00007  0700 00007  0900 00002  1000 00007  1300 99999[ 2400 99999] 2500 00031I 
HPD02619400HPCPHI19621000010020100 00000g 2500 00000  
HPD02619400HPCPHI19621100010020100 00000g 2500 00000  
HPD02619400HPCPHI19621100140031300 99999[ 2400 99999] 2500 00000I 
HPD02619400HPCPHI19621100300040800 00002  1300 99999[ 2400 99999] 2500 00002I 
HPD02619400HPCPHI19621200010040100 00000g 1300 99999[ 2400 99999] 2500 00000I 
HPD02619400HPCPHI19621200170031300 99999[ 2400 99999] 2500 00000I 
HPD02619400HPCPHI19621200180090200 00002  0300 00002  0400 00006  0500 00001  0600 00001  1000 00007  1300 99999[ 2400 99999] 2500 00019I 
HPD02619400HPCPHI19630100010020100 00000g 2500 00000  
HPD02619400HPCPHI19630200010020100 00000g 2500 00000  
HPD02619400HPCPHI19630200090022400 00008  2500 00008  
HPD02619400HPCPHI19630200100050100 00010  0200 00001  0400 00002  0500 00002  2500 00015  
HPD02619400HPCPHI19630200110030500 00001  0600 00002  2500 00003  
HPD02619400HPCPHI19630300010020100 00000g 2500 00000  
HPD02619400HPCPHI19630300170071100 00005  1200 00014  1300 00008  1500 00003  1900 00005  2000 00008  2500 00043  
HPD02619400HPCPHI19630400010020100 00000g 2500 00000  
HPD02619400HPCPHI19630500010020100 00000g 2500 00000  
HPD02619400HPCPHI19630600010020100 00000g 2500 00000  
HPD02619400HPCPHI19630700010020100 00000g 2500 00000  
HPD02619400HPCPHI19630800010030100 00000g 1600 00010  2500 00010  
HPD02619400HPCPHI19630800060060200 00018  0300 00017  0400 00002  0500 00001  0600 00002  2500 00040  
HPD02619400HPCPHI19630800130022200 00015  2500 00015  
HPD02619400HPCPHI19630800260020100 00006  2500 00006  
HPD02619400HPCPHI19630800300040700 00032  0900 00011  2000 00003  2500 00046  
HPD02619400HPCPHI19630900010020100 00000g 2500 00000  
HPD02619400HPCPHI19630900180030100 00001  0200 00003  2500 00004  
HPD02619400HPCPHI19631000010020100 00000g 2500 00000  
HPD02619400HPCPHI19631000180040800 00005  2300 00007  2400 00014  2500 00026  
HPD02619400HPCPHI19631000190060100 00001  0200 00003  0300 00045  0400 00018  0500 00004  2500 00071  
HPD02619400HPCPHI19631100010040100 00000g 2100 00004  2200 00011  2500 00015  
HPD02619400HPCPHI19631100020060100 00002  0200 00001  0400 00005  0500 00001  0600 00001  2500 00010  
HPD02619400HPCPHI19631100070040400 00018  0500 00002  0600 00002  2500 00022  
HPD02619400HPCPHI19631100200042000 00009  2100 00018  2200 00003  2500 00030  
HPD02619400HPCPHI19631200010020100 00000g 2500 00000  
HPD02619400HPCPHI19640100010020100 00000g 2500 00000  
HPD02619400HPCPHI19640100220030400 00002  0500 00009  2500 00011  
HPD02619400HPCPHI19640200010020100 00000g 2500 00000  
HPD02619400HPCPHI19640200290031300 00011  1400 00001  2500 00012  
HPD02619400HPCPHI19640300010020100 00000g 2500 00000  
HPD02619400HPCPHI19640300020041600 00001  1700 00007  1800 00002  2500 00010  
HPD02619400HPCPHI19640300230061300 00002  1400 00003  1600 00014  1700 00004  1800 00002  2500 00025  
HPD02619400HPCPHI19640300240030500 00008  0600 00002  2500 00010  
HPD02619400HPCPHI19640400010020100 00000g 2500 00000  
HPD02619400HPCPHI19640500010020100 00000g 2500 00000  
HPD02619400HPCPHI19640600010020100 00000g 2500 00000  
HPD02619400HPCPHI19640700010020100 00000g 2500 00000  
HPD02619400HPCPHI19640700300030500 99999a 0800 00070A 2500 00070  
HPD02619400HPCPHI19640800010060100 00000g 1800 00013  1900 00050  2000 00002  2100 00002  2500 00067  
HPD02619400HPCPHI19640800020021400 00005  2500 00005  
HPD02619400HPCPHI19640800040041600 00002  1700 00001  1800 00002  2500 00005  
HPD02619400HPCPHI19640800120041000 00001  1100 00002  1200 00001  2500 00004  
HPD02619400HPCPHI19640800130032100 00004  2200 00049  2500 00053  
HPD02619400HPCPHI19640800260022000 00002  2500 00002  
HPD02619400HPCPHI19640900010020100 00000g 2500 00000  
HPD02619400HPCPHI19640900140032000 99999a 2400 00017A 2500 00017  
HPD02619400HPCPHI19641000010020100 00000g 2500 00000  
HPD02619400HPCPHI19641000150081600 00002  1700 00006  1800 00008  1900 00002  2000 00014  2100 00003  2200 00001  2500 00036  
HPD02619400HPCPHI19641000160031400 00115  1500 00032  2500 00147  
HPD02619400HPCPHI19641100010020100 00000g 2500 00000  
HPD02619400HPCPHI19641100150091000 00002  1100 00001  1200 00009  1300 00013  1400 00007  1500 00003  1600 00001  2000 00001  2500 00037  
HPD02619400HPCPHI19641100160040400 00001  0500 00002  0600 00002  2500 00005  
HPD02619400HPCPHI19641100180050800 00010  0900 00009  1000 00002  1200 00001  2500 00022  
HPD02619400HPCPHI19641100190040400 00001  0500 00001  0600 00003  2500 00005  
HPD02619400HPCPHI19641200010020100 00000g 2500 00000  
HPD02619400HPCPHI19641200180050500 00005  0600 00025  0700 00006  0800 00010  2500 00046  
HPD02619400HPCPHI19641200280040400 00007  0500 00006  0600 00001  2500 00014  
HPD02619400HPCPHI19650100010020100 00000g 2500 00000  
HPD02619400HPCPHI19650100050051900 00001  2000 00001  2300 00002  2400 00001  2500 00005  
HPD02619400HPCPHI19650100060160200 00001  0300 00003  0400 00003  0500 00003  0600 00002  0700 00001  0800 00004  0900 00003  1000 00009  1100 00013  1200 00015  1300 00014  1400 00009  1500 00007  1600 00001  2500 00088  
HPD02619400HPCPHI19650100070050400 00001  0500 00001  0600 00003  1900 00016  2500 00021  
HPD02619400HPCPHI19650100200032000 00009  2100 00001  2500 00010  
HPD02619400HPCPHI19650200010020100 00000g 2500 00000  
HPD02619400HPCPHI19650200060160600 00013  0700 00017  0800 00007  0900 00003  1000 00012  1100 00007  1200 00009  1300 00008  1400 00006  1500 00001  1600 00004  1900 00001  2000 00014  2100 00006  2200 00002  2500 00110  
HPD02619400HPCPHI19650300010020100 00000g 2500 00000  
HPD02619400HPCPHI19650300100081800 00002  1900 00006  2000 00007  2100 00006  2200 00004  2300 00002  2400 00002  2500 00029  
HPD02619400HPCPHI19650300110030100 00003  1900 00004  2500 00007  
HPD02619400HPCPHI19650300120031100 00001  1200 00011  2500 00012  
HPD02619400HPCPHI19650300150021600 00009  2500 00009  
HPD02619400HPCPHI19650400010050100 00000g 1000 00010  1100 00021  1200 00002  2500 00033  
HPD02619400HPCPHI19650400030111300 00003  1600 00001  1700 00011  1800 00011  1900 00002  2000 00012  2100 00012  2200 00013  2300 00010  2400 00005  2500 00080  
HPD02619400HPCPHI19650400040050100 00001  0200 00001  0300 00002  0400 00001  2500 00005  
HPD02619400HPCPHI19650400090060700 00009  0900 00010  1000 00003  1100 00001  1200 00001  2500 00024  
HPD02619400HPCPHI19650400120040500 00003  0600 00005  0700 00005  2500 00013  
HPD02619400HPCPHI19650500010020100 00000g 2500 00000  
HPD02619400HPCPHI19650500120041400 00010  1500 00008  1600 00007  2500 00025  
HPD02619400HPCPHI19650600010020100 00000g 2500 00000  
HPD02619400HPCPHI19650600220022300 00002  2500 00002  
HPD02619400HPCPHI19650600230020500 00003  2500 00003  
HPD02619400HPCPHI19650700010020100 00000g 2500 00000  
HPD02619400HPCPHI19650700170040500 00002  0600 00010  0700 00005  2500 00017  
HPD02619400HPCPHI19650700180040400 00001  0500 00001  0600 00010  2500 00012  
HPD02619400HPCPHI19650700220031700 00002  1800 00004  2500 00006  
HPD02619400HPCPHI19650700290060200 00005  0300 00007  0400 00001  0500 00001  0600 00001  2500 00015  
HPD02619400HPCPHI19650800010020100 00000g 2500 00000  
HPD02619400HPCPHI19650800140070100 00010  0200 00002  0300 00005  0400 00005  0500 00006  0600 00001  2500 00029  
HPD02619400HPCPHI19650800180021600 00015  2500 00015  
HPD02619400HPCPHI19650900010020100 00000g 2500 00000  
HPD02619400HPCPHI19650900170031900 00005  2000 00003  2500 00008  
HPD02619400HPCPHI19651000010020100 00000g 2500 00000  
HPD02619400HPCPHI19651100010020100 00000g 2500 00000  
HPD02619400HPCPHI19651100170050300 00004  0400 00003  0500 00002  0600 00005  2500 00014  
HPD02619400HPCPHI19651100220041100 00001  1200 00002  1300 00002  2500 00005  
HPD02619400HPCPHI19651100230050100 00001  0200 00002  0500 00001  0600 00001  2500 00005  
HPD02619400HPCPHI19651100250030500 00005  0600 00003  2500 00008  
HPD02619400HPCPHI19651200010020100 00000g 2500 00000  
HPD02619400HPCPHI19651200080081000 00002  1100 00003  1200 00002  1700 00001  1800 00004  2000 00003  2100 00006  2500 00021  
HPD02619400HPCPHI19651200090110100 00001  0300 00002  0400 00001  0500 00002  0900 00002  1000 00002  2100 00001  2200 00001  2300 00023  2400 00002  2500 00037  
HPD02619400HPCPHI19651200100080100 00016  0200 00005  0300 00001  1200 00003  1300 00007  1400 00017  1500 00003  2500 00052  
HPD02619400HPCPHI19651200110050200 00001  0400 00001  0500 00001  0600 00002  2500 00005  
HPD02619400HPCPHI19651200140050600 00002  0700 00001  0800 00002  2400 00005  2500 00010  
HPD02619400HPCPHI19651200150040100 00002  0200 00004  0400 00001  2500 00007  
HPD02619400HPCPHI19651200160110800 00001  0900 00001  1100 00002  1200 00001  1700 00005  2000 00001  2100 00007  2200 00011  2300 00007  2400 00001  2500 00037  
HPD02619400HPCPHI19651200170040200 00001  0300 00001  0500 00001  2500 00003  
HPD02619400HPCPHI19651200210032300 00004  2400 00004  2500 00008  
HPD02619400HPCPHI19651200220100100 00002  0200 00015  0300 00001  0400 00001  0500 00001  0600 00002  1200 00002  1300 00002  1400 00001  2500 00027  
HPD02619400HPCPHI19651200290042000 00003  2100 00002  2300 00002  2500 00007  
HPD02619400HPCPHI19651200300020500 00003  2500 00003  
HPD02619400HPCPHI19660100010020100 00000g 2500 00000  
HPD02619400HPCPHI19660100170042100 00004  2200 00001  2400 00001  2500 00006  
HPD02619400HPCPHI19660100180110100 00002  0200 00006  0300 00005  0400 00001  0500 00001  0600 00002  0800 00003  0900 00001  1000 00003  1400 00002  2500 00026  
HPD02619400HPCPHI19660100200031000 00001  1100 00002  2500 00003  
HPD02619400HPCPHI19660200010020100 00000g 2500 00000  
HPD02619400HPCPHI19660200060032300 00004  2400 00002  2500 00006  
HPD02619400HPCPHI19660200070180100 00004  0200 00001  0300 00003  0400 00004  0500 00002  0600 00001  0700 00002  1400 00002  1500 00021  1600 00001  1700 00001  1800 00010  1900 00005  2000 00001  2200 00012  2300 00008  2400 00001  2500 00079  
HPD02619400HPCPHI19660200080040300 00001  0500 00001  0600 00001  2500 00003  
HPD02619400HPCPHI19660200100061100 00004  1200 00017  1300 00020  1400 00011  1500 00001  2500 00053  
HPD02619400HPCPHI19660300010020100 00000g 2500 00000  
HPD02619400HPCPHI19660400010020100 00000g 2500 00000  
HPD02619400HPCPHI19660500010020100 00000g 2500 00000  
HPD02619400HPCPHI19660600010020100 00000g 2500 00000  
HPD02619400HPCPHI19660600200021500 00005  2500 00005  
HPD02619400HPCPHI19660700010020100 00000g 2500 00000  
HPD02619400HPCPHI19660700240030600 00002  0700 00003  2500 00005  
HPD02619400HPCPHI19660700290031100 00044  1200 00006  2500 00050  
HPD02619400HPCPHI19660800010020100 00000g 2500 00000  
HPD02619400HPCPHI19660800090041800 00002  1900 00090  2000 00001  2500 00093  
HPD02619400HPCPHI19660800150031800 00025  1900 00001  2500 00026  
HPD02619400HPCPHI19660800250041900 00001  2000 00015  2100 00001  2500 00017  
HPD02619400HPCPHI19660800300021600 00002  2500 00002  
HPD02619400HPCPHI19660900010020100 00000g 2500 00000  
HPD02619400HPCPHI19660900120051600 00001  1800 00001  1900 00037  2000 00001  2500 00040  
HPD02619400HPCPHI19660900130060300 00003  0400 00066  0500 00012  0600 00085  0700 00001  2500 00167  
HPD02619400HPCPHI19660900140050400 00001  0500 00001  0600 00004  0700 00003  2500 00009  
HPD02619400HPCPHI19660900280040500 00005  0600 00005  0900 00002  2500 00012  
HPD02619400HPCPHI19661000010020100 00000g 2500 00000  
HPD02619400HPCPHI19661000040060100 00043  0200 00001  0500 00003  1100 00012  1200 00002  2500 00061  
HPD02619400HPCPHI19661100010020100 00000g 2500 00000  
HPD02619400HPCPHI19661100080030600 00012  0700 00002  2500 00014  
HPD02619400HPCPHI19661200010020100 00000g 2500 00000  
HPD02619400HPCPHI19670100010020100 00000g 2500 00000  
HPD02619400HPCPHI19670100230070500 00003  0600 00013  0700 00008  0800 00003  0900 00003  1000 00003  2500 00033  
HPD02619400HPCPHI19670200010020100 00000g 2500 00000  
HPD02619400HPCPHI19670300010020100 00000g 2500 00000  
HPD02619400HPCPHI19670300290061000 00003  1100 00001  1200 00001  1300 00002  1400 00001  2500 00008  
HPD02619400HPCPHI19670400010020100 00000g 2500 00000  
HPD02619400HPCPHI19670400110052000 00001  2100 00002  2200 00004  2300 00002  2500 00009  
HPD02619400HPCPHI19670400120030400 00001  0500 00001  2500 00002  
HPD02619400HPCPHI19670500010020100 00000g 2500 00000  
HPD02619400HPCPHI19670500240031700 00041  1800 00001  2500 00042  
HPD02619400HPCPHI19670600010020100 00000g 2500 00000  
HPD02619400HPCPHI19670600180021000 99999a 2500 00000I 
HPD02619400HPCPHI19670600190020300 00035A 2500 00035P 
HPD02619400HPCPHI19670700010020100 00000g 2500 00000  
HPD02619400HPCPHI19670700090031400 00006  1500 00001  2500 00007  
HPD02619400HPCPHI19670700130022000 00005  2500 00005  
HPD02619400HPCPHI19670700140042100 00025  2300 00003  2400 00002  2500 00030  
HPD02619400HPCPHI19670700220040300 00001  0400 00015  0500 00004  2500 00020  
HPD02619400HPCPHI19670800010020100 00000g 2500 00000  
HPD02619400HPCPHI19670800130032300 00006  2400 00001  2500 00007  
HPD02619400HPCPHI19670800150022000 99999[ 2500 00000I 
HPD02619400HPCPHI19670800170020400 99999] 2500 00000I 
HPD02619400HPCPHI19670800240022200 00004  2500 00004  
HPD02619400HPCPHI19670800310020500 00002  2500 00002  
HPD02619400HPCPHI19670900010070100 00000g 0800 00002  2000 00018  2100 00001  2200 00001  2400 00002  2500 00024  
HPD02619400HPCPHI19670900020160100 00011  0200 99999a 0800 00010A 1100 00001  1200 00001  1300 00005  1400 00012  1500 00028  1600 00025  1900 00004  2000 00002  2100 00004  2200 00005  2300 00015  2400 00006  2500 00129  
HPD02619400HPCPHI19670900030160100 00009  0200 00010  0300 00010  0400 00002  0500 00003  0600 00002  0900 00027  1000 00033  1100 00035  1200 00020  1300 00006  1400 00006  1500 00001  2200 00001  2400 00001  2500 00166  
HPD02619400HPCPHI19670900050030500 00104  0600 00009  2500 00113  
HPD02619400HPCPHI19671000010020100 00000g 2500 00000  
HPD02619400HPCPHI19671100010020100 00000g 2500 00000  
HPD02619400HPCPHI19671100210052100 00003  2200 00016  2300 00008  2400 00001  2500 00028  
HPD02619400HPCPHI19671100220020100 00001  2500 00001  
HPD02619400HPCPHI19671100260071800 00002  1900 00016  2000 00025  2100 00014  2200 00012  2300 00001  2500 00070  
HPD02619400HPCPHI19671100280032100 00039  2200 00003  2500 00042  
HPD02619400HPCPHI19671200010020100 00000g 2500 00000  
HPD02619400HPCPHI19671200130052100 00001  2200 00005  2300 00006  2400 00005  2500 00017  
HPD02619400HPCPHI19671200140180100 00002  0200 00002  0300 00001  0600 00003  0700 00002  1000 00001  1200 00001  1300 00005  1400 00012  1500 00004  1700 00004  1800 00005  1900 00001  2000 00004  2100 00001  2200 00002  2400 00001  2500 00051  
HPD02619400HPCPHI19671200150130100 00001  0200 00004  0300 00001  0400 00004  0500 00001  0600 00002  1000 00001  1100 00006  1200 00010  1300 00005  1400 00003  1500 00002  2500 00040  
HPD02619400HPCPHI19671200180041000 00002  1100 00001  1200 00001  2500 00004  
HPD02619400HPCPHI19671200190081000 00006  1100 00029  1200 00060  1300 00029  1400 00025  1500 00025  1600 00001  2500 00175  
HPD02619400HPCPHI19671200200021900 00005  2500 00005  
HPD02619400HPCPHI19671200210060100 00001  0200 00001  0300 00001  0400 00001  0500 00001  2500 00005  
HPD02619400HPCPHI19680100010020100 00000g 2500 00000  
HPD02619400HPCPHI19680200010020100 00000g 2500 00000  
HPD02619400HPCPHI19680200090081200 00002  1300 00001  1400 00001  1800 00001  1900 00001  2300 00011  2400 00005  2500 00022  
HPD02619400HPCPHI19680200100030100 00001  0200 00001  2500 00002  
HPD02619400HPCPHI19680200120030600 00032  0700 00018  2500 00050  
HPD02619400HPCPHI19680200130051300 00002  1600 00002  1700 00038  1800 00007  2500 00049  
HPD02619400HPCPHI19680200140090400 00001  0500 00001  0600 00001  0700 00016  0800 00012  0900 00012  1000 00002  1200 00001  2500 00046  
HPD02619400HPCPHI19680200150030500 00001  0600 00001  2500 00002  
HPD02619400HPCPHI19680300010020100 00000g 2500 00000  
HPD02619400HPCPHI19680300080022400 00011  2500 00011  
HPD02619400HPCPHI19680300090030100 00003  0200 00001  2500 00004  
HPD02619400HPCPHI19680400010020100 00000g 2500 00000  
HPD02619400HPCPHI19680500010020100 00000g 2500 00000  
HPD02619400HPCPHI19680600010020100 00000g 2500 00000  
HPD02619400HPCPHI19680600070041600 00031  1700 00004  1800 00001  2500 00036  
HPD02619400HPCPHI19680700010020100 00000g 2500 00000  
HPD02619400HPCPHI19680700040031800 00001  1900 00004  2500 00005  
HPD02619400HPCPHI19680700060050500 00010  0600 00004  1200 00005  1600 00001  2500 00020  
HPD02619400HPCPHI19680700210032100 99999[ 2400 99999] 2500 00000I 
HPD02619400HPCPHI19680700230031100 99999[ 1400 99999] 2500 00000I 
HPD02619400HPCPHI19680700260021800 00006  2500 00006  
HPD02619400HPCPHI19680700300021300 00012  2500 00012  
HPD02619400HPCPHI19680800010020100 00000g 2500 00000  
HPD02619400HPCPHI19680800030041800 00003  1900 00023  2000 00003  2500 00029  
HPD02619400HPCPHI19680800060022400 00002  2500 00002  
HPD02619400HPCPHI19680800070060100 00004  0200 00010  0300 00011  0400 00013  0500 00003  2500 00041  
HPD02619400HPCPHI19680800120022000 00002  2500 00002  
HPD02619400HPCPHI19680900010020100 00000g 2500 00000  
HPD02619400HPCPHI19681000010020100 00000g 2500 00000  
HPD02619400HPCPHI19681000030060200 00004  0400 00002  0500 00012  0600 00005  0700 00003  2500 00026  
HPD02619400HPCPHI19681100010020100 00000g 2500 00000  
HPD02619400HPCPHI19681100140061000 00004  1100 00004  1200 00002  1500 00023  1600 00001  2500 00034  
HPD02619400HPCPHI19681100150070400 00001  0600 00001  0700 00006  0800 00003  0900 00005  1000 00001  2500 00017  
HPD02619400HPCPHI19681200010020100 00000g 2500 00000  
HPD02619400HPCPHI19681200200080400 99999a 1300 00017A 1400 00001  1600 00003  1700 00006  1800 00008  1900 00001  2500 00036  
HPD02619400HPCPHI19681200260050100 99999a 0900 00007A 1500 00007  1700 00001  2500 00015  
HPD02619400HPCPHI19690100010020100 00000g 2500 00000  
HPD02619400HPCPHI19690100140230200 00001  0300 00001  0400 00002  0500 00004  0600 00004  0700 00008  0800 00007  0900 00002  1000 00005  1100 00006  1200 00003  1300 00007  1400 00004  1500 00004  1600 00008  1700 00003  1800 00002  1900 00004  2000 00003  2100 00001  2200 00001  2300 00001  2500 00081  
HPD02619400HPCPHI19690100150060100 00001  0200 00002  0300 00001  0500 00002  0600 00005  2500 00011  
HPD02619400HPCPHI19690100190040700 00001  0800 00001  0900 00001  2500 00003  
HPD02619400HPCPHI19690100210041600 00001  1900 00008  2000 00013  2500 00022  
HPD02619400HPCPHI19690100220030500 00001  0600 00001  2500 00002  
HPD02619400HPCPHI19690100240030200 00002  0300 00002  2500 00004  
HPD02619400HPCPHI19690200010020100 00000g 2500 00000  
HPD02619400HPCPHI19690200120022300 99999a 2500 00000I 
HPD02619400HPCPHI19690200130020700 00011A 2500 00011P 
HPD02619400HPCPHI19690200180041700 00001  1800 00005  1900 00001  2500 00007  
HPD02619400HPCPHI19690200190040500 00001  0600 00001  2400 00001  2500 00003  
HPD02619400HPCPHI19690200200060200 00001  0900 00003  1000 00002  1600 00006  1900 00005  2500 00017  
HPD02619400HPCPHI19690200220051200 00008  1300 00007  1400 00005  1800 00003  2500 00023  
HPD02619400HPCPHI19690300010020100 00000g 2500 00000  
HPD02619400HPCPHI19690300100021200 00036  2500 00036  
HPD02619400HPCPHI19690300220050800 00001  0900 00001  1000 00002  1700 00008  2500 00012  
HPD02619400HPCPHI19690400010020100 00000g 2500 00000  
HPD02619400HPCPHI19690500010020100 00000g 2500 00000  
HPD02619400HPCPHI19690500050051900 00001  2100 00002  2200 00004  2300 00002  2500 00009  
HPD02619400HPCPHI19690500060030100 00001  0500 00001  2500 00002  
HPD02619400HPCPHI19690600010020100 00000g 2500 00000  
HPD02619400HPCPHI19690700010020100 00000g 2500 00000  
HPD02619400HPCPHI19690700190031600 00088  1700 00002  2500 00090  
HPD02619400HPCPHI19690700220032000 00041  2100 00004  2500 00045  
HPD02619400HPCPHI19690700230050200 00001  0300 00006  0400 00003  0500 00002  2500 00012  
HPD02619400HPCPHI19690800010020100 00000g 2500 00000  
HPD02619400HPCPHI19690800070022100 00003  2500 00003  
HPD02619400HPCPHI19690800120021500 00004  2500 00004  
HPD02619400HPCPHI19690800180021800 00027  2500 00027  
HPD02619400HPCPHI19690800230042100 00014  2200 00140  2300 00020  2500 00174  
HPD02619400HPCPHI19690800240020100 00001  2500 00001  
HPD02619400HPCPHI19690800250031600 00004  1700 00021  2500 00025  
HPD02619400HPCPHI19690800280042200 00012  2300 00060  2400 00011  2500 00083  
HPD02619400HPCPHI19690900010020100 00000g 2500 00000  
HPD02619400HPCPHI19690900030021600 00009  2500 00009  
HPD02619400HPCPHI19690900060021500 00012  2500 00012  
HPD02619400HPCPHI19691000010020100 00000g 2500 00000  
HPD02619400HPCPHI19691100010020100 00000g 2500 00000  
HPD02619400HPCPHI19691100090021400 99999a 2500 00000I 
HPD02619400HPCPHI19691100100070700 00042A 0900 00005  1000 00018  1100 00005  1400 00020  1500 00005  2500 00095P 
HPD02619400HPCPHI19691100110030100 00001  0200 00001  2500 00002  
HPD02619400HPCPHI19691100150051700 00003  1800 00004  1900 00001  2000 00002  2500 00010  
HPD02619400HPCPHI19691100160030400 00013  0500 00002  2500 00015  
HPD02619400HPCPHI19691100290021700 00002  2500 00002  
HPD02619400HPCPHI19691200010020100 00000g 2500 00000  
HPD02619400HPCPHI19691200030052000 00004  2100 00003  2200 00001  2400 00001  2500 00009  
HPD02619400HPCPHI19691200280070900 00002  1000 00003  1100 00004  1200 00004  1300 00005  1400 00002  2500 00020  
HPD02619400HPCPHI19700100010020100 00000g 2500 00000  
HPD02619400HPCPHI19700200010020100 00000g 2500 00000  
HPD02619400HPCPHI19700200100022400 00005  2500 00005  
HPD02619400HPCPHI19700200110070100 00006  0200 00025  0300 00006  0400 00001  0500 00001  0600 00001  2500 00040  
HPD02619400HPCPHI19700300010050100 00000g 1800 00024  1900 00016  2000 00013  2500 00053  
HPD02619400HPCPHI19700300020080500 00001  0600 00001  1300 00010  1600 00001  1700 00004  2300 00004  2400 00002  2500 00023  
HPD02619400HPCPHI19700300030040300 00001  0500 00001  0600 00001  2500 00003  
HPD02619400HPCPHI19700300050080400 00011  0500 00009  0600 00008  0700 00001  0800 00006  0900 00022  1300 00005  2500 00062  
HPD02619400HPCPHI19700300100041800 00009  1900 00007  2000 00004  2500 00020  
HPD02619400HPCPHI19700400010020100 00000g 2500 00000  
HPD02619400HPCPHI19700500010020100 00000g 2500 00000  
HPD02619400HPCPHI19700600010020100 00000g 2500 00000  
HPD02619400HPCPHI19700700010020100 00000g 2500 00000  
HPD02619400HPCPHI19700800010020100 00000g 2500 00000  
HPD02619400HPCPHI19700800110031600 00144  1900 00001  2500 00145  
HPD02619400HPCPHI19700800120050100 00002  0200 00001  0500 00001  0600 00001  2500 00005  
HPD02619400HPCPHI19700800140050700 00016  0800 00034  0900 00013  1000 00004  2500 00067  
HPD02619400HPCPHI19700800180031700 99999a 2200 00023A 2500 00023  
HPD02619400HPCPHI19700900010020100 00000g 2500 00000  
HPD02619400HPCPHI19700900040050100 00029  0200 00101  0300 00010  1600 00036  2500 00176  
HPD02619400HPCPHI19700900050071500 00078  1600 00070  1700 00027  1800 00007  1900 00002  2200 00004  2500 00188  
HPD02619400HPCPHI19700900060020600 00002  2500 00002  
HPD02619400HPCPHI19701000010020100 00000g 2500 00000  
HPD02619400HPCPHI19701100010020100 00000g 2500 00000  
HPD02619400HPCPHI19701100300040400 00003  0500 00001  0800 00001  2500 00005  
HPD02619400HPCPHI19701200010020100 00000g 2500 00000  
HPD02619400HPCPHI19701200190081500 00001  1700 00001  1800 00002  1900 00006  2000 00006  2100 00006  2200 00001  2500 00023  
HPD02619400HPCPHI19701200200060300 00003  0500 00001  0600 00001  0700 00005  0800 00003  2500 00013  
HPD02619400HPCPHI19701200210041900 00001  2000 00007  2100 00003  2500 00011  
HPD02619400HPCPHI19701200220020400 00001  2500 00001  
HPD02619400HPCPHI19710100010020100 00000g 2500 00000  
HPD02619400HPCPHI19710100020051400 00001  1500 00002  1600 00001  1700 00002  2500 00006  
HPD02619400HPCPHI19710200010020100 00000g 2500 00000  
HPD02619400HPCPHI19710200170051100 00001  1200 00009  1300 00008  1400 00004  2500 00022  
HPD02619400HPCPHI19710300010020100 00000g 2500 00000  
HPD02619400HPCPHI19710400010020100 00000g 2500 00000  
HPD02619400HPCPHI19710500010020100 00000g 2500 00000  
HPD02619400HPCPHI19710600010020100 00000g 2500 00000  
HPD02619400HPCPHI19710700010020100 00000g 2500 00000  
HPD02619400HPCPHI19710700160032200 00001  2300 00022  2500 00023  
HPD02619400HPCPHI19710700190022400 00005  2500 00005  
HPD02619400HPCPHI19710700200020100 00095  2500 00095  
HPD02619400HPCPHI19710800010020100 00000g 2500 00000  
HPD02619400HPCPHI19710800020022200 00007  2500 00007  
HPD02619400HPCPHI19710800030022400 00005  2500 00005  
HPD02619400HPCPHI19710800040030100 00033  0200 00003  2500 00036  
HPD02619400HPCPHI19710800100022200 00007  2500 00007  
HPD02619400HPCPHI19710800130030200 00017  0300 00009  2500 00026  
HPD02619400HPCPHI19710800190060400 00014  0500 00009  0600 00002  0700 00005  2400 00005  2500 00035  
HPD02619400HPCPHI19710800200070100 00078  0200 00005  0300 00009  0400 00010  0500 00011  0600 00003  2500 00116  
HPD02619400HPCPHI19710800210050400 00001  0500 00004  0600 00015  0700 00002  2500 00022  
HPD02619400HPCPHI19710800270031700 99999a 2300 00010A 2500 00010  
HPD02619400HPCPHI19710900010020100 00000g 2500 00000  
HPD02619400HPCPHI19710900290070400 00001  0500 00001  0600 00003  0700 00004  0800 00002  0900 00005  2500 00016  
HPD02619400HPCPHI19710900300081200 00002  1300 00001  1400 00006  1500 00003  1600 00013  1700 00003  1800 00012  2500 00040  
HPD02619400HPCPHI19711000010020100 00000g 2500 00000  
HPD02619400HPCPHI19711000160042100 00002  2200 00004  2300 00006  2500 00012  
HPD02619400HPCPHI19711000170040100 00002  0200 00002  0400 00001  2500 00005  
HPD02619400HPCPHI19711100010020100 00000g 2500 00000  
HPD02619400HPCPHI19711200010020100 00000g 2500 00000  
HPD02619400HPCPHI19720100010020100 00000g 2500 00000  
HPD02619400HPCPHI19720200010020100 00000g 2500 00000  
HPD02619400HPCPHI19720300010020100 00000g 2500 00000  
HPD02619400HPCPHI19720400010020100 00000g 2500 00000  
HPD02619400HPCPHI19720500010020100 00000g 2500 00000  
HPD02619400HPCPHI19720600010020100 00000g 2500 00000  
HPD02619400HPCPHI19720600070021700 00016  2500 00016  
HPD02619400HPCPHI19720700010020100 00000g 2500 00000  
HPD02619400HPCPHI19720800010020100 00000g 2500 00000  
HPD02619400HPCPHI19720800050022400 00007  2500 00007  
HPD02619400HPCPHI19720800060020100 00002  2500 00002  
HPD02619400HPCPHI19720900010020100 00000g 2500 00000  
HPD02619400HPCPHI19720900180030100 00023  0200 00001  2500 00024  
HPD02619400HPCPHI19721000010020100 00000g 2500 00000  
HPD02619400HPCPHI19721000040100100 00001  0200 00009  0300 00001  0400 00001  0500 00001  0700 00001  0800 00003  2100 00010  2300 00040  2500 00067  
HPD02619400HPCPHI19721000050041500 00001  1900 00002  2000 00001  2500 00004  
HPD02619400HPCPHI19721000060120100 00001  0200 00001  0500 00001  0600 00001  1300 00019  1500 00006  1600 00016  1700 00018  1800 00034  1900 00036  2000 00002  2500 00135  
HPD02619400HPCPHI19721000180020500 99999a 2500 00000I 
HPD02619400HPCPHI19721000190060800 00040A 1600 00001  1700 00004  1800 00006  1900 00001  2500 00052P 
HPD02619400HPCPHI19721100010020100 00000g 2500 00000  
HPD02619400HPCPHI19721100110031500 99999a 2400 00017A 2500 00017  
HPD02619400HPCPHI19721100160022400 00012  2500 00012  
HPD02619400HPCPHI19721100170020100 00002  2500 00002  
HPD02619400HPCPHI19721200010020100 00000g 2500 00000  
HPD02619400HPCPHI19721200020030100 00003  0200 00002  2500 00005  
HPD02619400HPCPHI19721200270062000 00001  2100 00002  2200 00001  2300 00002  2400 00008  2500 00014  
HPD02619400HPCPHI19721200280090100 00009  0200 00005  0300 00013  0400 00019  0500 00011  0600 00009  0700 00007  0800 00001  2500 00074  
HPD02619400HPCPHI19730100010020100 00000g 2500 00000  
HPD02619400HPCPHI19730200010020100 00000g 2500 00000  
HPD02619400HPCPHI19730200110021400 00015  2500 00015  
HPD02619400HPCPHI19730200130040800 00001  0900 00009  1000 00002  2500 00012  
HPD02619400HPCPHI19730200150042200 00022  2300 00006  2400 00001  2500 00029  
HPD02619400HPCPHI19730200210060400 00004  0500 00001  0700 00002  0800 00003  0900 00001  2500 00011  
HPD02619400HPCPHI19730200220120900 00004  1000 00008  1200 00003  1300 00002  1800 00001  1900 00004  2000 00008  2100 00001  2200 00003  2300 00006  2400 00001  2500 00041  
HPD02619400HPCPHI19730200230030100 00006  0200 00003  2500 00009  
HPD02619400HPCPHI19730300010020100 00000g 2500 00000  
HPD02619400HPCPHI19730300080030300 00004  0400 00001  2500 00005  
HPD02619400HPCPHI19730300090040400 00009  0500 00002  0700 00009  2500 00020  
HPD02619400HPCPHI19730300120040100 00013  0200 00016  0300 00006  2500 00035  
HPD02619400HPCPHI19730300140070500 00006  0600 00004  1300 00003  1400 00025  1500 00001  1600 00001  2500 00040  
HPD02619400HPCPHI19730300200031900 00002  2000 00002  2500 00004  
HPD02619400HPCPHI19730300270032200 00002  2300 00001  2500 00003  
HPD02619400HPCPHI19730300280051900 00001  2000 00004  2100 00003  2200 00002  2500 00010  
HPD02619400HPCPHI19730400010020100 00000g 2500 00000  
HPD02619400HPCPHI19730500010020100 00000g 2500 00000  
HPD02619400HPCPHI19730600010020100 00000g 2500 00000  
HPD02619400HPCPHI19730700010020100 00000g 2500 00000  
HPD02619400HPCPHI19730700170031900 00010  2000 00003  2500 00013  
HPD02619400HPCPHI19730700280020900 99999a 2500 00000I 
HPD02619400HPCPHI19730700300020800 00031A 2500 00031P 
HPD02619400HPCPHI19730800010020100 00000g 2500 00000  
HPD02619400HPCPHI19730900010020100 00000g 2500 00000  
HPD02619400HPCPHI19731000010020100 00000g 2500 00000  
HPD02619400HPCPHI19731100010020100 00000g 2500 00000  
HPD02619400HPCPHI19731100180032000 00015  2100 00002  2500 00017  
HPD02619400HPCPHI19731100230110900 00001  1000 00003  1100 00017  1200 00005  1300 00018  1400 00002  1500 00001  1600 00001  1700 00001  1800 00001  2500 00050  
HPD02619400HPCPHI19731200010020100 00000g 2500 00000  
HPD02619400HPCPHI19740100010020100 00000g 2500 00000  
HPD02619400HPCPHI19740100050070200 00005  0300 00004  0400 00008  0500 00001  0600 00019  0700 00018  2500 00055  
HPD02619400HPCPHI19740100070051700 00001  1800 00007  1900 00005  2000 00002  2500 00015  
HPD02619400HPCPHI19740100080100500 00002  0600 00001  1600 00001  1700 00002  1800 00001  2000 00001  2200 00005  2300 00003  2400 00002  2500 00018  
HPD02619400HPCPHI19740100090060200 00003  0300 00002  0400 00001  0500 00002  0600 00001  2500 00009  
HPD02619400HPCPHI19740200010020100 00000g 2500 00000  
HPD02619400HPCPHI19740300010020100 00000g 2500 00000  
HPD02619400HPCPHI19740300080051100 00007  1900 00003  2000 00001  2100 00001  2500 00012  
HPD02619400HPCPHI19740300090021100 00004  2500 00004  
HPD02619400HPCPHI19740300190032200 00003  2300 00002  2500 00005  
HPD02619400HPCPHI19740400010020100 00000g 2500 00000  
HPD02619400HPCPHI19740500010020100 00000g 2500 00000  
HPD02619400HPCPHI19740600010020100 00000g 2500 00000  
HPD02619400HPCPHI19740700010020100 00000g 2500 00000  
HPD02619400HPCPHI19740700190031700 00001  1900 00002  2500 00003  
HPD02619400HPCPHI19740700200031000 00001  1100 00006  2500 00007  
HPD02619400HPCPHI19740800010050100 00000g 2100 00001  2200 00004  2300 00003  2500 00008  
HPD02619400HPCPHI19740800030042000 00001  2100 00003  2200 00004  2500 00008  
HPD02619400HPCPHI19740800040030100 00001  0200 00001  2500 00002  
HPD02619400HPCPHI19740900010020100 00000g 2500 00000  
HPD02619400HPCPHI19740900210032000 00006  2100 00002  2500 00008  
HPD02619400HPCPHI19741000010020100 00000g 2500 00000  
HPD02619400HPCPHI19741000060031200 00003  1300 00001  2500 00004  
HPD02619400HPCPHI19741000210041800 00001  1900 00001  2400 00001  2500 00003  
HPD02619400HPCPHI19741000220090100 00001  0400 00001  0500 00001  0600 00001  0700 00002  0800 00035  1500 00003  1600 00006  2500 00050  
HPD02619400HPCPHI19741000230030400 00006  0500 00009  2500 00015  
HPD02619400HPCPHI19741000280071400 00001  1500 00016  1600 00020  1700 00011  2000 00053  2100 00009  2500 00110  
HPD02619400HPCPHI19741000290050200 00001  0500 00001  0600 00001  2200 00003  2500 00006  
HPD02619400HPCPHI19741000300060200 00010  0400 00001  0500 00006  0600 00003  0700 00002  2500 00022  
HPD02619400HPCPHI19741100010020100 00000g 2500 00000  
HPD02619400HPCPHI19741100020040400 00002  0500 00001  0800 00001  2500 00004  
HPD02619400HPCPHI19741200010020100 00000g 2500 00000  
HPD02619400HPCPHI19741200040061700 00003  1800 00003  1900 00021  2000 00003  2400 00020  2500 00050  
HPD02619400HPCPHI19741200050030100 00003  0200 00001  2500 00004  
HPD02619400HPCPHI19741200250031600 00003  1700 00003  2500 00006  
HPD02619400HPCPHI19741200280041900 00002  2000 00005  2100 00003  2500 00010  
HPD02619400HPCPHI19750100010040100 00000g 1300 00001  1400 00002  2500 00003  
HPD02619400HPCPHI19750100310030200 00002  0300 00003  2500 00005  
HPD02619400HPCPHI19750200010020100 00000g 2500 00000  
HPD02619400HPCPHI19750200140040300 00001  0400 00001  2200 00068  2500 00070  
HPD02619400HPCPHI19750300010020100 00000g 2500 00000  
HPD02619400HPCPHI19750300100032300 00002  2400 00008  2500 00010  
HPD02619400HPCPHI19750300110060100 00002  0200 00005  0300 00005  0500 00012  0600 00013  2500 00037  
HPD02619400HPCPHI19750300120021600 00010  2500 00010  
HPD02619400HPCPHI19750300140021700 00006  2500 00006  
HPD02619400HPCPHI19750400010020100 00000g 2500 00000  
HPD02619400HPCPHI19750400060022000 00007  2500 00007  
HPD02619400HPCPHI19750400090071400 00002  1500 00007  1600 00001  1700 00015  1800 00008  2200 00002  2500 00035  
HPD02619400HPCPHI19750500010020100 00000g 2500 00000  
HPD02619400HPCPHI19750600010020100 00000g 2500 00000  
HPD02619400HPCPHI19750700010020100 00000g 2500 00000  
HPD02619400HPCPHI19750700080021900 00053  2500 00053  
HPD02619400HPCPHI19750700110021800 00003  2500 00003  
HPD02619400HPCPHI19750700240022300 00004  2500 00004  
HPD02619400HPCPHI19750800010020100 00000g 2500 00000  
HPD02619400HPCPHI19750800060022200 00030  2500 00030  
HPD02619400HPCPHI19750800200021800 00005  2500 00005  
HPD02619400HPCPHI19750900010020100 00000g 2500 00000  
HPD02619400HPCPHI19750900050021800 00009  2500 00009  
HPD02619400HPCPHI19750900080061800 00009  1900 00005  2000 00001  2200 00001  2300 00001  2500 00017  
HPD02619400HPCPHI19751000010020100 00000g 2500 00000  
HPD02619400HPCPHI19751000190022200 00005  2500 00005  
HPD02619400HPCPHI19751100010020100 00000g 2500 00000  
HPD02619400HPCPHI19751100280050500 00002  0600 00006  0700 00008  0800 00002  2500 00018  
HPD02619400HPCPHI19751200010020100 00000g 2500 00000  
HPD02619400HPCPHI19751200130030300 00008  2300 00005  2500 00013  
HPD02619400HPCPHI19751200210100500 00001  0600 00004  0700 00002  0800 00003  1000 00001  1100 00005  1200 00003  1300 00002  1400 00004  2500 00025  
HPD02619400HPCPHI19760100010020100 00000g 2500 00000  
HPD02619400HPCPHI19760200010020100 00000g 2500 00000  
HPD02619400HPCPHI19760200090080200 00002  0300 00001  0400 00005  0500 00004  0600 00011  0700 00005  0800 00004  2500 00032  
HPD02619400HPCPHI19760200100020500 00004  2500 00004  
HPD02619400HPCPHI19760200130030700 00006  0800 00009  2500 00015  
HPD02619400HPCPHI19760300010020100 00000g 2500 00000  
HPD02619400HPCPHI19760300030041200 00008  1300 00002  1400 00001  2500 00011  
HPD02619400HPCPHI19760400010020100 00000g 2500 00000  
HPD02619400HPCPHI19760400140020900 99999a 2500 00000I 
HPD02619400HPCPHI19760400150030800 00016A 2400 00020  2500 00036P 
HPD02619400HPCPHI19760400160050100 00007  0200 00003  1300 00001  1400 00002  2500 00013  
HPD02619400HPCPHI19760500010020100 00000g 2500 00000  
HPD02619400HPCPHI19760500030021700 00003  2500 00003  
HPD02619400HPCPHI19760500180031900 00005  2000 00015  2500 00020  
HPD02619400HPCPHI19760600010020100 00000g 2500 00000  
HPD02619400HPCPHI19760700010020100 00000g 2500 00000  
HPD02619400HPCPHI19760700220020900 99999[ 2500 00000I 
HPD02619400HPCPHI19760700230020800 99999] 2500 00000I 
HPD02619400HPCPHI19760700260022100 00006  2500 00006  
HPD02619400HPCPHI19760800010020100 00000g 2500 00000  
HPD02619400HPCPHI19760900010030100 00000g 1700 99999[ 2500 00000I 
HPD02619400HPCPHI19760900060020900 99999] 2500 00000I 
HPD02619400HPCPHI19760900230061300 00003  1800 00002  2000 00002  2100 00003  2200 00005  2500 00015  
HPD02619400HPCPHI19760900240071600 00009  1700 00031  1900 00009  2000 00014  2100 00006  2200 00001  2500 00070  
HPD02619400HPCPHI19760900250040300 00020  0400 00014  0500 00046  2500 00080  
HPD02619400HPCPHI19761000010020100 00000g 2500 00000  
HPD02619400HPCPHI19761000220030700 00002  1800 00015  2500 00017  
HPD02619400HPCPHI19761000230041600 00015  1700 00007  1800 00004  2500 00026  
HPD02619400HPCPHI19761100010020100 00000g 2500 00000  
HPD02619400HPCPHI19761100120081500 00006  1600 00018  1700 00013  1800 00006  1900 00016  2000 00008  2100 00003  2500 00070  
HPD02619400HPCPHI19761100150030100 00009  0200 00017  2500 00026  
HPD02619400HPCPHI19761200010020100 00000g 2500 00000  
HPD02619400HPCPHI19761200310111000 00006  1100 00008  1200 00005  1300 00008  1400 00008  1500 00007  1600 00006  1700 00007  1800 00009  1900 00001  2500 00065  
HPD02619400HPCPHI19770100010020100 00000g 2500 00000  
HPD02619400HPCPHI19770100030020500 00005  2500 00005  
HPD02619400HPCPHI19770100040042000 00010  2100 00009  2200 00001  2500 00020  
HPD02619400HPCPHI19780100010020100 00000g 2500 00000  
HPD02619400HPCPHI19780100100100200 00003  0300 00009  0400 00001  1400 00001  1500 00022  1600 00025  1700 00026  1800 00007  2300 00002  2500 00096  
HPD02619400HPCPHI19780100110040300 00002  0700 00004  0800 00001  2500 00007  
HPD02619400HPCPHI19780100140032300 00002  2400 00001  2500 00003  
HPD02619400HPCPHI19780100150090100 00001  0200 00003  0300 00004  0400 00001  0500 00003  0600 00006  0700 00001  0800 00001  2500 00020  
HPD02619400HPCPHI19780100160022400 00001  2500 00001  
HPD02619400HPCPHI19780100170050400 00004  0500 00002  1700 00001  1800 00001  2500 00008  
HPD02619400HPCPHI19780100190061600 00001  1700 00009  1800 00004  1900 00003  2000 00003  2500 00020  
HPD02619400HPCPHI19780100200031600 00018  1700 00002  2500 00020  
HPD02619400HPCPHI19780100300101000 00003  1100 00001  1200 00001  1300 00003  1400 00006  1500 00002  1600 00004  1700 00002  1800 00003  2500 00025  
HPD02619400HPCPHI19780200010020100 00000g 2500 00000  
HPD02619400HPCPHI19780200050042000 00004  2100 00001  2200 00005  2500 00010  
HPD02619400HPCPHI19780200070022400 00004  2500 00004  
HPD02619400HPCPHI19780200100091300 00004  1400 00002  1500 00010  1600 00008  1700 00017  2000 00011  2100 00003  2200 00004  2500 00059  
HPD02619400HPCPHI19780200130051300 00003  1800 00002  1900 00010  2000 00015  2500 00030  
HPD02619400HPCPHI19780200140080100 00001  0200 00004  0400 00002  0500 00002  0600 00001  0700 00001  0800 00006  2500 00017  
HPD02619400HPCPHI19780200270081800 00010  1900 00003  2000 00002  2100 00004  2200 00021  2300 00005  2400 00007  2500 00052  
HPD02619400HPCPHI19780200280040100 00018  2200 00005  2400 00005  2500 00028  
HPD02619400HPCPHI19780300010050100 00000g 1400 00004  1500 00004  1600 00002  2500 00010  
HPD02619400HPCPHI19780300040022000 00005  2500 00005  
HPD02619400HPCPHI19780300050031100 00005  1200 00001  2500 00006  
HPD02619400HPCPHI19780300110022400 00005  2500 00005  
HPD02619400HPCPHI19780300120120100 00009  0200 00008  0300 00002  0400 00001  0700 00005  1100 00001  1200 00017  1300 00011  1400 00001  1700 00003  1800 00002  2500 00060  
HPD02619400HPCPHI19780300210022400 00004  2500 00004  
HPD02619400HPCPHI19780300220070100 00004  0200 00001  0300 00005  0400 00004  0500 00001  0600 00001  2500 00016  
HPD02619400HPCPHI19780400010040100 00000g 0500 99999a 0800 00013A 2500 00013  
HPD02619400HPCPHI19780400040022400 00004  2500 00004  
HPD02619400HPCPHI19780400050040100 00002  0200 00003  0300 00006  2500 00011  
HPD02619400HPCPHI19780500010030100 00000g 1400 00005  2500 00005  
HPD02619400HPCPHI19780600010020100 00000g 2500 00000  
HPD02619400HPCPHI19780700010020100 00000g 2500 00000  
HPD02619400HPCPHI19780700240020800 99999a 2500 00000I 
HPD02619400HPCPHI19780700250020700 00050A 2500 00050P 
HPD02619400HPCPHI19780800010020100 00000g 2500 00000  
HPD02619400HPCPHI19780800020020100 99999a 2500 00000I 
HPD02619400HPCPHI19780800040020800 00190A 2500 00190P 
HPD02619400HPCPHI19780800070032300 00059  2400 00001  2500 00060  
HPD02619400HPCPHI19780800080032300 00004  2400 00013  2500 00017  
HPD02619400HPCPHI19780800220021600 99999a 2500 00000I 
HPD02619400HPCPHI19780800240020800 00045A 2500 00045P 
HPD02619400HPCPHI19780900010020100 00000g 2500 00000  
HPD02619400HPCPHI19781000010020100 00000g 2500 00000  
HPD02619400HPCPHI19781000200090300 00005  0400 00006  0500 00004  0600 00008  0700 00004  0800 00012  0900 00004  1000 00003  2500 00046  
HPD02619400HPCPHI19781000210030400 00003  0600 00010  2500 00013  
HPD02619400HPCPHI19781000240050700 00008  0800 00004  0900 00013  1000 00010  2500 00035  
HPD02619400HPCPHI19781100010020100 00000g 2500 00000  
HPD02619400HPCPHI19781100100032000 00006  2100 00008  2500 00014  
HPD02619400HPCPHI19781100110030900 00004  1000 00007  2500 00011  
HPD02619400HPCPHI19781100120050100 00004  0300 00001  0400 00008  0500 00005  2500 00018  
HPD02619400HPCPHI19781100230041900 00004  2100 00003  2200 00004  2500 00011  
HPD02619400HPCPHI19781100240040600 00006  0700 00005  0800 00007  2500 00018  
HPD02619400HPCPHI19781200010020100 00000g 2500 00000  
HPD02619400HPCPHI19781200170130600 00005  0700 00005  0800 00004  0900 00001  1400 00001  1500 00004  1600 00007  1700 00008  1800 00008  1900 00006  2000 00004  2400 00004  2500 00057  
HPD02619400HPCPHI19781200180100100 00004  0200 00004  0300 00004  0400 00002  0600 00003  1200 00002  1300 00005  1500 00001  2100 00016  2500 00041  
HPD02619400HPCPHI19781200290031800 00001  1900 00003  2500 00004  
HPD02619400HPCPHI19781200300050300 00001  0400 00006  0500 00003  0600 00002  2500 00012  
HPD02619400HPCPHI19790100010020100 00000g 2500 00000  
HPD02619400HPCPHI19790100090021600 00007  2500 00007  
HPD02619400HPCPHI19790100160170900 00003  1000 00007  1100 00005  1200 00007  1300 00001  1400 00004  1500 00003  1600 00003  1700 00004  1800 00007  1900 00003  2000 00002  2100 00010  2200 00006  2300 00013  2400 00015  2500 00093  
HPD02619400HPCPHI19790100170050100 00020  0200 00024  0300 00019  0600 00002  2500 00065  
HPD02619400HPCPHI19790100180031700 00008  1800 00008  2500 00016  
HPD02619400HPCPHI19790100240041900 00008  2000 00015  2100 00004  2500 00027  
HPD02619400HPCPHI19790100250080300 00001  0400 00003  1800 00011  1900 00008  2000 00002  2100 00001  2200 00001  2500 00027  
HPD02619400HPCPHI19790200010020100 00000g 2500 00000  
HPD02619400HPCPHI19790300010050100 00000g 2200 00002  2300 00001  2400 00002  2500 00005  
HPD02619400HPCPHI19790300020060200 00001  0300 00001  0400 00002  0500 00001  0600 00005  2500 00010  
HPD02619400HPCPHI19790300190091000 00003  1100 00003  1700 00008  1800 00011  1900 00001  2100 00001  2200 00002  2300 00001  2500 00030  
HPD02619400HPCPHI19790300200071200 00005  1300 00014  1400 00011  1500 00025  1600 00020  1700 00015  2500 00090  
HPD02619400HPCPHI19790300210030200 00020  0300 00001  2500 00021  
HPD02619400HPCPHI19790300280051800 00045  1900 00013  2000 00001  2300 00001  2500 00060  
HPD02619400HPCPHI19790400010020100 00000g 2500 00000  
HPD02619400HPCPHI19790400020021100 99999[ 2500 00000I 
HPD02619400HPCPHI19790400300022400 99999] 2500 00000I 
HPD02619400HPCPHI19790500010020100 00000g 2500 00000  
HPD02619400HPCPHI19790500190051800 00009  1900 00006  2100 00008  2200 00001  2500 00024  
HPD02619400HPCPHI19790500200030400 00002  0500 00002  2500 00004  
HPD02619400HPCPHI19790600010020100 00000g 2500 00000  
HPD02619400HPCPHI19790600030061900 00014  2000 00002  2100 00011  2200 00001  2300 00011  2500 00039  
HPD02619400HPCPHI19790700010020100 00000g 2500 00000  
HPD02619400HPCPHI19790700160022200 00037  2500 00037  
HPD02619400HPCPHI19790700170022100 00011  2500 00011  
HPD02619400HPCPHI19790700190040500 00008  0600 00001  0700 00011  2500 00020  
HPD02619400HPCPHI19790700200021200 00014  2500 00014  
HPD02619400HPCPHI19790800010020100 00000g 2500 00000  
HPD02619400HPCPHI19790800060031700 00004  1800 00012  2500 00016  
HPD02619400HPCPHI19790800110042100 00017  2200 00040  2300 00004  2500 00061  
HPD02619400HPCPHI19790800120060400 00012  0500 00012  1200 00017  1300 00020  1400 00004  2500 00065  
HPD02619400HPCPHI19790800150021800 00006  2500 00006  
HPD02619400HPCPHI19790800160021700 00007  2500 00007  
HPD02619400HPCPHI19790900010020100 99999[ 2500 00000I 
HPD02619400HPCPHI19790900300022400 99999] 2500 00000I 
HPD02619400HPCPHI19791000010020100 99999[ 2500 00000I 
HPD02619400HPCPHI19791000310022400 99999] 2500 00000I 
HPD02619400HPCPHI19791100010020100 00000g 2500 00000  
HPD02619400HPCPHI19791200010020100 99999[ 2500 00000I 
HPD02619400HPCPHI19791200310022400 99999] 2500 00000I 
HPD02619400HPCPHI19800100010020100 99999[ 2500 00000I 
HPD02619400HPCPHI19800100310022400 99999] 2500 00000I 
HPD02619400HPCPHI19800200010020100 99999[ 2500 00000I 
HPD02619400HPCPHI19800200290022400 99999] 2500 00000I 
HPD02619400HPCPHI19800300010020100 99999[ 2500 00000I 
HPD02619400HPCPHI19800300310022400 99999] 2500 00000I 
HPD02619400HPCPHI19800400010020100 99999[ 2500 00000I 
HPD02619400HPCPHI19800400300022400 99999] 2500 00000I 
HPD02619400HPCPHI19800500010020100 99999[ 2500 00000I 
HPD02619400HPCPHI19800500310022400 99999] 2500 00000I 
HPD02619400HPCPHI19800600010020100 99999[ 2500 00000I 
HPD02619400HPCPHI19800600300022400 99999] 2500 00000I 
HPD02619400HPCPHI19800700010020100 99999[ 2500 00000I 
HPD02619400HPCPHI19800700310022400 99999] 2500 00000I 
HPD02619400HPCPHI19800800010020100 99999[ 2500 00000I 
HPD02619400HPCPHI19800800310022400 99999] 2500 00000I 
HPD02619400HPCPHI19800900010020100 99999[ 2500 00000I 
HPD02619400HPCPHI19800900300022400 99999] 2500 00000I 
HPD02619400HPCPHI19801000010020100 99999[ 2500 00000I 
HPD02619400HPCPHI19801000310022400 99999] 2500 00000I 
HPD02619400HPCPHI19801100010020100 99999[ 2500 00000I 
HPD02619400HPCPHI19801100300022400 99999] 2500 00000I 
HPD02619400HPCPHI19801200010020100 99999[ 2500 00000I 
HPD02619400HPCPHI19801200310022400 99999] 2500 00000I 
HPD02619400HPCPHI19810100010020100 99999[ 2500 00000I 
HPD02619400HPCPHI19810100310022400 99999] 2500 00000I 
HPD02619400HPCPHI19810200010020100 99999[ 2500 00000I 
HPD02619400HPCPHI19810200280022400 99999] 2500 00000I 
HPD02619400HPCPHI19810300010020100 99999[ 2500 00000I 
HPD02619400HPCPHI19810300310022400 99999] 2500 00000I 
HPD02619400HPCPHI19810400010020100 99999[ 2500 00000I 
HPD02619400HPCPHI19810400300022400 99999] 2500 00000I 
HPD02619400HPCPHI19810500010020100 99999[ 2500 00000I 
HPD02619400HPCPHI19810500310022400 99999] 2500 00000I 
HPD02619400HPCPHI19810600010020100 99999[ 2500 00000I 
HPD02619400HPCPHI19810600300022400 99999] 2500 00000I 
HPD02619400HPCPHI19810700010020100 99999[ 2500 00000I 
HPD02619400HPCPHI19810700310022400 99999] 2500 00000I 
HPD02619400HPCPHI19810800010020100 99999[ 2500 00000I 
HPD02619400HPCPHI19810800310022400 99999] 2500 00000I 
HPD02619400HPCPHI19810900010020100 99999[ 2500 00000I 
HPD02619400HPCPHI19810900300022400 99999] 2500 00000I 
HPD02619400HPCPHI19811000010020100 99999[ 2500 00000I 
HPD02619400HPCPHI19811000310022400 99999] 2500 00000I 
HPD02619400HPCPHI19811100010020100 99999[ 2500 00000I 
HPD02619400HPCPHI19811100300022400 99999] 2500 00000I 
HPD02619400HPCPHI19811200010020100 99999[ 2500 00000I 
HPD02619400HPCPHI19811200310022400 99999] 2500 00000I 
HPD02619400HPCPHI19820100010020100 99999[ 2500 00000I 
HPD02619400HPCPHI19820100310022400 99999] 2500 00000I 
HPD02619400HPCPHI19820200010020100 99999[ 2500 00000I 
HPD02619400HPCPHI19820200280022400 99999] 2500 00000I 
HPD02619400HPCPHI19820300010020100 99999[ 2500 00000I 
HPD02619400HPCPHI19820300310022400 99999] 2500 00000I 
HPD02619400HPCPHI19820400010020100 99999[ 2500 00000I 
HPD02619400HPCPHI19820400300022400 99999] 2500 00000I 
HPD02619400HPCPHI19820500010020100 00000g 2500 00000  
HPD02619400HPCPHI19820600010020100 00000g 2500 00000  
HPD02619400HPCPHI19820700010020100 00000g 2500 00000  
HPD02619400HPCPHI19820700060051300 00001  1400 00022  1500 00005  1600 00010  2500 00038  
HPD02619400HPCPHI19820700220030500 00002  0600 00005  2500 00007  
HPD02619400HPCPHI19820700230022000 00005  2500 00005  
HPD02619400HPCPHI19820700240042000 00006  2100 00013  2200 00006  2500 00025  
HPD02619400HPCPHI19820700300021900 00113  2500 00113  
HPD02619400HPCPHI19820800010020100 99999[ 2500 00000I 
HPD02619400HPCPHI19820800310022400 99999] 2500 00000I 
HPD02619400HPCPHI19820900010020100 99999[ 2500 00000I 
HPD02619400HPCPHI19820900130020800 99999] 2500 00000I 
HPD02619400HPCPHI19821000010020100 00000g 2500 00000  
HPD02619400HPCPHI19821100010030100 00000g 1300 00005  2500 00005  
HPD02619400HPCPHI19821100090091400 00006  1600 00003  1800 00001  1900 00015  2000 00001  2200 00009  2300 00001  2400 00002  2500 00038  
HPD02619400HPCPHI19821100100070100 00007  0200 00005  0300 00006  0400 00001  0500 00003  0600 00001  2500 00023  
HPD02619400HPCPHI19821100170130300 00003  0400 00018  0500 00006  0600 00004  1100 00003  1200 00003  1300 00005  1400 00005  1500 00003  1600 00006  1700 00012  1800 00002  2500 00070  
HPD02619400HPCPHI19821100300031600 00005  1700 00051  2500 00056  
HPD02619400HPCPHI19821200010030100 00000g 0800 99999a 2500 00000I 
HPD02619400HPCPHI19821200080130800 00025A 0900 00002  1000 00011  1100 00010  1200 00007  1300 00003  1400 00007  1700 00016  1800 00007  2200 00004  2300 00006  2400 00004  2500 00102P 
HPD02619400HPCPHI19821200090020800 99999a 2500 00000I 
HPD02619400HPCPHI19821200100020800 00062A 2500 00062P 
HPD02619400HPCPHI19821200230030400 00002  0500 00003  2500 00005  
HPD02619400HPCPHI19821200300030500 00003  0600 00003  2500 00006  
HPD02619400HPCPHI19830100010020100 00000g 2500 00000  
HPD02619400HPCPHI19830100190021400 00002  2500 00002  
HPD02619400HPCPHI19830100200020100 00007  2500 00007  
HPD02619400HPCPHI19830100270031700 00005  1800 00011  2500 00016  
HPD02619400HPCPHI19830100290081000 00005  1100 00003  1200 00006  1300 00003  1400 00004  1500 00002  1700 00001  2500 00024  
HPD02619400HPCPHI19830200010020100 00000g 2500 00000  
HPD02619400HPCPHI19830200020061800 00001  1900 00006  2000 00006  2100 00012  2200 00017  2500 00042  
HPD02619400HPCPHI19830200030061200 00002  1300 00009  1400 00001  1500 00003  1600 00005  2500 00020  
HPD02619400HPCPHI19830200040050300 00002  0400 00006  0500 00003  0600 00012  2500 00023  
HPD02619400HPCPHI19830200060030300 00003  0400 00002  2500 00005  
HPD02619400HPCPHI19830300010020100 00000g 2500 00000  
HPD02619400HPCPHI19830300020121100 00001  1200 00003  1300 00001  1400 00001  1800 00002  1900 00001  2000 00002  2100 00001  2200 00001  2300 00005  2400 00005  2500 00023  
HPD02619400HPCPHI19830300030160100 00006  0400 00003  0500 00001  1000 00001  1200 00005  1300 00011  1400 00009  1500 00007  1600 00007  1800 00005  2000 00006  2100 00001  2200 00001  2300 00003  2400 00003  2500 00069  
HPD02619400HPCPHI19830300040040100 00009  0200 00003  0600 00002  2500 00014  
HPD02619400HPCPHI19830300170041800 00002  1900 00007  2000 00002  2500 00011  
HPD02619400HPCPHI19830300200031800 99999a 1900 00004A 2500 00004  
HPD02619400HPCPHI19830300210031200 00005  1300 00007  2500 00012  
HPD02619400HPCPHI19830400010020100 00000g 2500 00000  
HPD02619400HPCPHI19830400200031900 00008  2000 00005  2500 00013  
HPD02619400HPCPHI19830500010020100 00000g 2500 00000  
HPD02619400HPCPHI19830600010020100 00000g 2500 00000  
HPD02619400HPCPHI19830700010020100 00000g 2500 00000  
HPD02619400HPCPHI19830700230022000 00009  2500 00009  
HPD02619400HPCPHI19830800010020100 00000g 2500 00000  
HPD02619400HPCPHI19830800030032000 00002  2100 00010  2500 00012  
HPD02619400HPCPHI19830800080061800 00086  1900 00001  2200 00005  2300 00008  2400 00002  2500 00102  
HPD02619400HPCPHI19830800090042100 00011  2200 00001  2300 00001  2500 00013  
HPD02619400HPCPHI19830800100020200 00002  2500 00002  
HPD02619400HPCPHI19830800140032200 00002  2300 00007  2500 00009  
HPD02619400HPCPHI19830800310022000 00010  2500 00010  
HPD02619400HPCPHI19830900010020100 99999[ 2500 00000I 
HPD02619400HPCPHI19830900300022400 99999] 2500 00000I 
HPD02619400HPCPHI19831000010020100 99999[ 2500 00000I 
HPD02619400HPCPHI19831000310022400 99999] 2500 00000I 
HPD02619400HPCPHI19831100010020100 00000g 2500 00000  
HPD02619400HPCPHI19831100200032000 00002  2300 00003  2500 00005  
HPD02619400HPCPHI19831100250020900 99999a 2500 00000I 
HPD02619400HPCPHI19831100260020800 00004A 2500 00004P 
HPD02619400HPCPHI19831200010130100 00000g 1000 00001  1400 00005  1500 00008  1600 00012  1700 00008  1800 00003  1900 00004  2000 00004  2100 00003  2200 00001  2400 00003  2500 00052  
HPD02619400HPCPHI19831200020060100 00001  0300 00004  0400 00005  0500 00009  0600 00003  2500 00022  
HPD02619400HPCPHI19831200250090500 00002  0600 00001  0700 00001  0800 00010  0900 00001  1100 00004  2000 00003  2100 00002  2500 00024  
HPD02619400HPCPHI19840100010020100 00000g 2500 00000  
HPD02619400HPCPHI19840100040060400 00006  0500 00001  0600 00002  0900 00007  1000 00001  2500 00017  
HPD02619400HPCPHI19840200010020100 00000g 2500 00000  
HPD02619400HPCPHI19840300010030100 00000g 0900 99999a 2500 00000I 
HPD02619400HPCPHI19840300310022400 99999A 2500 00000I 
HPD02619400HPCPHI19840400010020100 99999, 2500 00000I 
HPD02619400HPCPHI19840400020020800 00028A 2500 00028P 
HPD02619400HPCPHI19840400060061300 00003  1400 00003  1700 00015  2000 00001  2200 00001  2500 00023  
HPD02619400HPCPHI19840400280070900 00002  1000 00002  1100 00002  1200 00003  1300 00002  1500 00001  2500 00012  
HPD02619400HPCPHI19840400300030900 99999[ 2400 99999] 2500 00000I 
HPD02619400HPCPHI19840500010020100 00000g 2500 00000  
HPD02619400HPCPHI19840500300022200 00006  2500 00006  
HPD02619400HPCPHI19840500310030900 99999[ 2400 99999] 2500 00000I 
HPD02619400HPCPHI19840600010020100 00000g 2500 00000  
HPD02619400HPCPHI19840700010020100 00000g 2500 00000  
HPD02619400HPCPHI19840700060020800 00012  2500 00012  
HPD02619400HPCPHI19840700110030900 00006  1000 00007  2500 00013  
HPD02619400HPCPHI19840700180050200 00031  0300 00054  0400 00007  0500 00002  2500 00094  
HPD02619400HPCPHI19840700200030400 00003  0800 99999{ 2500 00003P 
HPD02619400HPCPHI19840700230020800 99999} 2500 00000P 
HPD02619400HPCPHI19840700240042100 00002  2300 00001  2400 00002  2500 00005  
HPD02619400HPCPHI19840700280040300 00047  0400 00014  0500 00003  2500 00064  
HPD02619400HPCPHI19840800010020100 00000g 2500 00000  
HPD02619400HPCPHI19840800090022400 00002  2500 00002  
HPD02619400HPCPHI19840800100040100 00003  0300 00001  0500 00004  2500 00008  
HPD02619400HPCPHI19840800130020600 00019  2500 00019  
HPD02619400HPCPHI19840800140050400 00035  0500 00014  0600 00010  0700 00003  2500 00062  
HPD02619400HPCPHI19840800170022400 00007  2500 00007  
HPD02619400HPCPHI19840800180020100 00002  2500 00002  
HPD02619400HPCPHI19840900010020100 00000g 2500 00000  
HPD02619400HPCPHI19840900020050100 00028  0200 00003  0300 00002  0500 00002  2500 00035  
HPD02619400HPCPHI19840900100021700 99999{ 2500 00000P 
HPD02619400HPCPHI19840900110021600 99999} 2500 00000P 
HPD02619400HPCPHI19840900240051000 00001  1100 00005  1200 00039  1300 00009  2500 00054  
HPD02619400HPCPHI19840900250030600 00009  0700 00002  2500 00011  
HPD02619400HPCPHI19841000010020100 00000g 2500 00000  
HPD02619400HPCPHI19841100010020100 00000g 2500 00000  
HPD02619400HPCPHI19841100190030300 00007  0400 00003  2500 00010  
HPD02619400HPCPHI19841100220080800 00003  0900 00001  1000 00001  1100 00001  1500 00004  1600 00004  1700 00001  2500 00015  
HPD02619400HPCPHI19841100230050100 00023  0200 00001  0400 00001  0500 00001  2500 00026  
HPD02619400HPCPHI19841200010020100 00000g 2500 00000  
HPD02619400HPCPHI19841200030031800 00014  1900 00007  2500 00021  
HPD02619400HPCPHI19841200040030100 00001  0200 00003  2500 00004  
HPD02619400HPCPHI19841200080030100 00007  0200 00002  2500 00009  
HPD02619400HPCPHI19841200100081000 00001  1100 00001  1200 00005  1300 00005  1400 00004  1500 00003  1600 00002  2500 00021  
HPD02619400HPCPHI19841200110040900 00003  1000 00011  1100 00001  2500 00015  
HPD02619400HPCPHI19841200120032300 00003  2400 00015  2500 00018  
HPD02619400HPCPHI19841200130030100 00018  0300 00001  2500 00019  
HPD02619400HPCPHI19841200190031900 00003  2100 00002  2500 00005  
HPD02619400HPCPHI19841200270140400 00001  0500 00001  0600 00004  0700 00006  0800 00002  0900 00001  1000 00003  1100 00003  1200 00005  1300 00003  1400 00001  1700 00002  1800 00003  2500 00035  
HPD02619400HPCPHI19841200280140300 00001  0400 00001  1000 00002  1100 00007  1200 00002  1300 00002  1400 00001  1500 00001  1600 00001  1700 00002  1800 00005  1900 00003  2400 00001  2500 00029  
HPD02619400HPCPHI19850100010020100 00000g 2500 00000  
HPD02619400HPCPHI19850100070061600 00001  1700 00002  1800 00004  1900 00003  2000 00003  2500 00013  
HPD02619400HPCPHI19850100260030900 00032  1000 00010  2500 00042  
HPD02619400HPCPHI19850200010020100 00000g 2500 00000  
HPD02619400HPCPHI19850200020062000 00006  2100 00014  2200 00008  2300 00008  2400 00008  2500 00044  
HPD02619400HPCPHI19850200200021700 99999a 2500 00000I 
HPD02619400HPCPHI19850200210021600 00008A 2500 00008P 
HPD02619400HPCPHI19850300010020100 00000g 2500 00000  
HPD02619400HPCPHI19850300150020600 00002  2500 00002  
HPD02619400HPCPHI19850400010020100 00000g 2500 00000  
HPD02619400HPCPHI19850400280030100 00003  0200 00006  2500 00009  
HPD02619400HPCPHI19850500010030100 00000g 0900 99999[ 2500 00000I 
HPD02619400HPCPHI19850500310022400 99999] 2500 00000I 
HPD02619400HPCPHI19850600010020100 00000g 2500 00000  
HPD02619400HPCPHI19850700010020100 00000g 2500 00000  
HPD02619400HPCPHI19850700180050300 00006  0400 00006  0500 00008  0600 00002  2500 00022  
HPD02619400HPCPHI19850800010020100 00000g 2500 00000  
HPD02619400HPCPHI19850800200030200 00003  0300 00004  2500 00007  
HPD02619400HPCPHI19850900010080100 00000g 0200 00067  0300 00019  0400 00006  0500 00003  0600 00002  1700 99999a 2500 00097I 
HPD02619400HPCPHI19850900300020800 00063A 2500 00063P 
HPD02619400HPCPHI19851000010020100 00000g 2500 00000  
HPD02619400HPCPHI19851000100081100 00013  1200 00008  1300 00006  1400 00012  1700 00001  1900 00001  2000 00004  2500 00045  
HPD02619400HPCPHI19851000110030500 00002  0600 00002  2500 00004  
HPD02619400HPCPHI19851000150041900 00020  2200 00001  2400 00003  2500 00024  
HPD02619400HPCPHI19851000160060100 00026  0200 00015  0300 00001  0500 00002  2400 00008  2500 00052  
HPD02619400HPCPHI19851000170040100 00001  0200 00001  0400 00001  2500 00003  
HPD02619400HPCPHI19851100010030100 00000g 0900 99999[ 2500 00000I 
HPD02619400HPCPHI19851100300022400 99999] 2500 00000I 
HPD02619400HPCPHI19851200010020100 00000g 2500 00000  
HPD02619400HPCPHI19851200110140400 00006  0500 00004  1100 00005  1200 00012  1300 00013  1400 00015  1500 00005  1700 00010  1800 00005  1900 00002  2000 00003  2100 00010  2300 00002  2500 00092  
HPD02619400HPCPHI19851200120050100 00001  0400 00001  0500 00001  0600 00002  2500 00005  
HPD02619400HPCPHI19860100010020100 00000g 2500 00000  
HPD02619400HPCPHI19860100140071100 00001  1200 00004  1300 00003  1400 00001  1700 00024  1800 00004  2500 00037  
HPD02619400HPCPHI19860100300040200 00032  0300 00009  0500 00002  2500 00043  
HPD02619400HPCPHI19860200010050100 00000g 0200 00030  0300 00009  0400 00001  2500 00040  
HPD02619400HPCPHI19860200080061100 00002  1200 00007  1300 00001  1400 00003  1600 00002  2500 00015  
HPD02619400HPCPHI19860200150021600 00004  2500 00004  
HPD02619400HPCPHI19860300010020100 00000g 2500 00000  
HPD02619400HPCPHI19860300100081300 00001  1400 00004  1500 00002  1800 00001  2200 00004  2300 00001  2400 00001  2500 00014  
HPD02619400HPCPHI19860300120022200 00012  2500 00012  
HPD02619400HPCPHI19860300130030100 00001  0300 00001  2500 00002  
HPD02619400HPCPHI19860300140040200 00003  0300 00004  0400 00002  2500 00009  
HPD02619400HPCPHI19860300160051600 00002  1700 00011  1800 00006  1900 00002  2500 00021  
HPD02619400HPCPHI19860300170020100 00001  2500 00001  
HPD02619400HPCPHI19860400010040100 00000g 0500 00002  0600 00001  2500 00003  
HPD02619400HPCPHI19860500010020100 00000g 2500 00000  
HPD02619400HPCPHI19860600010020100 00000g 2500 00000  
HPD02619400HPCPHI19860700010030100 00000g 2300 00005  2500 00005  
HPD02619400HPCPHI19860700160021800 00023  2500 00023  
HPD02619400HPCPHI19860700200052100 00007  2200 00003  2300 00010  2400 00004  2500 00024  
HPD02619400HPCPHI19860700210030100 00001  2300 00001  2500 00002  
HPD02619400HPCPHI19860800010020100 00000g 2500 00000  
HPD02619400HPCPHI19860800230062000 00021  2100 00007  2200 00024  2300 00008  2400 00002  2500 00062  
HPD02619400HPCPHI19860800240020100 00004  2500 00004  
HPD02619400HPCPHI19860800250031600 00061  1700 00032  2500 00093  
HPD02619400HPCPHI19860900010020100 00000g 2500 00000  
HPD02619400HPCPHI19860900230021800 00005  2500 00005  
HPD02619400HPCPHI19861000010020100 00000g 2500 00000  
HPD02619400HPCPHI19861000090071500 00013  1600 00029  1700 00012  1800 00022  2000 00001  2100 00007  2500 00084  
HPD02619400HPCPHI19861000100022300 00002  2500 00002  
HPD02619400HPCPHI19861100010020100 00000g 2500 00000  
HPD02619400HPCPHI19861100020031700 00002  1800 00012  2500 00014  
HPD02619400HPCPHI19861100170030900 00002  1000 00001  2500 00003  
HPD02619400HPCPHI19861200010020100 00000g 2500 00000  
HPD02619400HPCPHI19861200060031900 00001  2300 00001  2500 00002  
HPD02619400HPCPHI19861200070060100 00001  0400 00008  0500 00009  2100 00004  2200 00001  2500 00023  
HPD02619400HPCPHI19861200200021000 00003  2500 00003  
HPD02619400HPCPHI19870100010020100 00000g 2500 00000  
HPD02619400HPCPHI19870100050030400 00032  0500 00009  2500 00041  
HPD02619400HPCPHI19870100150042000 00002  2100 00006  2200 00005  2500 00013  
HPD02619400HPCPHI19870200010020100 00000g 2500 00000  
HPD02619400HPCPHI19870200250100700 00016  0800 00014  0900 00010  1000 00014  1100 00014  1200 00001  1300 00001  1500 00001  1600 00001  2500 00072  
HPD02619400HPCPHI19870300010020100 00000g 2500 00000  
HPD02619400HPCPHI19870400010020100 00000g 2500 00000  
HPD02619400HPCPHI19870400260031900 00002  2000 00004  2500 00006  
HPD02619400HPCPHI19870500010020100 00000g 2500 00000  
HPD02619400HPCPHI19870500140031900 00001  2000 00002  2500 00003  
HPD02619400HPCPHI19870500150031800 00017  1900 00024  2500 00041  
HPD02619400HPCPHI19870500200020500 00004  2500 00004  
HPD02619400HPCPHI19870600010020100 00000g 2500 00000  
HPD02619400HPCPHI19870700010020100 00000g 2500 00000  
HPD02619400HPCPHI19870700160022100 00005  2500 00005  
HPD02619400HPCPHI19870700280050300 00023  0400 00031  0500 00007  0600 00001  2500 00062  
HPD02619400HPCPHI19870800010020100 00000g 2500 00000  
HPD02619400HPCPHI19870800040032300 00155  2400 00007  2500 00162  
HPD02619400HPCPHI19870800050060100 00005  0200 00001  0400 00003  0600 00001  0700 00004  2500 00014  
HPD02619400HPCPHI19870800110070100 00009  0200 00002  0300 00006  0400 00045  0500 00003  0600 00006  2500 00071  
HPD02619400HPCPHI19870800220020800 00020  2500 00020  
HPD02619400HPCPHI19870800230020500 00003  2500 00003  
HPD02619400HPCPHI19870800310031800 00001  1900 00003  2500 00004  
HPD02619400HPCPHI19870900010020100 00000g 2500 00000  
HPD02619400HPCPHI19870900220021200 00005  2500 00005  
HPD02619400HPCPHI19870900240021900 00004  2500 00004  
HPD02619400HPCPHI19871000010020100 00000g 2500 00000  
HPD02619400HPCPHI19871000130030600 00006  0700 00002  2500 00008  
HPD02619400HPCPHI19871000230050100 00003  0300 00001  0400 00011  0500 00003  2500 00018  
HPD02619400HPCPHI19871000240040500 00002  0600 00009  0700 00033  2500 00044  
HPD02619400HPCPHI19871000300110900 00001  1000 00001  1200 00001  1400 00001  1700 00002  1800 00003  1900 00007  2000 00004  2200 00002  2300 00001  2500 00023  
HPD02619400HPCPHI19871100010020100 00001  2500 00001  
HPD02619400HPCPHI19871100050041100 00004  1200 00026  1300 00002  2500 00032  
HPD02619400HPCPHI19871200010020100 00000g 2500 00000  
HPD02619400HPCPHI19871200040021500 00005  2500 00005  
HPD02619400HPCPHI19871200170170500 00002  0600 00005  0700 00002  0800 00008  0900 00005  1400 00006  1500 00019  1600 00012  1700 00006  1800 00011  1900 00032  2000 00027  2100 00011  2200 00001  2300 00001  2400 00001  2500 00149  
HPD02619400HPCPHI19871200180020100 00001  2500 00001  
HPD02619400HPCPHI19880100010020100 00000g 2500 00000  
HPD02619400HPCPHI19880100050020700 99999a 2500 00000I 
HPD02619400HPCPHI19880100180020800 00032A 2500 00032P 
HPD02619400HPCPHI19880200010020100 00000g 2500 00000  
HPD02619400HPCPHI19880200020042200 00001  2300 00010  2400 00012  2500 00023  
HPD02619400HPCPHI19880200030040200 00001  0300 00001  0500 00005  2500 00007  
HPD02619400HPCPHI19880300010020100 00000g 2500 00000  
HPD02619400HPCPHI19880300020050200 00010  0300 00007  0400 00003  0500 00002  2500 00022  
HPD02619400HPCPHI19880400010020100 00000g 2500 00000  
HPD02619400HPCPHI19880400140041500 00011  1600 00002  1700 00001  2500 00014  
HPD02619400HPCPHI19880400210040500 00014  0600 00014  0700 00010  2500 00038  
HPD02619400HPCPHI19880400220030400 00009  0500 00003  2500 00012  
HPD02619400HPCPHI19880500010020100 00000g 2500 00000  
HPD02619400HPCPHI19880600010020100 00000g 2500 00000  
HPD02619400HPCPHI19880700010020100 00000g 2500 00000  
HPD02619400HPCPHI19880700100032000 00006  2100 00001  2500 00007  
HPD02619400HPCPHI19880700290022300 00026  2500 00026  
HPD02619400HPCPHI19880800010020100 00000g 2500 00000  
HPD02619400HPCPHI19880800190031100 00007  1200 00004  2500 00011  
HPD02619400HPCPHI19880800230031900 00095  2000 00095  2500 00190  
HPD02619400HPCPHI19880800280020100 99999{ 2500 00000P 
HPD02619400HPCPHI19880800310022400 99999} 2500 00000P 
HPD02619400HPCPHI19880900010020100 00000g 2500 00000  
HPD02619400HPCPHI19881000010020100 00000g 2500 00000  
HPD02619400HPCPHI19881000140051100 00020  1200 00005  1300 00002  1400 00004  2500 00031  
HPD02619400HPCPHI19881000190031500 00003  1600 00003  2500 00006  
HPD02619400HPCPHI19881100010020100 00000g 2500 00000  
HPD02619400HPCPHI19881100240050800 00001  0900 00005  1000 00008  1100 00003  2500 00017  
HPD02619400HPCPHI19881200010020100 00000g 2500 00000  
HPD02619400HPCPHI19890100010020100 00000g 2500 00000  
HPD02619400HPCPHI19890100030052000 00009  2100 00014  2200 00010  2300 00003  2500 00036  
HPD02619400HPCPHI19890100040050400 00014  0500 00052  0600 00015  0700 00021  2500 00102  
HPD02619400HPCPHI19890100060021300 00005  2500 00005  
HPD02619400HPCPHI19890100250020400 00002  2500 00002  
HPD02619400HPCPHI19890100260042100 00004  2200 00002  2300 00016  2500 00022  
HPD02619400HPCPHI19890200010020100 00000g 2500 00000  
HPD02619400HPCPHI19890300010020100 00000g 2500 00000  
HPD02619400HPCPHI19890300250052000 00004  2100 00010  2200 00007  2400 00011  2500 00032  
HPD02619400HPCPHI19890300260050100 00005  0200 00008  0300 00016  0400 00004  2500 00033  
HPD02619400HPCPHI19890400010020100 00000g 2500 00000  
HPD02619400HPCPHI19890500010020100 00000g 2500 00000  
HPD02619400HPCPHI19890600010020100 00000g 2500 00000  
HPD02619400HPCPHI19890700010020100 00000g 2500 00000  
HPD02619400HPCPHI19890700100020100 99999a 2500 00000I 
HPD02619400HPCPHI19890700220022400 00055A 2500 00055P 
HPD02619400HPCPHI19890700270090100 00005  0200 00001  0300 00001  0400 00003  0500 00004  2000 00005  2100 00013  2200 00001  2500 00033  
HPD02619400HPCPHI19890800010020100 00000g 2500 00000  
HPD02619400HPCPHI19890800150031900 00006  2000 00001  2500 00007  
HPD02619400HPCPHI19890900010020100 00000g 2500 00000  
HPD02619400HPCPHI19891000010020100 00000g 2500 00000  
HPD02619400HPCPHI19891000030022400 00011  2500 00011  
HPD02619400HPCPHI19891000040060100 00005  0200 00001  0300 00001  0400 00001  0500 00002  2500 00010  
HPD02619400HPCPHI19891000210031400 00090  1500 00026  2500 00116  
HPD02619400HPCPHI19891100010020100 00000g 2500 00000  
HPD02619400HPCPHI19891200010020100 00000g 2500 00000  
HPD02619400HPCPHI19891200280032300 00002  2400 00004  2500 00006  
HPD02619400HPCPHI19891200290050300 00001  0600 00001  1800 00004  1900 00007  2500 00013  
HPD02619400HPCPHI19900100010020100 00000g 2500 00000  
HPD02619400HPCPHI19900100020081300 00001  1400 00003  1500 00004  1600 00001  2000 00001  2100 00002  2200 00002  2500 00014  
HPD02619400HPCPHI19900100140022400 00001  2500 00001  
HPD02619400HPCPHI19900100170071300 00008  1400 00017  1500 00029  1600 00003  1700 00004  1800 00003  2500 00064  
HPD02619400HPCPHI19900100180021200 00002  2500 00002  
HPD02619400HPCPHI19900200010050100 00000g 1900 00003  2000 00002  2100 00002  2500 00007  
HPD02619400HPCPHI19900200080071700 00013  1800 00012  1900 00025  2000 00006  2100 00001  2200 00002  2500 00059  
HPD02619400HPCPHI19900300010020100 00000g 2500 00000  
HPD02619400HPCPHI19900300110031700 00003  1800 00004  2500 00007  
HPD02619400HPCPHI19900300280042100 00002  2200 00003  2300 00004  2500 00009  
HPD02619400HPCPHI19900300290031500 00002  1600 00004  2500 00006  
HPD02619400HPCPHI19900400010020100 00000g 2500 00000  
HPD02619400HPCPHI19900500010020100 00000g 2500 00000  
HPD02619400HPCPHI19900600010020100 00000g 2500 00000  
HPD02619400HPCPHI19900700010020100 00000g 2500 00000  
HPD02619400HPCPHI19900700020020600 00004  2500 00004  
HPD02619400HPCPHI19900700080031300 00004  1400 00003  2500 00007  
HPD02619400HPCPHI19900700140041400 00001  1500 00002  2300 00003  2500 00006  
HPD02619400HPCPHI19900700150030800 00003  0900 00001  2500 00004  
HPD02619400HPCPHI19900700160022100 00113  2500 00113  
HPD02619400HPCPHI19900800010020100 00000g 2500 00000  
HPD02619400HPCPHI19900800110052000 00025  2100 00018  2200 00001  2300 00002  2500 00046  
HPD02619400HPCPHI19900800120022400 00006  2500 00006  
HPD02619400HPCPHI19900800130042000 00013  2100 00001  2300 00001  2500 00015  
HPD02619400HPCPHI19900800140050500 00006  0600 00004  1500 00037  1600 00070  2500 00117  
HPD02619400HPCPHI19900900010020100 00000g 2500 00000  
HPD02619400HPCPHI19900900050040500 00002  0600 00008  0700 00002  2500 00012  
HPD02619400HPCPHI19900900150060100 00027  0200 00007  0300 00006  0500 00001  0600 00001  2500 00042  
HPD02619400HPCPHI19900900200022100 00002  2500 00002  
HPD02619400HPCPHI19901000010030100 00000g 2400 00014  2500 00014  
HPD02619400HPCPHI19901100010020100 00000g 2500 00000  
HPD02619400HPCPHI19901100200030500 00001  0600 00002  2500 00003  
HPD02619400HPCPHI19901200010020100 00000g 2500 00000  
HPD02619400HPCPHI19901200270020100 00002  2500 00002  
HPD02619400HPCPHI19910100010020100 00000g 2500 00000  
HPD02619400HPCPHI19910100040030300 00006  0400 00005  2500 00011  
HPD02619400HPCPHI19910100050090500 00003  0600 00004  0900 00004  1000 00012  1100 00015  1200 00008  1300 00004  1400 00002  2500 00052  
HPD02619400HPCPHI19910200010020100 00000g 2500 00000  
HPD02619400HPCPHI19910200170031800 00004  1900 00004  2500 00008  
HPD02619400HPCPHI19910200270052100 00002  2200 00002  2300 00001  2400 00005  2500 00010  
HPD02619400HPCPHI19910200280100100 00004  0200 00001  0300 00001  0400 00001  0600 00002  1200 00001  1300 00002  1400 00001  1500 00001  2500 00014  
HPD02619400HPCPHI19910300010090100 00000g 1200 00005  1300 00004  1400 00006  1500 00002  1600 00001  1800 00002  1900 00007  2500 00027  
HPD02619400HPCPHI19910300150081200 00004  1300 00014  1400 00007  1500 00001  1600 00003  1700 00001  1800 00004  2500 00034  
HPD02619400HPCPHI19910300160021000 99999a 2500 00000I 
HPD02619400HPCPHI19910300200060800 00015A 1600 00002  1700 00010  1800 00016  1900 00001  2500 00044P 
HPD02619400HPCPHI19910300260060600 00001  0700 00018  0800 00045  0900 00009  1000 00003  2500 00076  
HPD02619400HPCPHI19910300270091300 00027  1400 00014  1500 00001  1600 00002  1700 00001  2100 00004  2200 00013  2300 00005  2500 00067  
HPD02619400HPCPHI19910300280030100 00003  0200 00001  2500 00004  
HPD02619400HPCPHI19910400010020100 00000g 2500 00000  
HPD02619400HPCPHI19910500010020100 00000g 2500 00000  
HPD02619400HPCPHI19910600010020100 00000g 2500 00000  
HPD02619400HPCPHI19910700010020100 99999a 2500 00000I 
HPD02619400HPCPHI19910700310022400 00007A 2500 00007P 
HPD02619400HPCPHI19910800010020100 00000g 2500 00000  
HPD02619400HPCPHI19910800240042100 00006  2200 00004  2300 00001  2500 00011  
HPD02619400HPCPHI19910800270050400 00026  0500 00047  0600 00003  0700 00004  2500 00080  
HPD02619400HPCPHI19910900010060100 00000g 0700 00022  0800 00008  0900 00002  1000 00018  2500 00050  
HPD02619400HPCPHI19910900050091000 00032  1100 00013  1200 00002  1300 00014  1500 00003  1600 00007  1700 00007  1800 00003  2500 00081  
HPD02619400HPCPHI19911000010020100 00000g 2500 00000  
HPD02619400HPCPHI19911000270030600 00001  0700 00031  2500 00032  
HPD02619400HPCPHI19911100010020100 00000g 2500 00000  
HPD02619400HPCPHI19911100100042000 00002  2200 00002  2300 00001  2500 00005  
HPD02619400HPCPHI19911100290022400 00004  2500 00004  
HPD02619400HPCPHI19911100300090100 00006  0200 00002  0400 00004  0500 00003  0600 00004  0700 00002  0800 00001  0900 00003  2500 00025  
HPD02619400HPCPHI19911200010020100 00000g 2500 00000  
HPD02619400HPCPHI19911200100060400 00001  0500 00003  0600 00001  0700 00004  0800 00003  2500 00012  
HPD02619400HPCPHI19911200180032200 00005  2300 00001  2500 00006  
HPD02619400HPCPHI19911200190071100 00003  1200 00007  1300 00009  1400 00003  1500 00003  1700 00001  2500 00026  
HPD02619400HPCPHI19920100010020100 00000g 2500 00000  
HPD02619400HPCPHI19920100030091300 00002  1400 00002  1600 00001  1700 00001  1800 00006  1900 00008  2000 00009  2100 00003  2500 00032  
HPD02619400HPCPHI19920100060050400 00043  0500 00007  0600 00001  0700 00001  2500 00052  
HPD02619400HPCPHI19920100110022400 00003  2500 00003  
HPD02619400HPCPHI19920100200030100 99999a 0500 00024A 2500 00024  
HPD02619400HPCPHI19920200010020100 00000g 2500 00000  
HPD02619400HPCPHI19920200060071800 00004  1900 00001  2100 00005  2200 00002  2300 00014  2400 00012  2500 00038  
HPD02619400HPCPHI19920200070070100 00024  0200 00011  0300 00012  0400 00009  0500 00001  0600 00002  2500 00059  
HPD02619400HPCPHI19920200110031500 00003  1600 00006  2500 00009  
HPD02619400HPCPHI19920200130050200 00012  0300 00008  0400 00001  0600 00001  2500 00022  
HPD02619400HPCPHI19920200150052100 00001  2200 00008  2300 00009  2400 00001  2500 00019  
HPD02619400HPCPHI19920300010020100 00000g 2500 00000  
HPD02619400HPCPHI19920300020081100 00001  1700 00001  2000 00001  2100 00002  2200 00014  2300 00017  2400 00004  2500 00040  
HPD02619400HPCPHI19920300030070100 00003  0200 00009  0300 00003  0400 00003  0500 00001  0600 00001  2500 00020  
HPD02619400HPCPHI19920300070031500 00009  1600 00003  2500 00012  
HPD02619400HPCPHI19920300080041200 00016  1300 00010  1400 00001  2500 00027  
HPD02619400HPCPHI19920300210031200 00003  1400 00004  2500 00007  
HPD02619400HPCPHI19920300260041900 00003  2000 00001  2300 00001  2500 00005  
HPD02619400HPCPHI19920300270080100 00001  0200 00003  0300 00001  0400 00002  0500 00004  1500 00003  1600 00004  2500 00018  
HPD02619400HPCPHI19920300280030200 00003  0400 00002  2500 00005  
HPD02619400HPCPHI19920300310030500 00002  0700 00003  2500 00005  
HPD02619400HPCPHI19920400010080100 00000g 1400 00002  1500 00011  2000 00001  2200 00002  2300 00003  2400 00019  2500 00038  
HPD02619400HPCPHI19920400020080100 00005  0200 00002  0300 00001  0400 00003  0600 00002  0700 00001  2100 00002  2500 00016  
HPD02619400HPCPHI19920500010020100 00000g 2500 00000  
HPD02619400HPCPHI19920500040022300 00001  2500 00001  
HPD02619400HPCPHI19920500050130100 00001  0300 00013  0400 00007  0500 00004  0600 00002  1700 00002  1800 00004  1900 00001  2000 00001  2100 00002  2200 00002  2400 00001  2500 00040  
HPD02619400HPCPHI19920500060030400 00002  0500 00001  2500 00003  
HPD02619400HPCPHI19920500230051600 00009  1700 00006  1800 00005  1900 00004  2500 00024  
HPD02619400HPCPHI19920600010020100 00000g 2500 00000  
HPD02619400HPCPHI19920700010020100 00000g 2500 00000  
HPD02619400HPCPHI19920700290032300 00004  2400 00007  2500 00011  
HPD02619400HPCPHI19920700300020100 00001  2500 00001  
HPD02619400HPCPHI19920800010050100 00000g 0200 00015  0300 00004  0400 00001  2500 00020  
HPD02619400HPCPHI19920800040060100 00003  0200 00001  1900 00001  2100 00005  2200 00004  2500 00014  
HPD02619400HPCPHI19920800050020700 99999a 2500 00000I 
HPD02619400HPCPHI19920800310022400 00015A 2500 00015P 
HPD02619400HPCPHI19920900010020100 00000g 2500 00000  
HPD02619400HPCPHI19921000010020100 00000g 2500 00000  
HPD02619400HPCPHI19921000240040200 00004  0300 00004  0500 00002  2500 00010  
HPD02619400HPCPHI19921000280020600 00003  2500 00003  
HPD02619400HPCPHI19921100010020100 00000g 2500 00000  
HPD02619400HPCPHI19921200010020100 00000g 2500 00000  
HPD02619400HPCPHI19921200030062000 00003  2100 00002  2200 00005  2300 00004  2400 00002  2500 00016  
HPD02619400HPCPHI19921200040100200 00001  0300 00004  0400 00020  0500 00012  0600 00004  0700 00008  0900 00005  1000 00018  1100 00011  2500 00083  
HPD02619400HPCPHI19921200070032300 00003  2400 00026  2500 00029  
HPD02619400HPCPHI19921200080070100 00014  0200 00014  0300 00004  0400 00005  0500 00007  0600 00001  2500 00045  
HPD02619400HPCPHI19921200270081700 00001  1800 00002  2000 00004  2100 00004  2200 00006  2300 00001  2400 00008  2500 00026  
HPD02619400HPCPHI19921200280070100 00006  0200 00010  0300 00010  0400 00014  0500 00011  0600 00006  2500 00057  
HPD02619400HPCPHI19921200290020200 00001  2500 00001  
HPD02619400HPCPHI19930100010020100 00000g 2500 00000  
HPD02619400HPCPHI19930100060070400 00003  0500 00001  1300 00001  1900 00001  2000 00005  2100 00001  2500 00012  
HPD02619400HPCPHI19930100070130500 00005  0600 00005  0700 00004  0800 00008  0900 00025  1000 00015  1100 00002  1200 00002  1400 00003  2200 00013  2300 00001  2400 00003  2500 00086  
HPD02619400HPCPHI19930100080070100 00006  0200 00013  0300 00007  0400 00012  0500 00003  0600 00001  2500 00042  
HPD02619400HPCPHI19930100100140500 00001  0600 00009  0700 00003  0800 00001  0900 00001  1000 00001  1100 00002  1200 00003  1500 00007  1600 00001  1700 00005  1800 00005  2400 00007  2500 00046  
HPD02619400HPCPHI19930100110040100 00010  0200 00002  2100 99999a 2500 00012I 
HPD02619400HPCPHI19930100130021700 00014A 2500 00014P 
HPD02619400HPCPHI19930100150022400 00001  2500 00001  
HPD02619400HPCPHI19930100160061700 00004  1800 00015  1900 00002  2000 00003  2100 00001  2500 00025  
HPD02619400HPCPHI19930100180021900 00001  2500 00001  
HPD02619400HPCPHI19930200010020100 00000g 2500 00000  
HPD02619400HPCPHI19930200080100100 99999a 0700 00013A 0900 00001  1000 00012  1100 00007  1200 00007  1800 00017  1900 00006  2000 00002  2500 00065  
HPD02619400HPCPHI19930200090032300 00008  2400 00001  2500 00009  
HPD02619400HPCPHI19930200140070500 00001  0800 00003  1000 00001  1100 00001  1200 00001  1300 00001  2500 00008  
HPD02619400HPCPHI19930200150040400 00005  0500 00002  0600 00001  2500 00008  
HPD02619400HPCPHI19930200270081800 00003  1900 00006  2000 00006  2100 00001  2200 00002  2300 00007  2400 00016  2500 00041  
HPD02619400HPCPHI19930200280060100 00008  0200 00004  0300 00001  1400 00005  1500 00001  2500 00019  
HPD02619400HPCPHI19930300010020100 00000g 2500 00000  
HPD02619400HPCPHI19930300260101400 00005  1500 00008  1600 00006  1700 00001  1900 00001  2100 00001  2200 00030  2300 00003  2400 00002  2500 00057  
HPD02619400HPCPHI19930300270040400 00001  0500 00001  0600 00002  2500 00004  
HPD02619400HPCPHI19930300280062000 00004  2100 00010  2200 00010  2300 00023  2400 00006  2500 00053  
HPD02619400HPCPHI19930300290060100 00003  0200 00001  0300 00001  0400 00001  0600 00001  2500 00007  
HPD02619400HPCPHI19930400010020100 00000g 2500 00000  
HPD02619400HPCPHI19930500010020100 00000g 2500 00000  
HPD02619400HPCPHI19930600010020100 00000g 2500 00000  
HPD02619400HPCPHI19930700010020100 00000g 2500 00000  
HPD02619400HPCPHI19930800010020100 00000g 2500 00000  
HPD02619400HPCPHI19930800040040200 00007  0400 00003  0500 00004  2500 00014  
HPD02619400HPCPHI19930800190031800 00006  1900 00002  2500 00008  
HPD02619400HPCPHI19930800200030400 00005  0500 00002  2500 00007  
HPD02619400HPCPHI19930800250140300 00064  0400 00008  0500 00002  0600 00005  0700 00004  0900 00003  1200 00001  1500 00001  1600 00001  1700 00002  1800 00001  1900 00003  2000 00001  2500 00096  
HPD02619400HPCPHI19930800290031300 00004  1400 00006  2500 00010  
HPD02619400HPCPHI19930900010020100 00000g 2500 00000  
HPD02619400HPCPHI19931000010020100 00000g 2500 00000  
HPD02619400HPCPHI19931000060022400 00005  2500 00005  
HPD02619400HPCPHI19931000070020100 00002  2500 00002  
HPD02619400HPCPHI19931000160021800 00004  2500 00004  
HPD02619406HPCPHI19931100010020100 00000g 2500 00000  
HPD02619406HPCPHI19931100140130600 00009  0700 00007  0800 00006  0900 00003  1000 00003  1500 00004  1600 00036  1700 00013  1800 00019  1900 00012  2000 00007  2100 00001  2500 00120  
HPD02619406HPCPHI19931100150040500 00002  0600 00002  0700 00002  2500 00006  
HPD02619406HPCPHI19931200010020100 00000g 2500 00000  
HPD02619406HPCPHI19940100010020100 00000g 2500 00000  
HPD02619406HPCPHI19940100250021000 00002  2500 00002  
HPD02619406HPCPHI19940200010020100 00000g 2500 00000  
HPD02619406HPCPHI19940200070091700 00002  1800 00004  1900 00009  2000 00012  2100 00004  2200 00004  2300 00002  2400 00001  2500 00038  
HPD02619406HPCPHI19940200080100400 00001  0500 00001  1400 00010  1700 00005  1800 00048  1900 00005  2000 00007  2100 00010  2200 00003  2500 00090  
HPD02619406HPCPHI19940300010020100 00000g 2500 00000  
HPD02619406HPCPHI19940300070031500 00002  1600 00006  2500 00008  
HPD02619406HPCPHI19940300260071600 00015  1700 00017  1800 00007  1900 00007  2000 00014  2100 00003  2500 00063  
HPD02619406HPCPHI19940400010020100 00000g 2500 00000  
HPD02619406HPCPHI19940500010020100 00000g 2500 00000  
HPD02619406HPCPHI19940500240071700 00002  1800 00007  1900 00016  2000 00003  2100 00016  2200 00005  2500 00049  
HPD02619406HPCPHI19940600010020100 00000g 2500 00000  
HPD02619406HPCPHI19940700010020100 00000g 2500 00000  
HPD02619406HPCPHI19940700170031900 00008  2000 00005  2500 00013  
HPD02619406HPCPHI19940700190040500 00004  0600 00010  0700 00003  2500 00017  
HPD02619406HPCPHI19940700280032300 00008  2400 00007  2500 00015  
HPD02619406HPCPHI19940800010020100 00000g 2500 00000  
HPD02619406HPCPHI19940800070022300 00014  2500 00014  
HPD02619406HPCPHI19940800110022300 00004  2500 00004  
HPD02619406HPCPHI19940800120050300 00006  0400 00003  0500 00002  0600 00001  2500 00012  
HPD02619406HPCPHI19940800140020100 00003  2500 00003  
HPD02619406HPCPHI19940800160022300 00006  2500 00006  
HPD02619406HPCPHI19940900010020100 00000g 2500 00000  
HPD02619406HPCPHI19940900020031900 00011  2000 00010  2500 00021  
HPD02619406HPCPHI19940900100031700 00011  1800 00010  2500 00021  
HPD02619406HPCPHI19940900210080100 00039  0200 00003  0400 00025  0500 00008  0600 00008  0700 00006  0900 00004  2500 00093  
HPD02619406HPCPHI19941000010020100 00000g 2500 00000  
HPD02619406HPCPHI19941000150020700 00007  2500 00007  
HPD02619406HPCPHI19941100010020100 00000g 2500 00000  
HPD02619406HPCPHI19941100110021700 99999a 2500 00000I 
HPD02619406HPCPHI19941100300021800 00043A 2500 00043P 
HPD02619406HPCPHI19941200010020100 00000g 2500 00000  
HPD02619406HPCPHI19941200050052100 00003  2200 00007  2300 00002  2400 00003  2500 00015  
HPD02619406HPCPHI19941200220032300 00007  2400 00013  2500 00020  
HPD02619406HPCPHI19941200230140100 00012  0200 00002  0300 00002  0500 00001  0600 00008  0700 00002  0900 00006  1000 00002  1200 00016  1300 00010  1400 00006  1500 00004  1600 00004  2500 00075  
HPD02619406HPCPHI19941200240031700 00001  1800 00001  2500 00002  
HPD02619406HPCPHI19941200250081100 00009  1200 00005  1400 00001  1500 00001  1600 00024  1700 00013  1800 00004  2500 00057  
HPD02619406HPCPHI19941200260020200 00002  2500 00002  
HPD02619406HPCPHI19950100010020100 00000g 2500 00000  
HPD02619406HPCPHI19950100040100900 00008  1700 00001  1800 00001  1900 00001  2000 00004  2100 00003  2200 00008  2300 00012  2400 00004  2500 00042  
HPD02619406HPCPHI19950100050050100 00002  0200 00023  0300 00024  0400 00001  2500 00050  
HPD02619406HPCPHI19950100250041100 00007  1200 00012  1600 00003  2500 00022  
HPD02619406HPCPHI19950200010020100 00000g 2500 00000  
HPD02619406HPCPHI19950200130040900 00003  1000 00002  1100 00003  2500 00008  
HPD02619406HPCPHI19950200270022200 00001  2500 00001  
HPD02619406HPCPHI19950300010020100 00000g 2500 00000  
HPD02619406HPCPHI19950300060040200 00001  0300 00001  0400 00005  2500 00007  
HPD02619406HPCPHI19950300110061000 00004  1100 00011  1200 00007  1800 00003  1900 00002  2500 00027  
HPD02619406HPCPHI19950400010020100 00000g 2500 00000  
HPD02619406HPCPHI19950400180062000 00009  2100 00006  2200 00001  2300 00002  2400 00001  2500 00019  
HPD02619406HPCPHI19950400190020100 00001  2500 00001  
HPD02619406HPCPHI19950500010020100 00000g 2500 00000  
HPD02619406HPCPHI19950600010020100 00000g 2500 00000  
HPD02619406HPCPHI19950700010020100 00000g 2500 00000  
HPD02619406HPCPHI19950700150032200 00003  2300 00005  2500 00008  
HPD02619406HPCPHI19950700160030500 00004  0600 00004  2500 00008  
HPD02619406HPCPHI19950800010020100 00000g 2500 00000  
HPD02619406HPCPHI19950800140031900 00010  2000 00030  2500 00040  
HPD02619406HPCPHI19950800230042200 00024  2300 00022  2400 00005  2500 00051  
HPD02619406HPCPHI19950800240020100 00001  2500 00001  
HPD02619406HPCPHI19950900010020100 00000g 2500 00000  
HPD02619406HPCPHI19950900060042200 00072  2300 00026  2400 00040  2500 00138  
HPD02619406HPCPHI19950900070020100 00005  2500 00005  
HPD02619406HPCPHI19950900160042200 00034  2300 00020  2400 00003  2500 00057  
HPD02619406HPCPHI19951000010020100 00000g 2500 00000  
HPD02619406HPCPHI19951100010070100 00000g 1300 00008  2000 00004  2100 00010  2200 00003  2300 00001  2500 00026  
HPD02619406HPCPHI19951100020020100 00001  2500 00001  
HPD02619406HPCPHI19951100060040400 00005  0500 00003  0600 00001  2500 00009  
HPD02619406HPCPHI19951200010020100 00000g 2500 00000  
HPD02619406HPCPHI19960100010020100 00000g 2500 00000  
HPD02619406HPCPHI19960100310022000 00002  2500 00002  
HPD02619406HPCPHI19960200010030100 00000g 1700 00002  2500 00002  
HPD02619406HPCPHI19960200130030100 00001  0200 00001  2500 00002  
HPD02619406HPCPHI19960200220020400 00002  2500 00002  
HPD02619406HPCPHI19960200250042000 00034  2100 00021  2200 00001  2500 00056  
HPD02619406HPCPHI19960300010020100 00000g 2500 00000  
HPD02619406HPCPHI19960300130051700 00007  1800 00005  1900 00001  2000 00006  2500 00019  
HPD02619406HPCPHI19960300140060100 00001  0200 00001  0300 00003  0400 00004  0500 00006  2500 00015  
HPD02619406HPCPHI19960400010020100 00000g 2500 00000  
HPD02619406HPCPHI19960500010020100 00000g 2500 00000  
HPD02619406HPCPHI19960600010020100 99999[ 2500 00000I 
HPD02619406HPCPHI19960600300022400 99999] 2500 00000I 
HPD02619406HPCPHI19960700010020100 00000g 2500 00000  
HPD02619406HPCPHI19960700100020800 00013  2500 00013  
HPD02619406HPCPHI19960700140022400 00012  2500 00012  
HPD02619406HPCPHI19960700150070100 00018  0200 00006  0300 00002  0400 00004  0500 00001  0600 00003  2500 00034  
HPD02619406HPCPHI19960700310041800 00001  1900 00001  2000 00024  2500 00026  
HPD02619406HPCPHI19960800010020100 00000g 2500 00000  
HPD02619406HPCPHI19960800140032100 00067  2200 00015  2500 00082  
HPD02619406HPCPHI19960800220022200 00004  2500 00004  
HPD02619406HPCPHI19960800290022400 00015  2500 00015  
HPD02619406HPCPHI19960900010020100 00000g 2500 00000  
HPD02619406HPCPHI19960900090021700 00046  2500 00046  
HPD02619406HPCPHI19960900110030100 00049  0200 00007  2500 00056  
HPD02619406HPCPHI19961000010020100 00000g 2500 00000  
HPD02619406HPCPHI19961100010020100 00000g 2500 00000  
HPD02619406HPCPHI19961200010020100 00000g 2500 00000  
HPD02619406HPCPHI19970100010020100 00000g 2500 00000  
HPD02619406HPCPHI19970100130060200 00024  0300 00001  0400 00002  0500 00004  0600 00003  2500 00034  
HPD02619406HPCPHI19970100260060600 00001  0700 00002  0800 00001  0900 00003  1200 00006  2500 00013  
HPD02619406HPCPHI19970200010020100 00000g 2500 00000  
HPD02619406HPCPHI19970200270031800 00001  1900 00012  2500 00013  
HPD02619406HPCPHI19970200280060400 00001  0500 00002  0600 00008  0700 00002  1600 00008  2500 00021  
HPD02619406HPCPHI19970300010020100 00000g 2500 00000  
HPD02619406HPCPHI19970400010020100 00000g 2500 00000  
HPD02619406HPCPHI19970400020022400 00004  2500 00004  
HPD02619406HPCPHI19970400030080100 00004  0500 00003  0600 00005  0700 00004  1100 00007  2200 00002  2300 00003  2500 00028  
HPD02619406HPCPHI19970500010020100 00000g 2500 00000  
HPD02619406HPCPHI19970500200021600 00009  2500 00009  
HPD02619406HPCPHI19970600010020100 00000g 2500 00000  
HPD02619406HPCPHI19970700010020100 00000g 2500 00000  
HPD02619406HPCPHI19970800010020100 00000g 2500 00000  
HPD02619406HPCPHI19970800030050800 00004  0900 00001  1100 00047  1200 00004  2500 00056  
HPD02619406HPCPHI19970800050031900 00004  2000 00003  2500 00007  
HPD02619406HPCPHI19970800080032300 00002  2400 00003  2500 00005  
HPD02619406HPCPHI19970800090030100 00010  1000 00002  2500 00012  
HPD02619406HPCPHI19970800210032300 00005  2400 00003  2500 00008  
HPD02619406HPCPHI19970800300022100 00006  2500 00006  
HPD02619406HPCPHI19970900010050100 00000g 1000 00014  1100 00014  1200 00001  2500 00029  
HPD02619406HPCPHI19970900060040300 00007  0500 00001  0600 00002  2500 00010  
HPD02619406HPCPHI19970900140021000 00005  2500 00005  
HPD02619406HPCPHI19970900250071200 00010  1300 00025  1400 00025  1500 00015  1600 00016  1700 00001  2500 00092  
HPD02619406HPCPHI19971000010020100 00000g 2500 00000  
HPD02619406HPCPHI19971100010020100 00000g 2500 00000  
HPD02619406HPCPHI19971100110020500 00001  2500 00001  
HPD02619406HPCPHI19971100140020100 00007  2500 00007  
HPD02619406HPCPHI19971200010020100 00000g 2500 00000  
HPD02619406HPCPHI19971200060030100 00025  0200 00010  2500 00035  
HPD02619406HPCPHI19971200080040400 00001  0500 00002  0600 00001  2500 00004  
HPD02619406HPCPHI19971200190050500 00036  0600 00003  0800 00007  0900 00012  2500 00058  
HPD02619406HPCPHI19971200210031400 00009  1600 99999a 2500 00009I 
HPD02619406HPCPHI19971200220060700 00037A 1200 00001  1300 00001  1400 00002  1500 00006  2500 00047P 
HPD02619406HPCPHI19980100010020100 00000g 2500 00000  
HPD02619406HPCPHI19980100050030800 00003  0900 00006  2500 00009  
HPD02619406HPCPHI19980200010020100 00000g 2500 00000  
HPD02619406HPCPHI19980200030031900 00009  2000 00006  2500 00015  
HPD02619406HPCPHI19980200040030100 00010  0200 00020  2500 00030  
HPD02619406HPCPHI19980200080071300 00010  1400 00004  1500 00001  2200 00010  2300 00015  2400 00001  2500 00041  
HPD02619406HPCPHI19980200090070100 00008  0200 00011  0300 00002  0400 00001  0500 00002  0600 00001  2500 00025  
HPD02619406HPCPHI19980200140022400 00006  2500 00006  
HPD02619406HPCPHI19980200150030100 00028  0200 00013  2500 00041  
HPD02619406HPCPHI19980200170150900 00005  1000 00005  1100 00008  1200 00004  1300 00001  1400 00014  1600 00002  1700 00004  1800 00001  1900 00004  2000 00002  2100 00004  2200 00001  2300 00001  2500 00056  
HPD02619406HPCPHI19980200180020800 99999a 2500 00000I 
HPD02619406HPCPHI19980200230020700 00020A 2500 00020P 
HPD02619406HPCPHI19980200240030800 99999a 1000 00007A 2500 00007  
HPD02619406HPCPHI19980300010020100 00000g 2500 00000  
HPD02619406HPCPHI19980300140071100 00002  1200 00002  1300 00006  1400 00010  1500 00006  1600 00006  2500 00032  
HPD02619406HPCPHI19980300260060100 00006  0200 00005  0300 00026  0400 00007  0500 00003  2500 00047  
HPD02619406HPCPHI19980300280041500 00028  1600 00013  1700 00006  2500 00047  
HPD02619406HPCPHI19980300290061800 00003  1900 00002  2200 00006  2300 00018  2400 00004  2500 00033  
HPD02619406HPCPHI19980400010040100 00000g 1000 00010  1100 00001  2500 00011  
HPD02619406HPCPHI19980500010020100 00000g 2500 00000  
HPD02619406HPCPHI19980600010020100 00000g 2500 00000  
HPD02619406HPCPHI19980700010020100 00000g 2500 00000  
HPD02619406HPCPHI19980700040022200 00030 R2500 00030 R
HPD02619406HPCPHI19980700050030600 00022 R0800 00019 R2500 00041 R
HPD02619406HPCPHI19980700190022400 00051  2500 00051  
HPD02619406HPCPHI19980700200030500 00002  0600 00002  2500 00004  
HPD02619406HPCPHI19980700220052000 00052  2100 00002  2200 00002  2300 00001  2500 00057  
HPD02619406HPCPHI19980700280022100 00005  2500 00005  
HPD02619406HPCPHI19980800010020100 00000g 2500 00000  
HPD02619406HPCPHI19980800090030500 00004  0600 00001  2500 00005  
HPD02619406HPCPHI19980800110032300 00095  2400 00001  2500 00096  
HPD02619406HPCPHI19980800120030100 00005  0200 00001  2500 00006  
HPD02619406HPCPHI19980800170021700 00020  2500 00020  
HPD02619406HPCPHI19980800240020700 00020  2500 00020  
HPD02619406HPCPHI19980900010020100 00000g 2500 00000  
HPD02619406HPCPHI19980900030032100 00002  2200 00006  2500 00008  
HPD02619406HPCPHI19980900040080100 00003  0200 00004  0300 00031  0400 00005  0500 00003  0600 00002  2300 00004  2500 00052  
HPD02619406HPCPHI19980900090051600 00011  1700 00020  1800 00007  1900 00008  2500 00046  
HPD02619406HPCPHI19981000010020100 00000g 2500 00000  
HPD02619406HPCPHI19981100010020100 00000g 2500 00000  
HPD02619406HPCPHI19981100120030500 00001  0600 00001  2500 00002  
HPD02619406HPCPHI19981100280042100 00003  2200 00014  2300 00003  2500 00020  
HPD02619406HPCPHI19981200010020100 00000g 2500 00000  
HPD02619406HPCPHI19981200060041400 00005  1500 00006  1600 00004  2500 00015  
HPD02619406HPCPHI19981200150031200 00004  1300 00006  2500 00010  
