HPD02077300HPCPHI19610600010020100 99999[ 2500 00000I 
HPD02077300HPCPHI19610600020021600 99999] 2500 00000I 
HPD02077300HPCPHI19610600210021200 00011  2500 00011  
HPD02077300HPCPHI19610600250050700 00002  0800 00003  0900 00002  1000 00002  2500 00009  
HPD02077300HPCPHI19610600290031400 99999[ 1800 99999] 2500 00000I 
HPD02077300HPCPHI19610700010040100 00000g 1700 99999[ 2200 99999] 2500 00000I 
HPD02077300HPCPHI19610700020031800 99999[ 2200 99999] 2500 00000I 
HPD02077300HPCPHI19610700030031400 99999[ 1800 99999] 2500 00000I 
HPD02077300HPCPHI19610700060031600 00003  1700 00010  2500 00013  
HPD02077300HPCPHI19610700120042100 00040  2300 00034  2400 00006  2500 00080  
HPD02077300HPCPHI19610700140021800 00005  2500 00005  
HPD02077300HPCPHI19610700180031800 00005  1900 00015  2500 00020  
HPD02077300HPCPHI19610700220022200 00005  2500 00005  
HPD02077300HPCPHI19610700280040500 00006  0600 00001  0700 00005  2500 00012  
HPD02077300HPCPHI19610700290031900 99999a 2400 00045A 2500 00045  
HPD02077300HPCPHI19610700310041900 00006  2000 00026  2100 00002  2500 00034  
HPD02077300HPCPHI19610800010060100 00000g 1300 00005  1400 00015  1500 00001  1900 00004  2500 00025  
HPD02077300HPCPHI19610800020030600 00001  0700 00005  2500 00006  
HPD02077300HPCPHI19610800100061800 00015  1900 00005  2000 00004  2100 00010  2200 00006  2500 00040  
HPD02077300HPCPHI19610800110022200 00005  2500 00005  
HPD02077300HPCPHI19610800140031700 00022  1800 00003  2500 00025  
HPD02077300HPCPHI19610800150061300 00016  1400 00009  1600 00016  1700 00009  2000 00001  2500 00051  
HPD02077300HPCPHI19610800170022200 00031  2500 00031  
HPD02077300HPCPHI19610800180031400 00023  1500 00001  2500 00024  
HPD02077300HPCPHI19610800280091400 99999a 1800 00105A 1900 00012  2000 00035  2100 00009  2200 00001  2300 00002  2400 00005  2500 00169  
HPD02077300HPCPHI19610800290090100 00002  0200 00001  0300 00002  0400 00002  0500 00001  0900 00005  1700 00017  1800 00005  2500 00035  
HPD02077300HPCPHI19610900010020100 00000g 2500 00000  
HPD02077300HPCPHI19610900030020700 00001  2500 00001  
HPD02077300HPCPHI19610900070022400 00003  2500 00003  
HPD02077300HPCPHI19610900100042000 00005  2100 00024  2200 00001  2500 00030  
HPD02077300HPCPHI19610900110051800 00103  1900 00008  2100 00004  2200 00002  2500 00117  
HPD02077300HPCPHI19611000010020100 00000g 2500 00000  
HPD02077300HPCPHI19611000080042200 00002  2300 00003  2400 00010  2500 00015  
HPD02077300HPCPHI19611000090050100 00002  0200 00003  0300 00001  0400 00001  2500 00007  
HPD02077300HPCPHI19611100010020100 00000g 2500 00000  
HPD02077300HPCPHI19611100080030400 99999a 0700 00152A 2500 00152  
HPD02077300HPCPHI19611100130041800 00001  1900 00001  2400 00001  2500 00003  
HPD02077300HPCPHI19611100140030200 00002  0300 00001  2500 00003  
HPD02077300HPCPHI19611100210051600 00002  1700 00012  1800 00010  1900 00001  2500 00025  
HPD02077300HPCPHI19611200010020100 00000g 2500 00000  
HPD02077300HPCPHI19611200070190500 00001  0600 00001  0700 00002  0900 00005  1000 00004  1100 00008  1200 00006  1300 00002  1500 00002  1600 00003  1700 00003  1800 00003  1900 00004  2000 00006  2100 00002  2200 00007  2300 00003  2400 00003  2500 00065  
HPD02077300HPCPHI19611200080050100 00012  0200 00019  0300 00021  0400 00007  2500 00059  
HPD02077300HPCPHI19611200090040600 00002  0700 00002  0800 00001  2500 00005  
HPD02077300HPCPHI19611200110120400 00002  0500 00001  0600 00002  0700 00001  0900 00004  1000 00001  1100 00002  1800 00004  1900 00007  2000 00003  2400 00005  2500 00032  
HPD02077300HPCPHI19611200120040100 00003  0200 00001  0300 00001  2500 00005  
HPD02077300HPCPHI19611200130071600 00003  1700 00002  1800 00005  1900 00003  2000 00001  2100 00001  2500 00015  
HPD02077300HPCPHI19611200140050100 00001  0200 00001  0300 00002  2400 00002  2500 00006  
HPD02077300HPCPHI19611200150081200 00001  1300 00001  1500 00022  1600 00010  2200 00001  2300 00005  2400 00001  2500 00041  
HPD02077300HPCPHI19611200160110100 00001  0200 00001  0300 00001  0400 00001  0500 00003  1200 00005  1500 00001  1600 00001  1700 00002  1800 00001  2500 00017  
HPD02077300HPCPHI19620100010020100 99999[ 2500 00000I 
HPD02077300HPCPHI19620100310022400 99999] 2500 00000I 
HPD02077300HPCPHI19620200010020100 99999[ 2500 00000I 
HPD02077300HPCPHI19620200280022400 99999] 2500 00000I 
HPD02077300HPCPHI19620300010030100 99999[ 1300 99999] 2500 00000I 
HPD02077300HPCPHI19620300070131100 00001  1200 00004  1300 00005  1400 00015  1500 00007  1600 00011  1700 00009  1800 00006  1900 00002  2000 00003  2200 00002  2300 00005  2500 00070  
HPD02077300HPCPHI19620300080110300 00001  0400 00004  0700 00001  0800 00002  0900 00002  1000 00001  1100 00002  1200 00002  1300 00003  1500 00007  2500 00025  
HPD02077300HPCPHI19620300090070300 00002  0400 00001  0500 00001  0600 00001  0700 00001  0800 00001  2500 00007  
HPD02077300HPCPHI19620300190040100 99999[ 1300 99999] 2000 99999a 2500 00000I 
HPD02077300HPCPHI19620300200020500 00015A 2500 00015P 
HPD02077300HPCPHI19620300210041800 00002  1900 00003  2000 00005  2500 00010  
HPD02077300HPCPHI19620400010020100 00000g 2500 00000  
HPD02077300HPCPHI19620400260051600 00002  1700 00001  1800 00002  1900 00006  2500 00011  
HPD02077300HPCPHI19620500010020100 00000g 2500 00000  
HPD02077300HPCPHI19620600010020100 00000g 2500 00000  
HPD02077300HPCPHI19620600260021800 00005  2500 00005  
HPD02077300HPCPHI19620600270041900 00001  2000 00005  2100 00001  2500 00007  
HPD02077300HPCPHI19620600290041600 00007  1800 00005  1900 00010  2500 00022  
HPD02077300HPCPHI19620600300060600 00001  0700 00001  0800 00001  0900 00001  1000 00002  2500 00006  
HPD02077300HPCPHI19620700010030100 99999[ 1300 99999] 2500 00000I 
HPD02077300HPCPHI19620700090052000 00025  2100 00002  2200 00007  2300 00002  2500 00036  
HPD02077300HPCPHI19620700130021300 99999[ 2500 00000I 
HPD02077300HPCPHI19620700310022400 99999] 2500 00000I 
HPD02077300HPCPHI19820300010020100 00000g 2500 00000  
HPD02077300HPCPHT19820300020021400 00010  2500 00010  
HPD02077300HPCPHT19820300120022300 00010  2500 00010  
HPD02077300HPCPHT19820300130030100 00010  0400 00010  2500 00020  
HPD02077300HPCPHT19820300150020600 00010  2500 00010  
HPD02077300HPCPHT19820300260021300 00010  2500 00010  
HPD02077300HPCPHT19820400010020100 00000g 2500 00000  
HPD02077300HPCPHT19820500010050100 00000g 1700 00030  1800 00010  1900 00010  2500 00050  
HPD02077300HPCPHT19820500040030300 00020  0700 00020  2500 00040  
HPD02077300HPCPHT19820500270041000 00010  1200 00010  1300 00010  2500 00030  
HPD02077300HPCPHT19820600010020100 99999[ 2500 00000I 
HPD02077300HPCPHT19820600300022400 99999] 2500 00000I 
HPD02077300HPCPHT19920500010020100 00000g 2500 00000  
HPD02077300HPCPHT19920500030041600 99999a 2000 00060A 2300 00010  2500 00070  
HPD02077300HPCPHT19920500040020800 00010  2500 00010  
HPD02077300HPCPHT19920500110021200 00010  2500 00010  
HPD02077300HPCPHT19920500170021500 00010  2500 00010  
HPD02077300HPCPHT19920500190030100 00010  0400 00010  2500 00020  
HPD02077300HPCPHT19920500200021200 00010  2500 00010  
HPD02077300HPCPHT19920500210031800 00010  2300 00010  2500 00020  
HPD02077300HPCPHT19920500240031200 00010  1400 00020  2500 00030  
HPD02077300HPCPHT19920500250021800 00010  2500 00010  
HPD02077300HPCPHT19920500270021700 00010  2500 00010  
HPD02077300HPCPHT19920500280021100 00010  2500 00010  
HPD02077300HPCPHT19920500290021900 00010  2500 00010  
HPD02077300HPCPHT19920500300031300 00020  1400 00030  2500 00050  
HPD02077300HPCPHT19920600010020100 00000g 2500 00000  
HPD02077300HPCPHT19920600210022000 00010  2500 00010  
HPD02077300HPCPHT19920700010020100 00000g 2500 00000  
HPD02077300HPCPHT19920700060041700 00020  1800 00010  1900 00010  2500 00040  
HPD02077300HPCPHT19920700070022400 00020  2500 00020  
HPD02077300HPCPHT19920700080050500 00010  2200 00050  2300 00050  2400 00030  2500 00140  
HPD02077300HPCPHT19920700090030200 00010  2300 00010  2500 00020  
HPD02077300HPCPHT19920700110022200 00010  2500 00010  
HPD02077300HPCPHT19920700200022400 00010  2500 00010  
HPD02077300HPCPHT19920700220021800 00030  2500 00030  
HPD02077300HPCPHT19920700230060800 00010  1800 00040  1900 00020  2100 00010  2300 00010  2500 00090  
HPD02077300HPCPHT19920700240022000 00010  2500 00010  
HPD02077300HPCPHT19920700270031700 00010  2100 00010  2500 00020  
HPD02077300HPCPHT19920800010020100 00000g 2500 00000  
HPD02077300HPCPHT19920800070031500 00040  1800 00010  2500 00050  
HPD02077300HPCPHT19920800100021500 00010  2500 00010  
HPD02077300HPCPHT19920800110032200 00020  2300 00010  2500 00030  
HPD02077300HPCPHT19920800120030200 00010  0300 00010  2500 00020  
HPD02077300HPCPHT19920800190022300 00010  2500 00010  
HPD02077300HPCPHT19920800230090200 00010  1700 00010  1900 00020  2000 00010  2100 00020  2200 00040  2300 00030  2400 00020  2500 00160  
HPD02077300HPCPHT19920800240021000 00010  2500 00010  
HPD02077300HPCPHT19920800290021700 00010  2500 00010  
HPD02077300HPCPHT19920900010020100 00000g 2500 00000  
HPD02077300HPCPHT19920900180021500 00010  2500 00010  
HPD02077300HPCPHT19921000010020100 00000g 2500 00000  
HPD02077300HPCPHT19921000240030600 00010  1600 00010  2500 00020  
HPD02077300HPCPHT19921000280050200 00010  0500 00010  0800 00010  1000 00010  2500 00040  
HPD02077300HPCPHT19921100010020100 00000g 2500 00000  
HPD02077300HPCPHT19921100230021500 00010  2500 00010  
HPD02077300HPCPHT19921200010030100 00000g 1000 99999a 2500 00000I 
HPD02077300HPCPHT19921200310022400 00210A 2500 00210P 
HPD02077300HPCPHT19930100010030100 00000g 1400 99999{ 2500 00000P 
HPD02077300HPCPHT19930100310022400 99999} 2500 00000P 
HPD02077300HPCPHT19930200010030100 00000g 0900 99999[ 2500 00000I 
HPD02077300HPCPHT19930200020021100 99999] 2500 00000I 
HPD02077300HPCPHT19930200080031900 00010  2000 00010  2500 00020  
HPD02077300HPCPHT19930200090030200 00010  1000 00010  2500 00020  
HPD02077300HPCPHT19930200140041500 00010  1800 00010  2000 00010  2500 00030  
HPD02077300HPCPHT19930200150021100 00010  2500 00010  
HPD02077300HPCPHT19930200180032000 00010  2100 00010  2500 00020  
HPD02077300HPCPHT19930200200020900 00010  2500 00010  
HPD02077300HPCPHT19930200280021900 00010  2500 00010  
HPD02077300HPCPHT19930300010020100 00000g 2500 00000  
HPD02077300HPCPHT19930300260031700 00010  2100 00010  2500 00020  
HPD02077300HPCPHT19930300290030500 00010  1100 00010  2500 00020  
HPD02077300HPCPHT19930400010020100 00000g 2500 00000  
HPD02077300HPCPHT19930500010020100 00000g 2500 00000  
HPD02077300HPCPHT19930500150051400 00010  1800 00010  1900 00010  2000 00010  2500 00040  
HPD02077300HPCPHT19930600010020100 00000g 2500 00000  
HPD02077300HPCPHT19930700010020100 00000g 2500 00000  
HPD02077300HPCPHT19930700080021700 99999a 2500 00000I 
HPD02077300HPCPHT19930700310022400 00290A 2500 00290P 
HPD02077300HPCPHT19930800010020100 99999{ 2500 00000P 
HPD02077300HPCPHT19930800110021200 99999} 2500 00000P 
HPD02077300HPCPHT19930800130021500 00060  2500 00060  
HPD02077300HPCPHT19930800170020100 00010  2500 00010  
HPD02077300HPCPHT19930800260031300 00010  1400 00020  2500 00030  
HPD02077300HPCPHT19930800270041800 00020  2000 00100  2100 00010  2500 00130  
HPD02077300HPCPHT19930800280050700 00020  0800 00040  1100 00010  1400 00010  2500 00080  
HPD02077300HPCPHT19930800290021500 00020  2500 00020  
HPD02077300HPCPHT19930800310080600 00020  0700 00020  0800 00010  1000 00030  1100 00010  1200 00010  1500 00010  2500 00110  
HPD02077300HPCPHT19930900010020100 00000g 2500 00000  
HPD02077300HPCPHT19930900050031700 00030  1800 00010  2500 00040  
HPD02077300HPCPHT19930900120021200 00010  2500 00010  
HPD02077300HPCPHT19930900240021800 00020  2500 00020  
HPD02077300HPCPHT19930900300021400 00010  2500 00010  
HPD02077300HPCPHT19931000010020100 00000g 2500 00000  
HPD02077300HPCPHT19931000060031800 00010  2300 00010  2500 00020  
HPD02077300HPCPHT19931000170021000 00010  2500 00010  
HPD02077307HPCPHT19931100010020100 00000g 2500 00000  
HPD02077307HPCPHT19931100130040700 00020  0800 00020  0900 00010  2500 00050  
HPD02077307HPCPHT19931100140022300 00010  2500 00010  
HPD02077307HPCPHT19931100150070500 00010  0600 00010  0700 00020  0800 00010  1600 00020  1700 00010  2500 00080  
HPD02077307HPCPHT19931200010020100 00000g 2500 00000  
HPD02077307HPCPHT19931200120020900 00020  2500 00020  
HPD02077307HPCPHT19931200210030400 00010  2300 00010  2500 00020  
HPD02077307HPCPHT19940100010020100 00000g 2500 00000  
HPD02077307HPCPHT19940100280021200 00010  2500 00010  
HPD02077307HPCPHT19940200010020100 00000g 2500 00000  
HPD02077307HPCPHT19940200080070800 00020  0900 00010  1100 00010  1300 00010  1500 00010  2100 00010  2500 00070  
HPD02077307HPCPHT19940300010020100 00000g 2500 00000  
HPD02077307HPCPHT19940300130050700 00010  0800 00020  0900 00010  2100 00010  2500 00050  
HPD02077307HPCPHT19940300200020400 00010  2500 00010  
HPD02077307HPCPHT19940300260031300 00010  1700 00010  2500 00020  
HPD02077307HPCPHT19940400010020100 00000g 2500 00000  
HPD02077307HPCPHT19940400220021700 00010  2500 00010  
HPD02077307HPCPHT19940400230030800 00010  1300 00010  2500 00020  
HPD02077307HPCPHT19940500010020100 00000g 2500 00000  
HPD02077307HPCPHT19940500240030200 00010  1500 00010  2500 00020  
HPD02077307HPCPHT19940600010020100 00000g 2500 00000  
HPD02077307HPCPHT19940600200031600 00050  1700 00040  2500 00090  
HPD02077307HPCPHT19940600220020200 00010  2500 00010  
HPD02077307HPCPHT19940700010020100 00000g 2500 00000  
HPD02077307HPCPHT19940700040020100 00010  2500 00010  
HPD02077307HPCPHT19940700170050300 00010  0700 00010  1400 00030  1500 00010  2500 00060  
HPD02077307HPCPHT19940700220021500 00010  2500 00010  
HPD02077307HPCPHT19940700230042100 00010  2200 00010  2300 00010  2500 00030  
HPD02077307HPCPHT19940700240021000 00010  2500 00010  
HPD02077307HPCPHT19940700260051900 00020  2000 00020  2100 00030  2200 00010  2500 00080  
HPD02077307HPCPHT19940700290021500 00010  2500 00010  
HPD02077307HPCPHT19940700310021400 00010  2500 00010  
HPD02077307HPCPHT19940800010030100 00000g 0700 00010  2500 00010  
HPD02077307HPCPHT19940800070032300 00020  2400 00010  2500 00030  
HPD02077307HPCPHT19940800080030100 00020  1500 00010  2500 00030  
HPD02077307HPCPHT19940800170021400 00050  2500 00050  
HPD02077307HPCPHT19940800200021800 00010  2500 00010  
HPD02077307HPCPHT19940800210041200 00010  1400 00010  1500 00010  2500 00030  
HPD02077307HPCPHT19940800220031000 00010  2100 00010  2500 00020  
HPD02077307HPCPHT19940800240021800 00010  2500 00010  
HPD02077307HPCPHT19940800250041800 00010  2100 00010  2200 00010  2500 00030  
HPD02077307HPCPHT19940800260050700 00030  0900 00010  2100 00090  2200 00060  2500 00190  
HPD02077307HPCPHT19940800270020100 00010  2500 00010  
HPD02077307HPCPHT19940800290021700 00010  2500 00010  
HPD02077307HPCPHT19940900010020100 00000g 2500 00000  
HPD02077307HPCPHT19940900030070300 00030  0400 00010  0500 00010  0700 00010  1100 00010  1200 00010  2500 00080  
HPD02077307HPCPHT19940900040031100 00050  1900 00010  2500 00060  
HPD02077307HPCPHT19940900050020700 99999[ 2500 00000I 
HPD02077307HPCPHT19940900300022400 99999] 2500 00000I 
HPD02077307HPCPHT19941000010020100 00000g 2500 00000  
HPD02077307HPCPHT19941000140021900 00010  2500 00010  
HPD02077307HPCPHT19941000150021000 00010  2500 00010  
HPD02077307HPCPHT19941000160050700 00010  0800 00010  0900 00030  1300 00010  2500 00060  
HPD02077307HPCPHT19941100010020100 00000g 2500 00000  
HPD02077307HPCPHT19941100080050100 00010  0400 00010  0500 00010  1100 00010  2500 00040  
HPD02077307HPCPHT19941100110180700 00020  0800 00010  0900 00020  1000 00040  1100 00030  1200 00020  1300 00010  1500 00020  1600 00020  1700 00020  1800 00020  1900 00010  2000 00010  2100 00010  2200 00010  2300 00010  2400 00020  2500 00300  
HPD02077307HPCPHT19941100120080100 00020  0200 00020  0400 00010  0500 00010  0800 00010  0900 00010  1000 00010  2500 00090  
HPD02077307HPCPHT19941200010020100 00000g 2500 00000  
HPD02077307HPCPHT19941200050170600 00010  0900 00010  1000 00010  1100 00010  1200 00010  1300 00010  1400 00010  1600 00010  1700 00020  1800 00020  1900 00020  2000 00010  2100 00010  2200 00010  2300 00010  2400 00020  2500 00200  
HPD02077307HPCPHT19941200060030100 00010  0400 00010  2500 00020  
HPD02077307HPCPHT19941200120041300 00010  1700 00010  1900 00010  2500 00030  
HPD02077307HPCPHT19941200220031900 00010  2100 00010  2500 00020  
HPD02077307HPCPHT19941200230030500 00010  1300 00010  2500 00020  
HPD02077307HPCPHT19941200250021300 00010  2500 00010  
HPD02077307HPCPHT19941200260080500 00010  0800 00010  1200 00010  1300 00010  1800 00010  2000 00010  2200 00010  2500 00070  
HPD02077307HPCPHT19941200300021500 00000  2500 00000  
HPD02077307HPCPHT19950100010020100 00000g 2500 00000  
HPD02077307HPCPHT19950100050070800 00010  1000 00010  1100 00010  1200 00020  1300 00010  1500 00010  2500 00070  
HPD02077307HPCPHT19950100170021500 00010  2500 00010  
HPD02077307HPCPHT19950100260030300 00010  1000 00010  2500 00020  
HPD02077307HPCPHT19950200010020100 00000g 2500 00000  
HPD02077307HPCPHT19950200100021800 00010  2500 00010  
HPD02077307HPCPHT19950200130030100 00010  1100 00010  2500 00020  
HPD02077307HPCPHT19950200140041600 00010  2000 00010  2100 00010  2500 00030  
HPD02077307HPCPHT19950200150070500 00010  1100 00010  1200 00010  1500 00010  1600 00010  2400 00010  2500 00060  
HPD02077307HPCPHT19950300010020100 00000g 2500 00000  
HPD02077307HPCPHT19950300060041000 00010  1500 00010  2100 00010  2500 00030  
HPD02077307HPCPHT19950300120020600 00010  2500 00010  
HPD02077307HPCPHT19950300180020900 00000  2500 00000  
HPD02077307HPCPHT19950400010020100 00000g 2500 00000  
HPD02077307HPCPHT19950400180021700 99999{ 2500 00000P 
HPD02077307HPCPHT19950400190021600 99999} 2500 00000P 
HPD02077307HPCPHT19950500010020100 00000g 2500 00000  
HPD02077307HPCPHT19950500310031400 99999{ 2400 99999} 2500 00000P 
HPD02077307HPCPHT19950600010030100 00000g 1400 00000  2500 00000  
HPD02077307HPCPHT19950700010020100 00000g 2500 00000  
HPD02077307HPCPHT19950700150032200 00040  2400 00010  2500 00050  
HPD02077307HPCPHT19950700160022300 00040  2500 00040  
HPD02077307HPCPHT19950700180070300 00010  0600 00020  0700 00010  0800 00010  0900 00010  1400 00010  2500 00070  
HPD02077307HPCPHT19950700190041400 00010  1500 00060  2400 00010  2500 00080  
HPD02077307HPCPHT19950700200020100 00010  2500 00010  
HPD02077307HPCPHT19950800010020100 00000g 2500 00000  
HPD02077307HPCPHT19950800060021700 99999{ 2500 00000P 
HPD02077307HPCPHT19950800090021600 99999} 2500 00000P 
HPD02077307HPCPHT19950800140021300 00010  2500 00010  
HPD02077307HPCPHT19950800150060100 00010  0400 00010  0600 00010  0800 00010  1000 00010  2500 00050  
HPD02077307HPCPHT19950800170020700 00010  2500 00010  
HPD02077307HPCPHT19950800190021700 00010  2500 00010  
HPD02077307HPCPHT19950800230021400 00010  2500 00010  
HPD02077307HPCPHT19950800240031900 00110  2000 00010  2500 00120  
HPD02077307HPCPHT19950900010020100 00000g 2500 00000  
HPD02077307HPCPHT19950900090051500 00040  1600 00010  1900 00010  2100 00010  2500 00070  
HPD02077307HPCPHT19950900150070500 00010  0600 00010  0700 00010  0800 00010  1000 00010  1400 00010  2500 00060  
HPD02077307HPCPHT19950900180041700 00010  1900 00020  2000 00010  2500 00040  
HPD02077307HPCPHT19951000010020100 00000g 2500 00000  
HPD02077307HPCPHT19951000300051300 00010  1400 00010  1600 00010  1900 00020  2500 00050  
HPD02077307HPCPHT19951100010020100 00000g 2500 00000  
HPD02077307HPCPHT19951100060050300 00010  0400 00010  0800 00010  1100 00010  2500 00040  
HPD02077307HPCPHT19951200010020100 00000g 2500 00000  
HPD02077307HPCPHT19951200310022400 00000  2500 00000  
HPD02077307HPCPHT19960100010020100 00000g 2500 00000  
HPD02077307HPCPHT19960200010080100 00000g 1100 00010  1300 00010  1400 00010  1500 00010  1600 00030  1700 00020  2500 00090  
HPD02077307HPCPHT19960200020021200 00010  2500 00010  
HPD02077307HPCPHT19960200120031700 00010  2100 00010  2500 00020  
HPD02077307HPCPHT19960200260030600 00010  0700 00010  2500 00020  
HPD02077307HPCPHT19960300010020100 00000g 2500 00000  
HPD02077307HPCPHT19960300310030600 99999{ 2400 99999} 2500 00000P 
HPD02077307HPCPHT19960400010030100 99999{ 0800 99999} 2500 00000P 
HPD02077307HPCPHT19960500010020100 00000g 2500 00000  
HPD02077307HPCPHT19960600010020100 00000g 2500 00000  
HPD02077307HPCPHT19960600140041100 00010  1300 00010  1400 00010  2500 00030  
HPD02077307HPCPHT19960600290051900 00010  2000 00020  2100 00020  2200 00010  2500 00060  
HPD02077307HPCPHT19960700010020100 00000g 2500 00000  
HPD02077307HPCPHT19960700060031900 00020  2000 00010  2500 00030  
HPD02077307HPCPHT19960700070022300 00010  2500 00010  
HPD02077307HPCPHT19960700080041500 00010  2000 00010  2100 00010  2500 00030  
HPD02077307HPCPHT19960700090050300 00010  2200 00010  2300 00020  2400 00010  2500 00050  
HPD02077307HPCPHT19960700100040300 00010  2200 00020  2300 00010  2500 00040  
HPD02077307HPCPHT19960700110052100 00020  2200 00010  2300 00010  2400 00010  2500 00050  
HPD02077307HPCPHT19960700140041700 00020  2300 00030  2400 00010  2500 00060  
HPD02077307HPCPHT19960700150020100 00010  2500 00010  
HPD02077307HPCPHT19960700180022100 00010  2500 00010  
HPD02077307HPCPHT19960700190022200 00020  2500 00020  
HPD02077307HPCPHT19960700200042200 00040  2300 00010  2400 00020  2500 00070  
HPD02077307HPCPHT19960700210021100 00010  2500 00010  
HPD02077307HPCPHT19960700270022300 00020  2500 00020  
HPD02077307HPCPHT19960700310021300 00020  2500 00020  
HPD02077307HPCPHT19960800010020100 00000g 2500 00000  
HPD02077307HPCPHT19960800020030600 00020  0700 00030  2500 00050  
HPD02077307HPCPHT19960800100021400 00010  2500 00010  
HPD02077307HPCPHT19960800140021600 00010  2500 00010  
HPD02077307HPCPHT19960800170032300 00020  2400 00010  2500 00030  
HPD02077307HPCPHT19960800190021400 00010  2500 00010  
HPD02077307HPCPHT19960800210031600 00040  1700 00080  2500 00120  
HPD02077307HPCPHT19960800220020700 00010  2500 00010  
HPD02077307HPCPHT19960800270030300 00010  1500 00010  2500 00020  
HPD02077307HPCPHT19960900010030100 00000g 2200 00030  2500 00030  
HPD02077307HPCPHT19960900030051200 00030  1400 00010  1500 00070  1600 00030  2500 00140  
HPD02077307HPCPHT19960900050031700 00010  1800 00010  2500 00020  
HPD02077307HPCPHT19960900070021300 00020  2500 00020  
HPD02077307HPCPHT19960900090041100 00010  1200 00010  1800 00010  2500 00030  
HPD02077307HPCPHT19960900140021200 00010  2500 00010  
HPD02077307HPCPHT19960900250031500 00020  2000 00010  2500 00030  
HPD02077307HPCPHT19961000010030100 00000g 1200 99999[ 2500 00000I 
HPD02077307HPCPHT19961000040021200 99999] 2500 00000I 
HPD02077307HPCPHT19961000140021400 00010  2500 00010  
HPD02077307HPCPHT19961000180022400 00010  2500 00010  
HPD02077307HPCPHT19961000260040400 00030  0500 00020  0600 00020  2500 00070  
HPD02077307HPCPHT19961000270030400 00010  0700 00010  2500 00020  
HPD02077307HPCPHT19961000280030500 00010  0800 00010  2500 00020  
HPD02077307HPCPHT19961100010020100 00000g 2500 00000  
HPD02077307HPCPHT19961100280021900 00010  2500 00010  
HPD02077307HPCPHT19961100290041300 00010  1400 00010  1500 00010  2500 00030  
HPD02077307HPCPHT19961200010020100 00000g 2500 00000  
HPD02077307HPCPHT19961200310031700 99999[ 2400 99999] 2500 00000I 
HPD02077307HPCPHT19970100010020100 00000g 2500 00000  
HPD02077307HPCPHT19970100020021500 99999{ 2500 00000P 
HPD02077307HPCPHT19970100130040800 99999} 1000 00010  1900 00010  2500 00020P 
HPD02077307HPCPHT19970100260031300 00010  2200 00010  2500 00020  
HPD02077307HPCPHT19970200010020100 00000g 2500 00000  
HPD02077307HPCPHT19970200020022400 99999[ 2500 00000I 
HPD02077307HPCPHT19970200030020500 99999] 2500 00000I 
HPD02077307HPCPHT19970200130030800 00010  1100 00010  2500 00020  
HPD02077307HPCPHT19970200190020200 00010  2500 00010  
HPD02077307HPCPHT19970200260021100 00010  2500 00010  
HPD02077307HPCPHT19970200280140200 00010  0400 00010  0500 00010  0700 00020  0800 00010  0900 00020  1000 00020  1200 00010  1300 00010  1400 00010  1500 00010  1700 00010  1900 00010  2500 00160  
HPD02077307HPCPHT19970300010020100 00000g 2500 00000  
HPD02077307HPCPHT19970300260020900 00010  2500 00010  
HPD02077307HPCPHT19970300310021200 00010  2500 00010  
HPD02077307HPCPHT19970400010020100 00000g 2500 00000  
HPD02077307HPCPHT19970400030031800 00010  2100 00010  2500 00020  
HPD02077307HPCPHT19970400170040800 00010  0900 00020  1000 00010  2500 00040  
HPD02077307HPCPHT19970400180021300 00010  2500 00010  
HPD02077307HPCPHT19970500010020100 00000g 2500 00000  
HPD02077307HPCPHT19970500090021700 99999{ 2500 00000P 
HPD02077307HPCPHT19970500100020100 99999} 2500 00000P 
HPD02077307HPCPHT19970500150031900 00010  2200 00010  2500 00020  
HPD02077307HPCPHT19970500180022000 00010  2500 00010  
HPD02077307HPCPHT19970500200030300 00010  1400 00010  2500 00020  
HPD02077307HPCPHT19970600010020100 00000g 2500 00000  
