HPD02834800HPCPHI19590600010020100 00000g 2500 00000  
HPD02834800HPCPHI19590600130041300 00008  1400 00039  1500 00005  2500 00052  
HPD02834800HPCPHI19590600140022000 00002  2500 00002  
HPD02834800HPCPHI19590600180022000 00005  2500 00005  
HPD02834800HPCPHI19590600190031600 00043  1700 00005  2500 00048  
HPD02834800HPCPHI19590700010020100 00000g 2500 00000  
HPD02834800HPCPHI19590700090031600 00100  1700 00020  2500 00120  
HPD02834800HPCPHI19590700190032300 00009  2400 00060  2500 00069  
HPD02834800HPCPHI19590700270032100 00080  2200 00002  2500 00082  
HPD02834800HPCPHI19590700290031700 00058  1800 00002  2500 00060  
HPD02834800HPCPHI19590700300032000 00046  2100 00012  2500 00058  
HPD02834800HPCPHI19590800010040100 00000g 1600 00017  2200 00002  2500 00019  
HPD02834800HPCPHI19590800030062000 00078  2100 00002  2200 00002  2300 00001  2400 00001  2500 00084  
HPD02834800HPCPHI19590800050041600 00030  1700 00001  1800 00001  2500 00032  
HPD02834800HPCPHI19590800060031800 99999a 2000 00027A 2500 00027  
HPD02834800HPCPHI19590800090090300 00005  0400 00002  0500 00002  0600 00002  0900 00005  1000 00002  1100 00007  1200 00001  2500 00026  
HPD02834800HPCPHI19590800130031700 00064  1800 00003  2500 00067  
HPD02834800HPCPHI19590800140031900 00003  2000 00002  2500 00005  
HPD02834800HPCPHI19590800150031500 00005  1600 00002  2500 00007  
HPD02834800HPCPHI19590800160031800 00083  1900 00027  2500 00110  
HPD02834800HPCPHI19590800170061500 00072  1600 00050  1700 00013  1800 00005  1900 00002  2500 00142  
HPD02834800HPCPHI19590800180020600 00003  2500 00003  
HPD02834800HPCPHI19590800220041700 00002  1800 00006  1900 00001  2500 00009  
HPD02834800HPCPHI19590800240051600 00003  1700 00003  1800 00002  1900 00002  2500 00010  
HPD02834800HPCPHI19590900010020100 00000g 2500 00000  
HPD02834800HPCPHI19590900150031400 00004  1500 00001  2500 00005  
HPD02834800HPCPHI19591000010060100 00000g 1400 00003  1500 00006  1600 00015  1700 00001  2500 00025  
HPD02834800HPCPHI19591000020100200 00005  0300 00005  0400 00005  0500 00005  0600 00001  0700 00001  1100 00001  1200 00001  1300 00001  2500 00025  
HPD02834800HPCPHI19591000290140800 00001  0900 00001  1300 00001  1400 00005  1500 00002  1700 00006  1800 00001  1900 00003  2000 00010  2100 00003  2200 00050  2300 00057  2400 00038  2500 00178  
HPD02834800HPCPHI19591000300170100 00029  0200 00023  0300 00023  0400 00028  0500 00029  0600 00025  0700 00020  0800 00002  0900 00012  1000 00013  1100 00010  1200 00005  1300 00008  1400 00004  1500 00002  1600 00001  2500 00234  
HPD02834800HPCPHI19591100010020100 00000g 2500 00000  
HPD02834800HPCPHI19591100020100300 00002  0400 00009  0500 00001  0600 00002  0700 00002  1300 00001  1400 00001  2200 00002  2300 00006  2500 00026  
HPD02834800HPCPHI19591100140061600 00001  1700 00001  1800 00005  1900 00002  2000 00001  2500 00010  
HPD02834800HPCPHI19591200010020100 00000g 2500 00000  
HPD02834800HPCPHI19591200090080100 00005  0200 00005  0300 00010  0400 00033  0500 00012  0600 00007  0700 00003  2500 00075  
HPD02834800HPCPHI19591200100130100 00003  0200 00001  0300 00001  0500 00006  0600 00003  0800 00002  0900 00001  1000 00001  1300 00023  1400 00005  1600 00010  1700 00005  2500 00061  
HPD02834800HPCPHI19591200130032000 99999a 2400 00058A 2500 00058  
HPD02834800HPCPHI19591200240121100 00001  1200 00004  1300 00003  1400 00002  1500 00015  1600 00013  1700 00017  1800 00015  1900 00028  2000 00019  2100 00001  2500 00118  
HPD02834800HPCPHI19591200250230100 00001  0200 00001  0400 00008  0500 00007  0600 00015  0700 00003  0800 00007  0900 00007  1000 00010  1100 00012  1200 00007  1300 00023  1400 00005  1500 00005  1600 00002  1700 00004  1800 00004  1900 00001  2100 00001  2200 00053  2300 00008  2400 00002  2500 00186  
HPD02834800HPCPHI19591200310081100 00002  1200 00007  1300 00003  1400 00005  1500 00013  1600 00002  1700 00002  2500 00034  
HPD02834800HPCPHI19600100010040100 00000g 0300 99999a 0800 00020A 2500 00020  
HPD02834800HPCPHI19600100100061900 00001  2000 00001  2200 00001  2300 00002  2400 00007  2500 00012  
HPD02834800HPCPHI19600100110220100 00009  0200 00001  0500 00004  0600 00001  0800 00004  0900 00001  1000 00005  1100 00015  1200 00007  1300 00008  1400 00002  1500 00006  1600 00006  1700 00001  1800 00010  1900 00019  2000 00001  2100 00008  2200 00015  2300 00007  2400 00001  2500 00131  
HPD02834800HPCPHI19600100120050100 00011  0200 00003  0300 00005  2400 00002  2500 00021  
HPD02834800HPCPHI19600100130210100 00004  0200 00012  0300 00007  0400 00004  0500 00002  0600 00009  0700 00011  0800 00007  0900 00003  1000 00007  1100 00011  1200 00001  1300 00001  1400 00004  1500 00006  1600 00005  1700 00005  1800 00004  1900 00003  2200 00003  2500 00109  
HPD02834800HPCPHI19600100160030300 99999[ 1600 99999] 2500 00000I 
HPD02834800HPCPHI19600200010020100 00000g 2500 00000  
HPD02834800HPCPHI19600200020040500 00003  0600 00012  0700 00018  2500 00033  
HPD02834800HPCPHI19600200100091600 00001  1700 00013  1800 00002  2000 00003  2100 00001  2200 00001  2300 00002  2400 00001  2500 00024  
HPD02834800HPCPHI19600200110090100 00001  0200 00005  0300 00004  0400 00001  0500 00003  0600 00002  0700 00002  0800 00003  2500 00021  
HPD02834800HPCPHI19600200190031000 00002  1100 00003  2500 00005  
HPD02834800HPCPHI19600300010080100 00002  0900 00001  1000 00001  1100 00003  1200 00010  1300 00015  1400 00005  2500 00037  
HPD02834800HPCPHI19600400010020100 00000g 2500 00000  
HPD02834800HPCPHI19600400230021100 00002  2500 00002  
HPD02834800HPCPHI19600500010020100 00000g 2500 00000  
HPD02834800HPCPHI19600500040042200 00002  2300 00037  2400 00013  2500 00052  
HPD02834800HPCPHI19600500050030100 00007  0200 00001  2500 00008  
HPD02834800HPCPHI19600600010020100 00000g 2500 00000  
HPD02834800HPCPHI19600700010020100 00000g 2500 00000  
HPD02834800HPCPHI19600700160031900 00002  2000 00003  2500 00005  
HPD02834800HPCPHI19600700170021700 00015  2500 00015  
HPD02834800HPCPHI19600700220022300 00049  2500 00049  
HPD02834800HPCPHI19600700230040100 00003  0200 00001  0300 00001  2500 00005  
HPD02834800HPCPHI19600700300030100 00001  0200 00001  2500 00002  
HPD02834800HPCPHI19600800010020100 00000g 2500 00000  
HPD02834800HPCPHI19600800060032300 00003  2400 00003  2500 00006  
HPD02834800HPCPHI19600800070031700 00029  1800 00001  2500 00030  
HPD02834800HPCPHI19600800080041700 00001  1800 00022  1900 00002  2500 00025  
HPD02834800HPCPHI19600800090061700 00001  1800 00006  1900 00018  2000 00006  2100 00001  2500 00032  
HPD02834800HPCPHI19600800140040100 00010  0200 00002  0300 00001  2500 00013  
HPD02834800HPCPHI19600800150021700 00007  2500 00007  
HPD02834800HPCPHI19600800220060100 00005  0200 00016  0300 00011  0400 00003  0500 00005  2500 00040  
HPD02834800HPCPHI19600800310031700 00002  1800 00016  2500 00018  
HPD02834800HPCPHI19600900010030100 00000g 1900 00003  2500 00003  
HPD02834800HPCPHI19600900020021600 00005  2500 00005  
HPD02834800HPCPHI19601000010020100 00000g 2500 00000  
HPD02834800HPCPHI19601000020091300 00002  1600 00003  1700 00005  1800 00002  1900 00013  2100 00002  2200 00002  2300 00001  2500 00030  
HPD02834800HPCPHI19601000080091300 00002  1600 00003  1700 00005  1800 00002  1900 00013  2100 00002  2200 00002  2300 00001  2500 00030  
HPD02834800HPCPHI19601000140091500 00047  1600 00020  1700 00006  2000 00009  2100 00004  2200 00001  2300 00001  2400 00002  2500 00090  
HPD02834800HPCPHI19601000150070200 00011  0300 00012  0400 00011  0500 00003  0700 00001  0800 00004  2500 00042  
HPD02834800HPCPHI19601000170120600 00002  0700 00012  0800 00002  0900 00002  1000 00002  1100 00001  2000 00001  2100 00002  2200 00001  2300 00001  2400 00004  2500 00030  
HPD02834800HPCPHI19601000180050100 00001  0500 00002  0600 00002  0800 00001  2500 00006  
HPD02834800HPCPHI19601100010020100 00000g 2500 00000  
HPD02834800HPCPHI19601100060042100 00001  2200 00009  2300 00030  2500 00040  
HPD02834800HPCPHI19601100070050200 00001  0300 00001  0400 00001  0500 00002  2500 00005  
HPD02834800HPCPHI19601100270030300 00004  0400 00001  2500 00005  
HPD02834800HPCPHI19601200010020100 00000g 2500 00000  
HPD02834800HPCPHI19601200030121000 00001  1100 00001  1200 00008  1300 00001  1600 00001  1700 00001  1900 00004  2000 00007  2100 00001  2200 00002  2300 00001  2500 00028  
HPD02834800HPCPHI19601200290020200 00001  2500 00001  
HPD02834800HPCPHI19601200300060100 00001  0400 00001  0500 00004  0600 99999a 0800 00010A 2500 00016  
HPD02834800HPCPHI19610100010020100 00000g 2500 00000  
HPD02834800HPCPHI19610100240090300 00001  0400 00001  0500 00001  0600 00001  0700 00001  0800 00001  0900 00003  1000 00001  2500 00010  
HPD02834800HPCPHI19610100260052100 00007  2200 00011  2300 00012  2400 00010  2500 00040  
HPD02834800HPCPHI19610100270060100 00007  0200 00001  0300 00001  0400 00002  0500 00001  2500 00012  
HPD02834800HPCPHI19610100280021600 00007  2500 00007  
HPD02834800HPCPHI19610200010020100 00000g 2500 00000  
HPD02834800HPCPHI19610200170050200 00007  0300 00008  0400 00003  0500 00002  2500 00020  
HPD02834800HPCPHI19610300010020100 00000g 2500 00000  
HPD02834800HPCPHI19610300040101500 00004  1600 00001  1700 00002  1800 00003  1900 00002  2000 00003  2100 00005  2200 00004  2400 00006  2500 00030  
HPD02834800HPCPHI19610300050050100 00020  0200 00015  0700 00006  0800 00002  2500 00043  
HPD02834800HPCPHI19610300150032300 00002  2400 00003  2500 00005  
HPD02834800HPCPHI19610300160040100 00005  0200 00001  0300 00001  2500 00007  
HPD02834800HPCPHI19610300250031900 00001  2000 00005  2500 00006  
HPD02834800HPCPHI19610300260040100 00001  0200 00003  0300 00001  2500 00005  
HPD02834800HPCPHI19610300280052100 00002  2200 00008  2300 00001  2400 00004  2500 00015  
HPD02834800HPCPHI19610300290110100 00001  0200 00004  0300 00001  0400 00002  1100 00001  1300 00003  1500 00007  1600 00014  1700 00001  2300 00005  2500 00039  
HPD02834800HPCPHI19610400010020100 00000g 2500 00000  
HPD02834800HPCPHI19610400070031800 99999a 2100 00004A 2500 00004  
HPD02834800HPCPHI19610500010020100 00000g 2500 00000  
HPD02834800HPCPHI19610600010020100 00000g 2500 00000  
HPD02834800HPCPHI19610700010020100 00000g 2500 00000  
HPD02834800HPCPHI19610700020032100 00004  2200 00002  2500 00006  
HPD02834800HPCPHI19610700030050100 00001  0200 00001  1600 00005  1700 00005  2500 00012  
HPD02834800HPCPHI19610700170030100 00005  0200 00001  2500 00006  
HPD02834800HPCPHI19610700220031800 00012  1900 00002  2500 00014  
HPD02834800HPCPHI19610700280041900 00007  2000 00011  2100 00005  2500 00023  
HPD02834800HPCPHI19610800010020100 00000g 2500 00000  
HPD02834800HPCPHI19610800020022100 00010  2500 00010  
HPD02834800HPCPHI19610800060031500 00008  1600 00002  2500 00010  
HPD02834800HPCPHI19610800100040500 00003  0700 00002  0800 00001  2500 00006  
HPD02834800HPCPHI19610800140052100 00006  2200 00001  2300 00002  2400 00006  2500 00015  
HPD02834800HPCPHI19610800150120100 00011  0200 00002  0300 00005  0400 00004  0500 00001  0600 00005  0700 00004  0800 00016  0900 00005  1300 00048  1400 00002  2500 00103  
HPD02834800HPCPHI19610800170031700 00003  1800 00002  2500 00005  
HPD02834800HPCPHI19610800180031900 00007  2000 00002  2500 00009  
HPD02834800HPCPHI19610800220052000 00002  2100 00005  2300 00001  2400 00001  2500 00009  
HPD02834800HPCPHI19610800280032200 00002  2400 00001  2500 00003  
HPD02834800HPCPHI19610800290050100 00001  0200 00001  1500 00003  1600 00002  2500 00007  
HPD02834800HPCPHI19610800300061700 00001  1900 00001  2000 00036  2100 00077  2200 00005  2500 00120  
HPD02834800HPCPHI19610900010020100 00000g 2500 00000  
HPD02834800HPCPHI19610900070042200 00006  2300 00004  2400 00004  2500 00014  
HPD02834800HPCPHI19610900080040300 00015  1800 00001  1900 00005  2500 00021  
HPD02834800HPCPHI19610900090022400 00002  2500 00002  
HPD02834800HPCPHI19610900100020200 00001  2500 00001  
HPD02834800HPCPHI19610900140031500 99999a 1800 00005A 2500 00005  
HPD02834800HPCPHI19610900160031900 00008  2000 00002  2500 00010  
HPD02834800HPCPHI19611000010020100 00000g 2500 00000  
HPD02834800HPCPHI19611000080031000 00011  1100 00002  2500 00013  
HPD02834800HPCPHI19611000280051900 00001  2000 00001  2200 00002  2300 00001  2500 00005  
HPD02834800HPCPHI19611000300110900 00002  1000 00005  1100 00003  1200 00003  1300 00001  1400 00001  1500 00002  1600 00001  1700 00004  1800 00002  2500 00024  
HPD02834800HPCPHI19611100010020100 00000g 2500 00000  
HPD02834800HPCPHI19611100130031700 00006  1800 00001  2500 00007  
HPD02834800HPCPHI19611100210040900 00001  1100 00017  1200 00002  2500 00020  
HPD02834800HPCPHI19611200010020100 00000g 2500 00000  
HPD02834800HPCPHI19611200030051500 00020  2000 00001  2100 00007  2200 00001  2500 00029  
HPD02834800HPCPHI19611200080062000 00012  2100 00023  2200 00015  2300 00004  2400 00001  2500 00055  
HPD02834800HPCPHI19611200090070600 00005  2000 00001  2100 00002  2200 00002  2300 00006  2400 00004  2500 00020  
HPD02834800HPCPHI19611200100050400 00003  2200 00003  2300 00007  2400 00004  2500 00017  
HPD02834800HPCPHI19611200110090100 00015  0200 00013  0300 00001  0500 00004  0600 00011  0700 00012  0800 00007  0900 00003  2500 00066  
HPD02834800HPCPHI19611200150250100 00003  0200 00003  0300 00002  0400 00005  0500 00003  0600 00002  0700 00003  0800 00004  0900 00005  1000 00011  1100 00005  1200 00005  1300 00006  1400 00001  1500 00002  1600 00003  1700 00005  1800 00009  1900 00006  2000 00001  2100 00004  2200 00002  2300 00007  2400 00005  2500 00102  
HPD02834800HPCPHI19611200160140100 00001  0200 00002  0300 00007  0400 00018  0500 00011  0600 00010  0700 00010  1300 00001  1400 00002  1500 00001  1600 00001  2300 00007  2400 00001  2500 00072  
HPD02834800HPCPHI19611200170030100 00001  0200 00001  2500 00002  
HPD02834800HPCPHI19620100010020100 00000g 2500 00000  
HPD02834800HPCPHI19620100130071500 00001  1600 00002  1700 00002  1800 00004  1900 00001  2300 00003  2500 00013  
HPD02834800HPCPHI19620100140030300 00001  0400 00001  2500 00002  
HPD02834800HPCPHI19620100210180600 00001  0700 00002  0800 00006  0900 00002  1200 00010  1300 00018  1400 00002  1500 00003  1600 00008  1700 00005  1800 00003  1900 00007  2000 00005  2100 00014  2200 00016  2300 00004  2400 00017  2500 00123  
HPD02834800HPCPHI19620100220090100 00020  0200 00018  0300 00018  0400 00003  0500 00007  0600 00005  0700 00004  0800 00001  2500 00076  
HPD02834800HPCPHI19620100230070300 00001  0500 00006  0600 00004  0700 00006  0800 00002  0900 00001  2500 00020  
HPD02834800HPCPHI19620100240081300 00003  1800 00003  1900 00016  2000 00010  2100 00002  2200 00003  2300 00001  2500 00038  
HPD02834800HPCPHI19620200010020100 00000g 2500 00000  
HPD02834800HPCPHI19620200080031700 00001  1800 00002  2500 00003  
HPD02834800HPCPHI19620200120060100 99999[ 1300 99999] 1700 00002  2000 00001  2100 00001  2500 00004I 
HPD02834800HPCPHI19620200190042200 00001  2300 00004  2400 00001  2500 00006  
HPD02834800HPCPHI19620200200070100 00006  0200 00004  1300 00002  1700 00001  1800 00002  2200 00002  2500 00017  
HPD02834800HPCPHI19620200210061600 00002  1700 00001  2000 00003  2100 00005  2200 00002  2500 00013  
HPD02834800HPCPHI19620200220031200 00002  1300 00002  2500 00004  
HPD02834800HPCPHI19620200250070600 00004  0700 00004  0800 00005  0900 00013  1000 00007  1100 00005  2500 00038  
HPD02834800HPCPHI19620200260041300 00001  1400 00001  2300 99999a 2500 00002I 
HPD02834800HPCPHI19620200270020900 00053A 2500 00053P 
HPD02834800HPCPHI19620300010020100 00000g 2500 00000  
HPD02834800HPCPHI19620300070050200 00004  0300 00001  1800 00005  1900 00005  2500 00015  
HPD02834800HPCPHI19620300100030300 99999a 0700 00048A 2500 00048  
HPD02834800HPCPHI19620300190071900 00002  2000 00018  2100 00007  2200 00012  2300 00018  2400 00005  2500 00062  
HPD02834800HPCPHI19620300200150100 00005  0200 00001  0300 00004  0500 00002  0600 00002  0700 00016  0800 00005  0900 00001  1000 00001  1100 00003  1200 00004  1300 00001  1500 00003  1600 00003  2500 00051  
HPD02834800HPCPHI19620300210080400 00003  0500 00004  0800 00008  1200 00002  1600 00020  1700 00002  1800 00002  2500 00041  
HPD02834800HPCPHI19620400010020100 00000g 2500 00000  
HPD02834800HPCPHI19620400260060600 00001  1400 00001  1500 00001  1800 00001  2000 00001  2500 00005  
HPD02834800HPCPHI19620500010020100 00000g 2500 00000  
HPD02834800HPCPHI19620600010020100 00000g 2500 00000  
HPD02834800HPCPHI19620700010020100 00000g 2500 00000  
HPD02834800HPCPHI19620700040040800 00008  0900 00022  1000 00001  2500 00031  
HPD02834800HPCPHI19620700200042100 00001  2200 00002  2300 00002  2500 00005  
HPD02834800HPCPHI19620700260021900 00015  2500 00015  
HPD02834800HPCPHI19620700270022200 00002  2500 00002  
HPD02834800HPCPHI19620800010020100 00000g 2500 00000  
HPD02834800HPCPHI19620800140031900 00001  2200 00001  2500 00002  
HPD02834800HPCPHI19620800150022300 00001  2500 00001  
HPD02834800HPCPHI19620800160020100 00002  2500 00002  
HPD02834800HPCPHI19620800180031600 00012  1700 00010  2500 00022  
HPD02834800HPCPHI19620800220050200 00001  0300 00014  0700 00002  0800 00004  2500 00021  
HPD02834800HPCPHI19620900010020100 00000g 2500 00000  
HPD02834800HPCPHI19620900080021600 00014  2500 00014  
HPD02834800HPCPHI19620900130041400 00012  1500 00002  1600 00001  2500 00015  
HPD02834800HPCPHI19620900190021800 00003  2500 00003  
HPD02834800HPCPHI19620900200040100 00001  0200 00001  0300 00003  2500 00005  
HPD02834800HPCPHI19620900210030200 00006  0300 00001  2500 00007  
HPD02834800HPCPHI19620900220051100 00001  1200 00002  1300 00002  1400 00003  2500 00008  
HPD02834800HPCPHI19620900230030400 00001  0500 00003  2500 00004  
HPD02834800HPCPHI19620900240040300 00018  0400 00010  1300 00020  2500 00048  
HPD02834800HPCPHI19620900250030300 00001  0400 00001  2500 00002  
HPD02834800HPCPHI19620900260041700 00001  1800 00004  1900 00002  2500 00007  
HPD02834800HPCPHI19621000010020100 00000g 2500 00000  
HPD02834800HPCPHI19621000160051900 00001  2000 00002  2100 00007  2200 00005  2500 00015  
HPD02834800HPCPHI19621000170031100 00002  1200 00013  2500 00015  
HPD02834800HPCPHI19621000180060400 00006  0500 00002  0600 00001  0700 00001  1000 00001  2500 00011  
HPD02834800HPCPHI19621000190080400 00001  0500 00002  0600 00001  0700 00001  1500 00032  1600 00002  1800 00001  2500 00040  
HPD02834800HPCPHI19621100010020100 00000g 2500 00000  
HPD02834800HPCPHI19621100140021200 99999[ 2500 00000I 
HPD02834800HPCPHI19621100150020800 99999] 2500 00000I 
HPD02834800HPCPHI19621100300041500 00002  1600 00001  1700 00001  2500 00004  
HPD02834800HPCPHI19621200010020100 00000g 2500 00000  
HPD02834800HPCPHI19621200170071800 00002  1900 00001  2000 00003  2100 00001  2200 00001  2300 00001  2500 00009  
HPD02834800HPCPHI19621200180160300 00004  0400 00015  0500 00004  0600 00001  0900 00001  1000 00001  1600 00002  1700 00011  1800 00001  1900 00003  2000 00003  2100 00004  2200 00001  2300 00002  2400 00001  2500 00054  
HPD02834800HPCPHI19621200190020100 00001  2500 00001  
HPD02834800HPCPHI19621200240061400 00009  1500 00014  1600 00002  2300 00002  2400 00002  2500 00029  
HPD02834800HPCPHI19621200250040200 00003  0300 00005  0400 00001  2500 00009  
HPD02834800HPCPHI19621200270071900 00001  2000 00013  2100 00015  2200 00011  2300 00015  2400 00003  2500 00058  
HPD02834800HPCPHI19621200280030200 00001  0300 00001  2500 00002  
HPD02834800HPCPHI19630100010020100 00000g 2500 00000  
HPD02834800HPCPHI19630100030170100 00002  0200 00001  0300 00002  0400 00016  0500 00017  0600 00006  0700 00006  0800 00009  0900 00001  1200 00001  1300 00001  1400 00008  1500 00006  1600 00009  1700 00003  1800 00001  2500 00089  
HPD02834800HPCPHI19630100100101600 00006  1700 00001  1800 00007  1900 00001  2000 00004  2100 00009  2200 00004  2300 00015  2400 00026  2500 00073  
HPD02834800HPCPHI19630100110040100 00027  0200 00005  0300 00003  2500 00035  
HPD02834800HPCPHI19630200010020100 00000g 2500 00000  
HPD02834800HPCPHI19630200100240100 00009  0200 00011  0300 00017  0400 00018  0500 00005  0600 00004  0700 00001  0800 00005  0900 00038  1000 00026  1100 00014  1200 00011  1300 00011  1500 00002  1600 00001  1700 00009  1800 00010  1900 00011  2000 00001  2100 00001  2200 00005  2300 00006  2400 00003  2500 00219  
HPD02834800HPCPHI19630200110230100 00004  0200 00008  0300 00011  0400 00003  0500 00003  0600 00007  0700 00005  0800 00010  0900 00008  1000 00005  1100 00001  1200 00002  1300 00012  1400 00016  1500 00010  1600 00006  1700 00002  1800 00003  2000 00031  2100 00003  2300 00021  2400 00008  2500 00179  
HPD02834800HPCPHI19630200120050100 00006  0200 00002  0300 00001  0400 00001  2500 00010  
HPD02834800HPCPHI19630300010020100 00000g 2500 00000  
HPD02834800HPCPHI19630300170111500 00003  1600 00013  1700 00019  1800 00016  1900 00018  2000 00006  2100 00008  2200 00006  2300 00006  2400 00006  2500 00101  
HPD02834800HPCPHI19630300180060100 00012  0200 00007  0300 00001  0400 00001  0500 00001  2500 00022  
HPD02834800HPCPHI19630400010020100 00000g 2500 00000  
HPD02834800HPCPHI19630400250091300 00003  1400 00007  1500 00013  1600 00008  1700 00010  1800 00017  1900 00018  2000 00002  2500 00078  
HPD02834800HPCPHI19630500010020100 00000g 2500 00000  
HPD02834800HPCPHI19630600010020100 00000g 2500 00000  
HPD02834800HPCPHI19630700010020100 00000g 2500 00000  
HPD02834800HPCPHI19630700020031400 00004  1500 00005  2500 00009  
HPD02834800HPCPHI19630800010050100 00000g 0300 00027  0400 00003  0500 00001  2500 00031  
HPD02834800HPCPHI19630800050042200 00072  2300 00001  2400 00001  2500 00074  
HPD02834800HPCPHI19630800060081500 00001  1700 00001  1800 00002  1900 00002  2000 00016  2200 00005  2300 00002  2500 00029  
HPD02834800HPCPHI19630800070022100 00006  2500 00006  
HPD02834800HPCPHI19630800130031800 00002  2100 00004  2500 00006  
HPD02834800HPCPHI19630800140042000 00002  2100 00002  2300 00001  2500 00005  
HPD02834800HPCPHI19630800150031600 00100  1700 00002  2500 00102  
HPD02834800HPCPHI19630800160042000 00018  2100 00042  2200 00008  2500 00068  
HPD02834800HPCPHI19630800170041200 00025  1300 00060  1400 00004  2500 00089  
HPD02834800HPCPHI19630800190031400 00029  1500 00141  2500 00170  
HPD02834800HPCPHI19630800210040900 00002  1000 00005  1100 00008  2500 00015  
HPD02834800HPCPHI19630800220030900 00020  1000 00001  2500 00021  
HPD02834800HPCPHI19630800230040800 00027  1000 00004  1100 00001  2500 00032  
HPD02834800HPCPHI19630800250042100 00178  2200 00110  2300 00001  2500 00289  
HPD02834800HPCPHI19630800280021900 00016  2500 00016  
HPD02834800HPCPHI19630800300040100 00003  0200 00084  0300 00033  2500 00120  
HPD02834800HPCPHI19630800310031500 00012  1600 00003  2500 00015  
HPD02834800HPCPHI19630900010020100 00000g 2500 00000  
HPD02834800HPCPHI19630900040031700 00002  1800 00001  2500 00003  
HPD02834800HPCPHI19630900050041500 00007  1600 00012  1700 00001  2500 00020  
HPD02834800HPCPHI19630900130031800 00064  1900 00005  2500 00069  
HPD02834800HPCPHI19631000010020100 00000g 2500 00000  
HPD02834800HPCPHI19631000160021900 00003  2500 00003  
HPD02834800HPCPHI19631000180022400 00002  2500 00002  
HPD02834800HPCPHI19631000190070100 00003  0300 00020  0400 00011  0500 00003  0700 00016  0800 00003  2500 00056  
HPD02834800HPCPHI19631100010020100 00000g 2500 00000  
HPD02834800HPCPHI19631100020110300 00005  0600 00002  0700 00003  0800 00002  0900 00002  1000 00005  1100 00003  1400 00007  1500 00017  1600 00001  2500 00047  
HPD02834800HPCPHI19631100070090600 00004  0700 00016  0800 00023  0900 00004  1000 00001  1100 00001  1500 00001  1600 00002  2500 00052  
HPD02834800HPCPHI19631100160031100 00006  1200 00001  2500 00007  
HPD02834800HPCPHI19631100210190200 00008  0300 00016  0400 00009  0500 00009  0600 00008  0700 00009  0800 00001  0900 00001  1000 00001  1100 00001  1200 00001  1300 00011  1400 00015  1500 00005  1600 00010  1700 00003  1800 00001  1900 00005  2500 00114  
HPD02834800HPCPHI19631100220030400 00001  0500 00005  2500 00006  
HPD02834800HPCPHI19631200010020100 00000g 2500 00000  
HPD02834800HPCPHI19631200100060300 00011  0400 00016  0500 00002  0600 00001  0800 00002  2500 00032  
HPD02834800HPCPHI19640100010020100 00000g 2500 00000  
HPD02834800HPCPHI19640100220130800 00006  0900 00006  1000 00004  1100 00004  1200 00003  1300 00001  1400 00006  1600 00001  1700 00002  1900 00005  2000 00007  2300 00001  2500 00046  
HPD02834800HPCPHI19640100230040200 00001  0300 00004  0400 00004  2500 00009  
HPD02834800HPCPHI19640100280030900 00002  1000 00001  2500 00003  
HPD02834800HPCPHI19640200010020100 00000g 2500 00000  
HPD02834800HPCPHI19640300010020100 00000g 2500 00000  
HPD02834800HPCPHI19640300020022000 00006  2500 00006  
HPD02834800HPCPHI19640300030140900 00001  1000 00001  1100 00002  1200 00001  1300 00004  1400 00005  1500 00010  1600 00009  1700 00009  1800 00008  1900 00002  2000 00001  2200 00001  2500 00054  
HPD02834800HPCPHI19640300070052000 00001  2100 00001  2200 00001  2300 00002  2500 00005  
HPD02834800HPCPHI19640300220041100 00002  1200 00007  1300 00001  2500 00010  
HPD02834800HPCPHI19640300230031600 00001  1700 00001  2500 00002  
HPD02834800HPCPHI19640300240160300 00002  0400 00001  0500 00003  0600 00006  0700 00002  0800 00025  0900 00010  1000 00010  1100 00010  1200 00018  1300 00008  1400 00003  1500 00005  1600 00001  1700 00001  2500 00105  
HPD02834800HPCPHI19640400010020100 00000g 2500 00000  
HPD02834800HPCPHI19640400030030200 00004  0300 00002  2500 00006  
HPD02834800HPCPHI19640400280031700 00011  1800 00001  2500 00012  
HPD02834800HPCPHI19640500010020100 00000g 2500 00000  
HPD02834800HPCPHI19640600010020100 00000g 2500 00000  
HPD02834800HPCPHI19640700010020100 00000g 2500 00000  
HPD02834800HPCPHI19640700120021700 00020  2500 00020  
HPD02834800HPCPHI19640700130021800 00005  2500 00005  
HPD02834800HPCPHI19640700140022400 00008  2500 00008  
HPD02834800HPCPHI19640700150040100 00005  0200 00004  0300 00001  2500 00010  
HPD02834800HPCPHI19640700240031600 00005  1700 00015  2500 00020  
HPD02834800HPCPHI19640700260041300 00022  1400 00005  1500 00003  2500 00030  
HPD02834800HPCPHI19640700290030600 00005  0700 00001  2500 00006  
HPD02834800HPCPHI19640700300052000 00021  2100 00002  2200 00001  2300 00001  2500 00025  
HPD02834800HPCPHI19640700310041400 00002  1500 00008  1600 00001  2500 00011  
HPD02834800HPCPHI19640800010020100 00000g 2500 00000  
HPD02834800HPCPHI19640800020080100 00002  0200 00001  0300 00001  1000 00010  1100 00003  1600 00003  1700 00001  2500 00021  
HPD02834800HPCPHI19640800080031900 99999a 2400 00032A 2500 00032  
HPD02834800HPCPHI19640800120130300 00043  0400 00002  0500 00002  0700 00001  0800 00001  0900 00005  1000 00006  1100 00005  1200 00004  1300 00005  1400 00002  1500 00001  2500 00077  
HPD02834800HPCPHI19640800170031900 00018  2000 00001  2500 00019  
HPD02834800HPCPHI19640800200022200 00004  2500 00004  
HPD02834800HPCPHI19640800260052100 00003  2200 00007  2300 00009  2400 00021  2500 00040  
HPD02834800HPCPHI19640800270030100 00004  0200 00001  2500 00005  
HPD02834800HPCPHI19640900010020100 00000g 2500 00000  
HPD02834800HPCPHI19640900090080100 00005  0300 00001  0600 00004  0700 00003  0800 00002  0900 00004  1000 00001  2500 00020  
HPD02834800HPCPHI19640900120031800 00002  1900 00001  2500 00003  
HPD02834800HPCPHI19640900130022400 00002  2500 00002  
HPD02834800HPCPHI19640900140050100 00010  0200 00007  0300 00001  2400 00002  2500 00020  
HPD02834800HPCPHI19640900150030100 00056  0200 00001  2500 00057  
HPD02834800HPCPHI19640900180022100 00005  2500 00005  
HPD02834800HPCPHI19640900190040600 00010  0700 00002  1500 00004  2500 00016  
HPD02834800HPCPHI19640900210031900 00011  2000 00006  2500 00017  
HPD02834800HPCPHI19640900220031500 00004  1600 00001  2500 00005  
HPD02834800HPCPHI19640900260040800 00003  0900 00001  1000 00001  2500 00005  
HPD02834800HPCPHI19641000010020100 00000g 2500 00000  
HPD02834800HPCPHI19641000160051100 00005  1200 00005  1800 00085  2100 00001  2500 00096  
HPD02834800HPCPHI19641000170060100 00007  0200 00001  0300 00001  0600 00040  0700 00008  2500 00057  
HPD02834800HPCPHI19641100010020100 00000g 2500 00000  
HPD02834800HPCPHI19641100150021100 99999a 2500 00000I 
HPD02834800HPCPHI19641100160020800 00092A 2500 00092P 
HPD02834800HPCPHI19641100180121300 00004  1400 00013  1500 00006  1600 00001  1800 00001  1900 00002  2000 00001  2100 00003  2200 00002  2300 00002  2400 00003  2500 00038  
HPD02834800HPCPHI19641100190030100 00001  0200 00001  2500 00002  
HPD02834800HPCPHI19641200010020100 00000g 2500 00000  
HPD02834800HPCPHI19641200180060800 00036  0900 00027  1000 00030  1100 00007  1200 00007  2500 00107  
HPD02834800HPCPHI19641200280080800 00010  0900 00009  1000 00006  1100 00005  1200 00005  1300 00002  1400 00001  2500 00038  
HPD02834800HPCPHI19641200300031800 00004  1900 00001  2500 00005  
HPD02834800HPCPHI19650100010070100 00000g 0200 00004  0300 00005  0400 00003  0500 00003  0600 00002  2500 00017  
HPD02834800HPCPHI19650100060141000 00002  1100 00009  1200 00006  1300 00005  1400 00006  1500 00004  1600 00010  1700 00008  1800 00001  2100 00001  2200 00002  2300 00004  2400 00001  2500 00059  
HPD02834800HPCPHI19650100070180100 00002  0200 00001  0300 00003  0400 00010  0500 00002  1000 00001  1100 00001  1200 00008  1300 00010  1400 00026  1500 00016  1600 00013  1700 00010  1800 00012  1900 00005  2300 00004  2400 00001  2500 00125  
HPD02834800HPCPHI19650100080030100 00002  0200 00001  2500 00003  
HPD02834800HPCPHI19650100200110500 00004  0600 00001  0800 00006  0900 00003  1000 00001  1600 00003  1700 00057  1800 00008  1900 00001  2000 00001  2500 00085  
HPD02834800HPCPHI19650100210021700 00003  2500 00003  
HPD02834800HPCPHI19650200010020100 00000g 2500 00000  
HPD02834800HPCPHI19650200060141200 00001  1300 00009  1400 00015  1500 00034  1600 00031  1700 00014  1800 00006  1900 00005  2000 00002  2100 00004  2200 00007  2300 00009  2400 00008  2500 00145  
HPD02834800HPCPHI19650200070090100 00010  0200 00012  0300 00013  0400 00010  0500 00005  0600 00005  0700 00002  1300 00002  2500 00059  
HPD02834800HPCPHI19650200090031500 99999a 2200 00066A 2500 00066  
HPD02834800HPCPHI19650300010020100 00000g 2500 00000  
HPD02834800HPCPHI19650300100111500 00005  1600 00007  1700 00003  1800 00005  1900 00005  2000 00005  2100 00009  2200 00006  2300 00003  2400 00004  2500 00052  
HPD02834800HPCPHI19650300110120100 00003  0200 00020  0300 00010  0400 00001  0500 00004  0600 00004  0700 00014  0800 00007  0900 00002  1000 00002  1100 00001  2500 00068  
HPD02834800HPCPHI19650300120041300 00001  1400 00004  1500 00005  2500 00010  
HPD02834800HPCPHI19650300150042200 00008  2300 00010  2400 00005  2500 00023  
HPD02834800HPCPHI19650300160110100 00002  0200 00004  0300 00002  0800 00002  0900 00006  1000 00004  1100 00002  1200 00008  1300 00004  1400 00001  2500 00035  
HPD02834800HPCPHI19650400010040100 00000g 1700 00002  1800 00003  2500 00005  
HPD02834800HPCPHI19650400020060600 00011  0700 00008  0800 00003  0900 00001  1000 00001  2500 00024  
HPD02834800HPCPHI19650400030032300 00001  2400 00028  2500 00029  
HPD02834800HPCPHI19650400040080100 00021  0200 00015  0300 00005  0900 00001  1000 00003  1100 00001  1300 00001  2500 00047  
HPD02834800HPCPHI19650400070041000 00006  1100 00003  1200 00001  2500 00010  
HPD02834800HPCPHI19650400090110400 00001  0500 00001  0600 00002  0700 00001  1000 00001  1100 00004  1200 00017  1300 00008  1400 00001  1500 00002  2500 00038  
HPD02834800HPCPHI19650400100060800 00001  0900 00001  1100 00018  1200 00001  1300 00001  2500 00022  
HPD02834800HPCPHI19650500010020100 00000g 2500 00000  
HPD02834800HPCPHI19650500120041600 00003  1700 00003  1800 00001  2500 00007  
HPD02834800HPCPHI19650600010020100 00000g 2500 00000  
HPD02834800HPCPHI19650600080031700 00003  2300 00003  2500 00006  
HPD02834800HPCPHI19650600230021900 00004  2500 00004  
HPD02834800HPCPHI19650700010020100 00000g 2500 00000  
HPD02834800HPCPHI19650700100022400 00003  2500 00003  
HPD02834800HPCPHI19650700110020100 00001  2500 00001  
HPD02834800HPCPHI19650700150051800 00002  1900 00001  2000 00019  2100 00001  2500 00023  
HPD02834800HPCPHI19650700160111000 00002  1200 00001  1300 00001  1400 00001  1600 00001  1700 00009  1800 00014  1900 00001  2000 00004  2200 00001  2500 00035  
HPD02834800HPCPHI19650700230032300 00014  2400 00011  2500 00025  
HPD02834800HPCPHI19650700240030100 00001  0200 00002  2500 00003  
HPD02834800HPCPHI19650700270031400 00009  1500 00016  2500 00025  
HPD02834800HPCPHI19650700280051600 00003  1700 00004  1800 00001  2400 00004  2500 00012  
HPD02834800HPCPHI19650700290030100 00003  0200 00001  2500 00004  
HPD02834800HPCPHI19650800010020100 00000g 2500 00000  
HPD02834800HPCPHI19650800080021900 00017  2500 00017  
HPD02834800HPCPHI19650800110031600 00004  2000 00006  2500 00010  
HPD02834800HPCPHI19650800150041900 00020  2000 00024  2100 00003  2500 00047  
HPD02834800HPCPHI19650800170050100 00001  0400 00004  0500 00005  0600 00002  2500 00012  
HPD02834800HPCPHI19650900010020100 00000g 2500 00000  
HPD02834800HPCPHI19650900020040300 00005  1100 00010  2400 00004  2500 00019  
HPD02834800HPCPHI19650900030030100 00004  0200 00001  2500 00005  
HPD02834800HPCPHI19650900040050400 00003  1700 00001  1800 00001  2000 00002  2500 00007  
HPD02834800HPCPHI19650900050031500 00063  1600 00008  2500 00071  
HPD02834800HPCPHI19650900180021100 00003  2500 00003  
HPD02834800HPCPHI19651000010020100 00000g 2500 00000  
HPD02834800HPCPHI19651000150021800 00003  2500 00003  
HPD02834800HPCPHI19651000160050500 00014  0600 00020  0700 00005  0800 00003  2500 00042  
HPD02834800HPCPHI19651100010020100 00000g 2500 00000  
HPD02834800HPCPHI19651100220141200 00001  1300 00002  1400 00005  1500 00004  1600 00002  1700 00022  1800 00006  1900 00009  2000 00002  2100 00010  2200 00007  2300 00004  2400 00008  2500 00082  
HPD02834800HPCPHI19651100230090100 00003  0200 00001  0300 00005  0400 00010  0500 00001  0600 00001  1300 00002  1600 00001  2500 00024  
HPD02834800HPCPHI19651100240051400 00001  1500 00010  1600 00001  1800 00001  2500 00013  
HPD02834800HPCPHI19651100250160200 00001  0300 00004  0800 00017  0900 00006  1000 00006  1100 00014  1200 00008  1300 00008  1400 00017  1500 00003  1600 00004  1700 00001  2200 00002  2300 00004  2400 00001  2500 00096  
HPD02834800HPCPHI19651200010020100 00000g 2500 00000  
HPD02834800HPCPHI19651200090170200 00011  0500 00004  1000 00001  1100 00001  1200 00001  1400 00002  1500 00009  1600 00002  1700 00011  1800 00033  1900 00043  2000 00010  2100 00037  2200 00027  2300 00003  2400 00027  2500 00222  
HPD02834800HPCPHI19651200100220100 00037  0200 00001  0300 00015  0400 00001  0500 00002  0900 00003  1000 00002  1100 00018  1200 00018  1300 00005  1400 00017  1500 00020  1600 00008  1700 00006  1800 00018  1900 00003  2000 00005  2100 00003  2200 00002  2300 00005  2400 00002  2500 00191  
HPD02834800HPCPHI19651200130050900 00001  1300 00007  1400 00006  1500 00001  2500 00015  
HPD02834800HPCPHI19651200140150100 00003  0300 00001  1000 00008  1100 00004  1200 00007  1300 00016  1400 00019  1500 00003  1600 00004  1800 00001  2000 00001  2100 00007  2200 00004  2300 00004  2500 00082  
HPD02834800HPCPHI19651200150120200 00004  0300 00002  0400 00012  0500 00001  1100 00001  1200 00001  1400 00001  1500 00001  1600 00002  1700 00001  1800 00001  2500 00027  
HPD02834800HPCPHI19651200160061700 00001  1800 00005  1900 00008  2000 00001  2100 00003  2500 00018  
HPD02834800HPCPHI19651200170100100 00007  0200 00009  0900 00002  1000 00001  1200 00004  1300 00001  1400 00002  1500 00005  1600 00001  2500 00032  
HPD02834800HPCPHI19651200220190500 00001  0600 00015  0700 00018  0800 00017  0900 00007  1000 00013  1100 00009  1200 00005  1500 00001  1600 00003  1700 00006  1800 00016  1900 00013  2000 00022  2100 00015  2200 00010  2300 00004  2400 00006  2500 00181  
HPD02834800HPCPHI19651200230190100 00002  0200 00001  0300 00004  0400 00008  0500 00005  0600 00002  0700 00003  1000 00001  1100 00005  1200 00004  1500 00003  1600 00005  1700 00003  1800 00002  1900 00003  2000 00004  2100 00002  2200 00003  2500 00060  
HPD02834800HPCPHI19651200290111400 00001  1500 00003  1600 00016  1700 00003  1800 00005  1900 00010  2000 00003  2200 00002  2300 00003  2400 00008  2500 00054  
HPD02834800HPCPHI19651200300150100 00004  0500 00015  0600 00022  0700 00013  0800 00012  0900 00003  1000 00002  1100 00001  1200 00001  1300 00001  1500 00001  1700 00001  2300 00003  2400 00006  2500 00085  
HPD02834800HPCPHI19660100010020100 00000g 2500 00000  
HPD02834800HPCPHI19660100170052100 00005  2200 00003  2300 00002  2400 00005  2500 00015  
HPD02834800HPCPHI19660100180170100 00007  0200 00024  0300 00009  0400 00025  0500 00010  0600 00001  0700 00006  0800 00002  1100 00001  1200 00001  1400 00001  1500 00002  1600 00002  1700 00001  1800 00002  1900 00005  2500 00099  
HPD02834800HPCPHI19660100190030300 00001  0400 00004  2500 00005  
HPD02834800HPCPHI19660100300071100 00005  2000 00001  2100 00002  2200 00017  2300 00008  2400 00002  2500 00035  
HPD02834800HPCPHI19660100310030100 00009  0200 00001  2500 00010  
HPD02834800HPCPHI19660200010020100 00000g 2500 00000  
HPD02834800HPCPHI19660200020020700 00002  2500 00002  
HPD02834800HPCPHI19660200070131000 00001  1100 00004  1300 00001  1400 00003  1500 00002  1600 00003  1800 00001  1900 00002  2100 00004  2200 00007  2300 00007  2400 00004  2500 00039  
HPD02834800HPCPHI19660200080120100 00011  0200 00007  0300 00013  0900 00002  1000 00001  1300 00001  1500 00004  1900 00001  2000 00001  2100 00001  2300 00001  2500 00043  
HPD02834800HPCPHI19660200090050200 00001  0300 00001  0400 00001  1000 00006  2500 00009  
HPD02834800HPCPHI19660200100031300 99999a 2100 00040A 2500 00040  
HPD02834800HPCPHI19660200260041200 00002  1300 00003  1400 00001  2500 00006  
HPD02834800HPCPHI19660300010030100 00000g 2300 99999a 2500 00000I 
HPD02834800HPCPHI19660300020040800 00010A 1400 99999a 1900 00007A 2500 00017P 
HPD02834800HPCPHI19660300250051000 00001  1100 00001  1300 00001  1500 00001  2500 00004  
HPD02834800HPCPHI19660300260041000 00001  1100 00002  1200 00001  2500 00004  
HPD02834800HPCPHI19660300270031600 00004  1700 00001  2500 00005  
HPD02834800HPCPHI19660400010020100 00000g 2500 00000  
HPD02834800HPCPHI19660500010020100 00000g 2500 00000  
HPD02834800HPCPHI19660600010020100 00000g 2500 00000  
HPD02834800HPCPHI19660600200040900 00001  1000 00001  1100 00001  2500 00003  
HPD02834800HPCPHI19660600270022000 00003  2500 00003  
HPD02834800HPCPHI19660600280022100 00008  2500 00008  
HPD02834800HPCPHI19660700010020100 00000g 2500 00000  
HPD02834800HPCPHI19660700150031500 00001  1600 00001  2500 00002  
HPD02834800HPCPHI19660700160041700 00002  1800 00028  1900 00002  2500 00032  
HPD02834800HPCPHI19660700200022200 00003  2500 00003  
HPD02834800HPCPHI19660700210051500 00001  1700 00001  1800 00017  1900 00001  2500 00020  
HPD02834800HPCPHI19660700270040500 00009  0600 00002  0800 00003  2500 00014  
HPD02834800HPCPHI19660700300041600 00002  1700 00001  1800 00001  2500 00004  
HPD02834800HPCPHI19660800010020100 00000g 2500 00000  
HPD02834800HPCPHI19660800100022100 00009  2500 00009  
HPD02834800HPCPHI19660800180041700 00043  1900 00001  2000 00001  2500 00045  
HPD02834800HPCPHI19660800240021700 00037  2500 00037  
HPD02834800HPCPHI19660800250041600 00063  1700 00001  1800 00001  2500 00065  
HPD02834800HPCPHI19660800310020500 00004  2500 00004  
HPD02834800HPCPHI19660900010020100 00000g 2500 00000  
HPD02834800HPCPHI19660900120080600 00011  0900 00001  1000 00001  1500 00025  1600 00003  2300 00045  2400 00012  2500 00098  
HPD02834800HPCPHI19660900130060700 00057  0900 00036  1000 00055  1100 00003  1200 00001  2500 00152  
HPD02834800HPCPHI19660900140030800 00001  0900 00002  2500 00003  
HPD02834800HPCPHI19660900290021600 00002  2500 00002  
HPD02834800HPCPHI19661000010030100 00000g 2000 00004  2500 00004  
HPD02834800HPCPHI19661000020040800 00007  1100 00001  1200 00001  2500 00009  
HPD02834800HPCPHI19661000030040200 00004  1800 00016  2300 00001  2500 00021  
HPD02834800HPCPHI19661000040150200 00020  0300 00020  0400 00006  0500 00001  0600 00002  0700 00004  0800 00003  0900 00012  1000 00008  1100 00002  1700 00001  1800 00003  2100 00005  2200 00006  2500 00093  
HPD02834800HPCPHI19661100010020100 00000g 2500 00000  
HPD02834800HPCPHI19661100080130300 00001  0400 00003  0500 00005  0600 00003  0700 00003  0800 00006  0900 00002  1000 00017  1100 00028  1200 00007  1300 00005  1400 00001  2500 00081  
HPD02834800HPCPHI19661200010020100 00000g 2500 00000  
HPD02834800HPCPHI19661200070100200 00010  0300 00004  0400 00001  0500 00001  0600 00028  0700 00010  0800 00005  1000 00006  1100 00001  2500 00066  
HPD02834800HPCPHI19661200260091000 00001  1100 00002  1200 00016  1300 00002  1400 00022  1500 00007  1600 00004  1700 00001  2500 00055  
HPD02834800HPCPHI19670100010020100 00000g 2500 00000  
HPD02834800HPCPHI19670100230081200 00007  1300 00012  1400 00023  1500 00016  1600 00017  1700 00001  1800 00002  2500 00078  
HPD02834800HPCPHI19670100250020700 00001  2500 00001  
HPD02834800HPCPHI19670200010020100 00000g 2500 00000  
HPD02834800HPCPHI19670300010020100 00000g 2500 00000  
HPD02834800HPCPHI19670300050060200 00001  0300 00001  0400 00004  0500 00002  0600 00001  2500 00009  
HPD02834800HPCPHI19670300100022200 99999[ 2500 00000I 
HPD02834800HPCPHI19670300110020700 99999] 2500 00000I 
HPD02834800HPCPHI19670300290031300 99999a 2200 00145A 2500 00145  
HPD02834800HPCPHI19670400010020100 00000g 2500 00000  
HPD02834800HPCPHI19670400040042100 00004  2200 00002  2300 00001  2500 00007  
HPD02834800HPCPHI19670400120130100 99999[ 0900 99999] 1300 00001  1400 00001  1500 00002  1600 00011  1800 00001  1900 00001  2100 00004  2200 00001  2300 00001  2400 00001  2500 00024I 
HPD02834800HPCPHI19670400130070100 00002  0200 00002  0300 00003  0400 00001  0500 00004  0600 00001  2500 00013  
HPD02834800HPCPHI19670500010020100 00000g 2500 00000  
HPD02834800HPCPHI19670500240021800 00003  2500 00003  
HPD02834800HPCPHI19670600010020100 00000g 2500 00000  
HPD02834800HPCPHI19670600030021300 00003  2500 00003  
HPD02834800HPCPHI19670600050020600 00005  2500 00005  
HPD02834800HPCPHI19670700010020100 00000g 2500 00000  
HPD02834800HPCPHI19670700070030500 00004  0600 00008  2500 00012  
HPD02834800HPCPHI19670700100032300 00068  2400 00052  2500 00120  
HPD02834800HPCPHI19670700110060100 00020  0200 00006  2200 00006  2300 00004  2400 00001  2500 00037  
HPD02834800HPCPHI19670700140022100 00002  2500 00002  
HPD02834800HPCPHI19670700170100800 00010  1000 00001  1100 00035  1200 00032  1300 00027  1400 00005  1500 00005  1600 00001  1700 00001  2500 00117  
HPD02834800HPCPHI19670700200041600 00001  1700 00020  1800 00021  2500 00042  
HPD02834800HPCPHI19670700210041800 00002  1900 00001  2400 00039  2500 00042  
HPD02834800HPCPHI19670700220030100 00006  0600 00007  2500 00013  
HPD02834800HPCPHI19670800010030100 00000g 0500 00002  2500 00002  
HPD02834800HPCPHI19670800050031400 00003  1500 00002  2500 00005  
HPD02834800HPCPHI19670800100022400 00068  2500 00068  
HPD02834800HPCPHI19670800110070100 00006  0200 00002  0300 00015  0400 00011  0500 00001  0600 00001  2500 00036  
HPD02834800HPCPHI19670800130041600 00125  1700 00003  1900 00002  2500 00130  
HPD02834800HPCPHI19670800180051900 00002  2000 00006  2100 00001  2200 00001  2500 00010  
HPD02834800HPCPHI19670800230031800 00003  1900 00001  2500 00004  
HPD02834800HPCPHI19670900010020100 00000g 2500 00000  
HPD02834800HPCPHI19670900020081300 00010  1500 00001  1900 00003  2000 00001  2100 00001  2200 00003  2300 00001  2500 00020  
HPD02834800HPCPHI19670900030040400 00001  0500 00002  0600 00002  2500 00005  
HPD02834800HPCPHI19670900240061600 00007  1700 00003  2100 00010  2200 00004  2300 00001  2500 00025  
HPD02834800HPCPHI19671000010020100 00000g 2500 00000  
HPD02834800HPCPHI19671000030060900 00002  1000 00015  1100 00005  1200 00007  1300 00008  2500 00037  
HPD02834800HPCPHI19671100010020100 00000g 2500 00000  
HPD02834800HPCPHI19671100210022400 00003  2500 00003  
HPD02834800HPCPHI19671100220080100 00004  0200 00010  0300 00004  0400 00026  0500 00011  0600 00001  2400 00001  2500 00057  
HPD02834800HPCPHI19671100230070300 00004  0400 00001  1200 00001  1300 00003  1400 00002  1500 00001  2500 00012  
HPD02834800HPCPHI19671100260022400 00023  2500 00023  
HPD02834800HPCPHI19671100270070100 00006  0200 00010  0300 00035  0400 00001  0600 00002  0700 00001  2500 00055  
HPD02834800HPCPHI19671100290050100 00020  0200 00019  0300 00001  0400 00001  2500 00041  
HPD02834800HPCPHI19671200010020100 00000g 2500 00000  
HPD02834800HPCPHI19671200120071900 00002  2000 00005  2100 00022  2200 00014  2300 00004  2400 00001  2500 00048  
HPD02834800HPCPHI19671200130170300 00001  0500 00003  0600 00008  0700 00001  0800 00011  0900 00010  1000 00006  1100 00006  1200 00013  1300 00014  1400 00012  1500 00015  1600 00001  2200 00002  2300 00022  2400 00021  2500 00146  
HPD02834800HPCPHI19671200140230100 00025  0200 00018  0300 00010  0400 00010  0500 00008  0600 00005  0700 00008  0800 00003  0900 00010  1000 00007  1100 00001  1200 00005  1300 00001  1400 00002  1500 00001  1800 00005  1900 00004  2000 00003  2100 00037  2200 00010  2300 00037  2400 00029  2500 00239  
HPD02834800HPCPHI19671200150190100 00010  0200 00019  0300 00038  0400 00013  0500 00006  0600 00004  0700 00019  0800 00005  0900 00005  1000 00010  1100 00012  1200 00008  1300 00006  1400 00002  1500 00003  1600 00003  1800 00001  1900 00001  2500 00165  
HPD02834800HPCPHI19671200160120400 00003  0500 00001  0600 00001  0900 00002  1000 00001  1300 00001  2000 00003  2100 00002  2200 00003  2300 00007  2400 00007  2500 00031  
HPD02834800HPCPHI19671200170090100 00006  0200 00007  0300 00003  0400 00003  0500 00007  0600 00009  0700 00003  1000 99999a 2500 00038I 
HPD02834800HPCPHI19671200180140600 00015A 0700 00005  0800 00008  0900 00004  1000 00002  1100 00004  1200 00005  1300 00005  1400 00005  1500 00004  1600 00006  1700 00002  1800 00006  2500 00071P 
HPD02834800HPCPHI19671200190220300 00002  0400 00005  0500 00008  0700 00001  0800 00019  0900 00004  1000 00003  1100 00001  1200 00001  1300 00005  1400 00012  1500 00020  1600 00019  1700 00021  1800 00030  1900 00004  2000 00017  2100 00009  2200 00022  2300 00007  2400 00001  2500 00211  
HPD02834800HPCPHI19671200300030100 99999[ 0500 99999] 2500 00000I 
HPD02834800HPCPHI19680100010020100 00000g 2500 00000  
HPD02834800HPCPHI19680100040030100 00002  0200 00001  2500 00003  
HPD02834800HPCPHI19680100100041600 00002  1700 00002  1800 00001  2500 00005  
HPD02834800HPCPHI19680100260111100 00002  1200 00003  1300 00004  1400 00002  1500 00003  1600 00001  2100 00001  2200 00004  2300 00002  2400 00001  2500 00023  
HPD02834800HPCPHI19680100270120100 00002  0200 00006  0300 00001  0600 00001  0700 00002  0800 00010  1000 00001  1200 00001  1700 00001  1800 00001  1900 00001  2500 00027  
HPD02834800HPCPHI19680100280020800 00005  2500 00005  
HPD02834800HPCPHI19680200010020100 00000g 2500 00000  
HPD02834800HPCPHI19680200090091300 00001  1400 00004  1500 00003  1600 00001  1800 00001  1900 00003  2000 00001  2300 00001  2500 00015  
HPD02834800HPCPHI19680200100070100 00003  0200 00003  0300 00003  0400 00001  0500 00003  0600 00001  2500 00014  
HPD02834800HPCPHI19680200110022300 00003  2500 00003  
HPD02834800HPCPHI19680200120120200 00001  0300 00028  0400 00003  0500 00001  1000 00005  1100 00009  1200 00001  1500 00003  1700 00002  1800 00005  1900 00001  2500 00059  
HPD02834800HPCPHI19680200130081500 00029  1600 00003  1700 00002  1800 00001  1900 00004  2000 00011  2100 00010  2500 00060  
HPD02834800HPCPHI19680200140130100 00003  0200 00001  0300 00001  0400 00004  0600 00001  0700 00001  0900 00003  1000 00002  1100 00001  1200 00002  1300 00001  1400 00001  2500 00021  
HPD02834800HPCPHI19680300010020100 00000g 2500 00000  
HPD02834800HPCPHI19680300020031600 00010  1700 00001  2500 00011  
HPD02834800HPCPHI19680300080061900 00001  2000 00005  2100 00009  2200 00005  2300 00008  2500 00028  
HPD02834800HPCPHI19680300090160200 00001  0300 00001  0600 00012  0700 00013  0800 00001  0900 00009  1100 00001  1200 00036  1300 00021  1400 00017  1500 00015  1600 00019  1700 00005  1800 00005  1900 00001  2500 00157  
HPD02834800HPCPHI19680300100040400 00004  0500 00001  2000 00006  2500 00011  
HPD02834800HPCPHI19680300190041600 00002  1700 00002  1800 00001  2500 00005  
HPD02834800HPCPHI19680400010020100 00000g 2500 00000  
HPD02834800HPCPHI19680400020060900 00002  1000 00001  1200 00001  1500 00001  2400 00007  2500 00012  
HPD02834800HPCPHI19680400030030100 00004  0200 00001  2500 00005  
HPD02834800HPCPHI19680400110051700 00007  1800 00002  2000 00005  2100 00001  2500 00015  
HPD02834800HPCPHI19680400120020900 00003  2500 00003  
HPD02834800HPCPHI19680400180041000 00004  1100 00001  1200 00001  2500 00006  
HPD02834800HPCPHI19680500010020100 00000g 2500 00000  
HPD02834800HPCPHI19680600010020100 00000g 2500 00000  
HPD02834800HPCPHI19680700010020100 00000g 2500 00000  
HPD02834800HPCPHI19680700050041300 00002  1400 00003  1500 00001  2500 00006  
HPD02834800HPCPHI19680700060031600 00003  1700 00001  2500 00004  
HPD02834800HPCPHI19680700190041600 00057  1700 00028  1800 00001  2500 00086  
HPD02834800HPCPHI19680700200021700 00002  2500 00002  
HPD02834800HPCPHI19680700260051500 00002  1600 00015  1800 00014  1900 00001  2500 00032  
HPD02834800HPCPHI19680700270041400 00001  1500 00012  1600 00001  2500 00014  
HPD02834800HPCPHI19680700280031400 00001  1500 00010  2500 00011  
HPD02834800HPCPHI19680700290030700 00001  0800 00002  2500 00003  
HPD02834800HPCPHI19680800010090100 00000g 0400 00007  0500 00017  0600 00001  2100 00026  2200 00001  2300 00001  2400 00001  2500 00054  
HPD02834800HPCPHI19680800020030100 00005  1400 00004  2500 00009  
HPD02834800HPCPHI19680800030061500 00046  1600 00008  1700 00006  1800 00004  1900 00002  2500 00066  
HPD02834800HPCPHI19680800040042200 00004  2300 00002  2400 00002  2500 00008  
HPD02834800HPCPHI19680800050020100 00003  2500 00003  
HPD02834800HPCPHI19680800060052100 00023  2200 00004  2300 00002  2400 00001  2500 00030  
HPD02834800HPCPHI19680800200080300 00001  0400 00068  0500 00023  0600 00003  0800 00003  0900 00002  1000 00001  2500 00101  
HPD02834800HPCPHI19680800210020800 00008  2500 00008  
HPD02834800HPCPHI19680800310021700 00005  2500 00005  
HPD02834800HPCPHI19680900010020100 00000g 2500 00000  
HPD02834800HPCPHI19681000010020100 00000g 2500 00000  
HPD02834800HPCPHI19681000030060300 00001  0400 99999a 0800 00025A 2000 00001  2400 00006  2500 00033  
HPD02834800HPCPHI19681000040020100 00003  2500 00003  
HPD02834800HPCPHI19681100010050100 00000g 0900 00007  1000 00002  1400 00003  2500 00012  
HPD02834800HPCPHI19681100130071600 00002  1900 00005  2100 00016  2200 00014  2300 00028  2400 00019  2500 00084  
HPD02834800HPCPHI19681100140110100 00001  0300 00003  0400 00004  0500 00017  0600 00002  0800 00001  0900 00001  1000 00001  1200 00001  1700 00001  2500 00032  
HPD02834800HPCPHI19681100150150300 00002  0400 00001  0900 00003  1000 00005  1100 00015  1200 00007  1300 00003  1400 00002  1500 00010  1600 00023  1700 00007  1800 00005  1900 00001  2100 00001  2500 00085  
HPD02834800HPCPHI19681200010040100 00000g 0900 00003  1000 99999a 2500 00003I 
HPD02834800HPCPHI19681200020020300 00016A 2500 00016P 
HPD02834800HPCPHI19681200200101400 00002  1500 00008  1600 00002  1700 00002  1800 00001  1900 00004  2000 00022  2100 00014  2200 00015  2500 00070  
HPD02834800HPCPHI19681200260190200 00011  0300 00001  0400 00001  0500 00004  0600 00013  0700 00020  0800 00016  0900 00001  1000 00014  1100 00005  1200 00006  1300 00017  1400 00009  1500 00009  1600 00005  1700 00011  1800 00013  1900 00009  2500 00165  
HPD02834800HPCPHI19690100010020100 00000g 2500 00000  
HPD02834800HPCPHI19690100140170900 00002  1000 00003  1100 00003  1200 00004  1300 00007  1400 00014  1500 00016  1600 00012  1700 00009  1800 00007  1900 00015  2000 00010  2100 00009  2200 00008  2300 00008  2400 00003  2500 00130  
HPD02834800HPCPHI19690100150150100 00012  0200 00009  0300 00010  0400 00008  0500 00002  0600 00001  0700 00008  0900 00001  1000 00001  1100 00003  1200 00002  1500 00002  1600 00006  1700 00006  2500 00071  
HPD02834800HPCPHI19690100200030500 99999a 0800 00007A 2500 00007  
HPD02834800HPCPHI19690100210071900 00010  2000 00035  2100 00047  2200 00031  2300 00021  2400 00002  2500 00146  
HPD02834800HPCPHI19690100250081700 00001  1800 00004  1900 00010  2000 00006  2100 00008  2300 00002  2400 00002  2500 00033  
HPD02834800HPCPHI19690200010020100 00000g 2500 00000  
HPD02834800HPCPHI19690200060022000 99999[ 2500 00000I 
HPD02834800HPCPHI19690200070020800 99999] 2500 00000I 
HPD02834800HPCPHI19690200190032300 00002  2400 00011  2500 00013  
HPD02834800HPCPHI19690200200050100 00002  0900 00004  1000 00001  1100 00001  2500 00008  
HPD02834800HPCPHI19690200220031600 99999a 2000 00040A 2500 00040  
HPD02834800HPCPHI19690300010020100 00000g 2500 00000  
HPD02834800HPCPHI19690300100120300 00001  0400 00002  0500 00001  1700 00001  1800 00014  1900 00006  2000 00009  2100 00014  2200 00001  2300 00003  2400 00004  2500 00056  
HPD02834800HPCPHI19690300110070100 00010  0200 00017  0300 00001  0400 00005  0500 00004  0600 00003  2500 00040  
HPD02834800HPCPHI19690300220110800 00001  0900 00009  1000 00010  1100 00001  1200 00005  1300 00002  1400 00002  1500 00001  1600 00001  1700 00003  2500 00035  
HPD02834800HPCPHI19690400010020100 00000g 2500 00000  
HPD02834800HPCPHI19690400100022100 00002  2500 00002  
HPD02834800HPCPHI19690500010020100 00000g 2500 00000  
HPD02834800HPCPHI19690500040121300 00026  1400 00003  1500 00005  1600 00001  1700 00001  1900 00001  2000 00001  2100 00003  2200 00005  2300 00002  2400 00006  2500 00054  
HPD02834800HPCPHI19690500050120100 00005  0200 00001  0500 00003  0600 00003  1100 00005  1200 00035  1300 00002  1400 00002  1500 00002  1600 00001  1700 00001  2500 00060  
HPD02834800HPCPHI19690600010020100 00000g 2500 00000  
HPD02834800HPCPHI19690700010020100 00000g 2500 00000  
HPD02834800HPCPHI19690700170022300 00010  2500 00010  
HPD02834800HPCPHI19690700190022200 00013  2500 00013  
HPD02834800HPCPHI19690700210021700 00005  2500 00005  
HPD02834800HPCPHI19690800010030100 00000g 1700 00007  2500 00007  
HPD02834800HPCPHI19690800050031600 99999[ 2000 99999] 2500 00000I 
HPD02834800HPCPHI19690800070021700 00040  2500 00040  
HPD02834800HPCPHI19690800110031500 00015  1600 00001  2500 00016  
HPD02834800HPCPHI19690800120061500 00005  1600 00104  1700 00008  1800 00002  1900 00001  2500 00120  
HPD02834800HPCPHI19690800130022400 00005  2500 00005  
HPD02834800HPCPHI19690800140030100 00004  0200 00001  2500 00005  
HPD02834800HPCPHI19690800160031300 00003  1400 00002  2500 00005  
HPD02834800HPCPHI19690800230032100 00020  2200 00010  2500 00030  
HPD02834800HPCPHI19690800260022300 00003  2500 00003  
HPD02834800HPCPHI19690900010020100 00000g 2500 00000  
HPD02834800HPCPHI19690900110042200 00004  2300 00008  2400 00002  2500 00014  
HPD02834800HPCPHI19690900120070100 00001  0300 00002  0400 00001  1600 00001  1700 00001  1800 00001  2500 00007  
HPD02834800HPCPHI19690900130040900 00069  1000 00001  1100 00001  2500 00071  
HPD02834800HPCPHI19690900140021900 99999[ 2500 00000I 
HPD02834800HPCPHI19690900150020600 99999] 2500 00000I 
HPD02834800HPCPHI19691000010020100 00000g 2500 00000  
HPD02834800HPCPHI19691000200030600 00003  0700 99999a 2500 00003I 
HPD02834800HPCPHI19691000210060700 00050A 1200 00002  1300 00001  2300 00003  2400 00002  2500 00058P 
HPD02834800HPCPHI19691000220040100 00007  0200 00002  0300 00002  2500 00011  
HPD02834800HPCPHI19691100010020100 00000g 2500 00000  
HPD02834800HPCPHI19691100080032300 00009  2400 00006  2500 00015  
HPD02834800HPCPHI19691100090090100 00008  0200 99999a 0700 00012A 0800 00008  0900 00003  1000 00007  1100 00001  1200 00002  2500 00041  
HPD02834800HPCPHI19691100100140300 00003  0400 00003  0500 00004  0600 00003  0700 00004  0900 00003  1000 00002  1100 00002  1300 00012  1400 00003  1600 00004  2000 00004  2100 00006  2500 00053  
HPD02834800HPCPHI19691100150081500 00001  1800 00001  2000 00007  2100 00011  2200 00003  2300 00001  2400 00001  2500 00025  
HPD02834800HPCPHI19691100160130300 00005  0600 00001  0700 00003  0800 00003  1000 00001  1100 00002  1300 00002  1400 00007  1600 00001  2100 00001  2200 00005  2300 00009  2500 00040  
HPD02834800HPCPHI19691200010020100 00000g 2500 00000  
HPD02834800HPCPHI19691200030042000 00009  2100 00004  2200 00001  2500 00014  
HPD02834800HPCPHI19691200040100500 00007  0600 00001  0700 00001  0900 00001  1100 00002  1200 00001  1300 00005  1400 00002  1600 00001  2500 00021  
HPD02834800HPCPHI19691200050060400 00002  0500 00010  0600 00001  0900 00003  1000 00002  2500 00018  
HPD02834800HPCPHI19691200090040500 00001  0600 00005  0700 00001  2500 00007  
HPD02834800HPCPHI19691200270041000 00001  1100 00001  1500 00001  2500 00003  
HPD02834800HPCPHI19691200280020700 99999a 2500 00000I 
HPD02834800HPCPHI19691200290020900 00045A 2500 00045P 
HPD02834800HPCPHI19700100010020100 00000g 2500 00000  
HPD02834800HPCPHI19700100170022200 00008  2500 00008  
HPD02834800HPCPHI19700200010020100 00000g 2500 00000  
HPD02834800HPCPHI19700200100041500 00001  2200 00001  2400 00002  2500 00004  
HPD02834800HPCPHI19700200110060400 00003  0500 00003  0600 00002  0700 00003  0800 00002  2500 00013  
HPD02834800HPCPHI19700200200051000 00001  1100 00004  1400 00002  1500 00001  2500 00008  
HPD02834800HPCPHI19700200280031300 00001  1600 00001  2500 00002  
HPD02834800HPCPHI19700300010050100 00000g 0400 00005  0500 00005  0800 99999a 2500 00010I 
HPD02834800HPCPHI19700300020100800 00144A 0900 99999a 1700 00027A 1800 00001  1900 00005  2000 00026  2100 00005  2200 00001  2400 00001  2500 00210P 
HPD02834800HPCPHI19700300030090100 00004  0200 00006  0300 00009  0400 00009  0500 00021  0600 00017  0700 00001  0800 00002  2500 00069  
HPD02834800HPCPHI19700300050120900 00002  1000 00001  1100 00001  1200 00003  1300 00015  1400 00012  1500 00005  1600 00003  1700 00006  1800 00003  2000 00001  2500 00052  
HPD02834800HPCPHI19700300100091500 00001  1700 00001  1800 00001  1900 00002  2000 00011  2100 00012  2200 00012  2300 00003  2500 00043  
HPD02834800HPCPHI19700300310060700 00002  1200 00002  1300 00004  1700 00001  1900 00001  2500 00010  
HPD02834800HPCPHI19700400010020100 00000g 2500 00000  
HPD02834800HPCPHI19700400170060900 00001  1000 00001  1100 00001  1600 00001  2000 99999a 2500 00004I 
HPD02834800HPCPHI19700400180020400 00010A 2500 00010P 
HPD02834800HPCPHI19700400270022200 99999a 2500 00000I 
HPD02834800HPCPHI19700400280020400 00005A 2500 00005P 
HPD02834800HPCPHI19700500010020100 00000g 2500 00000  
HPD02834800HPCPHI19700600010020100 00000g 2500 00000  
HPD02834800HPCPHI19700600060021800 00005  2500 00005  
HPD02834800HPCPHI19700600280031500 99999a 2100 00030A 2500 00030  
HPD02834800HPCPHI19700700010020100 00000g 2500 00000  
HPD02834800HPCPHI19700700060022200 00028  2500 00028  
HPD02834800HPCPHI19700700190060600 00009  1300 00001  2000 00001  2200 00002  2300 00001  2500 00014  
HPD02834800HPCPHI19700700200042100 00002  2200 00005  2300 99999a 2500 00007I 
HPD02834800HPCPHI19700700210020300 00006A 2500 00006P 
HPD02834800HPCPHI19700800010020100 00000g 2500 00000  
HPD02834800HPCPHI19700800030031600 99999a 2200 00013A 2500 00013  
HPD02834800HPCPHI19700800050031600 99999a 2100 00005A 2500 00005  
HPD02834800HPCPHI19700800090032000 99999a 2400 00005A 2500 00005  
HPD02834800HPCPHI19700800110032100 99999a 2400 00026A 2500 00026  
HPD02834800HPCPHI19700800230031600 99999a 2100 00060A 2500 00060  
HPD02834800HPCPHI19700800260031800 99999a 2000 00051A 2500 00051  
HPD02834800HPCPHI19700900010020100 00000g 2500 00000  
HPD02834800HPCPHI19700900040030200 00002  0900 99999a 2500 00002I 
HPD02834800HPCPHI19700900050030900 00063A 1000 99999a 2500 00063P 
HPD02834800HPCPHI19700900060021700 00182A 2500 00182P 
HPD02834800HPCPHI19701000010020100 00000g 2500 00000  
HPD02834800HPCPHI19701100010020100 00000g 2500 00000  
HPD02834800HPCPHI19701100260041500 00001  1600 00001  1700 00003  2500 00005  
HPD02834800HPCPHI19701100270030600 00007  0700 00008  2500 00015  
HPD02834800HPCPHI19701100300040500 00011  0600 00011  0700 00004  2500 00026  
HPD02834800HPCPHI19701200010020100 00000g 2500 00000  
HPD02834800HPCPHI19701200180070100 00007  0200 00002  0300 00006  0400 00005  0500 00005  0600 00004  2500 00029  
HPD02834800HPCPHI19701200200070500 00003  0600 00001  0700 00011  0800 00002  0900 00001  1100 00001  2500 00019  
HPD02834800HPCPHI19701200220110200 00004  0300 00004  0400 00009  0500 00013  0600 00007  0700 00005  0800 00001  0900 00002  1000 00002  1100 00001  2500 00048  
HPD02834800HPCPHI19701200270031000 00003  1100 00001  2500 00004  
HPD02834800HPCPHI19710100010020100 00000g 2500 00000  
HPD02834800HPCPHI19710100020111400 00001  1500 00009  1600 00008  1700 00009  1800 00021  1900 00006  2000 00001  2100 00001  2200 00002  2300 00001  2500 00059  
HPD02834800HPCPHI19710200010020100 00000g 2500 00000  
HPD02834800HPCPHI19710200170022400 00007  2500 00007  
HPD02834800HPCPHI19710200180140100 00011  0200 00001  0300 00001  0400 00002  0500 00006  0600 00002  0700 00001  0800 00003  0900 00003  1000 00004  1100 00004  1200 00001  1300 00001  2500 00040  
HPD02834800HPCPHI19710200200080200 00002  0300 00005  0400 00003  0500 00001  0600 00001  0800 00001  0900 00001  2500 00014  
HPD02834800HPCPHI19710300010020100 00000g 2500 00000  
HPD02834800HPCPHI19710400010020100 00000g 2500 00000  
HPD02834800HPCPHI19710400150070600 00003  0700 00009  0800 00005  0900 00007  1000 00003  1100 00003  2500 00030  
HPD02834800HPCPHI19710400180040400 00002  0500 00009  0800 00003  2500 00014  
HPD02834800HPCPHI19710500010020100 00000g 2500 00000  
HPD02834800HPCPHI19710600010020100 00000g 2500 00000  
HPD02834800HPCPHI19710700010020100 00000g 2500 00000  
HPD02834800HPCPHI19710700130022100 00003  2500 00003  
HPD02834800HPCPHI19710700210032300 00001  2400 00008  2500 00009  
HPD02834800HPCPHI19710700220020100 00001  2500 00001  
HPD02834800HPCPHI19710700230021800 00020  2500 00020  
HPD02834800HPCPHI19710800010030100 00000g 1600 00010  2500 00010  
HPD02834800HPCPHI19710800030070200 00007  0300 00050  0400 00004  0500 00001  2100 00001  2200 00004  2500 00067  
HPD02834800HPCPHI19710800050022400 00056  2500 00056  
HPD02834800HPCPHI19710800060050100 00012  0200 00003  0300 00002  0400 00001  2500 00018  
HPD02834800HPCPHI19710800090032100 00001  2200 00001  2500 00002  
HPD02834800HPCPHI19710800120032200 00004  2300 00016  2500 00020  
HPD02834800HPCPHI19710800160031600 00003  1700 00033  2500 00036  
HPD02834800HPCPHI19710800170031800 00051  1900 00002  2500 00053  
HPD02834800HPCPHI19710800190061800 00013  1900 00125  2000 00006  2100 00005  2200 00006  2500 00155  
HPD02834800HPCPHI19710800220031300 00001  1400 00005  2500 00006  
HPD02834800HPCPHI19710800250022100 00002  2500 00002  
HPD02834800HPCPHI19710800260030100 00006  0200 00006  2500 00012  
HPD02834800HPCPHI19710900010070100 00000g 1700 00001  1800 00002  2000 00006  2100 00012  2200 00002  2500 00023  
HPD02834800HPCPHI19710900080031900 00001  2000 00029  2500 00030  
HPD02834800HPCPHI19710900170030600 00004  0700 00001  2500 00005  
HPD02834800HPCPHI19710900290160600 00010  0800 00007  1000 00002  1100 00001  1200 00030  1300 00011  1400 00095  1500 00057  1600 00002  1700 00003  1800 00009  1900 00005  2000 00007  2100 00005  2200 00001  2500 00245  
HPD02834800HPCPHI19710900300130600 00001  0700 00006  0900 00004  1000 00003  1100 00025  1200 00035  1300 00009  1400 00009  1500 00004  1600 00001  1800 00014  1900 00067  2500 00178  
HPD02834800HPCPHI19711000010040100 00000g 0600 00001  0700 00007  2500 00008  
HPD02834800HPCPHI19711000160080900 00001  1000 00006  1100 00001  1200 00002  2200 00004  2300 00004  2400 00002  2500 00020  
HPD02834800HPCPHI19711000170200100 00001  0200 00017  0300 00013  0400 00018  0500 00005  0600 00005  0700 00006  0800 00005  0900 00009  1000 00006  1100 00014  1200 00001  1300 00001  1400 00001  1700 00001  1900 00002  2000 00010  2300 00004  2400 00011  2500 00130  
HPD02834800HPCPHI19711000180040100 00002  0300 00001  0700 00002  2500 00005  
HPD02834800HPCPHI19711000240050900 00001  1100 00002  1200 00001  1400 00002  2500 00006  
HPD02834800HPCPHI19711000250090800 00002  0900 00006  1000 00012  1100 00002  1200 00001  2000 00001  2300 00004  2400 00004  2500 00032  
HPD02834800HPCPHI19711100010020100 00000g 2500 00000  
HPD02834800HPCPHI19711100160030300 00005  1200 00002  2500 00007  
HPD02834800HPCPHI19711200010020100 00000g 2500 00000  
HPD02834800HPCPHI19711200040050900 00002  1000 00005  1100 00004  1200 00001  2500 00012  
HPD02834800HPCPHI19711200070030800 99999a 1800 00029A 2500 00029  
HPD02834800HPCPHI19711200130101400 00008  1500 00012  1600 00007  1700 00007  1800 00004  1900 00005  2000 00005  2200 00003  2300 00002  2500 00053  
HPD02834800HPCPHI19711200260110700 00003  0800 00001  0900 00002  1000 00004  1100 00009  1200 00001  1300 00002  1400 00002  1500 00001  1600 00002  2500 00027  
HPD02834800HPCPHI19711200290050500 00002  0900 00003  1000 00001  1100 00001  2500 00007  
HPD02834800HPCPHI19720100010020100 00000g 2500 00000  
HPD02834800HPCPHI19720200010020100 00000g 2500 00000  
HPD02834800HPCPHI19720300010020100 00000g 2500 00000  
HPD02834800HPCPHI19720400010020100 00000g 2500 00000  
HPD02834800HPCPHI19720500010020100 00000g 2500 00000  
HPD02834800HPCPHI19720500290031600 99999[ 2000 99999] 2500 00000I 
HPD02834800HPCPHI19720600010020100 00000g 2500 00000  
HPD02834800HPCPHI19720600060052000 00023  2100 00002  2300 00002  2400 00002  2500 00029  
HPD02834800HPCPHI19720600070021700 00003  2500 00003  
HPD02834800HPCPHI19720600080022100 00006  2500 00006  
HPD02834800HPCPHI19720600220061300 00033  1400 00051  1500 00025  1600 00011  1800 00003  2500 00123  
HPD02834800HPCPHI19720700010020100 00000g 2500 00000  
HPD02834800HPCPHI19720700170030200 99999a 0300 00023A 2500 00023  
HPD02834800HPCPHI19720800010020100 00000g 2500 00000  
HPD02834800HPCPHI19720800050071900 00001  2000 00090  2100 00010  2200 00002  2300 00001  2400 00001  2500 00105  
HPD02834800HPCPHI19720800060030100 00001  2200 00003  2500 00004  
HPD02834800HPCPHI19720800080021800 00003  2500 00003  
HPD02834800HPCPHI19720800120031900 00008  2000 00009  2500 00017  
HPD02834800HPCPHI19720800270021800 00004  2500 00004  
HPD02834800HPCPHI19720800280051700 00031  1800 00008  1900 00007  2000 00001  2500 00047  
HPD02834800HPCPHI19720800310041700 00001  1800 00001  2000 00005  2500 00007  
HPD02834800HPCPHI19720900010020100 00000g 2500 00000  
HPD02834800HPCPHI19720900020032000 99999[ 2400 99999] 2500 00000I 
HPD02834800HPCPHI19720900070031200 00015  1300 00004  2500 00019  
HPD02834800HPCPHI19720900090042100 00003  2200 00007  2300 00001  2500 00011  
HPD02834800HPCPHI19721000010020100 00000g 2500 00000  
HPD02834800HPCPHI19721000030051200 00002  1300 00001  1400 00005  1500 00005  2500 00013  
HPD02834800HPCPHI19721000040060500 00008  0600 00015  0700 00035  0800 00027  0900 99999a 2500 00085I 
HPD02834800HPCPHI19721000050030800 00040A 0900 99999a 2500 00040P 
HPD02834800HPCPHI19721000070021100 00220A 2500 00220P 
HPD02834800HPCPHI19721000170021300 99999a 2500 00000I 
HPD02834800HPCPHI19721000180090900 00015A 1800 00001  1900 00014  2000 00002  2100 00001  2200 00004  2300 00001  2400 00002  2500 00040P 
HPD02834800HPCPHI19721000190220100 00033  0200 00036  0300 00036  0400 00010  0500 00002  0600 00010  0700 00058  0800 00056  0900 00009  1000 00003  1100 00008  1200 00007  1300 00005  1400 00004  1500 00001  1700 00015  1800 00005  1900 00054  2000 00027  2100 00012  2200 00001  2500 00392  
HPD02834800HPCPHI19721000250071100 00008  1200 00005  1300 00001  1500 00001  1800 00004  1900 00002  2500 00021  
HPD02834800HPCPHI19721000310050900 00007  1000 00001  1100 00001  1200 00001  2500 00010  
HPD02834800HPCPHI19721100010020100 00000g 2500 00000  
HPD02834800HPCPHI19721100080061100 00018  1200 00014  1300 00009  1400 00003  1500 00001  2500 00045  
HPD02834800HPCPHI19721100110071900 00039  2000 00015  2100 00003  2200 00040  2300 00008  2400 00011  2500 00116  
HPD02834800HPCPHI19721100120030100 00006  0200 00003  2500 00009  
HPD02834800HPCPHI19721100150040900 00003  1000 00001  1600 00001  2500 00005  
HPD02834800HPCPHI19721100170090300 00014  0400 00024  0500 00023  0600 00005  0700 00007  0800 00001  0900 00004  1000 00003  2500 00081  
HPD02834800HPCPHI19721200010020100 00000g 2500 00000  
HPD02834800HPCPHI19721200040022300 99999[ 2500 00000I 
HPD02834800HPCPHI19721200050020400 99999] 2500 00000I 
HPD02834800HPCPHI19721200080081500 00007  1600 00008  1700 00001  1800 00001  2200 00001  2300 00005  2400 00003  2500 00026  
HPD02834800HPCPHI19721200090100100 00008  0200 00014  0300 00002  0400 00013  0500 00007  0600 00002  0700 00001  0900 00002  1000 00002  2500 00051  
HPD02834800HPCPHI19721200270051700 00001  1800 00005  2300 00001  2400 00002  2500 00009  
HPD02834800HPCPHI19721200280180100 00001  0200 00001  0300 00001  0400 00005  0500 00004  0600 00005  0700 00003  0800 00005  0900 00004  1000 00019  1100 00005  1200 00005  1500 00006  1700 00005  1800 00022  1900 00010  2000 00002  2500 00103  
HPD02834800HPCPHI19730100010060100 00000g 1600 00002  1700 00005  1900 00001  2000 00002  2500 00010  
HPD02834800HPCPHI19730100040032300 00003  2400 00001  2500 00004  
HPD02834800HPCPHI19730100100040300 00005  0400 00001  0500 00012  2500 00018  
HPD02834800HPCPHI19730100190040800 00006  1000 00004  1100 00006  2500 00016  
HPD02834800HPCPHI19730100260051000 00003  1100 00004  1200 00002  1300 00001  2500 00010  
HPD02834800HPCPHI19730200010020100 00000g 2500 00000  
HPD02834800HPCPHI19730200060040500 00006  0700 00003  0800 00001  2500 00010  
HPD02834800HPCPHI19730200070051700 00005  1800 00001  1900 00001  2200 00001  2500 00008  
HPD02834800HPCPHI19730200080031800 00025  1900 00001  2500 00026  
HPD02834800HPCPHI19730200110080900 00005  1000 00001  1100 00001  1200 00001  1400 00002  1500 00001  1900 00002  2500 00013  
HPD02834800HPCPHI19730200120080500 00002  0600 00003  1500 00002  1600 00003  1700 00002  1800 00008  1900 00003  2500 00023  
HPD02834800HPCPHI19730200130071300 00002  1400 00014  1500 00007  1600 00002  1700 00002  1800 00002  2500 00029  
HPD02834800HPCPHI19730200160030500 00005  0800 00010  2500 00015  
HPD02834800HPCPHI19730200170030800 00002  0900 00001  2500 00003  
HPD02834800HPCPHI19730200200032300 00001  2400 00001  2500 00002  
HPD02834800HPCPHI19730200210021000 99999a 2500 00000I 
HPD02834800HPCPHI19730200220020800 00080A 2500 00080P 
HPD02834800HPCPHI19730300010020100 00000g 2500 00000  
HPD02834800HPCPHT19730300070040900 00010  1400 00030  1500 00010  2500 00050  
HPD02834800HPCPHT19730300080022400 00010  2500 00010  
HPD02834800HPCPHT19730300090030400 00010  0800 00010  2500 00020  
HPD02834800HPCPHT19730300120090600 00010  0800 00010  1000 00020  1100 00010  1200 00010  1800 00010  2000 00010  2100 00010  2500 00090  
HPD02834800HPCPHT19730300130042100 00010  2300 00010  2400 00030  2500 00050  
HPD02834800HPCPHT19730300140060100 00020  0200 00010  0300 00010  1600 00010  1700 00010  2500 00060  
HPD02834800HPCPHT19730300200022200 00010  2500 00010  
HPD02834800HPCPHT19730300210040300 00010  0400 00010  0800 00010  2500 00030  
HPD02834800HPCPHT19730300220051700 00010  1800 00020  2000 00010  2300 00010  2500 00050  
HPD02834800HPCPHT19730300230020500 00010  2500 00010  
HPD02834800HPCPHT19730300260022400 00010  2500 00010  
HPD02834800HPCPHT19730300270030200 00010  0500 00010  2500 00020  
HPD02834800HPCPHT19730300280040800 00010  1000 00010  2300 00010  2500 00030  
HPD02834800HPCPHT19730300290120100 00010  0300 00020  0400 00010  0900 00010  1100 00020  1200 00010  1300 00010  1400 00010  1600 00010  1700 00010  1900 00010  2500 00130  
HPD02834800HPCPHT19730300300021100 00010  2500 00010  
HPD02834800HPCPHT19730400010020100 99999[ 2500 00000I 
HPD02834800HPCPHT19730400300022400 99999] 2500 00000I 
HPD02834800HPCPHT19730500010020100 00000g 2500 00000  
HPD02834800HPCPHT19730500050060200 00010  0400 00040  0500 00020  0600 00010  0700 00010  2500 00090  
HPD02834800HPCPHT19730500130021800 00010  2500 00010  
HPD02834800HPCPHT19730500310031600 00060  1700 00010  2500 00070  
HPD02834800HPCPHT19730600010020100 00000g 2500 00000  
HPD02834800HPCPHT19730600130031200 00010  1500 00010  2500 00020  
HPD02834800HPCPHT19730700010020100 00000g 2500 00000  
HPD02834800HPCPHT19730700100021900 00020  2500 00020  
HPD02834800HPCPHT19730700140031900 00010  2100 00010  2500 00020  
HPD02834800HPCPHT19730700150071600 00010  1700 00060  1800 00010  1900 00010  2000 00010  2100 00010  2500 00110  
HPD02834800HPCPHT19730700270031900 00030  2000 00020  2500 00050  
HPD02834800HPCPHT19730700310021900 00080  2500 00080  
HPD02834800HPCPHT19730800010020100 00000g 2500 00000  
HPD02834800HPCPHT19730800140031700 00030  1800 00010  2500 00040  
HPD02834800HPCPHT19730800150022400 00060  2500 00060  
HPD02834800HPCPHT19730800190021700 00050  2500 00050  
HPD02834800HPCPHT19730800200031700 00020  1800 00010  2500 00030  
HPD02834800HPCPHT19730900010020100 00000g 2500 00000  
HPD02834800HPCPHT19731000010020100 00000g 2500 00000  
HPD02834800HPCPHT19731100010020100 99999[ 2500 00000I 
HPD02834800HPCPHT19731100300022400 99999] 2500 00000I 
HPD02834800HPCPHT19731200010020100 00000g 2500 00000  
HPD02834800HPCPHT19740100010020100 99999[ 2500 00000I 
HPD02834800HPCPHT19740100310022400 99999] 2500 00000I 
HPD02834800HPCPHT19740200010020100 99999[ 2500 00000I 
HPD02834800HPCPHT19740200280022400 99999] 2500 00000I 
HPD02834800HPCPHT19740300010020100 99999[ 2500 00000I 
HPD02834800HPCPHT19740300310022400 99999] 2500 00000I 
HPD02834800HPCPHT19740400010020100 99999[ 2500 00000I 
HPD02834800HPCPHT19740400300022400 99999] 2500 00000I 
HPD02834800HPCPHT19740500010020100 00000g 2500 00000  
HPD02834800HPCPHT19740600010020100 00000g 2500 00000  
HPD02834800HPCPHT19740700010020100 00000g 2500 00000  
HPD02834800HPCPHT19740700070032000 00010  2100 00010  2500 00020  
HPD02834800HPCPHT19740700140041000 00010  1900 00030  2000 00010  2500 00050  
HPD02834800HPCPHT19740700150040100 00010  0800 00010  2000 00010  2500 00030  
HPD02834800HPCPHT19740700180031200 00010  1300 00010  2500 00020  
HPD02834800HPCPHT19740700190031700 00050  1900 00010  2500 00060  
HPD02834800HPCPHT19740700210031200 00010  1300 00010  2500 00020  
HPD02834800HPCPHT19740700280021900 00010  2500 00010  
HPD02834800HPCPHT19740700300021900 00020  2500 00020  
HPD02834800HPCPHT19740700310021600 00010  2500 00010  
HPD02834800HPCPHT19740800010020100 00000g 2500 00000  
HPD02834800HPCPHT19740800030041600 00070  1700 00010  2300 00010  2500 00090  
HPD02834800HPCPHT19740800050021000 00020  2500 00020  
HPD02834800HPCPHT19740800080020300 00010  2500 00010  
HPD02834800HPCPHT19740900010020100 00000g 2500 00000  
HPD02834800HPCPHT19740900030021700 00170  2500 00170  
HPD02834800HPCPHT19740900060031600 00010  1700 00010  2500 00020  
HPD02834800HPCPHT19740900130051400 00080  1500 00010  1700 00010  1800 00010  2500 00110  
HPD02834800HPCPHT19740900170020900 99999[ 2500 00000I 
HPD02834800HPCPHT19740900300022400 99999] 2500 00000I 
HPD02834800HPCPHT19741000010020100 00000g 2500 00000  
HPD02834800HPCPHT19741000060041300 00010  1400 00010  1700 00010  2500 00030  
HPD02834800HPCPHT19741000070020800 00010  2500 00010  
HPD02834800HPCPHT19741000220070100 00010  0200 00020  0400 00010  1100 00010  1600 00020  1700 00010  2500 00080  
HPD02834800HPCPHT19741000230021400 00010  2500 00010  
HPD02834800HPCPHT19741000290070100 00020  0200 00030  0300 00030  0400 00030  0500 00030  0600 00010  2500 00150  
HPD02834800HPCPHT19741000300060600 00010  0900 00010  1000 00010  1100 00020  1300 00010  2500 00060  
HPD02834800HPCPHT19741100010020100 00000g 2500 00000  
HPD02834800HPCPHT19741100020020800 00010  2500 00010  
HPD02834800HPCPHT19741200010020100 00000g 2500 00000  
HPD02834800HPCPHT19741200040032100 00010  2400 00010  2500 00020  
HPD02834800HPCPHT19741200050060100 00010  0200 00010  0300 00010  0500 00010  0600 00010  2500 00050  
HPD02834800HPCPHT19741200250021900 00010  2500 00010  
HPD02834800HPCPHT19741200290030100 00010  0400 00010  2500 00020  
HPD02834800HPCPHT19750100010020100 00000g 2500 00000  
HPD02834800HPCPHT19750100090020500 00010  2500 00010  
HPD02834800HPCPHT19750100300040500 00010  1400 00010  1600 00010  2500 00030  
HPD02834800HPCPHT19750200010020100 00000g 2500 00000  
HPD02834800HPCPHT19750200030022400 00020  2500 00020  
HPD02834800HPCPHT19750200040020500 00010  2500 00010  
HPD02834800HPCPHT19750200140080500 00010  0600 00010  0700 00010  0800 00010  0900 00010  1000 00010  1100 00010  2500 00070  
HPD02834800HPCPHT19750200150060300 00010  0400 00020  0500 00020  0600 00010  1400 00010  2500 00070  
HPD02834800HPCPHT19750200170040300 00010  0700 00010  0900 00010  2500 00030  
HPD02834800HPCPHT19750300010020100 00000g 2500 00000  
HPD02834800HPCPHT19750300080050500 00010  0700 00010  1600 00010  2300 00020  2500 00050  
HPD02834800HPCPHT19750300090020200 00010  2500 00010  
HPD02834800HPCPHT19750300110110300 00020  0400 00020  0500 00010  0700 00010  0900 00010  1500 00010  1600 00010  1900 00010  2100 00010  2400 00010  2500 00120  
HPD02834800HPCPHT19750300140031500 00010  1800 00010  2500 00020  
HPD02834800HPCPHT19750300200021100 99999[ 2500 00000I 
HPD02834800HPCPHT19750300310022400 99999] 2500 00000I 
HPD02834800HPCPHT19750400010040100 00000g 0900 00030  1000 00030  2500 00060  
HPD02834800HPCPHT19750400060020900 99999[ 2500 00000I 
HPD02834800HPCPHT19750400120020900 99999] 2500 00000I 
HPD02834800HPCPHT19750500010020100 00000g 2500 00000  
HPD02834800HPCPHT19750500170021300 00010  2500 00010  
HPD02834800HPCPHT19750600010020100 00000g 2500 00000  
HPD02834800HPCPHT19750700010020100 00000g 2500 00000  
HPD02834800HPCPHT19750700040030300 00010  0400 00010  2500 00020  
HPD02834800HPCPHT19750700060022000 00010  2500 00010  
HPD02834800HPCPHT19750700120051500 00010  1600 00040  1700 00010  1800 00010  2500 00070  
HPD02834800HPCPHT19750700150031400 00010  1500 00010  2500 00020  
HPD02834800HPCPHT19750700170030500 00010  0600 00030  2500 00040  
HPD02834800HPCPHT19750700220022100 00010  2500 00010  
HPD02834800HPCPHT19750700240021900 00010  2500 00010  
HPD02834800HPCPHT19750700260021800 00010  2500 00010  
HPD02834800HPCPHT19750700270021800 00010  2500 00010  
HPD02834800HPCPHT19750700280021200 00010  2500 00010  
HPD02834800HPCPHT19750800010020100 00000g 2500 00000  
HPD02834800HPCPHT19750800100031900 00020  2000 00100  2500 00120  
HPD02834800HPCPHT19750800110022100 00010  2500 00010  
HPD02834800HPCPHT19750800120020900 99999[ 2500 00000I 
HPD02834800HPCPHT19750800210020900 99999] 2500 00000I 
HPD02834800HPCPHT19750900010020100 00000g 2500 00000  
HPD02834800HPCPHT19750900040031700 00030  1900 00010  2500 00040  
HPD02834800HPCPHT19750900070040400 00010  0900 00010  1500 00020  2500 00040  
HPD02834800HPCPHT19750900080021500 00010  2500 00010  
HPD02834800HPCPHT19751000010020100 00000g 2500 00000  
HPD02834800HPCPHT19751000200030500 00010  0800 00010  2500 00020  
HPD02834800HPCPHT19751100010020100 00000g 2500 00000  
HPD02834800HPCPHT19751100270020900 99999a 2500 00000I 
HPD02834800HPCPHT19751100290020800 00290A 2500 00290P 
HPD02834800HPCPHT19751200010020100 00000g 2500 00000  
HPD02834800HPCPHT19751200130040200 00010  0600 00020  0700 00020  2500 00050  
HPD02834800HPCPHT19751200140020500 00010  2500 00010  
HPD02834800HPCPHT19751200210070200 00010  0400 00010  0500 00010  0600 00010  0700 00010  0800 00010  2500 00060  
HPD02834800HPCPHT19751200230021700 00010  2500 00010  
HPD02834800HPCPHT19751200310020900 00010  2500 00010  
HPD02834800HPCPHT19760100010020100 00000g 2500 00000  
HPD02834800HPCPHT19760100240022000 00010  2500 00010  
HPD02834800HPCPHT19760200010020100 00000g 2500 00000  
HPD02834800HPCPHT19760200040040400 00010  0500 00010  1000 00010  2500 00030  
HPD02834800HPCPHT19760200050021400 00010  2500 00010  
HPD02834800HPCPHT19760200060030900 00010  1100 00010  2500 00020  
HPD02834800HPCPHT19760200090081000 00010  1100 00010  1200 00010  1300 00010  1400 00020  1500 00010  1700 00010  2500 00080  
HPD02834800HPCPHT19760200100020500 00010  2500 00010  
HPD02834800HPCPHT19760200150020200 00010  2500 00010  
HPD02834800HPCPHT19760300010020100 00000g 2500 00000  
HPD02834800HPCPHT19760300030020900 99999a 2500 00000I 
HPD02834800HPCPHT19760300040020800 00060A 2500 00060P 
HPD02834800HPCPHT19760400010020100 00000g 2500 00000  
HPD02834800HPCPHT19760400140050800 00010  0900 00010  1100 00020  1300 00010  2500 00050  
HPD02834800HPCPHT19760400150030500 00010  1900 00010  2500 00020  
HPD02834800HPCPHT19760400160070100 00010  0200 00020  0300 00010  0700 00010  0900 00020  1100 00010  2500 00080  
HPD02834800HPCPHT19760500010020100 00000g 2500 00000  
HPD02834800HPCPHT19760500030032000 00010  2400 00010  2500 00020  
HPD02834800HPCPHT19760500040050100 00010  1500 00020  1600 00010  1700 00010  2500 00050  
HPD02834800HPCPHT19760500170020600 00010  2500 00010  
HPD02834800HPCPHT19760500180021000 00010  2500 00010  
HPD02834800HPCPHT19760600010020100 00000g 2500 00000  
HPD02834800HPCPHT19760600290021100 00010  2500 00010  
HPD02834800HPCPHT19760700010020100 00000g 2500 00000  
HPD02834800HPCPHT19760700110022300 00010  2500 00010  
HPD02834800HPCPHT19760700160041300 00010  1700 00010  1800 00010  2500 00030  
HPD02834800HPCPHT19760700180032000 00110  2100 00060  2500 00170  
HPD02834800HPCPHT19760700220031500 00020  1800 00010  2500 00030  
HPD02834800HPCPHT19760700240020100 00010  2500 00010  
HPD02834800HPCPHT19760800010020100 00000g 2500 00000  
HPD02834800HPCPHT19760800170020700 00010  2500 00010  
HPD02834800HPCPHT19760800220051900 00030  2000 00020  2200 00020  2300 00010  2500 00080  
HPD02834800HPCPHT19760900010020100 00000g 2500 00000  
HPD02834800HPCPHT19760900040021600 00010  2500 00010  
HPD02834800HPCPHT19760900050041700 00090  1800 00030  1900 00020  2500 00140  
HPD02834800HPCPHT19760900100021600 00010  2500 00010  
HPD02834800HPCPHT19760900110020500 00010  2500 00010  
HPD02834800HPCPHT19760900210021100 00010  2500 00010  
HPD02834800HPCPHT19760900230041800 00020  1900 00010  2400 00060  2500 00090  
HPD02834800HPCPHT19760900240070100 00020  0200 00020  0500 00010  0600 00010  1100 00010  1200 00010  2500 00080  
HPD02834800HPCPHT19760900250020500 00060  2500 00060  
HPD02834800HPCPHT19761000010020100 00000g 2500 00000  
HPD02834800HPCPHT19761000130021500 00010  2500 00010  
HPD02834800HPCPHT19761000210040700 00010  0800 00010  0900 00010  2500 00030  
HPD02834800HPCPHT19761000220040600 00010  0900 00010  1900 00010  2500 00030  
HPD02834800HPCPHT19761100010020100 00000g 2500 00000  
HPD02834800HPCPHT19761100120022000 00010  2500 00010  
HPD02834800HPCPHT19761100270040400 00020  0500 00010  0600 00010  2500 00040  
HPD02834800HPCPHT19761200010020100 00000g 2500 00000  
HPD02834800HPCPHT19761200190031200 00020  1300 00010  2500 00030  
HPD02834800HPCPHT19761200310121000 00010  1100 00010  1300 00010  1400 00010  1500 00010  1700 00010  1800 00010  1900 00010  2000 00020  2100 00010  2200 00010  2500 00120  
HPD02834800HPCPHT19770100010050100 00000g 1000 00010  1100 00010  1300 00010  2500 00030  
HPD02834800HPCPHT19770100030030600 00010  1800 00010  2500 00020  
HPD02834800HPCPHT19770100050020700 00010  2500 00010  
HPD02834800HPCPHT19770100080051100 00010  1400 00010  1600 00010  2000 00010  2500 00040  
HPD02834800HPCPHT19770100210020100 99999a 2500 00000I 
HPD02834800HPCPHT19770100230020800 00070A 2500 00070P 
HPD02834800HPCPHT19770200010020100 00000g 2500 00000  
HPD02834800HPCPHT19770200240022000 00010  2500 00010  
HPD02834800HPCPHT19770300010020100 00000g 2500 00000  
HPD02834800HPCPHT19770300250022200 00020  2500 00020  
HPD02834800HPCPHT19770300260060600 00010  0800 00010  1000 00010  2300 00010  2400 00010  2500 00050  
HPD02834800HPCPHT19770300270020200 00010  2500 00010  
HPD02834800HPCPHT19770300280022400 00030  2500 00030  
HPD02834800HPCPHT19770300290060100 00020  0200 00010  0300 00020  0500 00010  0600 00010  2500 00070  
HPD02834800HPCPHT19770400010020100 00000g 2500 00000  
HPD02834800HPCPHT19770400020070700 00010  1200 00010  1300 00010  1400 00010  1600 00010  2000 00010  2500 00060  
HPD02834800HPCPHT19770500010020100 00000g 2500 00000  
HPD02834800HPCPHT19770500140020900 00010  2500 00010  
HPD02834800HPCPHT19770600010020100 00000g 2500 00000  
HPD02834800HPCPHT19770600060021200 00010  2500 00010  
HPD02834800HPCPHT19770700010020100 00000g 2500 00000  
HPD02834800HPCPHT19770700150021600 00010  2500 00010  
HPD02834800HPCPHT19770700160041500 00060  1600 00020  1900 00010  2500 00090  
HPD02834800HPCPHT19770700170021100 00010  2500 00010  
HPD02834800HPCPHT19770700180030100 00010  1000 00010  2500 00020  
HPD02834800HPCPHT19770700220021200 00010  2500 00010  
HPD02834800HPCPHT19770700230051400 00030  1500 00010  1700 00010  1800 00010  2500 00060  
HPD02834800HPCPHT19770700280022000 00070  2500 00070  
HPD02834800HPCPHT19770800010020100 00000g 2500 00000  
HPD02834800HPCPHT19770800100021300 00010  2500 00010  
HPD02834800HPCPHT19770800110021000 00010  2500 00010  
HPD02834800HPCPHT19770800120041500 00060  1600 00010  1700 00020  2500 00090  
HPD02834800HPCPHT19770800130031900 00050  2000 00010  2500 00060  
HPD02834800HPCPHT19770800150051300 00010  1900 00040  2100 00010  2300 00010  2500 00070  
HPD02834800HPCPHT19770800160042000 00010  2100 00010  2200 00010  2500 00030  
HPD02834800HPCPHT19770900010020100 00000g 2500 00000  
HPD02834800HPCPHT19770900020021900 00060  2500 00060  
HPD02834800HPCPHT19770900050031600 00050  1700 00080  2500 00130  
HPD02834800HPCPHT19770900090022200 00010  2500 00010  
HPD02834800HPCPHT19770900100022100 00010  2500 00010  
HPD02834800HPCPHT19770900110021300 00010  2500 00010  
HPD02834800HPCPHT19770900260030900 00010  1100 00010  2500 00020  
HPD02834800HPCPHT19770900270060200 00010  0800 00010  0900 00010  1200 00020  1600 00020  2500 00070  
HPD02834800HPCPHT19771000010020100 00000g 2500 00000  
HPD02834800HPCPHT19771000060051400 00010  1600 00010  2000 00010  2200 00010  2500 00040  
HPD02834800HPCPHT19771000070040400 00010  0500 00020  0800 00010  2500 00040  
HPD02834800HPCPHT19771000290040700 00020  0800 00020  0900 00010  2500 00050  
HPD02834800HPCPHT19771100010020100 00000g 2500 00000  
HPD02834800HPCPHT19771100060041000 00010  1100 00010  2100 00010  2500 00030  
HPD02834800HPCPHT19771100080021000 00010  2500 00010  
HPD02834800HPCPHT19771200010020100 00000g 2500 00000  
HPD02834800HPCPHT19771200260022300 00010  2500 00010  
HPD02834800HPCPHT19771200270020100 00010  2500 00010  
HPD02834800HPCPHT19771200280040900 00010  2200 00010  2400 00010  2500 00030  
HPD02834800HPCPHT19771200290040500 00010  1100 00010  1200 00010  2500 00030  
HPD02834800HPCPHT19780100010020100 00000g 2500 00000  
HPD02834800HPCPHT19780100100080700 00010  1100 00010  1900 00040  2000 00020  2100 00020  2200 00010  2300 00010  2500 00120  
HPD02834800HPCPHT19780100150130600 00010  0800 00020  0900 00010  1000 00020  1100 00020  1200 00010  1300 00010  1400 00020  1500 00010  1600 00040  1900 00010  2000 00010  2500 00190  
HPD02834800HPCPHT19780100170060200 00010  0500 00010  0600 00010  0700 00020  1400 00030  2500 00080  
HPD02834800HPCPHT19780100190031900 00010  2100 00010  2500 00020  
HPD02834800HPCPHT19780100200050200 00010  0300 00010  0400 00010  0500 00010  2500 00040  
HPD02834800HPCPHT19780100300041300 00010  1700 00010  1900 00020  2500 00040  
HPD02834800HPCPHT19780100310090100 00010  0300 00010  0500 00010  0600 00010  0900 00010  1400 00010  1700 00010  2300 00010  2500 00080  
HPD02834800HPCPHT19780200010020100 00010  2500 00010  
HPD02834800HPCPHT19780200020021500 00010  2500 00010  
HPD02834800HPCPHT19780200060020100 00010  2500 00010  
HPD02834800HPCPHT19780200080030200 00010  0300 00010  2500 00020  
HPD02834800HPCPHT19780200100071800 00020  1900 00020  2000 00030  2100 00010  2200 00020  2300 00010  2500 00110  
HPD02834800HPCPHT19780200110070100 00010  0200 00010  0400 00010  0500 00020  0600 00010  0700 00010  2500 00070  
HPD02834800HPCPHT19780200120030800 00010  1000 00010  2500 00020  
HPD02834800HPCPHT19780200130051800 00010  2100 00010  2200 00020  2300 00020  2500 00060  
HPD02834800HPCPHT19780200140100100 00010  0300 00010  0500 00010  0600 00010  0700 00010  0900 00010  1000 00010  1100 00010  1400 00010  2500 00090  
HPD02834800HPCPHT19780200270041900 00010  2000 00010  2200 00010  2500 00030  
HPD02834800HPCPHT19780200280100100 00010  0300 00010  1200 00010  1300 00010  1700 00010  1800 00010  1900 00010  2000 00010  2400 00010  2500 00090  
HPD02834800HPCPHT19780300010150100 00000g 0500 00010  0700 00010  0900 00010  1000 00010  1100 00030  1500 00010  1700 00010  1800 00020  1900 00010  2000 00010  2100 00010  2300 00010  2400 00010  2500 00160  
HPD02834800HPCPHT19780300020090100 00010  0400 00010  0500 00010  0900 00010  1400 00010  1600 00010  1800 00020  1900 00010  2500 00090  
HPD02834800HPCPHT19780300050020600 99999[ 2500 00000I 
HPD02834800HPCPHT19780300210022400 99999] 2500 00000I 
HPD02834800HPCPHT19780300220021600 00010  2500 00010  
HPD02834800HPCPHT19780400010070100 00000g 0400 00050  1000 00010  1100 00010  1300 00010  1400 00020  2500 00100  
HPD02834800HPCPHT19780400020021000 00010  2500 00010  
HPD02834800HPCPHT19780400080070500 00010  0600 00010  0700 00010  1600 00010  1900 00010  2100 00010  2500 00060  
HPD02834800HPCPHT19780400090021500 00010  2500 00010  
HPD02834800HPCPHT19780500010050100 00000g 1100 00020  1900 00010  2000 00010  2500 00040  
HPD02834800HPCPHT19780500060020200 00010  2500 00010  
HPD02834800HPCPHT19780600010020100 00000g 2500 00000  
HPD02834800HPCPHT19780600270021700 00010  2500 00010  
HPD02834800HPCPHT19780600280021500 00050  2500 00050  
HPD02834800HPCPHT19780700010020100 00000g 2500 00000  
HPD02834800HPCPHT19780700140022100 00010  2500 00010  
HPD02834800HPCPHT19780700240032300 00020  2400 00010  2500 00030  
HPD02834800HPCPHT19780700290022000 00030  2500 00030  
HPD02834800HPCPHT19780700310021100 00010  2500 00010  
HPD02834800HPCPHT19780800010030100 00000g 0400 00010  2500 00010  
HPD02834800HPCPHT19780800040021800 00010  2500 00010  
HPD02834800HPCPHT19780800060032000 00100  2100 00010  2500 00110  
HPD02834800HPCPHT19780800070022400 00010  2500 00010  
HPD02834800HPCPHT19780900010020100 00000g 2500 00000  
HPD02834800HPCPHT19780900140020600 00020  2500 00020  
HPD02834800HPCPHT19780900160022300 00010  2500 00010  
HPD02834800HPCPHT19781000010020100 00000g 2500 00000  
HPD02834800HPCPHT19781000120031200 99999[ 2400 99999] 2500 00000I 
