HPD02774100HPCPHI19480700010040100 00000g 1300 99999[ 2400 99999] 2500 00000I 
HPD02774100HPCPHI19480700160021000 00005  2500 00005  
HPD02774100HPCPHI19480700170042000 00001  2100 00007  2400 00001  2500 00009  
HPD02774100HPCPHI19480700190021700 00013  2500 00013  
HPD02774100HPCPHI19480700200041000 00002  1100 00003  1200 00004  2500 00009  
HPD02774100HPCPHI19480700210081400 00001  1500 00083  1600 00001  1900 00007  2000 00001  2100 00004  2200 00001  2500 00098  
HPD02774100HPCPHI19480700220041700 00016  1800 00001  2200 00001  2500 00018  
HPD02774100HPCPHI19480700230032200 00001  2300 00001  2500 00002  
HPD02774100HPCPHI19480700240041500 00022  1600 00001  1900 00002  2500 00025  
HPD02774100HPCPHI19480700250051400 00029  1500 00001  1800 00001  2100 00001  2500 00032  
HPD02774100HPCPHI19480700260021000 00001  2500 00001  
HPD02774100HPCPHI19480800010040100 00000g 1300 99999[ 2400 99999] 2500 00000I 
HPD02774100HPCPHI19480800020021500 99999[ 2500 00000I 
HPD02774100HPCPHI19480800090021200 99999] 2500 00000I 
HPD02774100HPCPHI19480900010040100 00000g 1300 99999[ 2400 99999] 2500 00000I 
HPD02774100HPCPHI19480900030021700 00010  2500 00010  
HPD02774100HPCPHI19480900110031500 99999a 1800 00038A 2500 00038  
HPD02774100HPCPHI19480900160050600 00006  0700 00009  0800 00001  1600 00001  2500 00017  
HPD02774100HPCPHI19480900260051800 00001  1900 00012  2000 00006  2300 00001  2500 00020  
HPD02774100HPCPHI19480900270020300 00001  2500 00001  
HPD02774100HPCPHI19480900280040900 00001  1000 00001  1100 00002  2500 00004  
HPD02774100HPCPHI19481000010040100 00000g 1300 99999[ 2400 99999] 2500 00000I 
HPD02774100HPCPHI19481000180080800 00002  0900 00016  1000 00005  1100 00002  1900 00002  2000 00001  2100 99999a 2500 00028I 
HPD02774100HPCPHI19481000190021300 00013A 2500 00013P 
HPD02774100HPCPHI19481000270032100 00001  2200 00004  2500 00005  
HPD02774100HPCPHI19481000280080100 00003  0200 00006  0300 00006  0500 00001  0600 00001  2300 00001  2400 00001  2500 00019  
HPD02774100HPCPHI19481000290080100 00002  0200 00001  0300 00001  0500 00001  1400 00001  1500 00001  2400 00006  2500 00013  
HPD02774100HPCPHI19481000300110100 00002  0200 00004  0300 00001  0500 00001  0900 00001  1000 00001  1100 00001  1500 00001  1600 00030  1700 00001  2500 00043  
HPD02774100HPCPHI19481000310030500 00001  0700 00001  2500 00002  
HPD02774100HPCPHI19481100010040100 00000g 1300 99999[ 2400 99999] 2500 00000I 
HPD02774100HPCPHI19481200010040100 00000g 1300 99999[ 2400 99999] 2500 00000I 
HPD02774100HPCPHI19481200100021300 99999[ 2500 00000I 
HPD02774100HPCPHI19481200310022400 99999] 2500 00000I 
HPD02774100HPCPHI19490100010040100 00000g 1300 99999[ 2400 99999] 2500 00000I 
HPD02774100HPCPHI19490100090071900 00001  2000 00001  2100 00001  2200 00001  2300 00001  2400 00001  2500 00006  
HPD02774100HPCPHI19490100100230100 00001  0200 00003  0300 00004  0400 00003  0500 00003  0600 00002  0700 00003  0800 00005  0900 00004  1000 00003  1100 00008  1200 00003  1300 00002  1400 00001  1500 00001  1600 00001  1700 00007  1800 00004  1900 00001  2000 00005  2300 00003  2400 00001  2500 00068  
HPD02774100HPCPHI19490100110070200 00001  0700 00001  0800 00004  0900 00005  1000 00003  1100 00002  2500 00016  
HPD02774100HPCPHI19490100120051800 00004  1900 00010  2000 00004  2300 00001  2500 00019  
HPD02774100HPCPHI19490100130130100 00001  0200 00006  0300 00004  0400 00002  0500 00001  0600 00001  0700 00002  0800 00005  0900 00019  1000 00014  1100 00007  1200 00004  2500 00066  
HPD02774100HPCPHI19490100140050300 00001  0500 00001  1000 00001  2300 00001  2500 00004  
HPD02774100HPCPHI19490100150110100 00001  0300 00001  0400 00001  0500 00001  0600 00002  0800 00001  0900 00001  1000 00001  2300 00002  2400 00009  2500 00020  
HPD02774100HPCPHI19490100160140100 00012  0200 00009  0300 00005  0400 00003  0500 00001  0600 00001  0700 00001  0900 00002  1100 00001  1200 00001  1500 00001  1700 00001  1900 00001  2500 00039  
HPD02774100HPCPHI19490100200030800 00002  0900 00003  2500 00005  
HPD02774100HPCPHI19490100230120100 00001  0200 00001  0500 00001  0600 00002  0800 00001  0900 00004  1000 00001  1200 00001  1400 00004  2300 00004  2400 00001  2500 00021  
HPD02774100HPCPHI19490100240160100 00007  0200 00003  0300 00001  0600 00001  0800 00001  1100 00001  1200 00002  1300 00003  1400 00005  1500 00003  1600 00002  1700 00006  1800 00007  1900 00002  2400 00001  2500 00045  
HPD02774100HPCPHI19490100250140200 00001  0400 00001  0800 00001  0900 00001  1000 00001  1100 00004  1200 00005  1300 00005  1400 00005  1500 00002  1600 00001  1800 00001  1900 00005  2500 00033  
HPD02774100HPCPHI19490200010040100 00000g 1300 99999[ 2400 99999] 2500 00000I 
HPD02774100HPCPHI19490200030032300 00001  2400 00003  2500 00004  
HPD02774100HPCPHI19490200070032300 00001  2400 00002  2500 00003  
HPD02774100HPCPHI19490200080160100 00001  0200 00003  0300 00005  0400 00004  0500 00005  0600 00001  0700 00001  0900 00002  1000 00003  1100 00001  1200 00002  1500 00001  1600 00001  1700 00002  1800 00001  2500 00033  
HPD02774100HPCPHI19490200130150200 00001  0300 00001  0400 00001  0500 00006  0600 00002  0700 00004  0800 00001  0900 00001  1000 00001  1100 00002  1200 00001  1400 00001  1600 00002  1700 00003  2500 00027  
HPD02774100HPCPHI19490200150021300 99999[ 2500 00000I 
HPD02774100HPCPHI19490200260021700 99999] 2500 00000I 
HPD02774100HPCPHI19490200270062000 00001  2100 00003  2200 00006  2300 00006  2400 00014  2500 00030  
HPD02774100HPCPHI19490200280120100 00006  0200 00015  0300 00003  0400 00006  0500 00005  0600 00003  0700 00001  0900 00001  1000 00001  1300 00001  1400 00001  2500 00043  
HPD02774100HPCPHI19490300010040100 00000g 1300 99999[ 2400 99999] 2500 00000I 
HPD02774100HPCPHI19490300060022400 00001  2500 00001  
HPD02774100HPCPHI19490300070070100 00001  0300 00002  0400 00002  0500 00004  0600 00007  0700 00002  2500 00018  
HPD02774100HPCPHI19490300200040500 00005  0600 00001  0700 00001  2500 00007  
HPD02774100HPCPHI19490300250060200 99999a 1300 00018A 1600 00003  1700 00006  1900 00002  2500 00029  
HPD02774100HPCPHI19490300260060200 00006  0300 00016  0400 00001  1000 00001  1200 00001  2500 00025  
HPD02774100HPCPHI19490300290030100 00004  0300 00001  2500 00005  
HPD02774100HPCPHI19490300310020500 00002  2500 00002  
HPD02774100HPCPHI19490400010040100 00000g 1300 99999[ 2400 99999] 2500 00000I 
HPD02774100HPCPHI19490400080051500 00001  1600 00006  1700 00005  1800 00001  2500 00013  
HPD02774100HPCPHI19490500010040100 00000g 1300 99999[ 2400 99999] 2500 00000I 
HPD02774100HPCPHI19490500170070100 00002  0200 00002  0300 00004  0400 00005  2100 00001  2200 00004  2500 00018  
HPD02774100HPCPHI19490500180030900 00001  1000 00001  2500 00002  
HPD02774100HPCPHI19490500270041500 00006  1600 00001  1700 00003  2500 00010  
HPD02774100HPCPHI19490600010040100 00000g 1300 99999[ 2400 99999] 2500 00000I 
HPD02774100HPCPHI19490600080030600 00003  0700 00002  2500 00005  
HPD02774100HPCPHI19490600110070600 00014  0700 00009  0800 00001  0900 00001  1300 00002  1400 00002  2500 00029  
HPD02774100HPCPHI19490600170061800 00034  1900 00016  2100 00003  2200 00011  2300 00002  2500 00066  
HPD02774100HPCPHI19490600190051300 00003  1400 00050  1500 00006  1600 00001  2500 00060  
HPD02774100HPCPHI19490700010040100 00000g 1300 99999[ 2400 99999] 2500 00000I 
HPD02774100HPCPHI19490700020021800 99999a 2500 00000I 
HPD02774100HPCPHI19490700050021900 00063A 2500 00063P 
HPD02774100HPCPHI19490700090032200 00001  2400 00001  2500 00002  
HPD02774100HPCPHI19490700100071000 00001  1100 00001  1800 00025  1900 00017  2000 00005  2200 00001  2500 00050  
HPD02774100HPCPHI19490700110050100 00001  0300 00001  0400 00001  2400 00003  2500 00006  
HPD02774100HPCPHI19490700120090100 00001  0200 00001  0300 00001  0400 00001  0500 00001  0600 00001  0900 00001  1000 99999a 2500 00007I 
HPD02774100HPCPHI19490700130021600 00007A 2500 00007P 
HPD02774100HPCPHI19490700190061700 00056  1800 00003  1900 00005  2000 00001  2100 00002  2500 00067  
HPD02774100HPCPHI19490700200040200 00001  0600 00001  0800 00001  2500 00003  
HPD02774100HPCPHI19490700220051600 00007  1700 00004  1800 00061  1900 00001  2500 00073  
HPD02774100HPCPHI19490700230051000 00001  1100 00001  2200 00001  2300 00001  2500 00004  
HPD02774100HPCPHI19490700240060500 00001  0700 00001  1000 00001  1200 00008  1600 00001  2500 00012  
HPD02774100HPCPHI19490700250030500 00001  0700 00001  2500 00002  
HPD02774100HPCPHI19490800010060100 00000g 0900 00001  1600 00113  1700 00026  1800 00001  2500 00141  
HPD02774100HPCPHI19490800030030200 00001  1000 00001  2500 00002  
HPD02774100HPCPHI19490800060022000 00003  2500 00003  
HPD02774100HPCPHI19490800070051300 00001  2000 00004  2100 00004  2200 00002  2500 00011  
HPD02774100HPCPHI19490800080060400 00001  1000 00001  1200 00001  1700 00016  1800 00004  2500 00023  
HPD02774100HPCPHI19490900010040100 00000g 1300 99999[ 2400 99999] 2500 00000I 
HPD02774100HPCPHI19490900050031700 00020  1800 00022  2500 00042  
HPD02774100HPCPHI19490900060050500 00001  1000 00003  1600 00020  1700 00004  2500 00028  
HPD02774100HPCPHI19490900080052000 00020  2100 00018  2300 00002  2400 00002  2500 00042  
HPD02774100HPCPHI19490900090030100 00001  0300 00002  2500 00003  
HPD02774100HPCPHI19490900130080900 00001  1000 00001  1100 00001  1500 00001  1600 00003  1800 00001  2100 99999a 2500 00008I 
HPD02774100HPCPHI19490900140021400 00019A 2500 00019P 
HPD02774100HPCPHI19490900200061600 00008  1700 00002  1800 00002  1900 00001  2000 00002  2500 00015  
HPD02774100HPCPHI19490900230021600 00003  2500 00003  
HPD02774100HPCPHI19490900240021300 99999[ 2500 00000I 
HPD02774100HPCPHI19490900300022400 99999] 2500 00000I 
HPD02774100HPCPHI19491000010020100 99999[ 2500 00000I 
HPD02774100HPCPHI19491000060021600 99999] 2500 00000I 
HPD02774100HPCPHI19491000080020600 00005  2500 00005  
HPD02774100HPCPHI19491000140031100 00001  1500 00007  2500 00008  
HPD02774100HPCPHI19491000160022200 00004  2500 00004  
HPD02774100HPCPHI19491000170060200 00003  0300 00014  0400 00010  0500 00004  0600 00001  2500 00032  
HPD02774100HPCPHI19491000180091100 00002  1200 00001  1900 00001  2000 00006  2100 00002  2200 00005  2300 00002  2400 00001  2500 00020  
HPD02774100HPCPHI19491000190200200 00003  0300 00004  0400 00011  0500 00001  0600 00003  0700 00005  0800 00009  0900 00006  1000 00004  1100 00002  1200 00002  1300 00004  1400 00007  1500 00003  1600 00002  1700 00003  1800 00002  1900 00001  2000 00001  2500 00073  
HPD02774100HPCPHI19491000200052100 00005  2200 00005  2300 00022  2400 00002  2500 00034  
HPD02774100HPCPHI19491000210020100 00001  2500 00001  
HPD02774100HPCPHI19491100010040100 00000g 1300 99999[ 2400 99999] 2500 00000I 
HPD02774100HPCPHI19491100100032300 00014  2400 00024  2500 00038  
HPD02774100HPCPHI19491100110050100 00002  0200 00002  0400 00001  0700 00001  2500 00006  
HPD02774100HPCPHI19491200010040100 00000g 1300 99999[ 2400 99999] 2500 00000I 
HPD02774100HPCPHI19491200090101200 00001  1700 00001  1800 00010  1900 00023  2000 00019  2100 00009  2200 00002  2300 00003  2400 00010  2500 00078  
HPD02774100HPCPHI19491200100030100 00004  0200 99999a 2500 00004I 
HPD02774100HPCPHI19491200110021800 00125A 2500 00125P 
HPD02774100HPCPHI19491200200030300 99999a 2000 00060A 2500 00060  
HPD02774100HPCPHI19500100010070100 00000g 1900 00003  2000 00002  2100 00001  2200 00001  2300 00001  2500 00008  
HPD02774100HPCPHI19500100020041200 00001  1800 00001  2000 00003  2500 00005  
HPD02774100HPCPHI19500100120021800 99999a 2500 00000I 
HPD02774100HPCPHI19500100130020600 00037A 2500 00037P 
HPD02774100HPCPHI19500100290020600 99999a 2500 00000I 
HPD02774100HPCPHI19500100300021100 00061A 2500 00061P 
HPD02774100HPCPHI19500200010040100 00000g 1300 99999[ 2400 99999] 2500 00000I 
HPD02774100HPCPHI19500200100021800 99999a 2500 00000I 
HPD02774100HPCPHI19500200110022200 00043A 2500 00043P 
HPD02774100HPCPHI19500200260021400 99999a 2500 00000I 
HPD02774100HPCPHI19500200270020900 00079A 2500 00079P 
HPD02774100HPCPHI19500300010020100 99999[ 2500 00000I 
HPD02774100HPCPHI19500300020021300 99999] 2500 00000I 
HPD02774100HPCPHI19500300250031700 00004  1800 00004  2500 00008  
HPD02774100HPCPHI19500300260060900 00001  1000 00001  1100 00001  1200 00012  1300 00007  2500 00022  
HPD02774100HPCPHI19500400010040100 00000g 1300 99999[ 2400 99999] 2500 00000I 
HPD02774100HPCPHI19500500010040100 00000g 1300 99999[ 2400 99999] 2500 00000I 
HPD02774100HPCPHI19500500040020700 99999[ 2500 00000I 
HPD02774100HPCPHI19500500050022400 99999] 2500 00000I 
HPD02774100HPCPHI19500600010040100 00000g 1300 99999[ 2400 99999] 2500 00000I 
HPD02774100HPCPHI19500600060031500 00005  1600 00004  2500 00009  
HPD02774100HPCPHI19500600220110300 00010  0400 00001  0500 00002  0600 00008  0700 00011  0800 00028  0900 00002  1000 00016  1100 00002  1200 00002  2500 00082  
HPD02774100HPCPHI19500700010030100 00000g 2100 99999a 2500 00000I 
HPD02774100HPCPHI19500700070021800 00030A 2500 00030P 
HPD02774100HPCPHI19500700090040200 00007  0300 00002  0400 00002  2500 00011  
HPD02774100HPCPHI19500700100031600 00001  1700 00001  2500 00002  
HPD02774100HPCPHI19500700160021300 00013  2500 00013  
HPD02774100HPCPHI19500700170042200 00003  2300 00037  2400 00005  2500 00045  
HPD02774100HPCPHI19500700180040100 00017  0200 00003  1600 00001  2500 00021  
HPD02774100HPCPHI19500700190031800 00009  1900 99999a 2500 00009I 
HPD02774100HPCPHI19500700240020700 00097A 2500 00097P 
HPD02774100HPCPHI19500800010030100 00000g 2400 00020  2500 00020  
HPD02774100HPCPHI19500800020020100 00003  2500 00003  
HPD02774100HPCPHI19500800100021800 00004  2500 00004  
HPD02774100HPCPHI19500800110081700 00035  1800 00028  1900 00001  2000 00001  2100 00001  2200 00005  2300 00001  2500 00072  
HPD02774100HPCPHI19500900010020100 00000g 2500 00000  
HPD02774100HPCPHI19500900060032000 00035  2200 00005  2500 00040  
HPD02774100HPCPHI19500900070021500 00027  2500 00027  
HPD02774100HPCPHI19500900170051500 00007  1800 00010  1900 00001  2000 99999a 2500 00018I 
HPD02774100HPCPHI19500900180021600 00008A 2500 00008P 
HPD02774100HPCPHI19500900190040500 00004  0600 00001  1500 00014  2500 00019  
HPD02774100HPCPHI19500900210101000 00002  1100 00002  1600 00002  1700 00007  1800 00019  1900 00010  2000 00002  2100 00001  2300 00003  2500 00048  
HPD02774100HPCPHI19501000010040100 00000g 1300 99999[ 2400 99999] 2500 00000I 
HPD02774100HPCPHI19501100010020100 00000g 2500 00000  
HPD02774100HPCPHI19501100140081800 00002  1900 00001  2000 00001  2100 00001  2200 00002  2300 00001  2400 00001  2500 00009  
HPD02774100HPCPHI19501100150040100 00006  0200 00011  0300 00002  2500 00019  
HPD02774100HPCPHI19501200010020100 00000g 2500 00000  
HPD02774100HPCPHI19501200310041700 00001  1800 00011  2200 00001  2500 00013  
HPD02774100HPCPHI19510100010080100 00000g 0900 00001  1000 00001  1100 00002  1200 00003  1300 00007  1400 00002  2500 00016  
HPD02774100HPCPHI19510100100021800 99999[ 2500 00000I 
HPD02774100HPCPHI19510100180021300 99999] 2500 00000I 
HPD02774100HPCPHI19510100300052100 00007  2200 00008  2300 00011  2400 00005  2500 00031  
HPD02774100HPCPHI19510100310180100 00004  0200 00003  0300 00012  0400 00021  0500 00007  0600 00002  0700 00005  0800 00022  0900 00018  1000 00007  1100 00017  1200 00003  1500 00003  1600 00003  1700 00004  1800 00002  1900 00001  2500 00134  
HPD02774100HPCPHI19510200010070100 00000g 0700 00001  1100 00002  1400 00001  1500 00001  1600 00003  2500 00008  
HPD02774100HPCPHI19510200020061100 00001  1200 00002  1300 00005  1400 00003  1500 00001  2500 00012  
HPD02774100HPCPHI19510200030061100 00001  1200 00007  1300 00008  1400 00008  1500 00002  2500 00026  
HPD02774100HPCPHI19510200190120300 00002  0400 00006  0500 00006  0600 00001  0700 00001  0800 00001  0900 00002  1000 00001  1100 00001  1200 00001  1500 00002  2500 00024  
HPD02774100HPCPHI19510200200090400 00001  0500 00001  0600 00001  0800 00001  0900 00006  1100 00002  1400 00001  2000 00004  2500 00017  
HPD02774100HPCPHI19510200240041200 00002  1300 00004  1400 00005  2500 00011  
HPD02774100HPCPHI19510300010020100 00000g 2500 00000  
HPD02774100HPCPHI19510300260071700 00002  1800 00013  1900 00001  2000 00001  2200 00023  2300 00015  2500 00055  
HPD02774100HPCPHI19510300270050200 00003  0300 00004  0400 00003  0600 00002  2500 00012  
HPD02774100HPCPHI19510400010030100 00000g 1300 99999[ 2500 00000I 
HPD02774100HPCPHI19510400040101300 99999] 1700 00002  1800 00008  1900 00003  2000 00007  2100 00001  2200 00003  2300 00001  2400 00001  2500 00026I 
HPD02774100HPCPHI19510400050110100 00001  0200 00001  0300 00001  0400 00001  0600 00001  0700 00001  1900 00001  2000 00011  2300 00001  2400 00020  2500 00039  
HPD02774100HPCPHI19510400060090100 00010  0200 00009  0300 00001  0500 00001  0600 00001  2200 00001  2300 00003  2400 00001  2500 00027  
HPD02774100HPCPHI19510400070052000 00015  2100 00013  2200 00004  2300 00001  2500 00033  
HPD02774100HPCPHI19510400190110900 00007  1000 00004  1100 00004  1200 00008  1300 00005  1500 00002  1600 00002  1700 00001  2300 00002  2400 00003  2500 00038  
HPD02774100HPCPHI19510400200050100 00005  0800 00001  0900 00002  1000 00001  2500 00009  
HPD02774100HPCPHI19510400260030500 00001  0600 00003  2500 00004  
HPD02774100HPCPHI19510400290070900 00002  1000 00011  1100 00002  1200 00001  1300 00008  1400 00011  2500 00035  
HPD02774100HPCPHI19510400300091100 00022  1200 00010  1400 00001  1600 00001  1700 00001  2100 00001  2200 00003  2300 00001  2500 00040  
HPD02774100HPCPHI19510500010020100 00000g 2500 00000  
HPD02774100HPCPHI19510500140070700 00003  0800 00001  0900 00008  1000 00014  1100 00015  1200 00002  2500 00043  
HPD02774100HPCPHI19510500150080200 00001  0300 00005  0400 00002  0500 00004  0600 00003  0700 00001  1000 00002  2500 00018  
HPD02774100HPCPHI19510500160021300 00004  2500 00004  
HPD02774100HPCPHI19510600010020100 00000g 2500 00000  
HPD02774100HPCPHI19510700010020100 00000g 2500 00000  
HPD02774100HPCPHI19510700170031400 00030  1500 00005  2500 00035  
HPD02774100HPCPHI19510700250051600 00001  1700 00009  1800 00008  1900 00001  2500 00019  
HPD02774100HPCPHI19510700280061400 00008  1500 00001  1700 00001  1800 00001  2200 00057  2500 00068  
HPD02774100HPCPHI19510700290070900 00002  1000 00001  1100 00001  1900 00066  2000 00002  2200 00003  2500 00075  
HPD02774100HPCPHI19510800010050100 00000g 0300 00003  0400 00001  0500 00001  2500 00005  
HPD02774100HPCPHI19510800020030500 00001  0600 00001  2500 00002  
HPD02774100HPCPHI19510800030041600 00002  1700 00001  1800 00002  2500 00005  
HPD02774100HPCPHI19510800170071500 00150  1600 00062  1700 00001  1800 00001  1900 00001  2000 00003  2500 00218  
HPD02774100HPCPHI19510800180031800 00001  1900 00007  2500 00008  
HPD02774100HPCPHI19510800260021900 99999a 2500 00000I 
HPD02774100HPCPHI19510800280100900 00200A 1000 00005  1100 00002  1200 00027  1300 00001  1400 00025  1500 00005  1600 00012  1700 00033  2500 00310P 
HPD02774100HPCPHI19510800290100500 00004  0600 00002  0700 00005  0800 00002  0900 00001  1100 00001  1300 00001  1400 00001  1500 00001  2500 00018  
HPD02774100HPCPHI19510900010020100 00000g 2500 00000  
HPD02774100HPCPHI19510900040031500 99999[ 2400 99999] 2500 00000I 
HPD02774100HPCPHI19511000010020100 00000g 2500 00000  
HPD02774100HPCPHI19511000250020100 99999[ 2500 00000I 
HPD02774100HPCPHI19511000260022400 99999] 2500 00000I 
HPD02774100HPCPHI19511000290021300 99999[ 2500 00000I 
HPD02774100HPCPHI19511000310022400 99999] 2500 00000I 
HPD02774100HPCPHI19511100010020100 00000g 2500 00000  
HPD02774100HPCPHI19511100100021900 99999[ 2500 00000I 
HPD02774100HPCPHI19511100240022400 99999] 2500 00000I 
HPD02774100HPCPHI19511200010020100 00000g 2500 00000  
HPD02774100HPCPHI19511200050020100 99999[ 2500 00000I 
HPD02774100HPCPHI19511200120020400 99999] 2500 00000I 
HPD02774100HPCPHI19511200190042200 00001  2300 00014  2400 00010  2500 00025  
HPD02774100HPCPHI19511200200090100 00005  0200 00008  0300 00009  0400 00008  0500 00005  0600 00010  0700 00015  0800 00010  2500 00070  
HPD02774100HPCPHI19511200290020100 99999[ 2500 00000I 
HPD02774100HPCPHI19511200310022400 99999] 2500 00000I 
HPD02774100HPCPHI19520100010030100 00000g 1900 99999[ 2500 00000I 
HPD02774100HPCPHI19520100020021900 99999] 2500 00000I 
HPD02774100HPCPHI19520100070061100 00001  1200 00003  1300 00006  1400 00002  1500 00006  2500 00018  
HPD02774100HPCPHI19520100120022400 00001  2500 00001  
HPD02774100HPCPHI19520100130200100 00001  0200 00003  0400 00002  0700 00005  0800 00008  0900 00002  1000 00002  1100 00016  1200 00032  1300 00030  1400 00025  1500 00028  1600 00014  1700 00004  1800 00002  1900 00001  2000 00001  2100 00015  2200 00001  2500 00192  
HPD02774100HPCPHI19520100160081800 00002  1900 00005  2000 00007  2100 00009  2200 00005  2300 00007  2400 00008  2500 00043  
HPD02774100HPCPHI19520100170200100 00012  0200 00010  0300 00009  0400 00007  0500 00009  0600 00010  0700 00007  0800 00003  0900 00014  1000 00020  1100 00009  1200 00012  1300 00013  1400 00005  1500 00012  1600 00010  1700 00011  1800 00004  1900 00004  2500 00181  
HPD02774100HPCPHI19520200010020100 00000g 2500 00000  
HPD02774100HPCPHI19520200090061700 00001  1800 00004  2000 00001  2300 00004  2400 00008  2500 00018  
HPD02774100HPCPHI19520200100100200 00002  0600 00007  0700 00003  1100 00012  1200 00002  1300 00006  1700 00001  1800 00001  2000 00003  2500 00037  
HPD02774100HPCPHI19520200110041000 00001  1100 00013  1200 00006  2500 00020  
HPD02774100HPCPHI19520300010020100 00000g 2500 00000  
HPD02774100HPCPHI19520300020180200 00001  0400 00002  0600 00008  0700 00006  0800 00011  0900 00015  1000 00020  1200 00001  1400 00002  1500 00005  1600 00007  1700 00003  1800 00007  1900 00006  2000 00003  2100 00001  2400 00005  2500 00103  
HPD02774100HPCPHI19520300030190100 00009  0200 00006  0300 00001  0400 00004  0500 00003  0600 00002  0900 00002  1000 00005  1100 00008  1200 00004  1300 00001  1500 00001  1600 00004  1700 00001  1800 00003  1900 00001  2000 00003  2100 00002  2500 00060  
HPD02774100HPCPHI19520300090060500 00002  0600 00003  0900 00002  1000 00003  1200 00001  2500 00011  
HPD02774100HPCPHI19520300110200200 00001  0400 00001  0500 00001  0600 00001  0700 00001  0800 00003  0900 00002  1000 00008  1100 00006  1200 00010  1300 00015  1400 00010  1500 00008  1600 00002  1700 00002  1800 00006  2000 00005  2100 00001  2300 00001  2500 00084  
HPD02774100HPCPHI19520300120060100 00003  0200 00001  0300 00009  0400 00001  0500 00001  2500 00015  
HPD02774100HPCPHI19520300160020100 99999a 2500 00000I 
HPD02774100HPCPHI19520300170021800 00085A 2500 00085P 
HPD02774100HPCPHI19520400010020100 00000g 2500 00000  
HPD02774100HPCPHI19520400110052100 00003  2200 00001  2300 00002  2400 00001  2500 00007  
HPD02774100HPCPHI19520400120090100 00003  0200 00001  0500 00003  0600 00001  1100 00001  1200 00001  1500 00001  1600 00001  2500 00012  
HPD02774100HPCPHI19520400190032200 00010  2400 00004  2500 00014  
HPD02774100HPCPHI19520400200080100 00003  0200 00013  0300 00011  0400 00001  0500 00005  1200 00010  1300 00015  2500 00058  
HPD02774100HPCPHI19520400210050900 00002  1000 00002  1100 00001  1200 00002  2500 00007  
HPD02774100HPCPHI19520400240061800 00001  1900 00001  2200 00003  2300 00001  2400 00001  2500 00007  
HPD02774100HPCPHI19520400250050200 00005  0300 00003  0400 00002  0500 00002  2500 00012  
HPD02774100HPCPHI19520400260042000 00001  2200 00001  2400 00001  2500 00003  
HPD02774100HPCPHI19520400270080100 00001  0200 00002  1000 00005  1100 00004  1200 00001  1600 00005  1700 00001  2500 00019  
HPD02774100HPCPHI19520400280130100 00002  0200 00005  0700 00001  0800 00001  0900 00002  1000 00003  1200 00001  1300 00004  1400 00006  1500 00004  1600 00005  1700 00005  2500 00039  
HPD02774100HPCPHI19520500010020100 00000g 2500 00000  
HPD02774100HPCPHI19520500180051200 00005  1500 00002  1600 00005  1700 00001  2500 00013  
HPD02774100HPCPHI19520600010020100 00000g 2500 00000  
HPD02774100HPCPHI19520600020150500 00007  0600 00002  0700 00009  0800 00001  0900 00009  1000 00008  1100 00017  1200 00020  1300 00002  1400 00001  1500 00001  1600 00001  2100 00001  2200 00001  2500 00080  
HPD02774100HPCPHI19520700010020100 00000g 2500 00000  
HPD02774100HPCPHI19520700040040400 00007  0500 00013  0600 00010  2500 00030  
HPD02774100HPCPHI19520700060031600 00008  1700 00023  2500 00031  
HPD02774100HPCPHI19520700080051500 00001  1600 00001  1700 00005  1800 00002  2500 00009  
HPD02774100HPCPHI19520700210021900 99999[ 2500 00000I 
HPD02774100HPCPHI19520700240020900 99999] 2500 00000I 
HPD02774100HPCPHI19520700250051500 00037  1700 00009  1900 00001  2000 00002  2500 00049  
HPD02774100HPCPHI19520700280041800 00009  1900 00001  2000 00001  2500 00011  
HPD02774100HPCPHI19520800010020100 00000g 2500 00000  
HPD02774100HPCPHI19520800040021800 00021  2500 00021  
HPD02774100HPCPHI19520800050031400 00001  1500 00002  2500 00003  
HPD02774100HPCPHI19520800080052100 00008  2200 00009  2300 00001  2400 00001  2500 00019  
HPD02774100HPCPHI19520800110051500 00003  1800 00002  2000 00002  2100 00001  2500 00008  
HPD02774100HPCPHI19520800130031000 00005  2400 00001  2500 00006  
HPD02774100HPCPHI19520800140050300 00001  0500 00001  1700 00008  1800 00002  2500 00012  
HPD02774100HPCPHI19520800150071400 00001  1500 00010  1600 00011  1700 00001  1800 00002  1900 00001  2500 00026  
HPD02774100HPCPHI19520800230031600 00006  1700 00002  2500 00008  
HPD02774100HPCPHI19520800240041900 00035  2000 00003  2100 00002  2500 00040  
HPD02774100HPCPHI19520800270080200 00001  0400 00001  0500 00001  0600 00001  0800 00034  0900 00012  1000 00002  2500 00052  
HPD02774100HPCPHI19520900010020100 00000g 2500 00000  
HPD02774100HPCPHI19520900200061900 00003  2100 00001  2200 00001  2300 00002  2400 00006  2500 00013  
HPD02774100HPCPHI19520900210020100 00002  2500 00002  
HPD02774100HPCPHI19520900220020100 00009  2500 00009  
HPD02774100HPCPHI19520900290041700 00001  1800 00001  1900 00004  2500 00006  
HPD02774100HPCPHI19521000010020100 00000g 2500 00000  
HPD02774100HPCPHI19521100010020100 00000g 2500 00000  
HPD02774100HPCPHI19521100080041600 00005  2100 00020  2300 00002  2500 00027  
HPD02774100HPCPHI19521100090080100 00002  0200 00007  0300 00001  0400 00001  0500 00001  0600 00007  0700 00010  2500 00029  
HPD02774100HPCPHI19521100150150300 00005  0400 00001  0500 00001  0800 00014  0900 00014  1000 00020  1100 00012  1200 00005  1300 00001  1400 00011  1500 00004  1600 00002  1700 00005  2300 00002  2500 00097  
HPD02774100HPCPHI19521100160170200 00001  0300 00012  0400 00020  0500 00021  0600 00001  0900 00001  1000 00001  1300 00005  1400 00006  1500 00007  1600 00005  1700 00001  1800 00002  2100 00001  2200 00001  2300 00001  2500 00086  
HPD02774100HPCPHI19521100170090500 00001  0600 00001  0900 00001  1000 00006  1100 00006  1200 00007  1300 00015  1400 00002  2500 00039  
HPD02774100HPCPHI19521100230021700 99999a 2500 00000I 
HPD02774100HPCPHI19521100240022000 00113A 2500 00113P 
HPD02774100HPCPHI19521100300030100 99999a 1700 00033A 2500 00033  
HPD02774100HPCPHI19521200010020100 00000g 2500 00000  
HPD02774100HPCPHI19521200170091600 00002  1700 00003  1800 00001  1900 00001  2100 00002  2200 00005  2300 00001  2400 00001  2500 00016  
HPD02774100HPCPHI19521200180080100 00008  0200 00003  0300 00002  0400 00001  0500 00001  1900 00012  2000 00002  2500 00029  
HPD02774100HPCPHI19521200200042200 00013  2300 00009  2400 00003  2500 00025  
HPD02774100HPCPHI19521200210080300 00001  1100 00002  1200 00012  1300 00002  1400 00004  1500 00007  1600 00009  2500 00037  
HPD02774100HPCPHI19521200240031200 00001  1300 00005  2500 00006  
HPD02774100HPCPHI19521200310021200 00007  2500 00007  
HPD02774100HPCPHI19530100010020100 00000g 2500 00000  
HPD02774100HPCPHI19530100060042200 00002  2300 00002  2400 00001  2500 00005  
HPD02774100HPCPHI19530100070150100 00002  0200 00006  0300 00006  0400 00005  0500 00002  0600 00004  0700 00005  0800 00005  0900 00005  1000 00001  1100 00004  1200 00003  1300 00002  1400 00002  2500 00052  
HPD02774100HPCPHI19530200010020100 00000g 2500 00000  
HPD02774100HPCPHI19530200100030100 99999a 1200 00008A 2500 00008  
HPD02774100HPCPHI19530200130030100 99999a 1800 00019A 2500 00019  
HPD02774100HPCPHI19530200240031000 99999a 1800 00057A 2500 00057  
HPD02774100HPCPHI19530200280031000 99999a 2400 00110A 2500 00110  
HPD02774100HPCPHI19530300010020100 00000g 2500 00000  
HPD02774100HPCPHI19530300020030800 99999a 2100 00110A 2500 00110  
HPD02774100HPCPHI19530300080030500 00005  0800 00005  2500 00010  
HPD02774100HPCPHI19530300160062000 00001  2100 00001  2200 00001  2300 00001  2400 00001  2500 00005  
HPD02774100HPCPHI19530300290040400 00008  0500 00007  0600 00003  2500 00018  
HPD02774100HPCPHI19530400010020100 00000g 2500 00000  
HPD02774100HPCPHI19530400070030900 00002  1200 00001  2500 00003  
HPD02774100HPCPHI19530400220030800 00002  0900 00003  2500 00005  
HPD02774100HPCPHI19530400230040900 00005  1000 00006  1100 00002  2500 00013  
HPD02774100HPCPHI19530400280090100 00003  0300 00003  0400 00007  0500 00005  0700 00009  0800 00002  1100 00003  1200 00006  2500 00038  
HPD02774100HPCPHI19530500010020100 00000g 2500 00000  
HPD02774100HPCPHI19530600010020100 00000g 2500 00000  
HPD02774100HPCPHI19530600120042100 00002  2200 00010  2300 00001  2500 00013  
HPD02774100HPCPHI19530700010020100 00000g 2500 00000  
HPD02774100HPCPHI19530700060021500 00055  2500 00055  
HPD02774100HPCPHI19530700070061400 00028  1500 00004  1600 00005  1700 00001  1800 00002  2500 00040  
HPD02774100HPCPHI19530700090022000 00018  2500 00018  
HPD02774100HPCPHI19530700130031700 00003  1800 00001  2500 00004  
HPD02774100HPCPHI19530700160061300 00010  1400 00002  1500 00001  2300 00002  2400 00001  2500 00016  
HPD02774100HPCPHI19530700170040300 00002  1000 00001  1100 00014  2500 00017  
HPD02774100HPCPHI19530700240071600 00009  1700 00001  1800 00001  2100 00003  2200 00002  2300 00001  2500 00017  
HPD02774100HPCPHI19530700250031700 00034  1800 00001  2500 00035  
HPD02774100HPCPHI19530700280100400 00002  0500 00006  0600 00001  1200 00001  1300 00047  1400 00001  1500 00002  1600 00001  1700 00001  2500 00062  
HPD02774100HPCPHI19530700290051800 00004  1900 00003  2000 00004  2100 00004  2500 00015  
HPD02774100HPCPHI19530700300040700 00002  0800 00001  0900 00004  2500 00007  
HPD02774100HPCPHI19530800010020100 00000g 2500 00000  
HPD02774100HPCPHI19530800090022400 00015  2500 00015  
HPD02774100HPCPHI19530800100030100 00009  0200 00001  2500 00010  
HPD02774100HPCPHI19530800110031700 00012  1800 00030  2500 00042  
HPD02774100HPCPHI19530800120052000 00002  2100 00023  2200 00003  2300 00027  2500 00055  
HPD02774100HPCPHI19530800170021500 00013  2500 00013  
HPD02774100HPCPHI19530800200031300 99999[ 1900 99999] 2500 00000I 
HPD02774100HPCPHI19530800220030700 99999[ 1300 99999] 2500 00000I 
HPD02774100HPCPHI19530800270031900 99999[ 2400 99999] 2500 00000I 
HPD02774100HPCPHI19530900010020100 00000g 2500 00000  
HPD02774100HPCPHI19531000010020100 00000g 2500 00000  
HPD02774100HPCPHI19531100010020100 00000g 2500 00000  
HPD02774100HPCPHI19531100170041900 00003  2000 00001  2400 00002  2500 00006  
HPD02774100HPCPHI19531100180130100 00006  0500 00003  0600 00011  0700 00013  0800 00007  0900 00002  1000 00001  1100 00001  1300 00001  1600 00008  1700 00011  1800 00002  2500 00066  
HPD02774100HPCPHI19531200010020100 00000g 2500 00000  
HPD02774100HPCPHI19531200020020300 00004  2500 00004  
HPD02774100HPCPHI19531200040101500 00003  1600 00003  1700 00003  1800 00011  1900 00018  2000 00001  2100 00001  2200 00001  2300 00003  2500 00044  
HPD02774100HPCPHI19531200050020200 00001  2500 00001  
HPD02774100HPCPHI19540100010020100 00000g 2500 00000  
HPD02774100HPCPHI19540100120022200 99999[ 2500 00000I 
HPD02774100HPCPHI19540100130021900 99999] 2500 00000I 
HPD02774100HPCPHI19540100190022200 99999[ 2500 00000I 
HPD02774100HPCPHI19540100200022400 99999] 2500 00000I 
HPD02774100HPCPHI19540100250091600 00002  1700 00004  1800 00007  1900 00006  2000 00013  2100 00015  2200 00001  2300 00003  2500 00051  
HPD02774100HPCPHI19540200010020100 00000g 2500 00000  
HPD02774100HPCPHI19540200020030100 00001  0200 00001  2500 00002  
HPD02774100HPCPHI19540200140021100 99999a 2500 00000I 
HPD02774100HPCPHI19540200150020800 00070A 2500 00070P 
HPD02774100HPCPHI19540300010020100 00000g 2500 00000  
HPD02774100HPCPHI19540300040040200 00001  0300 00004  0800 00007  2500 00012  
HPD02774100HPCPHI19540300170081200 00002  1300 00001  1400 00004  1500 00005  1600 00005  1700 00004  1800 00001  2500 00022  
HPD02774100HPCPHI19540300210071900 00001  2000 00002  2100 00002  2200 00001  2300 00001  2400 00004  2500 00011  
HPD02774100HPCPHI19540300220250100 00004  0200 00006  0300 00009  0400 00002  0500 00003  0600 00008  0700 00007  0800 00010  0900 00011  1000 00008  1100 00010  1200 00009  1300 00010  1400 00008  1500 00009  1600 00015  1700 00015  1800 00016  1900 00034  2000 00015  2100 00009  2200 00017  2300 00001  2400 00003  2500 00239  
HPD02774100HPCPHI19540300230150100 00030  0200 00016  0300 00011  0400 00008  0500 00003  0600 00012  0700 00018  0800 00012  0900 00016  1000 00039  1100 00005  1200 00005  1300 00015  1400 00001  2500 00191  
HPD02774100HPCPHI19540300240110700 00004  0800 00010  0900 00009  1000 00001  1200 00001  1300 00001  1600 00003  2000 00002  2100 00003  2300 00010  2500 00044  
HPD02774100HPCPHI19540300250100100 00001  0200 00003  0700 00001  0800 00002  0900 00003  2100 00002  2200 00008  2300 00005  2400 00005  2500 00030  
HPD02774100HPCPHI19540300260030100 00002  0200 00001  2500 00003  
HPD02774100HPCPHI19540300310030100 99999[ 2400 99999] 2500 00000I 
HPD02774100HPCPHI19540400010020100 99999[ 2500 00000I 
HPD02774100HPCPHI19540400300022400 99999] 2500 00000I 
HPD02774100HPCPHI19540500010020100 99999[ 2500 00000I 
HPD02774100HPCPHI19540500310022400 99999] 2500 00000I 
HPD02774100HPCPHI19540600010020100 99999[ 2500 00000I 
HPD02774100HPCPHI19540600300022400 99999] 2500 00000I 
HPD02774100HPCPHI19540700010020100 99999[ 2500 00000I 
HPD02774100HPCPHI19540700310022400 99999] 2500 00000I 
HPD02774100HPCPHI19540800010040100 00000g 1900 99999[ 2400 99999] 2500 00000I 
HPD02774100HPCPHI19540800030031400 99999[ 2400 99999] 2500 00000I 
HPD02774100HPCPHI19540800040031700 99999[ 2100 99999] 2500 00000I 
HPD02774100HPCPHI19540800050030300 99999[ 1300 99999] 2500 00000I 
HPD02774100HPCPHI19540800060030900 99999[ 1500 99999] 2500 00000I 
HPD02774100HPCPHI19540800070031300 99999[ 1700 99999] 2500 00000I 
HPD02774100HPCPHI19540800080031600 00017  1700 00021  2500 00038  
HPD02774100HPCPHI19540800090032300 00005  2400 00002  2500 00007  
HPD02774100HPCPHI19540800120051000 00001  1100 00003  1200 00003  1300 00001  2500 00008  
HPD02774100HPCPHI19540800150030100 00010  0200 00005  2500 00015  
HPD02774100HPCPHI19540800180030100 00010  0200 00005  2500 00015  
HPD02774100HPCPHI19540800220030400 00003  0500 00005  2500 00008  
HPD02774100HPCPHI19540800230051600 00053  1800 00005  1900 00016  2000 00007  2500 00081  
HPD02774100HPCPHI19540800290021500 00028  2500 00028  
HPD02774100HPCPHI19540800300031600 00024  1700 00005  2500 00029  
HPD02774100HPCPHI19540800310021500 00050  2500 00050  
HPD02774100HPCPHI19540900010020100 00000g 2500 00000  
HPD02774100HPCPHI19540900020030100 00004  0200 00001  2500 00005  
HPD02774100HPCPHI19540900050031000 99999[ 1600 99999] 2500 00000I 
HPD02774100HPCPHI19540900100031900 00001  2000 00004  2500 00005  
HPD02774100HPCPHI19540900110021700 00008  2500 00008  
HPD02774100HPCPHI19540900120021400 00003  2500 00003  
HPD02774100HPCPHI19540900230030500 99999[ 1500 99999] 2500 00000I 
HPD02774100HPCPHI19540900240030200 99999[ 1000 99999] 2500 00000I 
HPD02774100HPCPHI19541000010020100 99999[ 2500 00000I 
HPD02774100HPCPHI19541000310022400 99999] 2500 00000I 
HPD02774100HPCPHI19541100010020100 99999[ 2500 00000I 
HPD02774100HPCPHI19541100300022400 99999] 2500 00000I 
HPD02774100HPCPHI19541200010020100 99999[ 2500 00000I 
HPD02774100HPCPHI19541200310022400 99999] 2500 00000I 
HPD02774100HPCPHI19550100010020100 99999[ 2500 00000I 
HPD02774100HPCPHI19550100310022400 99999] 2500 00000I 
HPD02774100HPCPHI19550200010020100 99999[ 2500 00000I 
HPD02774100HPCPHI19550200280022400 99999] 2500 00000I 
HPD02774100HPCPHI19550300010020100 99999[ 2500 00000I 
HPD02774100HPCPHI19550300310022400 99999] 2500 00000I 
HPD02774100HPCPHI19550400010020100 99999[ 2500 00000I 
HPD02774100HPCPHI19550400300022400 99999] 2500 00000I 
HPD02774100HPCPHI19550500010020100 99999[ 2500 00000I 
HPD02774100HPCPHI19550500310022400 99999] 2500 00000I 
HPD02774100HPCPHI19550600010020100 00000g 2500 00000  
HPD02774100HPCPHI19550600120021100 99999[ 2500 00000I 
HPD02774100HPCPHI19550600140020400 99999] 2500 00000I 
HPD02774100HPCPHI19550700010020100 00000g 2500 00000  
HPD02774100HPCPHI19550700170032100 99999a 2400 00037A 2500 00037  
HPD02774100HPCPHI19550700200021200 00010  2500 00010  
HPD02774100HPCPHI19550700210031300 00025  1400 00024  2500 00049  
HPD02774100HPCPHI19550700220051600 00065  1700 00006  2000 00049  2100 00003  2500 00123  
HPD02774100HPCPHI19550700230071100 00013  1200 00026  1300 00006  1400 00001  1500 00001  1600 00001  2500 00048  
HPD02774100HPCPHI19550700240020500 00001  2500 00001  
HPD02774100HPCPHI19550700250100100 00001  0200 00007  0300 00007  0600 00003  0700 00016  0800 00020  1300 00002  1500 00001  1600 00001  2500 00058  
HPD02774100HPCPHI19550700290101500 00009  1600 00067  1700 00004  1800 00001  2000 00001  2100 00002  2200 00001  2300 00001  2400 00002  2500 00088  
HPD02774100HPCPHI19550700300040100 00001  0200 00005  0300 00001  2500 00007  
HPD02774100HPCPHI19550700310021500 00003  2500 00003  
HPD02774100HPCPHI19550800010020100 00000g 2500 00000  
HPD02774100HPCPHI19550800030041700 00004  1800 00109  1900 00002  2500 00115  
HPD02774100HPCPHI19550800040031800 99999[ 2200 99999] 2500 00000I 
HPD02774100HPCPHI19550800060031300 99999[ 2400 99999] 2500 00000I 
HPD02774100HPCPHI19550800080031500 99999[ 2400 99999] 2500 00000I 
HPD02774100HPCPHI19550800120022000 99999[ 2500 00000I 
HPD02774100HPCPHI19550800130020700 99999] 2500 00000I 
HPD02774100HPCPHI19550800180031700 99999[ 2100 99999] 2500 00000I 
HPD02774100HPCPHI19550800190031400 99999[ 2400 99999] 2500 00000I 
HPD02774100HPCPHI19550800200031700 99999[ 2100 99999] 2500 00000I 
HPD02774100HPCPHI19550800230051700 00001  1900 00001  2000 00003  2100 00001  2500 00006  
HPD02774100HPCPHI19550800240041100 00002  1200 00003  1300 00002  2500 00007  
HPD02774100HPCPHI19550900010020100 99999[ 2500 00000I 
HPD02774100HPCPHI19550900300022400 99999] 2500 00000I 
HPD02774100HPCPHI19551000010020100 00000g 2500 00000  
HPD02774100HPCPHI19551100010020100 00000g 2500 00000  
HPD02774100HPCPHI19551100120022400 00004  2500 00004  
HPD02774100HPCPHI19551100130100400 00002  0500 00005  0900 00004  1000 00002  1200 00003  1300 00002  1400 00001  1500 00002  1600 00002  2500 00023  
HPD02774100HPCPHI19551100140110600 00002  0700 00004  0900 00002  1200 00002  1300 00005  1500 00003  1600 00012  1700 00007  2000 00004  2100 00007  2500 00048  
HPD02774100HPCPHI19551100150060400 00002  0500 00008  0600 00013  0700 00014  0800 00003  2500 00040  
HPD02774100HPCPHI19551100220030100 99999a 0600 00021A 2500 00021  
HPD02774100HPCPHI19551100300030300 99999a 1200 00022A 2500 00022  
HPD02774100HPCPHI19551200010050100 00000g 0700 00002  0800 00003  2100 00001  2500 00006  
HPD02774100HPCPHI19551200020140200 00001  0300 00004  0400 00012  0500 00011  0600 00015  0700 00010  0800 00005  0900 00011  1000 00004  1100 00011  1200 00015  1300 00016  1400 00003  2500 00118  
HPD02774100HPCPHI19551200040071700 00001  1800 00001  1900 00003  2000 00002  2100 00002  2200 00001  2500 00010  
HPD02774100HPCPHI19551200070020700 00001  2500 00001  
HPD02774100HPCPHI19551200270041700 00003  1800 00006  1900 00001  2500 00010  
HPD02774100HPCPHI19560100010020100 00000g 2500 00000  
HPD02774100HPCPHI19560100200022100 99999a 2500 00000I 
HPD02774100HPCPHI19560100210021700 00040A 2500 00040P 
HPD02774100HPCPHI19560100280180800 00003  0900 00013  1000 00007  1100 00020  1200 00022  1300 00020  1400 00007  1500 00015  1600 00003  1700 00006  1800 00019  1900 00013  2000 00017  2100 00019  2200 00006  2300 00003  2400 00012  2500 00205  
HPD02774100HPCPHI19560100310101000 00001  1100 00001  1300 00001  1400 00001  2000 00005  2100 00008  2200 00005  2300 00002  2400 00003  2500 00027  
HPD02774100HPCPHI19560200010120100 00004  0200 00003  0300 00002  0400 00001  1200 00002  1300 00001  1400 00007  1500 00005  1600 00001  1700 00003  1800 00001  2500 00030  
HPD02774100HPCPHI19560200070100300 00002  0400 00001  0500 00004  0600 00008  0700 00001  0900 00002  1000 00001  1100 00001  1200 00001  2500 00021  
HPD02774100HPCPHI19560200080110600 00001  0700 00007  1000 00003  1100 00002  1300 00002  1400 00001  1500 00002  1600 00001  1700 00011  1800 00001  2500 00031  
HPD02774100HPCPHI19560200090030200 00001  0300 00001  2500 00002  
HPD02774100HPCPHI19560200160131200 00001  1400 00001  1500 00005  1600 00001  1700 00007  1800 00010  1900 00005  2000 00003  2100 00005  2200 00007  2300 00001  2400 00001  2500 00047  
HPD02774100HPCPHI19560200170100100 00001  0200 00002  0500 00001  0600 00001  0700 00001  0900 00001  1000 00005  1100 00008  1200 00001  2500 00021  
HPD02774100HPCPHI19560300010020100 00000g 2500 00000  
HPD02774100HPCPHI19560400010070100 00000g 2000 00007  2100 00001  2200 00001  2300 00002  2400 00003  2500 00014  
HPD02774100HPCPHI19560400020120200 00002  0300 00007  0400 00004  0500 00001  0600 00008  0700 00003  0900 00002  1000 00003  1100 00001  1200 00001  1400 00001  2500 00033  
HPD02774100HPCPHI19560400140030600 99999a 1800 00041A 2500 00041  
HPD02774100HPCPHI19560400200031600 99999a 2400 00044A 2500 00044  
HPD02774100HPCPHI19560500010020100 00000g 2500 00000  
HPD02774100HPCPHI19560600010020100 00000g 2500 00000  
HPD02774100HPCPHI19560700010020100 00000g 2500 00000  
HPD02774100HPCPHI19560700120020100 00002  2500 00002  
HPD02774100HPCPHI19560700160051600 00008  1700 00001  1800 00002  1900 00001  2500 00012  
HPD02774100HPCPHI19560700170041600 00004  1700 00015  1800 00005  2500 00024  
HPD02774100HPCPHI19560700190021700 00005  2500 00005  
HPD02774100HPCPHI19560700210051400 00002  1500 00004  1600 00001  1700 00002  2500 00009  
HPD02774100HPCPHI19560700240022100 00035  2500 00035  
HPD02774100HPCPHI19560700250031300 00002  1400 00001  2500 00003  
HPD02774100HPCPHI19560700290031600 99999a 2200 00041A 2500 00041  
HPD02774100HPCPHI19560700310051100 00002  1700 00030  1800 00003  1900 00005  2500 00040  
HPD02774100HPCPHI19560800010070100 00000g 0800 00004  0900 00003  1000 00003  1100 00003  1200 00002  2500 00015  
HPD02774100HPCPHI19560800110031600 99999[ 2300 99999] 2500 00000I 
HPD02774100HPCPHI19560800120030400 99999[ 1300 99999] 2500 00000I 
HPD02774100HPCPHI19560800170031500 99999a 1800 00078A 2500 00078  
HPD02774100HPCPHI19560800240031400 99999a 1800 00011A 2500 00011  
HPD02774100HPCPHI19560900010020100 00000g 2500 00000  
HPD02774100HPCPHI19561000010020100 00000g 2500 00000  
HPD02774100HPCPHI19561000230021100 99999a 2500 00000I 
HPD02774100HPCPHI19561000240020500 00076A 2500 00076P 
HPD02774100HPCPHI19561000280021800 99999a 2500 00000I 
HPD02774100HPCPHI19561000290021600 00076A 2500 00076P 
HPD02774100HPCPHI19561100010020100 00000g 2500 00000  
HPD02774100HPCPHI19561200010020100 00000g 2500 00000  
HPD02774100HPCPHI19561200070141000 00002  1100 00004  1200 00004  1300 00006  1400 00010  1500 00006  1600 00004  1700 00007  1800 00012  1900 00009  2000 00001  2100 00001  2200 00002  2500 00068  
HPD02774100HPCPHI19561200220030800 99999[ 1200 99999] 2500 00000I 
HPD02774100HPCPHI19570100010020100 00000g 2500 00000  
HPD02774100HPCPHI19570100030081300 00017  1400 00025  1500 00001  1700 00001  1800 00001  2100 00001  2200 00003  2500 00049  
HPD02774100HPCPHI19570100040040200 00002  0300 00001  0400 00002  2500 00005  
HPD02774100HPCPHI19570100050050800 00002  0900 00005  1000 00003  1100 00001  2500 00011  
HPD02774100HPCPHI19570100070111300 00002  1400 00001  1500 00001  1600 00002  1700 00001  2000 00001  2100 00006  2200 00010  2300 00010  2400 00013  2500 00047  
HPD02774100HPCPHI19570100080140100 00009  0200 00016  0300 00012  0400 00008  0500 00010  0600 00012  0700 00009  0800 00001  1000 00005  2100 00003  2200 00004  2300 00007  2400 00006  2500 00102  
HPD02774100HPCPHI19570100090140100 00027  0200 00003  0300 00005  0400 00008  0500 00002  0700 00010  0800 00007  0900 00015  1000 00002  1100 00001  1200 00002  1300 00006  1400 00001  2500 00089  
HPD02774100HPCPHI19570100100140400 00001  0500 00001  0600 00009  0700 00013  0800 00018  0900 00021  1000 00011  1100 00010  1200 00002  1300 00001  1400 00005  1500 99999a 2200 00036A 2500 00128  
HPD02774100HPCPHI19570100210081000 00001  1100 00003  1200 00004  1400 00001  1600 00001  1700 00001  1800 00003  2500 00014  
HPD02774100HPCPHI19570100270150300 00002  0400 00002  0500 00003  0600 00002  0700 00002  0800 00007  0900 00002  1000 00002  1300 00001  1400 00002  1500 00005  1600 00011  1700 00003  1800 00006  2500 00050  
HPD02774100HPCPHI19570100300030100 99999a 1200 00100A 2500 00100  
HPD02774100HPCPHI19570200010020100 00000g 2500 00000  
HPD02774100HPCPHI19570200170081700 00013  1800 00001  1900 00001  2000 00001  2100 00001  2200 00001  2300 00006  2500 00024  
HPD02774100HPCPHI19570200180060200 00001  0300 00001  1000 00001  1100 00001  1600 00001  2500 00005  
HPD02774100HPCPHI19570200190080900 00003  1000 00001  1100 00001  1200 00001  1300 00001  1400 00001  1600 00001  2500 00009  
HPD02774100HPCPHI19570200210022300 99999a 2500 00000I 
HPD02774100HPCPHI19570200220020300 00008A 2500 00008P 
HPD02774100HPCPHI19570200230061400 00002  1500 00008  1600 00005  1700 00004  1800 00009  2500 00028  
HPD02774100HPCPHI19570200240030200 00002  0300 00001  2500 00003  
HPD02774100HPCPHI19570300010110100 00000g 1000 00001  1100 00001  1200 00023  1500 00002  1600 00001  1700 00007  1800 00012  1900 00021  2000 00009  2500 00077  
HPD02774100HPCPHI19570300030071100 00001  1200 00001  1300 00001  1700 00008  1800 00001  1900 00001  2500 00013  
HPD02774100HPCPHI19570300090022400 00002  2500 00002  
HPD02774100HPCPHI19570300100080100 00006  0200 00013  0300 00007  0800 00008  0900 00009  1000 00006  1100 00005  2500 00054  
HPD02774100HPCPHI19570300190111300 00002  1400 00016  1500 00002  1600 00001  1700 00001  2000 00001  2100 00001  2200 00007  2300 00006  2400 00003  2500 00040  
HPD02774100HPCPHI19570300200050100 00002  0200 00007  0300 00005  0400 00001  2500 00015  
HPD02774100HPCPHI19570300220060200 00002  0300 00002  0400 00021  0500 00004  0600 00001  2500 00030  
HPD02774100HPCPHI19570400010060100 00000g 1700 00005  1800 00001  2000 00001  2100 00001  2500 00008  
HPD02774100HPCPHI19570400220071200 00003  1300 00003  1400 00004  1500 00002  1600 00004  1800 00001  2500 00017  
HPD02774100HPCPHI19570500010020100 00000g 2500 00000  
HPD02774100HPCPHI19570500070042200 00011  2300 00022  2400 00029  2500 00062  
HPD02774100HPCPHI19570500080020100 00001  2500 00001  
HPD02774100HPCPHI19570500100022100 00010  2500 00010  
HPD02774100HPCPHI19570500110061000 00001  1100 00001  1300 00003  1400 00002  1500 00001  2500 00008  
HPD02774100HPCPHI19570500120100500 00001  0600 00001  0900 00007  1000 00001  1100 00004  1200 00010  1300 00002  1500 00001  1900 00001  2500 00028  
HPD02774100HPCPHI19570500130030600 00001  0700 00001  2500 00002  
HPD02774100HPCPHI19570500190041400 00005  1500 00004  1600 00001  2500 00010  
HPD02774100HPCPHI19570600010020100 00000g 2500 00000  
HPD02774100HPCPHI19570600030031900 00004  2000 00001  2500 00005  
HPD02774100HPCPHI19570600100032300 00005  2400 00002  2500 00007  
HPD02774100HPCPHI19570600110100100 00014  0200 00002  0300 00001  0700 00002  0800 00001  0900 00001  1000 00002  1300 00001  1400 00001  2500 00025  
HPD02774100HPCPHI19570600290032000 00040  2100 00002  2500 00042  
HPD02774100HPCPHI19570700010020100 00000g 2500 00000  
HPD02774100HPCPHI19570700090070100 00005  0200 00001  0300 00001  1500 00001  1800 00003  1900 00001  2500 00012  
HPD02774100HPCPHI19570700160050500 00004  0600 00001  2100 00089  2200 00006  2500 00100  
HPD02774100HPCPHI19570700190041300 00002  1700 00115  1800 00006  2500 00123  
HPD02774100HPCPHI19570700260130500 00005  0600 00002  0700 00003  0800 00001  0900 00001  1000 00001  1100 00003  1200 00009  1300 00004  1400 00001  1500 00001  1600 00001  2500 00032  
HPD02774100HPCPHI19570700270051600 00062  1700 00043  1800 00003  1900 00002  2500 00110  
HPD02774100HPCPHI19570700310041700 00005  2200 00008  2300 00001  2500 00014  
HPD02774100HPCPHI19570800010020100 00000g 2500 00000  
HPD02774100HPCPHI19570800020041700 00006  1800 00002  1900 00001  2500 00009  
HPD02774100HPCPHI19570800030051900 00023  2000 00018  2100 00018  2200 00001  2500 00060  
HPD02774100HPCPHI19570800110041900 00005  2300 00018  2400 00019  2500 00042  
HPD02774100HPCPHI19570800120070800 00002  0900 00001  1200 00004  1700 00002  1800 00004  1900 00001  2500 00014  
HPD02774100HPCPHI19570800130041500 00032  1600 00019  1900 00001  2500 00052  
HPD02774100HPCPHI19570800160051600 00032  1700 00017  1800 00003  1900 00002  2500 00054  
HPD02774100HPCPHI19570800170070900 00002  1000 99999a 1500 00010A 1700 00001  1800 00002  1900 00002  2500 00017  
HPD02774100HPCPHI19570800190040800 00002  1700 00002  1800 00001  2500 00005  
HPD02774100HPCPHI19570800240031600 00007  1700 00002  2500 00009  
HPD02774100HPCPHI19570800260051400 00019  1500 00002  1600 00001  1700 00001  2500 00023  
HPD02774100HPCPHI19570900010020100 00000g 2500 00000  
HPD02774100HPCPHI19571000010020100 00000g 2500 00000  
HPD02774100HPCPHI19571000110052100 00002  2200 00001  2300 00002  2400 00001  2500 00006  
HPD02774100HPCPHI19571000120180100 00002  0200 00002  0300 00010  0400 00023  0500 00012  0600 00013  0700 00002  0900 00001  1000 00001  1100 00001  1300 00005  1500 00001  1600 00003  1700 00001  1800 00002  2000 00005  2100 00002  2500 00086  
HPD02774100HPCPHI19571000140031000 99999a 1700 00021A 2500 00021  
HPD02774100HPCPHI19571000160031200 99999a 1500 00020A 2500 00020  
HPD02774100HPCPHI19571000200061200 00013  1300 00015  1400 00001  1500 00003  1700 00001  2500 00033  
HPD02774100HPCPHI19571000220060200 00001  0300 00001  0400 00005  0500 00028  0600 00001  2500 00036  
HPD02774100HPCPHI19571000270022400 00001  2500 00001  
HPD02774100HPCPHI19571000280160100 00001  0200 00003  0300 00004  0400 00007  0500 00004  0600 00005  1000 00008  1100 00004  1200 00001  1300 00005  1400 00001  1500 00001  1600 00001  1700 00001  1800 00001  2500 00047  
HPD02774100HPCPHI19571000310080700 00033  0800 00032  0900 00014  1100 00001  1800 00010  1900 00008  2200 00002  2500 00100  
HPD02774100HPCPHI19571100010020100 00000g 2500 00000  
HPD02774100HPCPHI19571100040070900 00004  1000 00002  1100 00003  1400 00006  1500 00002  1600 00002  2500 00019  
HPD02774100HPCPHI19571100060060800 00001  0900 00008  1000 00004  1100 00003  1200 00002  2500 00018  
HPD02774100HPCPHI19571100150032300 00010  2400 00008  2500 00018  
HPD02774100HPCPHI19571100160080100 00002  1200 00001  1300 00008  1400 00002  1600 00008  1700 00001  1800 00001  2500 00023  
HPD02774100HPCPHI19571200010020100 00000g 2500 00000  
HPD02774100HPCPHI19571200050030100 99999a 2200 00050A 2500 00050  
HPD02774100HPCPHI19571200150021100 99999a 2500 00000I 
HPD02774100HPCPHI19571200160020500 00015A 2500 00015P 
HPD02774100HPCPHI19580100010020100 00000g 2500 00000  
HPD02774100HPCPHI19580100220030500 00001  0600 00002  2500 00003  
HPD02774100HPCPHI19580100260042000 00008  2100 00001  2200 00001  2500 00010  
HPD02774100HPCPHI19580100270040800 00002  0900 00002  1000 00001  2500 00005  
HPD02774100HPCPHI19580200010020100 00000g 2500 00000  
HPD02774100HPCPHI19580200030032300 00003  2400 00002  2500 00005  
HPD02774100HPCPHI19580200040210300 00004  0400 00007  0500 00001  0600 00002  0700 00005  0800 00007  1100 00001  1200 00005  1300 00001  1400 00006  1500 00001  1600 00001  1700 00001  1800 00002  1900 00001  2000 00017  2100 00006  2200 00014  2300 00013  2400 00008  2500 00103  
HPD02774100HPCPHI19580200050060300 00001  0400 00001  0700 00002  0800 00003  0900 00002  2500 00009  
HPD02774100HPCPHI19580200080031700 00003  1800 00002  2500 00005  
HPD02774100HPCPHI19580200200091400 00005  1500 00004  1600 00001  1800 00002  1900 00028  2000 00015  2100 00010  2200 00005  2500 00070  
HPD02774100HPCPHI19580200220061900 00002  2000 00020  2100 00003  2200 00003  2300 00002  2500 00030  
HPD02774100HPCPHI19580200230031800 00009  1900 00001  2500 00010  
HPD02774100HPCPHI19580200250081500 00020  1600 00020  1700 00010  1800 00002  2200 00032  2300 00005  2400 00001  2500 00090  
HPD02774100HPCPHI19580200260041100 00014  1200 00007  1300 00007  2500 00028  
HPD02774100HPCPHI19580300010020100 00000g 2500 00000  
HPD02774100HPCPHI19580300030110800 00001  0900 00001  1000 00001  1200 00011  1500 00002  1700 00004  1800 00001  1900 00001  2000 00002  2100 00002  2500 00026  
HPD02774100HPCPHI19580300040130200 00004  0300 00007  0400 00003  0500 00001  0700 00002  0900 00001  1000 00001  1200 00001  1500 00001  1700 00001  1800 00005  1900 00001  2500 00028  
HPD02774100HPCPHI19580300060070900 00002  1000 00001  1300 00002  1700 00003  2300 00005  2400 00012  2500 00025  
HPD02774100HPCPHI19580300070110100 00009  0200 00001  0400 00007  0500 00018  0600 00007  0700 00006  0800 00005  0900 00001  1000 99999a 2000 00021A 2500 00075  
HPD02774100HPCPHI19580300110051900 00001  2000 00001  2100 00001  2400 00002  2500 00005  
HPD02774100HPCPHI19580300120080100 00001  0200 00007  0300 00007  1200 00001  1300 00002  1400 00002  2100 00005  2500 00025  
HPD02774100HPCPHI19580300130050400 00001  0900 00002  1200 00001  1300 00001  2500 00005  
HPD02774100HPCPHI19580300160131000 00001  1100 00002  1200 00001  1300 00006  1400 00014  1500 00015  1600 00011  1700 00007  1800 00001  2100 00002  2200 00005  2300 00005  2500 00070  
HPD02774100HPCPHI19580300170021000 00002  2500 00002  
HPD02774100HPCPHI19580300210042100 00005  2300 00001  2400 00002  2500 00008  
HPD02774100HPCPHI19580300220140100 00002  0500 00001  0600 00001  0800 00002  0900 00011  1000 00015  1100 00005  1200 00005  1300 00005  1400 00002  1500 00001  1600 00024  1700 00001  2500 00075  
HPD02774100HPCPHI19580300280090200 00012  0300 00013  0400 00002  0500 00002  0600 00003  0700 00001  1000 00002  1100 00003  2500 00038  
HPD02774100HPCPHI19580400010020100 00000g 2500 00000  
HPD02774100HPCPHI19580400020060200 00002  0300 00005  0400 00002  0500 00016  0600 00005  2500 00030  
HPD02774100HPCPHI19580400030062000 00001  2100 00001  2200 00002  2300 00004  2400 00012  2500 00020  
HPD02774100HPCPHI19580400040080100 00010  0200 00002  0300 00002  0400 00001  1800 00002  2100 00001  2200 00002  2500 00020  
HPD02774100HPCPHI19580400070071700 00019  1800 00008  1900 00002  2000 00001  2100 00003  2200 00002  2500 00035  
HPD02774100HPCPHI19580400080120500 00005  0600 00007  0700 00003  0800 00003  1000 00001  1200 00001  1300 00001  1400 00001  1500 00001  1800 00001  1900 00001  2500 00025  
HPD02774100HPCPHI19580400160130200 00005  0300 00020  0400 00004  0500 00001  0800 00013  0900 00012  1100 00001  1400 00001  1500 00006  1600 00002  1700 00001  1800 00001  2500 00067  
HPD02774100HPCPHI19580500010020100 00000g 2500 00000  
HPD02774100HPCPHI19580500020031500 00009  1600 00001  2500 00010  
HPD02774100HPCPHI19580500110060700 00002  0800 00005  1100 00001  1200 00004  1300 00015  2500 00027  
HPD02774100HPCPHI19580500200031700 00015  1800 00004  2500 00019  
HPD02774100HPCPHI19580600010020100 00000g 2500 00000  
HPD02774100HPCPHI19580600050031500 00003  1600 00002  2500 00005  
HPD02774100HPCPHI19580600290040100 00009  0200 00001  0300 00003  2500 00013  
HPD02774100HPCPHI19580700010020100 00000g 2500 00000  
HPD02774100HPCPHI19580700020081300 00089  1400 00004  1500 00001  1700 00010  1800 00019  1900 00004  2000 00005  2500 00132  
HPD02774100HPCPHI19580700050021400 00008  2500 00008  
HPD02774100HPCPHI19580700160041400 00005  1500 00018  1700 00002  2500 00025  
HPD02774100HPCPHI19580700180030400 00030  0500 00012  2500 00042  
HPD02774100HPCPHI19580700250041800 00003  1900 00001  2000 00001  2500 00005  
HPD02774100HPCPHI19580700260050900 00005  1000 00005  1100 00001  1200 00002  2500 00013  
HPD02774100HPCPHI19580800010050100 00000g 1900 00028  2000 00169  2100 00016  2500 00213  
HPD02774100HPCPHI19580800180022000 00006  2500 00006  
HPD02774100HPCPHI19580800220031500 00009  1600 00001  2500 00010  
HPD02774100HPCPHI19580800280081200 00001  1300 00002  1600 00001  1700 00011  1800 00013  1900 00001  2000 00001  2500 00030  
HPD02774100HPCPHI19580900010020100 00000g 2500 00000  
HPD02774100HPCPHI19580900040091400 00005  1600 00018  1700 00005  1800 00005  2100 00005  2200 00030  2300 00002  2400 00003  2500 00073  
HPD02774100HPCPHI19580900050020900 00004  2500 00004  
HPD02774100HPCPHI19580900120020800 99999[ 2500 00000I 
HPD02774100HPCPHI19580900130021400 99999] 2500 00000I 
HPD02774100HPCPHI19580900240030100 99999a 0600 00067A 2500 00067  
HPD02774100HPCPHI19580900270041900 00004  2000 00048  2100 00003  2500 00055  
HPD02774100HPCPHI19580900290080900 00001  1000 00001  1200 00001  1400 00030  1500 00001  1600 00001  1800 00001  2500 00036  
HPD02774100HPCPHI19581000010020100 00000g 2500 00000  
HPD02774100HPCPHI19581000050200200 00001  0400 00001  0500 00002  0600 00007  0700 00008  0800 00005  0900 00006  1000 00004  1100 00012  1200 00008  1300 00006  1400 00001  1500 00003  1600 00010  1700 00001  1800 00001  1900 00001  2000 00017  2100 00025  2500 00119  
HPD02774100HPCPHI19581000060040200 00003  0300 00002  0400 00001  2500 00006  
HPD02774100HPCPHI19581000110041500 00003  1600 00003  1700 00002  2500 00008  
HPD02774100HPCPHI19581100010020100 00000g 2500 00000  
HPD02774100HPCPHI19581100110052000 00003  2100 00005  2200 00001  2400 00004  2500 00013  
HPD02774100HPCPHI19581100150021100 99999a 2500 00000I 
HPD02774100HPCPHI19581100170020700 00189A 2500 00189P 
HPD02774100HPCPHI19581200010020100 00000g 2500 00000  
HPD02774100HPCPHI19581200280031600 99999a 1900 00014A 2500 00014  
HPD02774100HPCPHI19590100010020100 00000g 2500 00000  
HPD02774100HPCPHI19590100030030300 99999a 0600 00005A 2500 00005  
HPD02774100HPCPHI19590100060091500 00001  1700 00004  1800 00002  1900 00001  2000 00002  2100 00011  2200 00005  2400 00002  2500 00028  
HPD02774100HPCPHI19590100070050100 00013  0200 00004  0300 00001  0400 00003  2500 00021  
HPD02774100HPCPHI19590200010020100 00000g 2500 00000  
HPD02774100HPCPHI19590200090030200 99999a 1400 00080A 2500 00080  
HPD02774100HPCPHI19590200120042200 00001  2300 00002  2400 00004  2500 00007  
HPD02774100HPCPHI19590200130050100 00003  0400 00001  0500 00001  0600 00003  2500 00008  
HPD02774100HPCPHI19590200210091300 00007  1400 00008  1500 00004  1600 00001  1700 00001  1800 00004  1900 00030  2000 00013  2500 00068  
HPD02774100HPCPHI19590300010020100 00000g 2500 00000  
HPD02774100HPCPHI19590400010020100 00000g 2500 00000  
HPD02774100HPCPHI19590400060032000 00002  2400 00005  2500 00007  
HPD02774100HPCPHI19590400070030200 00009  0300 00004  2500 00013  
HPD02774100HPCPHI19590500010020100 00000g 2500 00000  
HPD02774100HPCPHI19590600010020100 00000g 2500 00000  
HPD02774100HPCPHI19590600190020100 00003  2500 00003  
HPD02774100HPCPHI19590600230031600 00001  1700 00001  2500 00002  
HPD02774100HPCPHI19590700010050100 00000g 1900 00001  2000 00015  2100 00002  2500 00018  
HPD02774100HPCPHI19590700190032200 00021  2300 00002  2500 00023  
HPD02774100HPCPHI19590700220031500 00006  1600 00007  2500 00013  
HPD02774100HPCPHI19590700250022300 00003  2500 00003  
HPD02774100HPCPHI19590700260021500 00017  2500 00017  
HPD02774100HPCPHI19590700270041800 00016  1900 00007  2100 00017  2500 00040  
HPD02774100HPCPHI19590700300022400 00017  2500 00017  
HPD02774100HPCPHI19590700310040100 00003  1300 00004  1400 00001  2500 00008  
HPD02774100HPCPHI19590800010020100 00000g 2500 00000  
HPD02774100HPCPHI19590800040031000 00010  1100 00015  2500 00025  
HPD02774100HPCPHI19590800050031600 00007  1700 00006  2500 00013  
HPD02774100HPCPHI19590800060031900 00001  2000 00003  2500 00004  
HPD02774100HPCPHI19590800090060900 00002  1000 00016  1100 00007  1200 00005  1300 00002  2500 00032  
HPD02774100HPCPHI19590800130031800 00002  1900 00001  2500 00003  
HPD02774100HPCPHI19590800140031800 00001  1900 00002  2500 00003  
HPD02774100HPCPHI19590800150031600 00003  1700 00001  2500 00004  
HPD02774100HPCPHI19590800170031700 00172  1800 00013  2500 00185  
HPD02774100HPCPHI19590800180090400 00014  0500 00001  0600 00001  1000 00002  1100 00002  1200 00002  1300 00001  1400 00001  2500 00024  
HPD02774100HPCPHI19590800190120500 00002  0600 00001  0900 00004  1000 00073  1100 00040  1200 00015  1300 00001  1400 00001  1500 00001  2300 00013  2400 00004  2500 00155  
HPD02774100HPCPHI19590800200080100 00004  0200 00002  0300 00017  0400 00017  0500 00001  0600 00001  0700 00001  2500 00043  
HPD02774100HPCPHI19590800220050900 00003  1000 00002  1500 00016  1600 00004  2500 00025  
HPD02774100HPCPHI19590900010020100 00000g 2500 00000  
HPD02774100HPCPHI19590900240050600 00002  0700 00010  0800 00003  0900 00002  2500 00017  
HPD02774100HPCPHI19591000010040100 00000g 1600 00002  1700 00003  2500 00005  
HPD02774100HPCPHI19591000020160200 00001  0300 00003  0400 00001  0500 00001  0600 00004  0700 00003  0800 00003  0900 00002  1200 00005  1300 00009  1400 00006  1500 00002  1700 00003  1800 00003  1900 00001  2500 00047  
HPD02774100HPCPHI19591000280022300 00014  2500 00014  
HPD02774100HPCPHI19591000290240100 00006  0200 00003  0300 00002  0400 00001  0600 00009  0700 00010  0800 00001  0900 00001  1000 00007  1100 00001  1200 00003  1300 00012  1400 00024  1500 00014  1600 00027  1700 00015  1800 00010  1900 00003  2000 00007  2100 00010  2200 00013  2300 00017  2400 00012  2500 00208  
HPD02774100HPCPHI19591000300180100 00023  0200 00027  0300 00018  0400 00022  0500 00023  0600 00025  0700 00010  0800 00010  0900 00014  1000 00024  1100 00022  1200 00023  1300 00012  1400 00010  1500 00010  1600 00003  1700 00002  2500 00278  
HPD02774100HPCPHI19591000310032200 00002  2400 00010  2500 00012  
HPD02774100HPCPHI19591100010060100 00002  0200 00003  0300 00001  0400 00001  0800 00002  2500 00009  
HPD02774100HPCPHI19591100020100300 00001  0400 00002  0500 00006  0600 00006  0700 00008  0800 00005  0900 00012  1000 00001  1100 00002  2500 00043  
HPD02774100HPCPHI19591100150070100 00001  0300 00001  0600 00001  0700 00007  0800 00003  0900 00001  2500 00014  
HPD02774100HPCPHI19591200010020100 00000g 2500 00000  
HPD02774100HPCPHI19591200100030100 99999a 2200 00092A 2500 00092  
HPD02774100HPCPHI19591200130022100 99999a 2500 00000I 
HPD02774100HPCPHI19591200140021700 00072A 2500 00072P 
HPD02774100HPCPHI19591200240110900 00003  1400 00001  1500 00001  1600 00002  1700 00005  1800 00012  1900 00009  2000 00013  2100 00012  2200 00002  2500 00060  
HPD02774100HPCPHI19591200250230200 00002  0300 00007  0400 00007  0500 00007  0600 00023  0700 00010  0800 00002  0900 00003  1000 00004  1100 00015  1200 00006  1300 00005  1400 00006  1500 00001  1700 00013  1800 00005  1900 00009  2000 00011  2100 00005  2200 00032  2300 00030  2400 00008  2500 00211  
HPD02774100HPCPHI19591200260040100 00001  0200 00001  0500 00002  2500 00004  
HPD02774100HPCPHI19591200310081100 00002  1200 00001  1300 00002  1400 00005  1500 00015  1600 00005  1700 00005  2500 00035  
HPD02774100HPCPHI19600100010130100 00000g 0500 00002  0600 00003  0700 00002  0800 00003  0900 00002  1000 00003  1100 00001  1200 00001  1300 00001  1400 00002  1500 00002  2500 00022  
HPD02774100HPCPHI19600100110020200 99999a 2500 00000I 
HPD02774100HPCPHI19600100170020400 00292A 2500 00292P 
HPD02774100HPCPHI19600200010020100 00000g 2500 00000  
HPD02774100HPCPHI19600200020030400 99999a 1700 00090A 2500 00090  
HPD02774100HPCPHI19600200090030500 00004  0900 00001  2500 00005  
HPD02774100HPCPHI19600200100081500 00001  1600 00001  1700 00003  1800 00003  1900 00002  2000 00002  2100 00003  2500 00015  
HPD02774100HPCPHI19600200110030400 00001  0500 00004  2500 00005  
HPD02774100HPCPHI19600200190050900 00002  1000 00002  2100 00001  2200 00001  2500 00006  
HPD02774100HPCPHI19600200290090100 99999a 0700 00007A 0900 00001  1000 00001  1100 00003  1200 00015  1300 00004  1400 00001  2500 00032  
HPD02774100HPCPHI19600300010170100 00000g 0200 00001  0300 00002  0400 00002  0800 00002  0900 00003  1000 00001  1100 00001  1200 00003  1300 00013  1400 00017  1500 00001  2100 00001  2200 00008  2300 00008  2400 00003  2500 00066  
HPD02774100HPCPHI19600300020040100 00004  0200 00014  0300 00001  2500 00019  
HPD02774100HPCPHI19600300230022400 00002  2500 00002  
HPD02774100HPCPHI19600300240060100 00003  0200 00002  0300 00002  0400 00001  0700 00002  2500 00010  
HPD02774100HPCPHI19600400010020100 00000g 2500 00000  
HPD02774100HPCPHI19600400120032100 00002  2200 00001  2500 00003  
HPD02774100HPCPHI19600500010020100 00000g 2500 00000  
HPD02774100HPCPHI19600500040081000 00001  1100 00001  1200 00001  2100 00011  2200 00003  2300 00031  2400 00015  2500 00063  
HPD02774100HPCPHI19600500050030100 00005  0200 00005  2500 00010  
HPD02774100HPCPHI19600600010020100 00000g 2500 00000  
HPD02774100HPCPHI19600700010020100 00000g 2500 00000  
HPD02774100HPCPHI19600700210052000 00001  2100 00128  2200 00014  2300 00001  2500 00144  
HPD02774100HPCPHI19600700250042200 00024  2300 00015  2400 00001  2500 00040  
HPD02774100HPCPHI19600700290022300 00010  2500 00010  
HPD02774100HPCPHI19600700300030100 00001  0200 00001  2500 00002  
HPD02774100HPCPHI19600800010020100 00000g 2500 00000  
HPD02774100HPCPHI19600800050031600 00002  1700 00015  2500 00017  
HPD02774100HPCPHI19600800060041600 00001  1700 00005  1800 00001  2500 00007  
HPD02774100HPCPHI19600800070031600 00069  1700 00001  2500 00070  
HPD02774100HPCPHI19600800100041500 00041  1600 00001  1700 00001  2500 00043  
HPD02774100HPCPHI19600800120051000 00002  1100 00001  1200 00003  1300 00001  2500 00007  
HPD02774100HPCPHI19600800220050300 00001  0400 00002  0500 00001  0700 00006  2500 00010  
HPD02774100HPCPHI19600800230030400 00025  0500 00005  2500 00030  
HPD02774100HPCPHI19600800310061900 00001  2000 00010  2100 00001  2200 00014  2300 00002  2500 00028  
HPD02774100HPCPHI19600900010020100 00000g 2500 00000  
HPD02774100HPCPHI19600900050061400 00002  1500 00010  1600 00003  1800 00001  2100 00001  2500 00017  
HPD02774100HPCPHI19600900060050900 00005  1000 00002  1200 00001  1300 00002  2500 00010  
HPD02774100HPCPHI19600900090041600 00032  1700 00002  1900 00002  2500 00036  
HPD02774100HPCPHI19601000010020100 00000g 2500 00000  
HPD02774100HPCPHI19601000030070200 00004  0300 00001  0700 00002  0800 00003  0900 00002  1000 00001  2500 00013  
HPD02774100HPCPHI19601000080021800 99999a 2500 00000I 
HPD02774100HPCPHI19601000090021600 00063A 2500 00063P 
HPD02774100HPCPHI19601000140081600 00009  1700 00025  1800 00005  1900 00006  2200 00004  2300 00011  2400 00012  2500 00072  
HPD02774100HPCPHI19601000150120100 00008  0200 00014  0300 00006  0400 00022  0500 00022  0600 00016  0700 00015  0800 00005  0900 00002  1000 00001  1100 00002  2500 00113  
HPD02774100HPCPHI19601000170170100 00058  0200 00007  0300 00025  0400 00006  0500 00009  0600 00004  0700 00016  0800 00024  0900 00004  1000 00001  1100 00001  1300 00002  1400 00002  1500 00002  1600 00002  1700 00001  2500 00164  
HPD02774100HPCPHI19601000180070100 00003  0200 00001  0300 00002  0400 00003  0500 00004  0600 00001  2500 00014  
HPD02774100HPCPHI19601100010020100 00000g 2500 00000  
HPD02774100HPCPHI19601100060061800 00003  1900 00002  2000 00001  2100 00004  2200 00005  2500 00015  
HPD02774100HPCPHI19601100070050300 00005  0400 00001  0500 00012  0600 00002  2500 00020  
HPD02774100HPCPHI19601100270030300 00022  0400 00004  2500 00026  
HPD02774100HPCPHI19601200010020100 00000g 2500 00000  
HPD02774100HPCPHI19601200030101300 00001  1400 00035  1500 00004  1600 00001  1700 00015  1800 00001  2100 00004  2200 00005  2300 00001  2500 00067  
HPD02774100HPCPHI19601200090031500 99999a 1900 00034A 2500 00034  
HPD02774100HPCPHI19601200290030100 99999a 0800 00010A 2500 00010  
HPD02774100HPCPHI19610100010020100 00000g 2500 00000  
HPD02774100HPCPHI19610100240040900 00001  1300 00001  1400 00001  2500 00003  
HPD02774100HPCPHI19610100260071900 00010  2000 00003  2100 00002  2200 00001  2300 00002  2400 00002  2500 00020  
HPD02774100HPCPHI19610100270140100 00009  0300 00005  0400 00006  0500 00005  0600 00001  0700 00001  0800 00013  0900 00001  1000 00001  1100 00001  1200 00002  1300 00005  1500 00002  2500 00052  
HPD02774100HPCPHI19610100280041200 00018  1300 00016  1400 00001  2500 00035  
HPD02774100HPCPHI19610200010020100 00000g 2500 00000  
HPD02774100HPCPHI19610200160022100 00002  2500 00002  
HPD02774100HPCPHI19610200170060100 00010  0200 00006  0300 00005  0400 00001  0500 00001  2500 00023  
HPD02774100HPCPHI19610300010020100 00000g 2500 00000  
HPD02774100HPCPHI19610300030031300 00002  1400 00003  2500 00005  
HPD02774100HPCPHI19610300040121200 00002  1300 00001  1500 00002  1600 00015  1800 00005  1900 00015  2000 00013  2100 00025  2200 00007  2300 00008  2400 00007  2500 00100  
HPD02774100HPCPHI19610300050040100 00007  0200 00011  0300 00007  2500 00025  
HPD02774100HPCPHI19610300150042200 00002  2300 00001  2400 00010  2500 00013  
HPD02774100HPCPHI19610300160040100 00015  0200 00015  0300 00005  2500 00035  
HPD02774100HPCPHI19610300180050300 00010  0400 00005  0500 00001  1700 00002  2500 00018  
HPD02774100HPCPHI19610300250071800 00004  2000 00001  2100 00001  2200 00017  2300 00032  2400 00015  2500 00070  
HPD02774100HPCPHI19610300260050100 00001  0200 00016  0300 00007  0400 00001  2500 00025  
HPD02774100HPCPHI19610300280052100 00005  2200 00004  2300 00001  2400 00003  2500 00013  
HPD02774100HPCPHI19610300290170100 00003  0200 00014  0300 00003  0400 00002  0700 00001  0900 00002  1200 00002  1300 00006  1400 00003  1500 00001  1700 00005  1800 00005  1900 00001  2000 00001  2200 00002  2300 00006  2500 00057  
HPD02774100HPCPHI19610300300030100 00004  0200 00001  2500 00005  
HPD02774100HPCPHI19610400010020100 00000g 2500 00000  
HPD02774100HPCPHI19610400070052000 00002  2100 00002  2300 00006  2400 00004  2500 00014  
HPD02774100HPCPHI19610400080020100 00001  2500 00001  
HPD02774100HPCPHI19610500010020100 00000g 2500 00000  
HPD02774100HPCPHI19610600010020100 00000g 2500 00000  
HPD02774100HPCPHI19610600220031800 00016  1900 00002  2500 00018  
HPD02774100HPCPHI19610700010020100 00000g 2500 00000  
HPD02774100HPCPHI19610700020051800 00005  1900 00003  2000 00006  2400 00002  2500 00016  
HPD02774100HPCPHI19610700030070100 00002  0300 00005  0400 00005  1800 00001  1900 00002  2000 00002  2500 00017  
HPD02774100HPCPHI19610700120031900 00003  2000 00002  2500 00005  
HPD02774100HPCPHI19610700160031500 00001  1600 00001  2500 00002  
HPD02774100HPCPHI19610700220041700 00005  2200 00001  2300 00001  2500 00007  
HPD02774100HPCPHI19610700230061200 00003  1600 00022  1700 00002  1900 00001  2000 00001  2500 00029  
HPD02774100HPCPHI19610700240021900 00002  2500 00002  
HPD02774100HPCPHI19610700250061500 00001  1600 00001  1700 00001  1900 00003  2000 00001  2500 00007  
HPD02774100HPCPHI19610700260021900 00002  2500 00002  
HPD02774100HPCPHI19610700270051500 00002  1600 00011  2000 00001  2100 00001  2500 00015  
HPD02774100HPCPHI19610700280041700 00046  1800 00004  2000 00002  2500 00052  
HPD02774100HPCPHI19610800010020100 00000g 2500 00000  
HPD02774100HPCPHI19610800030022300 00003  2500 00003  
HPD02774100HPCPHI19610800060061200 00002  1300 00007  1400 00030  1500 00002  1600 00001  2500 00042  
HPD02774100HPCPHI19610800070041800 00002  1900 00047  2000 00001  2500 00050  
HPD02774100HPCPHI19610800150120900 00012  1000 00034  1100 00011  1200 00001  1300 00001  1400 00002  1500 00001  1600 00002  1700 00001  1800 00001  1900 00001  2500 00067  
HPD02774100HPCPHI19610800170041700 00001  1800 00001  1900 00001  2500 00003  
HPD02774100HPCPHI19610800180051500 00061  1600 00002  1900 00005  2000 00001  2500 00069  
HPD02774100HPCPHI19610800190051700 00010  1800 00008  1900 00003  2000 00004  2500 00025  
HPD02774100HPCPHI19610800220051600 00040  1700 00002  1800 00003  1900 00005  2500 00050  
HPD02774100HPCPHI19610800280041900 00001  2000 00003  2100 00001  2500 00005  
HPD02774100HPCPHI19610800290120100 00001  0200 00001  0500 00004  0600 00003  0800 00011  0900 00012  1000 00009  1100 00001  1800 00001  1900 00001  2000 00003  2500 00047  
HPD02774100HPCPHI19610900010020100 00000g 2500 00000  
HPD02774100HPCPHI19610900020032300 00009  2400 00052  2500 00061  
HPD02774100HPCPHI19610900030050100 00008  0300 00003  0400 00004  0500 00002  2500 00017  
HPD02774100HPCPHI19610900080021600 99999a 2500 00000I 
HPD02774100HPCPHI19610900090020200 00044A 2500 00044P 
HPD02774100HPCPHI19611000010020100 00000g 2500 00000  
HPD02774100HPCPHI19611000080081000 00002  1100 00013  1200 00007  1300 00010  1400 00015  1500 00005  1600 00010  2500 00062  
HPD02774100HPCPHI19611000280041400 00001  1500 00001  1800 00003  2500 00005  
HPD02774100HPCPHI19611000290090100 00001  0200 00002  0300 00008  0400 00001  0900 00005  1100 00001  1200 00001  1300 00003  2500 00022  
HPD02774100HPCPHI19611000300121000 00006  1100 00010  1200 00011  1300 00007  1400 00006  1500 00005  1600 00015  1700 00005  1800 00005  1900 00008  2000 00002  2500 00080  
HPD02774100HPCPHI19611000310050400 00005  0500 00002  2100 00001  2200 00001  2500 00009  
HPD02774100HPCPHI19611100010100100 00000g 0200 00006  0300 00003  0400 00001  1100 00001  1200 00001  1600 00003  1700 00003  1800 00002  2500 00020  
HPD02774100HPCPHI19611100070032200 00001  2300 00002  2500 00003  
HPD02774100HPCPHI19611100080040200 00001  0300 00001  0400 00003  2500 00005  
HPD02774100HPCPHI19611100210030400 99999a 1600 00065A 2500 00065  
HPD02774100HPCPHI19611100250062000 00002  2100 00001  2200 00003  2300 00003  2400 00003  2500 00012  
HPD02774100HPCPHI19611100260030100 00003  0300 00001  2500 00004  
HPD02774100HPCPHI19611200010020100 00000g 2500 00000  
HPD02774100HPCPHI19611200030052100 00002  2200 00016  2300 00005  2400 00007  2500 00030  
HPD02774100HPCPHI19611200040040200 00003  0300 00007  0400 00002  2500 00012  
HPD02774100HPCPHI19611200080022300 99999a 2500 00000I 
HPD02774100HPCPHI19611200110021100 00151A 2500 00151P 
HPD02774100HPCPHI19611200140060700 00001  0800 00001  1100 00001  1300 00001  1500 00001  2500 00005  
HPD02774100HPCPHI19611200150220100 00001  0300 00001  0400 00002  0500 00001  0600 00001  0800 00002  0900 00002  1000 00001  1100 00008  1200 00007  1300 00006  1400 00005  1500 00004  1600 00002  1700 00002  1800 00001  2000 00002  2100 00001  2200 00002  2300 00005  2400 00002  2500 00058  
HPD02774100HPCPHI19611200160160100 00003  0200 00009  0300 00007  0400 00009  0500 00003  0600 00005  0700 00001  0800 00006  0900 00002  1000 00002  1100 00001  1200 00002  1300 00001  1400 00001  1600 00001  2500 00053  
HPD02774100HPCPHI19620100010020100 00000g 2500 00000  
HPD02774100HPCPHI19620100130020800 99999a 2500 00000I 
HPD02774100HPCPHI19620100140020400 00040A 2500 00040P 
HPD02774100HPCPHI19620100210020800 99999a 2500 00000I 
HPD02774100HPCPHI19620100250022400 00355A 2500 00355P 
HPD02774100HPCPHI19620200010020100 99999[ 2500 00000I 
HPD02774100HPCPHI19620200280022400 99999] 2500 00000I 
HPD02774100HPCPHI19620300010020100 99999[ 2500 00000I 
HPD02774100HPCPHI19620300310022400 99999] 2500 00000I 
HPD02774100HPCPHI19620400010020100 99999[ 2500 00000I 
HPD02774100HPCPHI19620400300022400 99999] 2500 00000I 
HPD02774100HPCPHI19620500010020100 99999[ 2500 00000I 
HPD02774100HPCPHI19620500310022400 99999] 2500 00000I 
HPD02774100HPCPHI19620600010020100 99999[ 2500 00000I 
HPD02774100HPCPHI19620600300022400 99999] 2500 00000I 
HPD02774100HPCPHI19620700010030100 99999[ 1300 99999] 2500 00000I 
HPD02774100HPCPHI19620700180021300 99999[ 2500 00000I 
HPD02774100HPCPHI19620700230021300 99999] 2500 00000I 
HPD02774100HPCPHI19620700250031300 99999[ 2400 99999] 2500 00000I 
HPD02774100HPCPHI19620700290061600 00007  1700 00085  1800 00007  1900 00004  2000 00007  2500 00110  
HPD02774100HPCPHI19620800010040100 00000g 1500 99999[ 2000 99999] 2500 00000I 
HPD02774100HPCPHI19620800160050100 99999[ 0400 99999] 1600 99999[ 2000 99999] 2500 00000I 
HPD02774100HPCPHI19620800210021700 99999[ 2500 00000I 
HPD02774100HPCPHI19620800220020600 99999] 2500 00000I 
HPD02774100HPCPHI19620900010020100 00000g 2500 00000  
HPD02774100HPCPHI19620900040022200 99999[ 2500 00000I 
HPD02774100HPCPHI19620900270020700 99999] 2500 00000I 
HPD02774100HPCPHI19621000010020100 00000g 2500 00000  
HPD02774100HPCPHI19621000160021500 99999[ 2500 00000I 
HPD02774100HPCPHI19621000180021600 99999] 2500 00000I 
HPD02774100HPCPHI19621000190030100 99999[ 1900 99999] 2500 00000I 
HPD02774100HPCPHI19621000250022000 99999[ 2500 00000I 
HPD02774100HPCPHI19621000260020600 99999] 2500 00000I 
HPD02774100HPCPHI19621100010020100 00000g 2500 00000  
HPD02774100HPCPHI19621100140020900 99999[ 2500 00000I 
HPD02774100HPCPHI19621100150021400 99999] 2500 00000I 
HPD02774100HPCPHI19621100300031000 99999[ 1700 99999] 2500 00000I 
HPD02774100HPCPHI19621200010020100 00000g 2500 00000  
HPD02774100HPCPHI19621200170022000 99999[ 2500 00000I 
HPD02774100HPCPHI19621200190020700 99999] 2500 00000I 
HPD02774100HPCPHI19621200240020500 99999[ 2500 00000I 
HPD02774100HPCPHI19621200250020700 99999] 2500 00000I 
HPD02774100HPCPHI19630100010020100 00000g 2500 00000  
HPD02774100HPCPHI19630100030020200 99999[ 2500 00000I 
HPD02774100HPCPHI19630100040020300 99999] 2500 00000I 
HPD02774100HPCPHI19630100100020400 99999[ 2500 00000I 
HPD02774100HPCPHI19630100110020600 99999] 2500 00000I 
HPD02774100HPCPHI19630100190030700 99999[ 1300 99999] 2500 00000I 
HPD02774100HPCPHI19630200010020100 00000g 2500 00000  
HPD02774100HPCPHI19630200090022300 99999[ 2500 00000I 
HPD02774100HPCPHI19630200110022200 99999] 2500 00000I 
HPD02774100HPCPHI19630300010020100 99999[ 2500 00000I 
HPD02774100HPCPHI19630300310022400 99999] 2500 00000I 
HPD02774100HPCPHI19630400010020100 00000g 2500 00000  
HPD02774100HPCPHI19630400250021300 99999[ 2500 00000I 
HPD02774100HPCPHI19630400260021300 99999] 2500 00000I 
HPD02774100HPCPHI19630500010020100 00000g 2500 00000  
HPD02774100HPCPHI19630600010020100 00000g 2500 00000  
HPD02774100HPCPHI19630700010020100 00000g 2500 00000  
HPD02774100HPCPHI19630700020021500 00003  2500 00003  
HPD02774100HPCPHI19630700040031800 00002  1900 00001  2500 00003  
HPD02774100HPCPHI19630700080021500 00008  2500 00008  
HPD02774100HPCPHI19630700200022400 00004  2500 00004  
HPD02774100HPCPHI19630700270041600 00002  1700 00001  1800 00002  2500 00005  
HPD02774100HPCPHI19630800010050100 00000g 0300 00025  0400 00008  0500 00012  2500 00045  
HPD02774100HPCPHI19630800030021600 00018  2500 00018  
HPD02774100HPCPHI19630800050041600 00034  2000 00003  2100 00008  2500 00045  
HPD02774100HPCPHI19630800060031400 00025  1500 00029  2500 00054  
HPD02774100HPCPHI19630800070031400 00048  1500 00003  2500 00051  
HPD02774100HPCPHI19630800110031600 99999[ 1800 99999] 2500 00000I 
HPD02774100HPCPHI19630800140051700 00039  1800 00001  1900 00002  2000 00001  2500 00043  
HPD02774100HPCPHI19630800150041500 00023  1600 00002  1800 00001  2500 00026  
HPD02774100HPCPHI19630800160091300 00015  1400 00005  1500 00001  1600 00001  1700 00082  1800 00008  1900 00009  2000 00004  2500 00125  
HPD02774100HPCPHI19630800170110100 00001  0300 00001  0400 00001  0500 00002  0600 00003  1400 00021  1500 00010  1600 00003  1700 00002  1800 00002  2500 00046  
HPD02774100HPCPHI19630800190051600 00017  1700 00006  1800 00001  1900 00001  2500 00025  
HPD02774100HPCPHI19630800210050400 00013  0500 00004  0600 00001  2200 00003  2500 00021  
HPD02774100HPCPHI19630800220090600 00005  0900 00001  1000 00004  1100 00019  1200 00017  1300 00005  1400 00001  1500 00003  2500 00055  
HPD02774100HPCPHI19630800250041700 00021  2100 00002  2200 00002  2500 00025  
HPD02774100HPCPHI19630800260032100 00008  2200 00002  2500 00010  
HPD02774100HPCPHI19630800300050500 00035  0600 00069  0700 00082  0800 00019  2500 00205  
HPD02774100HPCPHI19630800310070200 00029  0300 00002  0400 00016  0500 00033  0600 00004  0700 00001  2500 00085  
HPD02774100HPCPHI19630900010020100 00000g 2500 00000  
HPD02774100HPCPHI19630900020022000 00015  2500 00015  
HPD02774100HPCPHI19630900030021900 00003  2500 00003  
HPD02774100HPCPHI19630900040031700 00035  1800 00001  2500 00036  
HPD02774100HPCPHI19630900100030300 00008  0400 00009  2500 00017  
HPD02774100HPCPHI19630900130041900 00008  2000 00025  2100 00015  2500 00048  
HPD02774100HPCPHI19631000010020100 00000g 2500 00000  
HPD02774100HPCPHI19631000160071700 00008  1800 00009  1900 00013  2000 00013  2100 00007  2200 00001  2500 00051  
HPD02774100HPCPHI19631000180090300 00001  0400 00004  1600 00022  1700 00002  1900 00001  2000 00006  2300 00001  2400 00008  2500 00045  
HPD02774100HPCPHI19631000190090400 00007  0500 00029  0600 00007  0700 00007  0800 00005  0900 00006  1000 00002  1300 00003  2500 00066  
HPD02774100HPCPHI19631100010020100 00000g 2500 00000  
HPD02774100HPCPHI19631100020030400 99999a 1900 00032A 2500 00032  
HPD02774100HPCPHI19631100070050700 00020  0800 00030  0900 00011  1600 00002  2500 00063  
HPD02774100HPCPHI19631100160031000 00002  1100 00010  2500 00012  
HPD02774100HPCPHI19631100210150400 00014  0500 00008  0600 00002  0700 00006  0800 00008  0900 00006  1000 00001  1100 00002  1200 00002  1300 00010  1400 00011  1500 00010  1600 00004  2000 00003  2500 00087  
HPD02774100HPCPHI19631200010020100 00000g 2500 00000  
HPD02774100HPCPHI19631200100070300 00006  0400 00012  0500 00003  0600 00005  0700 00001  0800 00001  2500 00028  
HPD02774100HPCPHI19640100010020100 00000g 2500 00000  
HPD02774100HPCPHI19640100190070200 00003  0300 00002  0500 00001  0600 00002  0800 00001  0900 00001  2500 00010  
HPD02774100HPCPHI19640100220200200 00001  0300 00001  0400 00002  0500 00001  0600 00010  0700 00007  0800 00005  0900 00010  1000 00010  1100 00011  1200 00004  1300 00015  1400 00001  1500 00009  1600 00010  1800 00015  1900 00010  2000 00011  2100 00003  2500 00136  
HPD02774100HPCPHI19640100230110100 00002  0200 00002  0300 00001  0400 00001  0500 00002  0600 00008  0700 00003  0800 00007  0900 00007  1000 00003  2500 00036  
HPD02774100HPCPHI19640200010020100 00000g 2500 00000  
HPD02774100HPCPHI19640200110041400 00002  1500 00001  1600 00001  2500 00004  
HPD02774100HPCPHI19640200260020100 00003  2500 00003  
HPD02774100HPCPHI19640300010020100 00000g 2500 00000  
HPD02774100HPCPHI19640300020020800 99999a 2500 00000I 
HPD02774100HPCPHI19640300030022000 00045A 2500 00045P 
HPD02774100HPCPHI19640300070022300 99999a 2500 00000I 
HPD02774100HPCPHI19640300080021800 00025A 2500 00025P 
HPD02774100HPCPHI19640300220041300 00004  1400 00003  1500 00001  2500 00008  
HPD02774100HPCPHI19640300230021100 99999a 2500 00000I 
HPD02774100HPCPHI19640300240022100 00082A 2500 00082P 
HPD02774100HPCPHI19640400010020100 00000g 2500 00000  
HPD02774100HPCPHI19640400020050100 00007  0200 00013  0300 00002  0400 00010  2500 00032  
HPD02774100HPCPHI19640400030050700 00002  0900 00001  1000 00009  1100 00010  2500 00022  
HPD02774100HPCPHI19640400040022400 00002  2500 00002  
HPD02774100HPCPHI19640400050020100 00001  2500 00001  
HPD02774100HPCPHI19640400060030600 00004  0700 00004  2500 00008  
HPD02774100HPCPHI19640400280081600 00001  1700 00001  1800 00002  1900 00001  2000 00002  2100 00009  2200 00001  2500 00017  
HPD02774100HPCPHI19640400290040200 00001  0300 00007  0400 00005  2500 00013  
HPD02774100HPCPHI19640500010020100 00000g 2500 00000  
HPD02774100HPCPHI19640600010020100 00000g 2500 00000  
HPD02774100HPCPHI19640600240031500 00002  1600 00001  2500 00003  
HPD02774100HPCPHI19640700010020100 00000g 2500 00000  
HPD02774100HPCPHI19640700090040600 00003  0700 00001  0800 00001  2500 00005  
HPD02774100HPCPHI19640700110031300 00042  1600 00003  2500 00045  
HPD02774100HPCPHI19640700120021400 00011  2500 00011  
HPD02774100HPCPHI19640700150030300 00029  0400 00001  2500 00030  
HPD02774100HPCPHI19640700180051600 00015  1700 00002  1800 00005  1900 00002  2500 00024  
HPD02774100HPCPHI19640700200031900 00001  2000 00001  2500 00002  
HPD02774100HPCPHI19640700210100200 00001  0300 00001  0400 00001  0500 00001  0600 00004  0700 00001  1700 00014  1800 00001  1900 00001  2500 00025  
HPD02774100HPCPHI19640700230021700 00003  2500 00003  
HPD02774100HPCPHI19640700250032200 00009  2300 00002  2500 00011  
HPD02774100HPCPHI19640700260060300 00001  0400 00001  0500 00001  1300 00008  1400 00006  2500 00017  
HPD02774100HPCPHI19640700300032200 00001  2300 00002  2500 00003  
HPD02774100HPCPHI19640700310051400 00007  1500 00001  1800 00001  1900 00001  2500 00010  
HPD02774100HPCPHI19640800010120100 00000g 0800 00001  0900 00005  1000 00005  1100 00005  1800 00002  1900 00003  2100 00007  2200 00003  2300 00004  2400 00001  2500 00036  
HPD02774100HPCPHI19640800020070900 00001  1000 00001  1100 00002  1400 00002  1500 00003  1600 00001  2500 00010  
HPD02774100HPCPHI19640800080031900 99999a 2400 00135A 2500 00135  
HPD02774100HPCPHI19640800130031700 00034  1800 00047  2500 00081  
HPD02774100HPCPHI19640800140041600 00045  1700 00097  1800 00002  2500 00144  
HPD02774100HPCPHI19640800170041600 00019  1700 00012  1800 00001  2500 00032  
HPD02774100HPCPHI19640800180032100 00003  2200 00001  2500 00004  
HPD02774100HPCPHI19640800250051500 00003  1600 00015  1700 00011  1800 00001  2500 00030  
HPD02774100HPCPHI19640800260041700 00002  1800 00003  2000 00002  2500 00007  
HPD02774100HPCPHI19640900010020100 00000g 2500 00000  
HPD02774100HPCPHI19640900040022100 00009  2500 00009  
HPD02774100HPCPHI19640900050031800 00002  1900 00001  2500 00003  
HPD02774100HPCPHI19640900060022000 00004  2500 00004  
HPD02774100HPCPHI19640900080032300 00020  2400 00019  2500 00039  
HPD02774100HPCPHI19640900090050100 00003  0200 00001  0900 00002  1000 00001  2500 00007  
HPD02774100HPCPHI19640900130022000 99999a 2500 00000I 
HPD02774100HPCPHI19640900140050700 00057A 2100 00001  2200 00018  2300 00001  2500 00077P 
HPD02774100HPCPHI19640900150090100 00012  0200 00013  0300 00023  0400 00004  0500 00001  0600 00001  1600 00025  1700 00001  2500 00080  
HPD02774100HPCPHI19640900180032300 00006  2400 00001  2500 00007  
HPD02774100HPCPHI19640900190060100 00006  0200 00003  0300 00002  0400 00001  0500 00003  2500 00015  
HPD02774100HPCPHI19640900210062000 00008  2100 00016  2200 00001  2300 00005  2400 00002  2500 00032  
HPD02774100HPCPHI19640900220040300 00001  0400 00001  0600 00001  2500 00003  
HPD02774100HPCPHI19640900230030300 00001  0400 00002  2500 00003  
HPD02774100HPCPHI19640900240051600 00003  1700 00001  1800 00001  1900 00002  2500 00007  
HPD02774100HPCPHI19641000010020100 00000g 2500 00000  
HPD02774100HPCPHI19641000070031600 00010  1700 00003  2500 00013  
HPD02774100HPCPHI19641000160061100 00001  1200 00002  1300 00004  1800 00017  1900 00005  2500 00029  
HPD02774100HPCPHI19641000170060200 00002  0300 00001  0400 00001  0600 00002  1800 00003  2500 00009  
HPD02774100HPCPHI19641100010020100 00000g 2500 00000  
HPD02774100HPCPHI19641100150020800 99999a 2500 00000I 
HPD02774100HPCPHI19641100160020800 00050A 2500 00050P 
HPD02774100HPCPHI19641100180031300 99999a 2200 00012A 2500 00012  
HPD02774100HPCPHI19641200010020100 00000g 2500 00000  
HPD02774100HPCPHI19641200030032200 00009  2300 00007  2500 00016  
HPD02774100HPCPHI19641200040080200 00001  0300 00001  0500 00001  0600 00001  0800 00001  0900 00004  1000 00007  2500 00016  
HPD02774100HPCPHI19641200180030900 99999a 1900 00070A 2500 00070  
HPD02774100HPCPHI19641200270032300 00001  2400 00001  2500 00002  
HPD02774100HPCPHI19641200280080700 00010  0800 00002  0900 00010  1000 00006  1100 00001  1200 00003  1300 00001  2500 00033  
HPD02774100HPCPHI19641200300110300 00002  0400 00001  0500 00001  0600 00001  1000 00003  1600 00006  1700 00006  1800 00004  1900 00002  2000 00001  2500 00027  
HPD02774100HPCPHI19641200310032300 00001  2400 00001  2500 00002  
HPD02774100HPCPHI19650100010040100 00000g 0200 99999a 1200 00023A 2500 00023  
HPD02774100HPCPHI19650100060020300 99999[ 2500 00000I 
HPD02774100HPCPHI19650100080021700 99999] 2500 00000I 
HPD02774100HPCPHI19650100200020400 99999[ 2500 00000I 
HPD02774100HPCPHI19650100210022300 99999] 2500 00000I 
HPD02774100HPCPHI19650100240021600 99999[ 2500 00000I 
HPD02774100HPCPHI19650100250020500 99999] 2500 00000I 
HPD02774100HPCPHI19650200010020100 99999[ 2500 00000I 
HPD02774100HPCPHI19650200280022400 99999] 2500 00000I 
HPD02774100HPCPHI19650300010020100 99999[ 2500 00000I 
HPD02774100HPCPHI19650300310022400 99999] 2500 00000I 
HPD02774100HPCPHI19650400010020100 99999[ 2500 00000I 
HPD02774100HPCPHI19650400300022400 99999] 2500 00000I 
HPD02774100HPCPHI19650500010020100 99999[ 2500 00000I 
HPD02774100HPCPHI19650500310022400 99999] 2500 00000I 
HPD02774100HPCPHI19650600010020100 99999[ 2500 00000I 
HPD02774100HPCPHI19650600300022400 99999] 2500 00000I 
HPD02774100HPCPHI19650700010020100 00000g 2500 00000  
HPD02774100HPCPHI19650700090031400 99999[ 2000 99999] 2500 00000I 
HPD02774100HPCPHI19650700160031600 99999[ 2300 99999] 2500 00000I 
HPD02774100HPCPHI19650700210042100 00004  2200 00001  2300 00002  2500 00007  
HPD02774100HPCPHI19650700230032300 00002  2400 00003  2500 00005  
HPD02774100HPCPHI19650700240040100 00006  0200 00003  0300 00001  2500 00010  
HPD02774100HPCPHI19650700250021800 00002  2500 00002  
HPD02774100HPCPHI19650700280071500 00007  1600 00002  1700 00001  2200 00003  2300 00002  2400 00001  2500 00016  
HPD02774100HPCPHI19650700290031500 00008  1600 00002  2500 00010  
HPD02774100HPCPHI19650800010020100 00000g 2500 00000  
HPD02774100HPCPHI19650800080031500 99999a 2000 00061A 2500 00061  
HPD02774100HPCPHI19650800110032100 00001  2200 00001  2500 00002  
HPD02774100HPCPHI19650800120030200 00002  0300 00001  2500 00003  
HPD02774100HPCPHI19650800130041800 00010  1900 00005  2200 00002  2500 00017  
HPD02774100HPCPHI19650800140041500 00002  1700 00001  1800 00001  2500 00004  
HPD02774100HPCPHI19650800160051300 00006  1400 00003  1800 00002  1900 00001  2500 00012  
HPD02774100HPCPHI19650800170080300 00041  0400 00014  0500 00004  0600 00044  0700 00018  0800 00009  0900 00001  2500 00131  
HPD02774100HPCPHI19650800290060200 00001  0300 00001  0500 00001  0800 00002  0900 00001  2500 00006  
HPD02774100HPCPHI19650900010020100 00000g 2500 00000  
HPD02774100HPCPHI19650900030040100 00023  0200 00004  0300 00002  2500 00029  
HPD02774100HPCPHI19650900050031700 00007  1800 00002  2500 00009  
HPD02774100HPCPHI19650900080061500 00013  1600 00005  1700 00005  1800 00018  1900 00009  2500 00050  
HPD02774100HPCPHI19650900180031000 99999[ 1600 99999] 2500 00000I 
HPD02774100HPCPHI19650900190032100 99999[ 2400 99999] 2500 00000I 
HPD02774100HPCPHI19651000010020100 00000g 2500 00000  
HPD02774100HPCPHI19651000150051800 00002  1900 00018  2300 00001  2400 00001  2500 00022  
HPD02774100HPCPHI19651000160140200 00003  0300 00015  0400 00003  0500 00007  0600 00028  0700 00015  0800 00012  1100 00001  1200 00001  1300 00005  1400 00001  1800 00001  1900 00001  2500 00093  
HPD02774100HPCPHI19651000170130500 00001  0600 00016  0700 00002  0800 00001  0900 00002  1100 00006  1200 00001  1300 00001  1400 00001  1500 00002  1600 00001  1700 00001  2500 00035  
HPD02774100HPCPHI19651100010020100 00000g 2500 00000  
HPD02774100HPCPHI19651100220021100 99999[ 2500 00000I 
HPD02774100HPCPHI19651100250021800 99999] 2500 00000I 
HPD02774100HPCPHI19651100300032100 99999[ 2400 99999] 2500 00000I 
