HPD02834900HPCPHI19781000010020100 99999[ 2500 00000I 
HPD02834900HPCPHI19781000120021300 99999] 2500 00000I 
HPD02834900HPCPHT19781000200061100 00010  1200 00020  1300 00010  1500 00010  1800 00010  2500 00060  
HPD02834900HPCPHT19781000210040600 00010  0700 00080  0800 00020  2500 00110  
HPD02834900HPCPHT19781000220030500 00010  0600 00010  2500 00020  
HPD02834900HPCPHT19781000230030900 00010  1000 00010  2500 00020  
HPD02834900HPCPHT19781000240041100 00010  1800 00020  2000 00010  2500 00040  
HPD02834900HPCPHT19781100010020100 00000g 2500 00000  
HPD02834900HPCPHT19781100110120100 00030  0200 00010  0600 00010  1700 00010  1800 00010  1900 00030  2000 00050  2100 00030  2200 00010  2300 00010  2400 00010  2500 00210  
HPD02834900HPCPHT19781100120110100 00030  0200 00030  0300 00020  0400 00010  0500 00030  0600 00020  0700 00020  0800 00010  1000 00010  1300 00010  2500 00190  
HPD02834900HPCPHT19781100140041700 00010  1900 00010  2200 00010  2500 00030  
HPD02834900HPCPHT19781100230022400 00010  2500 00010  
HPD02834900HPCPHT19781100240170100 00010  0300 00020  0400 00010  0500 00020  0600 00010  0700 00010  0800 00010  1000 00020  1300 00020  1400 00040  1500 00020  1600 00010  1700 00010  1900 00010  2000 00010  2400 00010  2500 00240  
HPD02834900HPCPHT19781100250030200 00010  0500 00010  2500 00020  
HPD02834900HPCPHT19781100260021900 00010  2500 00010  
HPD02834900HPCPHT19781200010020100 00000g 2500 00000  
HPD02834900HPCPHT19781200050022400 00010  2500 00010  
HPD02834900HPCPHT19781200060030100 00010  0200 00010  2500 00020  
HPD02834900HPCPHT19781200100020900 00010  2500 00010  
HPD02834900HPCPHT19781200170200500 00010  0600 00010  0700 00010  0800 00010  0900 00010  1000 00020  1100 00010  1200 00020  1300 00010  1400 00020  1500 00010  1600 00030  1700 00010  1800 00010  2000 00010  2100 00020  2200 00020  2300 00010  2400 00010  2500 00260  
HPD02834900HPCPHT19781200180210100 00020  0200 00060  0300 00020  0400 00010  0500 00030  0600 00020  0700 00030  0800 00010  0900 00010  1000 00020  1100 00040  1200 00020  1300 00020  1400 00010  1500 00010  1900 00010  2000 00010  2100 00010  2300 00010  2400 00010  2500 00380  
HPD02834900HPCPHT19781200190050100 00040  1300 00010  1600 00010  1700 00010  2500 00070  
HPD02834900HPCPHT19781200290041700 00010  2000 00010  2300 00010  2500 00030  
HPD02834900HPCPHT19781200300070200 00010  0300 00010  0500 00010  0700 00010  0900 00010  1400 00010  2500 00060  
HPD02834900HPCPHT19790100010020100 00000g 2500 00000  
HPD02834900HPCPHT19790100050041700 00010  2100 00010  2200 00020  2500 00040  
HPD02834900HPCPHT19790100070040200 00010  0300 00010  0400 00010  2500 00030  
HPD02834900HPCPHT19790100090031900 00010  2000 00020  2500 00030  
HPD02834900HPCPHT19790100150040600 00010  1800 00010  2300 00010  2500 00030  
HPD02834900HPCPHT19790100160070300 00010  0400 00010  0500 00010  0600 00010  1100 00010  2300 00020  2500 00070  
HPD02834900HPCPHT19790100170110200 00010  0400 00010  0600 00010  0700 00020  0800 00030  0900 00020  1000 00030  1100 00020  1200 00010  1500 00010  2500 00170  
HPD02834900HPCPHT19790100180070200 00010  0300 00020  0600 00010  0700 00010  1200 00010  2200 00010  2500 00070  
HPD02834900HPCPHT19790100190040100 00010  1200 00010  1600 00010  2500 00030  
HPD02834900HPCPHT19790100200021100 00010  2500 00010  
HPD02834900HPCPHT19790100240032100 00010  2200 00010  2500 00020  
HPD02834900HPCPHT19790100250090400 00010  0500 00010  0700 00010  0800 00010  0900 00010  1100 00010  1300 00010  2100 00010  2500 00080  
HPD02834900HPCPHT19790100260021400 00010  2500 00010  
HPD02834900HPCPHT19790100270041700 00010  1800 00010  2000 00010  2500 00030  
HPD02834900HPCPHT19790100280031300 00010  1500 00020  2500 00030  
HPD02834900HPCPHT19790100310051600 00020  1700 00020  1800 00010  2100 00010  2500 00060  
HPD02834900HPCPHT19790200010110100 00010  0300 00010  1000 00010  1100 00010  1200 00010  1500 00020  1600 00010  1700 00010  1800 00010  2200 00010  2500 00110  
HPD02834900HPCPHT19790200020040100 00010  0700 00010  1100 00010  2500 00030  
HPD02834900HPCPHT19790200210022400 00020  2500 00020  
HPD02834900HPCPHT19790300010030100 00000g 2300 00020  2500 00020  
HPD02834900HPCPHT19790300020140100 00010  0200 00010  0300 00010  0400 00010  0900 00010  1000 00010  1100 00010  1200 00010  1300 00010  1400 00010  1500 00010  1800 00010  1900 00010  2500 00130  
HPD02834900HPCPHT19790300190022200 00010  2500 00010  
HPD02834900HPCPHT19790300200101100 00010  1300 00020  1400 00010  1600 00010  1800 00010  2000 00010  2100 00010  2300 00040  2400 00010  2500 00130  
HPD02834900HPCPHT19790300210040100 00030  0200 00010  1300 00010  2500 00050  
HPD02834900HPCPHT19790300280140700 00010  0800 00010  0900 00020  1000 00020  1100 00020  1200 00010  1300 00020  1400 00010  1500 00010  1800 00010  1900 00030  2200 00020  2300 00030  2500 00220  
HPD02834900HPCPHT19790300290020700 00010  2500 00010  
HPD02834900HPCPHT19790400010020100 00000g 2500 00000  
HPD02834900HPCPHT19790400030020900 00010  2500 00010  
HPD02834900HPCPHT19790400100050400 00020  0800 00010  0900 00020  1000 00010  2500 00060  
HPD02834900HPCPHT19790500010020100 00000g 2500 00000  
HPD02834900HPCPHT19790500090040300 00010  0400 00010  1500 00010  2500 00030  
HPD02834900HPCPHT19790500200050400 00010  0500 00010  0600 00010  0700 00010  2500 00040  
HPD02834900HPCPHT19790500210021100 00010  2500 00010  
HPD02834900HPCPHT19790500240031800 00030  1900 00010  2500 00040  
HPD02834900HPCPHT19790500250020900 00010  2500 00010  
HPD02834900HPCPHT19790500260021500 00010  2500 00010  
HPD02834900HPCPHT19790600010020100 00000g 2500 00000  
HPD02834900HPCPHT19790600040031500 00010  1600 00010  2500 00020  
HPD02834900HPCPHT19790700010020100 00000g 2500 00000  
HPD02834900HPCPHT19790700290022000 00010  2500 00010  
HPD02834900HPCPHT19790800010020100 00000g 2500 00000  
HPD02834900HPCPHT19790800040031800 00010  2200 00010  2500 00020  
HPD02834900HPCPHT19790800060021600 00010  2500 00010  
HPD02834900HPCPHT19790800080041500 00010  1700 00030  1800 00010  2500 00050  
HPD02834900HPCPHT19790800120040700 00010  1400 00020  1800 00030  2500 00060  
HPD02834900HPCPHT19790800140051700 00020  1800 00020  1900 00020  2000 00010  2500 00070  
HPD02834900HPCPHT19790800150031700 00090  1800 00010  2500 00100  
HPD02834900HPCPHT19790800170031700 00010  1800 00010  2500 00020  
HPD02834900HPCPHT19790900010020100 00000g 2500 00000  
HPD02834900HPCPHT19790900110021500 00010  2500 00010  
HPD02834900HPCPHT19790900120021900 00010  2500 00010  
HPD02834900HPCPHT19791000010020100 00000g 2500 00000  
HPD02834900HPCPHT19791000210020300 00010  2500 00010  
HPD02834900HPCPHT19791100010020100 00000g 2500 00000  
HPD02834900HPCPHT19791100080040100 00010  2200 00010  2300 00010  2500 00030  
HPD02834900HPCPHT19791100090040800 00020  1000 00020  1500 00010  2500 00050  
HPD02834900HPCPHT19791200010020100 00000g 2500 00000  
HPD02834900HPCPHT19791200200020600 00010  2500 00010  
HPD02834900HPCPHT19791200250041000 00010  1800 00010  2300 00010  2500 00030  
HPD02834900HPCPHT19791200260040100 00020  0300 00010  0500 00010  2500 00040  
HPD02834900HPCPHT19800100010020100 00000g 2500 00000  
HPD02834900HPCPHT19800100090061400 00010  1700 00010  2000 00010  2100 00010  2200 00010  2500 00050  
HPD02834900HPCPHT19800100100080100 00010  0200 00010  0300 00010  0600 00010  1300 00010  1700 00010  2300 00010  2500 00070  
HPD02834900HPCPHT19800100110110400 00010  0500 00020  0600 00010  0700 00010  0800 00010  1300 00010  1400 00010  1500 00010  1600 00010  2100 00010  2500 00110  
HPD02834900HPCPHT19800100140022000 00010  2500 00010  
HPD02834900HPCPHT19800100180080300 00010  0500 00010  1000 00010  1100 00010  1300 00010  1600 00010  2300 00010  2500 00070  
HPD02834900HPCPHT19800100190050100 00010  0400 00010  1600 00010  1700 00010  2500 00040  
HPD02834900HPCPHT19800100200022400 00010  2500 00010  
HPD02834900HPCPHT19800100210040600 00010  1500 00010  1600 00010  2500 00030  
HPD02834900HPCPHT19800100290090700 00010  1000 00010  1100 00010  1500 00010  1700 00010  2000 00010  2300 00010  2400 00010  2500 00080  
HPD02834900HPCPHT19800100300040100 00010  0200 00010  0700 00010  2500 00030  
HPD02834900HPCPHT19800200010020100 00000g 2500 00000  
HPD02834900HPCPHT19800200140061100 00010  1300 00010  1400 00010  2100 00010  2400 00010  2500 00050  
HPD02834900HPCPHT19800200150110200 00010  0400 00010  0800 00010  1000 00010  1100 00010  1400 00030  1500 00010  2000 00030  2100 00010  2300 00010  2500 00140  
HPD02834900HPCPHT19800200160120400 00010  0600 00010  0800 00020  0900 00020  1000 00020  1100 00010  1200 00010  1300 00010  1400 00020  1500 00080  1600 00010  2500 00220  
HPD02834900HPCPHT19800200170050300 00010  2200 00010  2300 00020  2400 00010  2500 00050  
HPD02834900HPCPHT19800200180070200 00010  0300 00010  0400 00010  0500 00010  0600 00010  0700 00010  2500 00060  
HPD02834900HPCPHT19800200190090800 00010  0900 00010  1000 00010  1200 00010  1300 00020  1400 00030  1500 00030  1700 00010  2500 00130  
HPD02834900HPCPHT19800200200070400 00010  0500 00010  0600 00010  1300 00010  1800 00020  1900 00010  2500 00070  
HPD02834900HPCPHT19800300010020100 99999[ 2500 00000I 
HPD02834900HPCPHT19800300100031100 99999] 2200 00010  2500 00010I 
HPD02834900HPCPHT19800300110070100 00010  0300 00010  0400 00030  1000 00030  1100 00010  1400 00010  2500 00100  
HPD02834900HPCPHT19800300190060500 00010  0600 00010  0700 00010  0800 00010  1100 00020  2500 00060  
HPD02834900HPCPHT19800300230020300 00010  2500 00010  
HPD02834900HPCPHT19800300270030600 00010  1700 00010  2500 00020  
HPD02834900HPCPHT19800400010040100 00000g 1800 00010  1900 00010  2500 00020  
HPD02834900HPCPHT19800400290031500 00020  1600 00010  2500 00030  
HPD02834900HPCPHT19800400300030900 00020  1400 00010  2500 00030  
HPD02834900HPCPHT19800500010020100 00010  2500 00010  
HPD02834900HPCPHT19800500140031900 00010  2100 00010  2500 00020  
HPD02834900HPCPHT19800500150021100 00010  2500 00010  
HPD02834900HPCPHT19800600010020100 00000g 2500 00000  
HPD02834900HPCPHT19800600290022000 00010  2500 00010  
HPD02834900HPCPHT19800700010020100 00000g 2500 00000  
HPD02834900HPCPHT19800700130020100 00010  2500 00010  
HPD02834900HPCPHT19800700210031700 00050  1800 00010  2500 00060  
HPD02834900HPCPHT19800700230031800 00010  1900 00010  2500 00020  
HPD02834900HPCPHT19800800010020100 00000g 2500 00000  
HPD02834900HPCPHT19800900010020100 00000g 2500 00000  
HPD02834900HPCPHT19800900040021700 00010  2500 00010  
HPD02834900HPCPHT19800900050060200 00010  0300 00010  0500 00010  0600 00020  0700 00010  2500 00060  
HPD02834900HPCPHT19800900070022300 00010  2500 00010  
HPD02834900HPCPHT19801000010020100 00000g 2500 00000  
HPD02834900HPCPHT19801000130021400 00010  2500 00010  
HPD02834900HPCPHT19801100010020100 00000g 2500 00000  
HPD02834900HPCPHT19801200010020100 00000g 2500 00000  
HPD02834900HPCPHT19801200060051700 00030  1800 00010  2100 00010  2200 00010  2500 00060  
HPD02834900HPCPHT19801200080020500 00010  2500 00010  
HPD02834900HPCPHT19801200130020200 00010  2500 00010  
HPD02834900HPCPHT19810100010020100 00000g 2500 00000  
HPD02834900HPCPHT19810100110041400 00010  1700 00010  1800 00010  2500 00030  
HPD02834900HPCPHT19810100120110100 00010  0200 00020  0500 00010  0600 00020  0700 00020  1000 00010  1100 00010  1400 00020  1500 00010  1600 00010  2500 00140  
HPD02834900HPCPHT19810100280022200 00010  2500 00010  
HPD02834900HPCPHT19810200010020100 00000g 2500 00000  
HPD02834900HPCPHT19810200080022300 00010  2500 00010  
HPD02834900HPCPHT19810200090170100 00020  0200 00010  0300 00010  0400 00020  0500 00010  0700 00010  0800 00020  0900 00010  1000 00010  1100 00020  1200 00030  1300 00010  1400 00010  1500 00020  2100 00010  2200 00010  2500 00230  
HPD02834900HPCPHT19810200260030600 00010  0800 00020  2500 00030  
HPD02834900HPCPHT19810300010020100 00000g 2500 00000  
HPD02834900HPCPHT19810300020120200 00010  0600 00030  0700 00020  0800 00020  1000 00010  1100 00010  1400 00010  1600 00010  1700 00020  1800 00010  2000 00010  2500 00160  
HPD02834900HPCPHT19810300030061100 00010  1800 00010  1900 00010  2100 00010  2200 00010  2500 00050  
HPD02834900HPCPHT19810300040030100 00010  0400 00020  2500 00030  
HPD02834900HPCPHT19810300050061500 00010  1600 00040  1700 00010  1800 00010  2200 00020  2500 00090  
HPD02834900HPCPHT19810300060020300 00010  2500 00010  
HPD02834900HPCPHT19810300120031500 00010  1600 00010  2500 00020  
HPD02834900HPCPHT19810300200021000 00010  2500 00010  
HPD02834900HPCPHT19810400010020100 00000g 2500 00000  
HPD02834900HPCPHT19810400020042200 00010  2300 00020  2400 00030  2500 00060  
HPD02834900HPCPHT19810400130021100 00010  2500 00010  
HPD02834900HPCPHT19810500010070100 00000g 0300 00010  1600 00020  1700 00020  1800 00010  1900 00010  2500 00070  
HPD02834900HPCPHT19810500270032000 00010  2100 00010  2500 00020  
HPD02834900HPCPHT19810500280020100 00010  2500 00010  
HPD02834900HPCPHT19810600010020100 00000g 2500 00000  
HPD02834900HPCPHT19810600300021500 00010  2500 00010  
HPD02834900HPCPHT19810700010020100 00000g 2500 00000  
HPD02834900HPCPHT19810700100022200 00070  2500 00070  
HPD02834900HPCPHT19810700110021600 00010  2500 00010  
HPD02834900HPCPHT19810700120021600 00010  2500 00010  
HPD02834900HPCPHT19810700160020200 00010  2500 00010  
HPD02834900HPCPHT19810700170021700 00010  2500 00010  
HPD02834900HPCPHT19810700210032300 00050  2400 00050  2500 00100  
HPD02834900HPCPHT19810700220020100 00010  2500 00010  
HPD02834900HPCPHT19810700250021300 00010  2500 00010  
HPD02834900HPCPHT19810700310021700 00010  2500 00010  
HPD02834900HPCPHT19810800010050100 00000g 0900 00050  1000 00010  1400 00040  2500 00100  
HPD02834900HPCPHT19810800100031600 00060  1700 00050  2500 00110  
HPD02834900HPCPHT19810800110030700 00010  1100 00010  2500 00020  
HPD02834900HPCPHT19810800120022400 00020  2500 00020  
HPD02834900HPCPHT19810800130020100 00010  2500 00010  
HPD02834900HPCPHT19810800240022000 00010  2500 00010  
HPD02834900HPCPHT19810900010020100 00000g 2500 00000  
HPD02834900HPCPHT19810900060020100 00010  2500 00010  
HPD02834900HPCPHT19811000010040100 00010  2000 00010  2300 00020  2500 00040  
HPD02834900HPCPHT19811000020050300 00020  1200 00010  1300 00010  1400 00030  2500 00070  
HPD02834900HPCPHT19811000110040900 00010  1200 00020  1300 00010  2500 00040  
HPD02834900HPCPHT19811000120020700 00010  2500 00010  
HPD02834900HPCPHT19811100010020100 00000g 2500 00000  
HPD02834900HPCPHT19811100270041300 00010  1700 00020  1800 00010  2500 00040  
HPD02834900HPCPHT19811100280062000 00010  2100 00020  2200 00020  2300 00040  2400 00020  2500 00110  
HPD02834900HPCPHT19811100290110100 00010  0200 00010  0300 00010  0500 00010  0600 00010  0700 00010  0800 00010  1000 00010  1100 00020  1700 00010  2500 00110  
HPD02834900HPCPHT19811200010020100 00000g 2500 00000  
HPD02834900HPCPHT19820100010060100 00000g 1200 00010  1400 00010  1700 00010  2400 00010  2500 00040  
HPD02834900HPCPHT19820100020050100 00010  0200 00010  0600 00010  0700 00010  2500 00040  
HPD02834900HPCPHT19820100030041000 00010  1300 00020  1400 00010  2500 00040  
HPD02834900HPCPHT19820100050022400 00010  2500 00010  
HPD02834900HPCPHT19820100060041000 00010  1100 00010  1400 00010  2500 00030  
HPD02834900HPCPHT19820100100022200 00010  2500 00010  
HPD02834900HPCPHT19820100110022300 00010  2500 00010  
HPD02834900HPCPHT19820100120070400 00010  0900 00010  1600 00010  1700 00010  1800 00030  1900 00010  2500 00080  
HPD02834900HPCPHT19820100210051600 00020  1700 00020  1800 00020  1900 00020  2500 00080  
HPD02834900HPCPHT19820100220021000 00010  2500 00010  
HPD02834900HPCPHT19820100240021400 00010  2500 00010  
HPD02834900HPCPHT19820100300021600 00010  2500 00010  
HPD02834900HPCPHT19820200010020100 00000g 2500 00000  
HPD02834900HPCPHT19820200080031100 00010  1300 00010  2500 00020  
HPD02834900HPCPHT19820200100050100 00010  0300 00010  1800 00010  2300 00010  2500 00040  
HPD02834900HPCPHT19820200110080100 00010  0200 00020  0300 00010  0400 00010  0700 00010  0900 00010  1100 00010  2500 00080  
HPD02834900HPCPHT19820200170022400 00010  2500 00010  
HPD02834900HPCPHT19820200180021600 00010  2500 00010  
HPD02834900HPCPHT19820200240032100 00010  2200 00010  2500 00020  
HPD02834900HPCPHT19820200250030600 00010  0700 00010  2500 00020  
HPD02834900HPCPHT19820300010020100 00000g 2500 00000  
HPD02834900HPCPHT19820300020050800 00010  1000 00010  1100 00010  1200 00010  2500 00040  
HPD02834900HPCPHT19820300120040500 00010  0900 00010  1600 00010  2500 00030  
HPD02834900HPCPHT19820300130070500 00010  0600 00010  0700 00030  0800 00020  0900 00030  1800 00010  2500 00110  
HPD02834900HPCPHT19820300140022400 00010  2500 00010  
HPD02834900HPCPHT19820300150050200 00020  0300 00010  0900 00010  1000 00010  2500 00050  
HPD02834900HPCPHT19820300160021300 00010  2500 00010  
HPD02834900HPCPHT19820300180061500 00010  1600 00030  1700 00020  1800 00010  1900 00010  2500 00080  
HPD02834900HPCPHT19820300190020800 00010  2500 00010  
HPD02834900HPCPHT19820300260070800 00010  1000 00010  1200 00010  1300 00010  1400 00010  1500 00010  2500 00060  
HPD02834900HPCPHT19820300290020600 00010  2500 00010  
HPD02834900HPCPHT19820400010020100 00000g 2500 00000  
HPD02834900HPCPHT19820400070020200 00010  2500 00010  
HPD02834900HPCPHT19820500010040100 00000g 2200 00010  2400 00010  2500 00020  
HPD02834900HPCPHT19820500040060600 00030  0700 00010  0800 00040  1600 00010  2000 00010  2500 00100  
HPD02834900HPCPHT19820500110022200 00010  2500 00010  
HPD02834900HPCPHT19820500260031300 00010  1800 00010  2500 00020  
HPD02834900HPCPHT19820600010020100 00000g 2500 00000  
HPD02834900HPCPHT19820700010020100 00000g 2500 00000  
HPD02834900HPCPHT19820700060021800 00010  2500 00010  
HPD02834900HPCPHT19820700070020500 00020  2500 00020  
HPD02834900HPCPHT19820700160022400 00030  2500 00030  
HPD02834900HPCPHT19820700170020100 00010  2500 00010  
HPD02834900HPCPHT19820700220031900 00050  2000 00010  2500 00060  
HPD02834900HPCPHT19820700240031700 00060  1800 00060  2500 00120  
HPD02834900HPCPHT19820700270021000 00010  2500 00010  
HPD02834900HPCPHT19820700300031900 00030  2100 00010  2500 00040  
HPD02834900HPCPHT19820800010020100 00000g 2500 00000  
HPD02834900HPCPHT19820800090021900 00100  2500 00100  
HPD02834900HPCPHT19820800100070600 00020  0700 00150  0800 00020  0900 00010  1000 00010  1100 00010  2500 00220  
HPD02834900HPCPHT19820800180032000 00010  2100 00010  2500 00020  
HPD02834900HPCPHT19820800190021100 00010  2500 00010  
HPD02834900HPCPHT19820800210021800 00060  2500 00060  
HPD02834900HPCPHT19820900010020100 00000g 2500 00000  
HPD02834900HPCPHT19820900060021500 00020  2500 00020  
HPD02834900HPCPHT19820900070021900 00010  2500 00010  
HPD02834900HPCPHT19820900100071200 00030  1300 00060  1400 00010  1500 00010  1600 00020  1700 00010  2500 00140  
HPD02834900HPCPHT19820900110051400 00030  1600 00010  1700 00010  1800 00020  2500 00070  
HPD02834900HPCPHT19820900270040800 00010  0900 00010  1000 00010  2500 00030  
HPD02834900HPCPHT19821000010020100 00000g 2500 00000  
HPD02834900HPCPHT19821100010030100 00000g 0900 99999[ 2500 00000I 
HPD02834900HPCPHT19821100300022400 99999] 2500 00000I 
HPD02834900HPCPHT19821200010020100 00000g 2500 00000  
HPD02834900HPCPHT19821200080021000 00010  2500 00010  
HPD02834900HPCPHT19821200090022000 00010  2500 00010  
HPD02834900HPCPHT19821200100070300 00010  0500 00010  1100 00010  1200 00010  1300 00020  1600 00010  2500 00070  
HPD02834900HPCPHT19821200220020300 00010  2500 00010  
HPD02834900HPCPHT19821200230040900 00010  1000 00040  1100 00040  2500 00090  
HPD02834900HPCPHT19821200310021200 00010  2500 00010  
HPD02834900HPCPHT19830100010020100 00000g 2500 00000  
HPD02834900HPCPHT19830100170020400 00010  2500 00010  
HPD02834900HPCPHT19830100200031000 00010  1100 00010  2500 00020  
HPD02834900HPCPHT19830100270052000 00010  2100 00030  2200 00010  2300 00010  2500 00060  
HPD02834900HPCPHT19830100280020500 00010  2500 00010  
HPD02834900HPCPHT19830100290081300 00010  1500 00020  1600 00020  1700 00030  1800 00020  1900 00010  2000 00020  2500 00130  
HPD02834900HPCPHT19830100300021100 00010  2500 00010  
HPD02834900HPCPHT19830200010020100 00000g 2500 00000  
HPD02834900HPCPHT19830200020022300 00010  2500 00010  
HPD02834900HPCPHT19830200030080100 00010  0500 00010  0600 00010  0800 00010  1600 00020  1700 00020  1900 00010  2500 00090  
HPD02834900HPCPHT19830200040070500 00020  0700 00010  0800 00010  0900 00010  1000 00010  1200 00010  2500 00070  
HPD02834900HPCPHT19830200050040300 00010  0600 00010  1100 00010  2500 00030  
HPD02834900HPCPHT19830200060050400 00010  0800 00020  0900 00010  1000 00010  2500 00050  
HPD02834900HPCPHT19830200070020800 00010  2500 00010  
HPD02834900HPCPHT19830200080051500 00010  1700 00010  1800 00010  2200 00010  2500 00040  
HPD02834900HPCPHT19830300010020100 00000g 2500 00000  
HPD02834900HPCPHT19830300030130100 00010  0200 00020  0500 00010  0700 00010  1000 00010  1200 00010  1300 00010  1400 00010  1500 00020  1600 00010  2300 00010  2400 00010  2500 00140  
HPD02834900HPCPHT19830300040140100 00020  0200 00010  0300 00010  0400 00010  0500 00010  0600 00020  0800 00010  0900 00010  1200 00010  1500 00010  1600 00010  1800 00010  2300 00010  2500 00150  
HPD02834900HPCPHT19830300180140100 00010  0500 00010  0800 00010  1000 00020  1100 00030  1200 00010  1700 00010  1800 00010  1900 00010  2000 00010  2100 00010  2200 00020  2300 00020  2500 00180  
HPD02834900HPCPHT19830300190080200 00010  0400 00010  0500 00010  0600 00020  0700 00010  1100 00010  1300 00010  2500 00080  
HPD02834900HPCPHT19830300210041500 00010  1600 00020  1700 00010  2500 00040  
HPD02834900HPCPHT19830300230020800 00010  2500 00010  
HPD02834900HPCPHT19830300240071400 00010  1500 00010  1700 00010  1800 00060  1900 00010  2000 00010  2500 00110  
HPD02834900HPCPHT19830400010020100 00000g 2500 00000  
HPD02834900HPCPHT19830400050022400 00010  2500 00010  
HPD02834900HPCPHT19830400120050800 00010  0900 00010  1000 00010  1100 00010  2500 00040  
HPD02834900HPCPHT19830400130020500 00010  2500 00010  
HPD02834900HPCPHT19830400200021900 00010  2500 00010  
HPD02834900HPCPHT19830400210051300 00010  1400 00010  1700 00010  1800 00010  2500 00040  
HPD02834900HPCPHT19830400230021200 00010  2500 00010  
HPD02834900HPCPHT19830500010030100 00000g 1000 00010  2500 00010  
HPD02834900HPCPHT19830600010020100 00000g 2500 00000  
HPD02834900HPCPHT19830700010020100 00000g 2500 00000  
HPD02834900HPCPHT19830700090030400 00020  0500 00020  2500 00040  
HPD02834900HPCPHT19830700220030900 00020  1000 00010  2500 00030  
HPD02834900HPCPHT19830700230020400 00010  2500 00010  
HPD02834900HPCPHT19830700290021000 00010  2500 00010  
HPD02834900HPCPHT19830700300030100 00010  0200 00010  2500 00020  
HPD02834900HPCPHT19830800010030100 00000g 2300 00010  2500 00010  
HPD02834900HPCPHT19830800020020600 00010  2500 00010  
HPD02834900HPCPHT19830800070022000 00010  2500 00010  
HPD02834900HPCPHT19830800080020900 00010  2500 00010  
HPD02834900HPCPHT19830800090061900 00020  2000 00010  2100 00010  2200 00010  2400 00010  2500 00060  
HPD02834900HPCPHT19830800110020100 00010  2500 00010  
HPD02834900HPCPHT19830800140021800 00010  2500 00010  
HPD02834900HPCPHT19830800160021600 00010  2500 00010  
HPD02834900HPCPHT19830800170061000 00020  1100 00010  1200 00030  1300 00020  1400 00010  2500 00090  
HPD02834900HPCPHT19830800310032200 00020  2300 00040  2500 00060  
HPD02834900HPCPHT19830900010020100 00000g 2500 00000  
HPD02834900HPCPHT19830900060021900 00090  2500 00090  
HPD02834900HPCPHT19830900120031900 00010  2100 00010  2500 00020  
HPD02834900HPCPHT19830900190032100 00020  2200 00020  2500 00040  
HPD02834900HPCPHT19830900230022400 00010  2500 00010  
HPD02834900HPCPHT19830900280031400 00010  1800 00010  2500 00020  
HPD02834900HPCPHT19830900290090600 00010  0800 00010  1100 00040  1200 00030  1300 00020  1400 00020  1500 00010  2000 00010  2500 00150  
HPD02834900HPCPHT19830900300060400 00010  0500 00030  0700 00010  0900 00020  1000 00010  2500 00080  
HPD02834900HPCPHT19831000010140100 00000g 0300 00010  0500 00020  0600 00010  0700 00030  0800 00020  0900 00030  1000 00020  1300 00010  1400 00010  1600 00010  2000 00010  2200 00010  2500 00190  
HPD02834900HPCPHT19831000020050100 00020  0200 00020  0300 00010  0400 00010  2500 00060  
HPD02834900HPCPHT19831000080040100 00010  0300 00010  0900 00010  2500 00030  
HPD02834900HPCPHT19831000240021900 00010  2500 00010  
HPD02834900HPCPHT19831000250020700 00010  2500 00010  
HPD02834900HPCPHT19831100010030100 00000g 1000 99999[ 2500 00000I 
HPD02834900HPCPHT19831100300022400 99999] 2500 00000I 
HPD02834900HPCPHT19831200010070100 99999[ 1100 99999] 1300 00010  2200 00010  2300 00010  2400 00010  2500 00040I 
HPD02834900HPCPHT19831200020100500 00010  1100 00010  1400 00030  1500 00010  1600 00030  1800 00010  2200 00020  2300 00020  2400 00010  2500 00150  
HPD02834900HPCPHT19831200040030800 00010  0900 00020  2500 00030  
HPD02834900HPCPHT19831200250041900 00010  2000 00020  2300 00010  2500 00040  
HPD02834900HPCPHT19831200260050200 00010  0400 00010  0800 00010  1700 00010  2500 00040  
HPD02834900HPCPHT19831200270070400 00010  0700 00010  0800 00010  0900 00010  1200 00010  1300 00010  2500 00060  
HPD02834900HPCPHT19840100010020100 00000g 2500 00000  
HPD02834900HPCPHT19840100020021000 99999a 2500 00000I 
HPD02834900HPCPHT19840100310022400 99999A 2500 00000I 
HPD02834900HPCPHT19840200010030100 99999, 1000 00060A 2500 00060P 
HPD02834900HPCPHT19840300010020100 00000g 2500 00000  
HPD02834900HPCPHT19840400010020100 00000g 2500 00000  
HPD02834900HPCPHT19840400060061600 00010  1800 00020  1900 00020  2000 00020  2200 00010  2500 00080  
HPD02834900HPCPHT19840400070040300 00010  1000 00010  1500 00010  2500 00030  
HPD02834900HPCPHT19840400280061300 00020  1600 00010  1900 00010  2200 00010  2400 00010  2500 00060  
HPD02834900HPCPHT19840500010020100 00000g 2500 00000  
HPD02834900HPCPHT19840500140031800 00010  2000 00010  2500 00020  
HPD02834900HPCPHT19840600010020100 00000g 2500 00000  
HPD02834900HPCPHT19840600020021400 00010  2500 00010  
HPD02834900HPCPHT19840600260021800 00010  2500 00010  
HPD02834900HPCPHT19840600280031700 00010  1800 00010  2500 00020  
HPD02834900HPCPHT19840600290021700 00010  2500 00010  
HPD02834900HPCPHT19840700010040100 00000g 1900 00050  2100 00010  2500 00060  
HPD02834900HPCPHT19840700020021300 00010  2500 00010  
HPD02834900HPCPHT19840700070021600 00010  2500 00010  
HPD02834900HPCPHT19840700090021300 00010  2500 00010  
HPD02834900HPCPHT19840700120031700 00030  2300 00010  2500 00040  
HPD02834900HPCPHT19840700130040200 00010  0300 00010  1000 00010  2500 00030  
HPD02834900HPCPHT19840700140021800 00010  2500 00010  
HPD02834900HPCPHT19840700180021900 00030  2500 00030  
HPD02834900HPCPHT19840700190032300 00090  2400 00010  2500 00100  
HPD02834900HPCPHT19840700200020100 00010  2500 00010  
HPD02834900HPCPHT19840700220030600 00010  0900 00010  2500 00020  
HPD02834900HPCPHT19840700230031400 00030  1700 00010  2500 00040  
HPD02834900HPCPHT19840700280041500 00040  1600 00010  2300 00010  2500 00060  
HPD02834900HPCPHT19840700290022000 00010  2500 00010  
HPD02834900HPCPHT19840700300020400 00010  2500 00010  
HPD02834900HPCPHT19840700310021800 00010  2500 00010  
HPD02834900HPCPHT19840800010020100 00000g 2500 00000  
HPD02834900HPCPHT19840800040042200 00030  2300 00010  2400 00010  2500 00050  
HPD02834900HPCPHT19840800080041800 00010  1900 00010  2400 00020  2500 00040  
HPD02834900HPCPHT19840800090060100 00010  0200 00010  1900 00010  2000 00010  2200 00010  2500 00050  
HPD02834900HPCPHT19840800100031400 00010  1500 00010  2500 00020  
HPD02834900HPCPHT19840800120020100 00010  2500 00010  
HPD02834900HPCPHT19840800140030200 00080  0900 00010  2500 00090  
HPD02834900HPCPHT19840800150021300 00010  2500 00010  
HPD02834900HPCPHT19840800160021900 00010  2500 00010  
HPD02834900HPCPHT19840800180021900 00010  2500 00010  
HPD02834900HPCPHT19840800220020500 00010  2500 00010  
HPD02834900HPCPHT19840800230020900 00010  2500 00010  
HPD02834900HPCPHT19840800250031500 00010  1600 00070  2500 00080  
HPD02834900HPCPHT19840800270041900 00010  2300 00010  2400 00010  2500 00030  
HPD02834900HPCPHT19840900010030100 00000g 2400 00010  2500 00010  
HPD02834900HPCPHT19840900020030100 00010  0200 00010  2500 00020  
HPD02834900HPCPHT19840900100032200 00010  2300 00010  2500 00020  
HPD02834900HPCPHT19840900210021800 00010  2500 00010  
HPD02834900HPCPHT19840900250031200 00010  1600 00010  2500 00020  
HPD02834900HPCPHT19840900260090700 00010  0800 00010  0900 00010  1000 00040  1100 00010  1200 00020  1400 00010  1700 00010  2500 00120  
HPD02834900HPCPHT19841000010020100 00000g 2500 00000  
HPD02834900HPCPHT19841000020090600 00050  0800 00010  1600 00010  1700 00060  1900 00030  2000 00010  2200 00040  2400 00020  2500 00230  
HPD02834900HPCPHT19841000030030600 00010  1100 00010  2500 00020  
HPD02834900HPCPHT19841000040021300 00010  2500 00010  
HPD02834900HPCPHT19841000120021000 00020  2500 00020  
HPD02834900HPCPHT19841000160021300 00010  2500 00010  
HPD02834900HPCPHT19841100010020100 00000g 2500 00000  
HPD02834900HPCPHT19841100220052100 00010  2200 00010  2300 00010  2400 00010  2500 00040  
HPD02834900HPCPHT19841100230140100 00010  0200 00030  0300 00030  0400 00020  0500 00010  0600 00010  0700 00010  0800 00010  0900 00010  1100 00010  1200 00010  1300 00010  1600 00010  2500 00180  
HPD02834900HPCPHT19841100240022300 00010  2500 00010  
HPD02834900HPCPHT19841100250050300 00010  0600 00010  1500 00010  1700 00010  2500 00040  
HPD02834900HPCPHT19841200010020100 00000g 2500 00000  
HPD02834900HPCPHT19841200040040300 00030  0400 00010  0500 00010  2500 00050  
HPD02834900HPCPHT19841200050020700 00010  2500 00010  
HPD02834900HPCPHT19841200100051700 00010  2000 00010  2200 00010  2400 00010  2500 00040  
HPD02834900HPCPHT19841200110060500 00010  0800 00020  0900 00020  1500 00010  1800 00010  2500 00070  
HPD02834900HPCPHT19841200120080400 00010  0800 00010  1200 00010  1300 00010  2200 00010  2300 00010  2400 00020  2500 00080  
HPD02834900HPCPHT19841200130050100 00020  0400 00030  0500 00020  1400 00010  2500 00080  
HPD02834900HPCPHT19841200140031600 00010  1800 00010  2500 00020  
HPD02834900HPCPHT19841200150031200 00010  1400 00010  2500 00020  
HPD02834900HPCPHT19841200160021000 00010  2500 00010  
HPD02834900HPCPHT19841200190021900 00010  2500 00010  
HPD02834900HPCPHT19841200200030300 00010  0600 00010  2500 00020  
HPD02834900HPCPHT19841200270100500 00010  0600 00010  0800 00010  0900 00020  1000 00030  1100 00040  1200 00020  1300 00010  1400 00020  2500 00170  
HPD02834900HPCPHT19841200280051300 00010  1400 00010  1600 00010  2400 00010  2500 00040  
HPD02834900HPCPHT19841200290020800 00010  2500 00010  
HPD02834900HPCPHT19850100010020100 00000g 2500 00000  
HPD02834900HPCPHT19850100070022400 00010  2500 00010  
HPD02834900HPCPHT19850100080090300 00010  0600 00010  1000 00010  1200 00010  1400 00020  1500 00020  1700 00010  2200 00010  2500 00100  
HPD02834900HPCPHT19850100230030200 00010  2400 00010  2500 00020  
HPD02834900HPCPHT19850100240020600 00010  2500 00010  
HPD02834900HPCPHT19850100250022300 00010  2500 00010  
HPD02834900HPCPHT19850100260090200 00010  0300 00010  0500 00010  0900 00020  1200 00010  1300 00010  1400 00010  2300 00010  2500 00090  
HPD02834900HPCPHT19850100270020100 00030  2500 00030  
HPD02834900HPCPHT19850100290030800 00010  2400 00010  2500 00020  
HPD02834900HPCPHT19850100300021900 00010  2500 00010  
HPD02834900HPCPHT19850200010020100 00000g 2500 00000  
HPD02834900HPCPHT19850200040061600 00010  1800 00010  1900 00020  2000 00010  2100 00010  2500 00060  
HPD02834900HPCPHT19850200050031400 00010  1500 00020  2500 00030  
HPD02834900HPCPHT19850200210040700 00010  1100 00010  1300 00010  2500 00030  
HPD02834900HPCPHT19850200220060500 00010  0600 00010  0700 00010  0800 00010  1100 00010  2500 00050  
HPD02834900HPCPHT19850200270021400 00010  2500 00010  
HPD02834900HPCPHT19850300010020100 00000g 2500 00000  
HPD02834900HPCPHT19850300110021800 00010  2500 00010  
HPD02834900HPCPHT19850300120070100 00010  0200 00010  0500 00020  0600 00010  0700 00010  0800 00010  2500 00070  
HPD02834900HPCPHT19850300150050600 00010  0700 00010  1000 00010  1200 00010  2500 00040  
HPD02834900HPCPHT19850300190030300 00010  1100 00010  2500 00020  
HPD02834900HPCPHT19850300290040200 00010  0300 00010  0500 00010  2500 00030  
HPD02834900HPCPHT19850300300021300 00010  2500 00010  
HPD02834900HPCPHT19850400010020100 00000g 2500 00000  
HPD02834900HPCPHT19850400020022200 00010  2500 00010  
HPD02834900HPCPHT19850400270061600 00010  1800 00010  2100 00020  2200 00010  2300 00010  2500 00060  
HPD02834900HPCPHT19850500010020100 00000g 2500 00000  
HPD02834900HPCPHT19850600010020100 00000g 2500 00000  
HPD02834900HPCPHT19850700010020100 00000g 2500 00000  
HPD02834900HPCPHT19850700150022300 00010  2500 00010  
HPD02834900HPCPHT19850700180020900 00010  2500 00010  
HPD02834900HPCPHT19850700270061400 00010  1700 00010  1800 00030  1900 00010  2000 00010  2500 00070  
HPD02834900HPCPHT19850700310022400 00010  2500 00010  
HPD02834900HPCPHT19850800010030100 00040  0200 00020  2500 00060  
HPD02834900HPCPHT19850800020021300 00020  2500 00020  
HPD02834900HPCPHT19850800030031900 00020  2000 00020  2500 00040  
HPD02834900HPCPHT19850800200020300 00010  2500 00010  
HPD02834900HPCPHT19850800250022000 00010  2500 00010  
HPD02834900HPCPHT19850900010020100 00000g 2500 00000  
HPD02834900HPCPHT19850900060021800 00020  2500 00020  
HPD02834900HPCPHT19850900100022100 00010  2500 00010  
HPD02834900HPCPHT19850900110041100 00060  1200 00030  1400 00010  2500 00100  
HPD02834900HPCPHT19850900180100200 00010  0400 00010  0500 00010  0800 00100  1000 00010  1100 00030  1200 00020  1300 00020  1400 00010  2500 00220  
HPD02834900HPCPHT19850900280050800 00010  0900 00020  1000 00020  1100 00010  2500 00060  
HPD02834900HPCPHT19851000010020100 00000g 2500 00000  
HPD02834900HPCPHT19851000070020800 00010  2500 00010  
HPD02834900HPCPHT19851000100070900 00010  1500 00020  1600 00010  1700 00020  1800 00010  2000 00010  2500 00080  
HPD02834900HPCPHT19851000160020500 00010  2500 00010  
HPD02834900HPCPHT19851000170050500 00020  0600 00010  0800 00010  0900 00010  2500 00050  
HPD02834900HPCPHT19851000310022100 00010  2500 00010  
HPD02834900HPCPHT19851100010020100 00000g 2500 00000  
HPD02834900HPCPHT19851100120070600 00030  0700 00020  0800 00020  0900 00010  1000 00010  1200 00010  2500 00100  
HPD02834900HPCPHT19851100130021600 00010  2500 00010  
HPD02834900HPCPHT19851100250110900 00010  1000 00010  1200 00010  1400 00010  1600 00010  1800 00010  2000 00010  2100 00020  2200 00020  2300 00020  2500 00130  
HPD02834900HPCPHT19851100260050100 00010  0300 00010  0400 00010  1000 00010  2500 00040  
HPD02834900HPCPHT19851100290022300 00010  2500 00010  
HPD02834900HPCPHT19851100300020200 00010  2500 00010  
HPD02834900HPCPHT19851200010020100 00000g 2500 00000  
HPD02834900HPCPHT19851200110051100 00010  1400 00010  1700 00010  1900 00010  2500 00040  
HPD02834900HPCPHT19851200120040100 00010  1000 00020  1100 00010  2500 00040  
HPD02834900HPCPHT19860100010020100 00000g 2500 00000  
HPD02834900HPCPHT19860100300031800 00010  2300 00010  2500 00020  
HPD02834900HPCPHT19860100310022400 00020  2500 00020  
HPD02834900HPCPHT19860200010040100 00010  0300 00020  0500 00010  2500 00040  
HPD02834900HPCPHT19860200040050300 00010  0700 00010  1300 00010  1400 00010  2500 00040  
HPD02834900HPCPHT19860200060022400 00010  2500 00010  
HPD02834900HPCPHT19860200080041700 00010  2000 00010  2200 00010  2500 00030  
HPD02834900HPCPHT19860200090110100 00010  0200 00010  0500 00010  0600 00010  0900 00010  1000 00010  1100 00010  1300 00010  1400 00010  1600 00010  2500 00100  
HPD02834900HPCPHT19860200100021100 00010  2500 00010  
HPD02834900HPCPHT19860200150061700 00010  1800 00010  1900 00030  2000 00020  2200 00010  2500 00080  
HPD02834900HPCPHT19860200160050400 00010  0500 00010  0600 00010  0700 00010  2500 00040  
HPD02834900HPCPHT19860300010020100 00000g 2500 00000  
HPD02834900HPCPHT19860300100022200 00010  2500 00010  
HPD02834900HPCPHT19860300110060200 00010  0400 00030  0500 00020  1200 00010  2100 00010  2500 00080  
HPD02834900HPCPHT19860300120040200 00010  2200 00020  2400 00010  2500 00040  
HPD02834900HPCPHT19860300130020300 00010  2500 00010  
HPD02834900HPCPHT19860300140090200 00010  0500 00010  0600 00010  0700 00010  0800 00020  0900 00010  1000 00010  1500 00010  2500 00090  
HPD02834900HPCPHT19860300160022400 00020  2500 00020  
HPD02834900HPCPHT19860300170190100 00010  0200 00010  0300 00020  0400 00010  0500 00020  0600 00020  0700 00010  0800 00010  0900 00010  1000 00010  1100 00010  1400 00010  1700 00010  1800 00030  1900 00020  2000 00010  2100 00010  2300 00010  2500 00240  
HPD02834900HPCPHT19860300190020900 00010  2500 00010  
HPD02834900HPCPHT19860400010030100 00000g 2000 00030  2500 00030  
HPD02834900HPCPHT19860400020020600 00010  2500 00010  
HPD02834900HPCPHT19860400280021600 00010  2500 00010  
HPD02834900HPCPHT19860500010030100 00000g 2400 00010  2500 00010  
HPD02834900HPCPHT19860600010030100 00000g 2400 00010  2500 00010  
HPD02834900HPCPHT19860700010020100 00000g 2500 00000  
HPD02834900HPCPHT19860700020052000 00040  2100 00040  2200 00020  2300 00010  2500 00110  
HPD02834900HPCPHT19860700030021900 00010  2500 00010  
HPD02834900HPCPHT19860700040030900 00010  1100 00010  2500 00020  
HPD02834900HPCPHT19860700150021900 00020  2500 00020  
HPD02834900HPCPHT19860700170020300 00010  2500 00010  
HPD02834900HPCPHT19860700180032100 00010  2200 00010  2500 00020  
HPD02834900HPCPHT19860700190021000 00010  2500 00010  
HPD02834900HPCPHT19860700210050900 00020  1400 00020  1500 00010  1600 00010  2500 00060  
HPD02834900HPCPHT19860700220031800 00010  1900 00010  2500 00020  
HPD02834900HPCPHT19860800010020100 00000g 2500 00000  
HPD02834900HPCPHT19860800090032000 00040  2100 00030  2500 00070  
HPD02834900HPCPHT19860800100040400 00010  1900 00130  2000 00010  2500 00150  
HPD02834900HPCPHT19860800110020400 00010  2500 00010  
HPD02834900HPCPHT19860800230020700 00010  2500 00010  
HPD02834900HPCPHT19860800250022300 00010  2500 00010  
HPD02834900HPCPHT19860800290060300 00010  1200 00010  1400 00060  1500 00010  2100 00020  2500 00110  
HPD02834900HPCPHT19860800300021300 00010  2500 00010  
HPD02834900HPCPHT19860800310022300 00030  2500 00030  
HPD02834900HPCPHT19860900010020100 00000g 2500 00000  
HPD02834900HPCPHT19860900080021500 00010  2500 00010  
HPD02834900HPCPHT19860900090020500 00040  2500 00040  
HPD02834900HPCPHT19860900230022400 00050  2500 00050  
HPD02834900HPCPHT19860900240030100 00030  0200 00040  2500 00070  
HPD02834900HPCPHT19860900280021300 00010  2500 00010  
HPD02834900HPCPHT19861000010020100 00000g 2500 00000  
HPD02834900HPCPHT19861000030020900 00010  2500 00010  
HPD02834900HPCPHT19861000050021600 00010  2500 00010  
HPD02834900HPCPHT19861000090041800 00010  2200 00010  2300 00020  2500 00040  
HPD02834900HPCPHT19861000100051100 00010  1200 00010  1400 00040  2100 00010  2500 00070  
HPD02834900HPCPHT19861000110061800 00010  2100 00030  2200 00020  2300 00030  2400 00020  2500 00110  
HPD02834900HPCPHT19861100010020100 00000g 2500 00000  
HPD02834900HPCPHT19861100020060500 00010  0600 00010  0700 00010  1100 00010  1200 00010  2500 00050  
HPD02834900HPCPHT19861100030071600 00010  1800 00010  1900 00010  2000 00020  2100 00020  2300 00010  2500 00080  
HPD02834900HPCPHT19861100060032000 00010  2100 00010  2500 00020  
HPD02834900HPCPHT19861100080021100 00010  2500 00010  
HPD02834900HPCPHT19861100180041600 00010  1700 00020  1900 00010  2500 00040  
HPD02834900HPCPHT19861100190020300 00010  2500 00010  
HPD02834900HPCPHT19861200010020100 00000g 2500 00000  
HPD02834900HPCPHT19861200060180500 00010  0600 00010  0700 00010  0800 00010  0900 00010  1000 00010  1100 00010  1200 00020  1300 00010  1400 00010  1500 00010  1600 00020  1700 00010  1800 00010  1900 00010  2200 00010  2400 00010  2500 00190  
HPD02834900HPCPHT19861200070090300 00020  0500 00010  0600 00010  0900 00020  1100 00010  1300 00010  1700 00010  2000 00010  2500 00100  
HPD02834900HPCPHT19861200140021800 00010  2500 00010  
HPD02834900HPCPHT19861200170031600 00010  1700 00010  2500 00020  
HPD02834900HPCPHT19861200200041400 00010  1700 00010  2200 00010  2500 00030  
HPD02834900HPCPHT19870100010020100 00000g 2500 00000  
HPD02834900HPCPHT19870100050060800 00030  0900 00010  1500 00010  2000 00010  2200 00010  2500 00070  
HPD02834900HPCPHT19870100130021300 00010  2500 00010  
HPD02834900HPCPHT19870100150032300 00010  2400 00010  2500 00020  
HPD02834900HPCPHT19870100160040100 00010  0500 00010  1100 00010  2500 00030  
HPD02834900HPCPHT19870100200020400 00010  2500 00010  
HPD02834900HPCPHT19870100310090400 00010  0600 00010  0800 00010  0900 00010  1000 00010  1100 00020  1300 00010  1400 00010  2500 00090  
HPD02834900HPCPHT19870200010020100 00000g 2500 00000  
HPD02834900HPCPHT19870200160022000 00010  2500 00010  
HPD02834900HPCPHT19870200240100800 00010  0900 00010  1300 00010  1500 00010  1600 00020  1700 00010  1900 00020  2200 00010  2300 00010  2500 00110  
HPD02834900HPCPHT19870200250110200 00010  0500 00010  0600 00010  0800 00010  1100 00010  1200 00010  1400 00020  1500 00010  1800 00010  2000 00010  2500 00110  
HPD02834900HPCPHT19870200260050200 00010  0500 00010  1000 00010  1100 00010  2500 00040  
HPD02834900HPCPHT19870300010020100 00000g 2500 00000  
HPD02834900HPCPHT19870300040021600 00010  2500 00010  
HPD02834900HPCPHT19870300150051500 00010  1600 00010  1700 00020  1900 00010  2500 00050  
HPD02834900HPCPHT19870300170021000 00010  2500 00010  
HPD02834900HPCPHT19870300220040600 00010  0700 00010  1000 00010  2500 00030  
HPD02834900HPCPHT19870400010020100 00000g 2500 00000  
HPD02834900HPCPHT19870400080021700 00010  2500 00010  
HPD02834900HPCPHT19870500010020100 00000g 2500 00000  
HPD02834900HPCPHT19870500140021900 00020  2500 00020  
HPD02834900HPCPHT19870500200031300 00010  1600 00010  2500 00020  
HPD02834900HPCPHT19870600010020100 00000g 2500 00000  
HPD02834900HPCPHT19870600140031800 00010  1900 00010  2500 00020  
HPD02834900HPCPHT19870700010020100 00000g 2500 00000  
HPD02834900HPCPHT19870700140041600 00070  1700 00010  1800 00010  2500 00090  
HPD02834900HPCPHT19870700150022200 00010  2500 00010  
HPD02834900HPCPHT19870700160021900 00030  2500 00030  
HPD02834900HPCPHT19870700170021500 00010  2500 00010  
HPD02834900HPCPHT19870700270031800 00020  1900 00010  2500 00030  
HPD02834900HPCPHT19870700310020600 00010  2500 00010  
HPD02834900HPCPHT19870800010020100 00000g 2500 00000  
HPD02834900HPCPHT19870800040042000 00050  2100 00030  2300 00010  2500 00090  
HPD02834900HPCPHT19870800100052000 00030  2100 00010  2200 00010  2400 00010  2500 00060  
HPD02834900HPCPHT19870800110022400 00010  2500 00010  
HPD02834900HPCPHT19870800240031700 00020  1800 00030  2500 00050  
HPD02834900HPCPHT19870900010020100 00000g 2500 00000  
HPD02834900HPCPHT19870900040020400 00010  2500 00010  
HPD02834900HPCPHT19870900220032000 00020  2100 00010  2500 00030  
HPD02834900HPCPHT19870900230030100 00010  2100 00010  2500 00020  
HPD02834900HPCPHT19871000010020100 00000g 2500 00000  
HPD02834900HPCPHT19871000230060100 00020  0600 00010  0900 00010  1000 00010  1200 00010  2500 00060  
HPD02834900HPCPHT19871000310090900 00010  1300 00010  1400 00010  1600 00010  1700 00010  1800 00010  1900 00010  2400 00010  2500 00080  
HPD02834900HPCPHT19871100010090100 00000g 0500 00010  0700 00040  0800 00010  1000 00010  1100 00020  1500 00010  1900 00010  2500 00110  
HPD02834900HPCPHT19871100140022000 00010  2500 00010  
HPD02834900HPCPHT19871200010020100 00000g 2500 00000  
HPD02834900HPCPHT19871200050031000 00030  1100 00010  2500 00040  
HPD02834900HPCPHT19871200130020900 99999{ 2500 00000P 
HPD02834900HPCPHT19871200140022400 99999} 2500 00000P 
HPD02834900HPCPHT19871200170071300 00010  1400 00010  1500 00010  1600 00010  1700 00020  1900 00010  2500 00070  
HPD02834900HPCPHT19871200180070100 00010  0300 00010  0400 00010  0500 00020  0600 00020  1400 00010  2500 00080  
HPD02834900HPCPHT19871200190051500 00010  1900 00010  2000 00010  2400 00010  2500 00040  
HPD02834900HPCPHT19871200240031600 00010  1800 00010  2500 00020  
HPD02834900HPCPHT19871200250022000 00010  2500 00010  
HPD02834900HPCPHT19880100010020100 00000g 2500 00000  
HPD02834900HPCPHT19880100050041300 00010  1400 00010  1500 00010  2500 00030  
HPD02834900HPCPHT19880100060030200 00010  0300 00010  2500 00020  
HPD02834900HPCPHT19880100160030500 00010  0600 00010  2500 00020  
HPD02834900HPCPHT19880100170052000 00010  2100 00030  2200 00010  2300 00020  2500 00070  
HPD02834900HPCPHT19880100180140100 00010  0300 00010  0500 00010  0600 00010  0700 00010  0800 00020  0900 00020  1000 00020  1100 00020  1200 00030  1400 00010  1800 00010  2100 00010  2500 00190  
HPD02834900HPCPHT19880100190021200 00010  2500 00010  
HPD02834900HPCPHT19880200010020100 00000g 2500 00000  
HPD02834900HPCPHT19880200020031100 00010  1300 00010  2500 00020  
HPD02834900HPCPHT19880200030040100 00010  0700 00020  0800 00010  2500 00040  
HPD02834900HPCPHT19880200040021800 00010  2500 00010  
HPD02834900HPCPHT19880300010040100 99999{ 0900 99999} 1000 99999[ 2500 00000P 
HPD02834900HPCPHT19880300070021000 99999] 2500 00000I 
HPD02834900HPCPHT19880400010020100 00000g 2500 00000  
HPD02834900HPCPHT19880400150071700 00010  1800 00020  2000 00020  2100 00020  2200 00010  2400 00010  2500 00090  
HPD02834900HPCPHT19880400160040200 00010  0400 00010  1500 00010  2500 00030  
HPD02834900HPCPHT19880400170040800 00010  1700 00010  1900 00010  2500 00030  
HPD02834900HPCPHT19880400210041100 00020  1200 00010  1500 00010  2500 00040  
HPD02834900HPCPHT19880400220030600 00010  1500 00010  2500 00020  
HPD02834900HPCPHT19880400280041600 00010  1800 00020  1900 00010  2500 00040  
HPD02834900HPCPHT19880500010020100 00000g 2500 00000  
HPD02834900HPCPHT19880600010030100 99999{ 1000 99999} 2500 00000P 
HPD02834900HPCPHT19880600180022400 00010  2500 00010  
HPD02834900HPCPHT19880600190021900 00010  2500 00010  
HPD02834900HPCPHT19880600300021500 00010  2500 00010  
HPD02834900HPCPHT19880700010020100 00000g 2500 00000  
HPD02834900HPCPHT19880700090031600 00020  1700 00020  2500 00040  
HPD02834900HPCPHT19880700100041700 00020  1800 00030  1900 00010  2500 00060  
HPD02834900HPCPHT19880700180022100 00020  2500 00020  
HPD02834900HPCPHT19880700200021600 00020  2500 00020  
HPD02834900HPCPHT19880700250022300 00050  2500 00050  
HPD02834900HPCPHT19880700260021300 00010  2500 00010  
HPD02834900HPCPHT19880700290041800 00030  1900 00050  2300 00010  2500 00090  
HPD02834900HPCPHT19880700300022400 00050  2500 00050  
HPD02834900HPCPHT19880700310030100 00020  0200 00020  2500 00040  
HPD02834900HPCPHT19880800010030100 00000g 2300 00010  2500 00010  
HPD02834900HPCPHT19880800040020100 00010  2500 00010  
HPD02834900HPCPHT19880800060031300 00070  1800 00010  2500 00080  
HPD02834900HPCPHT19880800140041600 00010  2000 00010  2100 00010  2500 00030  
HPD02834900HPCPHT19880800190021600 00040  2500 00040  
HPD02834900HPCPHT19880800200040400 00010  1500 00010  2300 00020  2500 00040  
HPD02834900HPCPHT19880800230021500 00040  2500 00040  
HPD02834900HPCPHT19880800250031900 00130  2000 00010  2500 00140  
HPD02834900HPCPHT19880800260021000 00010  2500 00010  
HPD02834900HPCPHT19880800290020900 99999{ 2500 00000P 
HPD02834900HPCPHT19880800300020800 99999} 2500 00000P 
HPD02834900HPCPHT19880900010020100 00000g 2500 00000  
HPD02834900HPCPHT19880900110020500 00010  2500 00010  
HPD02834900HPCPHT19880900200021700 00020  2500 00020  
HPD02834900HPCPHT19881000010020100 00000g 2500 00000  
HPD02834900HPCPHT19881000140081400 00010  1500 00010  1600 00020  1700 00020  1800 00010  1900 00020  2000 00020  2500 00110  
HPD02834900HPCPHT19881000190020800 00010  2500 00010  
HPD02834900HPCPHT19881000200040600 00010  0700 00020  0800 00010  2500 00040  
HPD02834900HPCPHT19881100010020100 00000g 2500 00000  
HPD02834900HPCPHT19881100140022100 00010  2500 00010  
HPD02834900HPCPHT19881100180020500 00010  2500 00010  
HPD02834900HPCPHT19881100200021200 00010  2500 00010  
HPD02834900HPCPHT19881100240032100 00020  2300 00010  2500 00030  
HPD02834900HPCPHT19881100250091200 00010  1300 00010  1400 00010  1600 00010  1900 00010  2100 00010  2300 00010  2400 00010  2500 00080  
HPD02834900HPCPHT19881100260060100 00010  0200 00020  0300 00010  0400 00010  0700 00010  2500 00060  
HPD02834900HPCPHT19881200010020100 00000g 2500 00000  
HPD02834900HPCPHT19881200090022400 00010  2500 00010  
HPD02834900HPCPHT19881200100021500 00010  2500 00010  
HPD02834900HPCPHT19881200250042100 00010  2200 00010  2400 00010  2500 00030  
HPD02834900HPCPHT19890100010020100 00000g 2500 00000  
HPD02834900HPCPHT19890100040110500 00010  0600 00010  0700 00010  0800 00020  0900 00030  1000 00010  1300 00010  2000 00010  2100 00010  2200 00020  2500 00140  
HPD02834900HPCPHT19890100050021000 00010  2500 00010  
HPD02834900HPCPHT19890100060051500 00010  1600 00010  1700 00010  1800 00010  2500 00040  
HPD02834900HPCPHT19890100250021300 00010  2500 00010  
HPD02834900HPCPHT19890100260032300 00010  2400 00010  2500 00020  
HPD02834900HPCPHT19890100270030200 00010  1800 00010  2500 00020  
HPD02834900HPCPHT19890200010020100 00000g 2500 00000  
HPD02834900HPCPHT19890200050061100 00010  1400 00010  1600 00010  1700 00010  1900 00010  2500 00050  
HPD02834900HPCPHT19890200080021500 00010  2500 00010  
HPD02834900HPCPHT19890300010020100 00000g 2500 00000  
HPD02834900HPCPHT19890300020021800 00010  2500 00010  
HPD02834900HPCPHT19890300260120100 00010  0200 00020  0300 00010  0400 00020  0500 00010  0800 00040  0900 00030  1000 00010  1200 00020  1300 00010  1500 00010  2500 00190  
HPD02834900HPCPHT19890400010020100 00000g 2500 00000  
HPD02834900HPCPHT19890500010020100 00000g 2500 00000  
HPD02834900HPCPHT19890500160030100 00010  0200 00010  2500 00020  
HPD02834900HPCPHT19890600010020100 00000g 2500 00000  
HPD02834900HPCPHT19890700010020100 00000g 2500 00000  
HPD02834900HPCPHT19890700100031600 00020  1700 00020  2500 00040  
HPD02834900HPCPHT19890700250022000 00010  2500 00010  
HPD02834900HPCPHT19890700260022000 00010  2500 00010  
HPD02834900HPCPHT19890700270050200 00010  0300 00010  1000 00010  2200 00010  2500 00040  
HPD02834900HPCPHT19890700280020900 00010  2500 00010  
HPD02834900HPCPHT19890800010020100 00000g 2500 00000  
HPD02834900HPCPHT19890800040020900 00010  2500 00010  
HPD02834900HPCPHT19890800070021900 00010  2500 00010  
HPD02834900HPCPHT19890800090021300 00010  2500 00010  
HPD02834900HPCPHT19890800150032100 00010  2200 00020  2500 00030  
HPD02834900HPCPHT19890800180040700 00010  1000 00050  1100 00010  2500 00070  
HPD02834900HPCPHT19890900010020100 00000g 2500 00000  
HPD02834900HPCPHT19890900020031600 00010  1700 00130  2500 00140  
HPD02834900HPCPHT19890900040021300 00010  2500 00010  
HPD02834900HPCPHT19891000010020100 00000g 2500 00000  
HPD02834900HPCPHT19891000030050600 00010  0900 00010  1000 00010  1200 00010  2500 00040  
HPD02834900HPCPHT19891000040050300 00010  1100 00010  1200 00010  1700 00010  2500 00040  
HPD02834900HPCPHT19891000050050400 00010  0500 00010  0600 00010  0800 00010  2500 00040  
HPD02834900HPCPHT19891000210041800 00010  1900 00010  2200 00010  2500 00030  
HPD02834900HPCPHT19891100010020100 00000g 2500 00000  
HPD02834900HPCPHT19891100210030100 00010  0200 00020  2500 00030  
HPD02834900HPCPHT19891200010020100 00000g 2500 00000  
HPD02834900HPCPHT19891200280022200 00010  2500 00010  
HPD02834900HPCPHT19891200290070400 00030  0500 00030  0600 00020  0700 00010  1500 00010  1700 00010  2500 00110  
HPD02834900HPCPHT19900100010020100 00000g 2500 00000  
HPD02834900HPCPHT19900100020041900 00010  2000 00020  2100 00010  2500 00040  
HPD02834900HPCPHT19900100030100200 00010  0500 00010  0600 00010  0700 00010  0800 00010  1000 00010  1200 00010  1300 00010  1700 00010  2500 00090  
HPD02834900HPCPHT19900100150021700 00010  2500 00010  
HPD02834900HPCPHT19900100180040700 00010  1300 00010  1500 00010  2500 00030  
HPD02834900HPCPHT19900100310032200 00010  2400 00010  2500 00020  
HPD02834900HPCPHT19900200010090100 00000g 1100 00010  1500 00010  1900 00020  2100 00010  2200 00010  2300 00030  2400 00020  2500 00110  
HPD02834900HPCPHT19900200020040500 00010  0700 00010  1300 00010  2500 00030  
HPD02834900HPCPHT19900200050020400 00010  2500 00010  
HPD02834900HPCPHT19900200080032300 00030  2400 00010  2500 00040  
HPD02834900HPCPHT19900200090030100 00010  0200 00010  2500 00020  
HPD02834900HPCPHT19900200140041100 00020  1200 00010  1500 00010  2500 00040  
HPD02834900HPCPHT19900200190070500 00010  0600 00010  0700 00010  0800 00010  0900 00010  1100 00010  2500 00060  
HPD02834900HPCPHT19900300010030100 00000g 1700 99999[ 2500 00000I 
HPD02834900HPCPHT19900300310022400 99999] 2500 00000I 
HPD02834900HPCPHT19900400010030100 99999[ 1700 99999] 2500 00000I 
HPD02834900HPCPHT19900400240091000 00030  1100 00030  1200 00010  1300 00010  1400 00020  1500 00010  2100 00010  2400 00010  2500 00130  
HPD02834900HPCPHT19900500010020100 00000g 2500 00000  
HPD02834900HPCPHT19900500290030200 00010  0300 00010  2500 00020  
HPD02834900HPCPHT19900600010020100 00000g 2500 00000  
HPD02834900HPCPHT19900600090032100 00010  2200 00010  2500 00020  
HPD02834900HPCPHT19900700010030100 00040  0700 00010  2500 00050  
HPD02834900HPCPHT19900700060032300 00010  2400 00020  2500 00030  
HPD02834900HPCPHT19900700070031500 00010  1600 00010  2500 00020  
HPD02834900HPCPHT19900700080022300 00010  2500 00010  
HPD02834900HPCPHT19900700090021200 00010  2500 00010  
HPD02834900HPCPHT19900700160021700 00010  2500 00010  
HPD02834900HPCPHT19900700170021100 00010  2500 00010  
HPD02834900HPCPHT19900700240021400 00010  2500 00010  
HPD02834900HPCPHT19900700300021900 00010  2500 00010  
HPD02834900HPCPHT19900800010020100 00000g 2500 00000  
HPD02834900HPCPHT19900800020021200 00010  2500 00010  
HPD02834900HPCPHT19900800040021200 00010  2500 00010  
HPD02834900HPCPHT19900800120022400 00010  2500 00010  
HPD02834900HPCPHT19900800130030300 00010  0600 00010  2500 00020  
HPD02834900HPCPHT19900800140130100 00030  0200 00030  0300 00090  0400 00050  0500 00030  0600 00020  0700 00020  0800 00020  0900 00010  1000 00010  2100 00010  2400 00060  2500 00380  
HPD02834900HPCPHT19900800150090100 00020  0200 00030  0300 00030  0500 00040  0600 00010  0800 00080  0900 00010  1300 00010  2500 00230  
HPD02834900HPCPHT19900800310031000 00010  1100 00010  2500 00020  
HPD02834900HPCPHT19900900010030100 00000g 1300 00010  2500 00010  
HPD02834900HPCPHT19900900030031600 00010  2000 00010  2500 00020  
HPD02834900HPCPHT19900900090020900 00010  2500 00010  
HPD02834900HPCPHT19900900150051100 00070  1200 00170  1300 00010  1500 00010  2500 00260  
HPD02834900HPCPHT19900900170021600 00010  2500 00010  
HPD02834900HPCPHT19900900180040700 00060  0900 00010  1300 00010  2500 00080  
HPD02834900HPCPHT19900900200020700 00010  2500 00010  
HPD02834900HPCPHT19901000010020100 00000g 2500 00000  
HPD02834900HPCPHT19901000190022300 00010  2500 00010  
HPD02834900HPCPHT19901000200020900 00010  2500 00010  
HPD02834900HPCPHT19901100010020100 00000g 2500 00000  
HPD02834900HPCPHT19901100020040600 00030  0700 00020  0800 00020  2500 00070  
HPD02834900HPCPHT19901100050021600 00010  2500 00010  
HPD02834900HPCPHT19901100200061000 00010  1100 00020  1200 00020  1400 00010  2000 00010  2500 00070  
HPD02834900HPCPHT19901100210020100 00010  2500 00010  
HPD02834900HPCPHT19901100260021400 00020  2500 00020  
HPD02834900HPCPHT19901200010020100 00000g 2500 00000  
HPD02834900HPCPHT19901200120021400 00010  2500 00010  
HPD02834900HPCPHT19901200130020300 00010  2500 00010  
HPD02834900HPCPHT19901200150121400 00010  1500 00010  1600 00010  1700 00010  1800 00020  1900 00010  2000 00010  2100 00010  2200 00010  2300 00010  2400 00010  2500 00120  
HPD02834900HPCPHT19901200160090100 00020  0300 00010  0500 00010  0600 00010  0700 00010  0800 00020  0900 00010  1000 00010  2500 00100  
HPD02834900HPCPHT19901200200080700 00010  1000 00010  1100 00030  1200 00020  1300 00010  1400 00010  1500 00010  2500 00100  
HPD02834900HPCPHT19901200210031500 00010  2400 00010  2500 00020  
HPD02834900HPCPHT19901200230021400 00010  2500 00010  
HPD02834900HPCPHT19901200280150200 00010  0300 00010  0400 00010  0500 00010  0600 00020  0800 00010  1000 00010  1100 00010  1200 00010  1300 00010  1400 00020  1500 00010  1700 00010  2400 00010  2500 00160  
HPD02834900HPCPHT19901200290120200 00010  0300 00010  0400 00010  0500 00010  0600 00010  0700 00010  0800 00010  0900 00020  1000 00010  1200 00010  1300 00010  2500 00120  
HPD02834900HPCPHT19910100010020100 00000g 2500 00000  
HPD02834900HPCPHT19910100040110600 00020  0700 00010  0800 00020  0900 00020  1000 00010  1100 00010  1200 00010  1500 00020  1800 00010  2100 00010  2500 00140  
HPD02834900HPCPHT19910100050061200 00010  1500 00010  1600 00010  1800 00010  2000 00010  2500 00050  
HPD02834900HPCPHT19910100060050300 00010  0500 00010  0600 00010  1300 00010  2500 00040  
HPD02834900HPCPHT19910200010020100 00000g 2500 00000  
HPD02834900HPCPHT19910200120030500 00010  0700 00010  2500 00020  
HPD02834900HPCPHT19910200170032100 00010  2300 00010  2500 00020  
HPD02834900HPCPHT19910200280100200 00010  0400 00010  0600 00010  0700 00010  0800 00010  0900 00010  1200 00010  1500 00020  1600 00010  2500 00100  
HPD02834900HPCPHT19910300010140100 00000g 0200 00010  0500 00010  0600 00010  0700 00020  1000 00010  1100 00020  1200 00010  1300 00010  1400 00010  1500 00010  1600 00020  1700 00020  2500 00160  
HPD02834900HPCPHT19910300150062000 00020  2100 00010  2200 00020  2300 00010  2400 00010  2500 00070  
HPD02834900HPCPHT19910300160050100 00010  0500 00010  1000 00010  1100 00010  2500 00040  
HPD02834900HPCPHT19910300190061200 00020  1300 00010  1400 00010  1500 00010  1600 00010  2500 00060  
HPD02834900HPCPHT19910300200062000 00010  2100 00030  2200 00010  2300 00010  2400 00010  2500 00070  
HPD02834900HPCPHT19910300210050100 00010  0300 00020  0400 00010  1600 00010  2500 00050  
HPD02834900HPCPHT19910300230021000 00010  2500 00010  
HPD02834900HPCPHT19910300260041000 00010  1100 00020  1300 00010  2500 00040  
HPD02834900HPCPHT19910300270061600 00010  1700 00010  1800 00010  1900 00010  2400 00010  2500 00050  
HPD02834900HPCPHT19910300280040500 00010  1000 00010  1200 00010  2500 00030  
HPD02834900HPCPHT19910400010020100 00000g 2500 00000  
HPD02834900HPCPHT19910500010020100 00000g 2500 00000  
HPD02834900HPCPHT19910500310030900 00010  1000 00010  2500 00020  
HPD02834900HPCPHT19910600010030100 00000g 1200 00010  2500 00010  
HPD02834900HPCPHT19910600120031000 00010  1400 00010  2500 00020  
HPD02834900HPCPHT19910600140020900 00010  2500 00010  
HPD02834900HPCPHT19910700010020100 00000g 2500 00000  
HPD02834900HPCPHT19910700040031700 00040  1800 00010  2500 00050  
HPD02834900HPCPHT19910700170021300 00010  2500 00010  
HPD02834900HPCPHT19910700200021500 00010  2500 00010  
HPD02834900HPCPHT19910700300020500 00010  2500 00010  
HPD02834900HPCPHT19910800010020100 00000g 2500 00000  
HPD02834900HPCPHT19910800020020900 99999{ 2500 00000P 
HPD02834900HPCPHT19910800030020800 99999} 2500 00000P 
HPD02834900HPCPHT19910800090020900 99999{ 2500 00000P 
HPD02834900HPCPHT19910800100020800 99999} 2500 00000P 
HPD02834900HPCPHT19910800110040200 00010  0300 00030  0600 00010  2500 00050  
HPD02834900HPCPHT19910800240031800 00030  1900 00050  2500 00080  
HPD02834900HPCPHT19910800260031600 00010  1800 00010  2500 00020  
HPD02834900HPCPHT19910800270021000 00010  2500 00010  
HPD02834900HPCPHT19910800300020900 99999{ 2500 00000P 
HPD02834900HPCPHT19910800310020800 99999} 2500 00000P 
HPD02834900HPCPHT19910900010020100 00000g 2500 00000  
HPD02834900HPCPHT19910900040042200 00010  2300 00030  2400 00010  2500 00050  
HPD02834900HPCPHT19910900050080100 00020  0200 00030  0300 00010  0400 00010  1600 00010  1800 00010  2300 00010  2500 00100  
HPD02834900HPCPHT19910900100021700 00020  2500 00020  
HPD02834900HPCPHT19910900220022300 00010  2500 00010  
HPD02834900HPCPHT19910900230020500 00010  2500 00010  
HPD02834900HPCPHT19911000010020100 00000g 2500 00000  
HPD02834900HPCPHT19911000210020900 99999{ 2500 00000P 
HPD02834900HPCPHT19911000240020800 99999} 2500 00000P 
HPD02834900HPCPHT19911000270071000 00020  1100 00030  1200 00020  1300 00010  1700 00010  1800 00010  2500 00100  
HPD02834900HPCPHT19911000300070600 00010  0700 00010  0800 00020  0900 00010  1700 00010  1800 99999{ 2500 00060P 
HPD02834900HPCPHT19911000310020800 99999} 2500 00000P 
HPD02834900HPCPHT19911100010020100 00000g 2500 00000  
HPD02834900HPCPHT19911100100031800 00010  2100 00010  2500 00020  
HPD02834900HPCPHT19911100140032100 00010  2400 00050  2500 00060  
HPD02834900HPCPHT19911100150050100 00070  0200 00010  0700 00010  1200 00010  2500 00100  
HPD02834900HPCPHT19911100300120300 00010  0400 00020  0500 00020  0600 00010  0700 00010  0800 00010  1000 00010  1200 00010  1400 00030  1800 00010  2100 00010  2500 00150  
HPD02834900HPCPHT19911200010020100 00000g 2500 00000  
HPD02834900HPCPHT19911200100041600 00010  2100 00020  2200 00020  2500 00050  
HPD02834900HPCPHT19911200110100100 00010  0600 00010  0900 00010  1000 00020  1200 00010  1400 00010  1700 00010  1800 00010  1900 00010  2500 00100  
HPD02834900HPCPHT19911200180100200 00010  0300 00010  0400 00010  0700 00010  1000 00010  1700 00020  1900 00010  2000 00010  2100 00010  2500 00100  
HPD02834900HPCPHT19911200190050500 00010  1700 00010  2000 00010  2100 00010  2500 00040  
HPD02834900HPCPHT19911200200021200 00010  2500 00010  
HPD02834900HPCPHT19911200220021000 00010  2500 00010  
HPD02834900HPCPHT19911200300020900 00010  2500 00010  
HPD02834900HPCPHT19920100010020100 00000g 2500 00000  
HPD02834900HPCPHT19920100030022400 00010  2500 00010  
HPD02834900HPCPHT19920100040070100 00010  0200 00010  0300 00010  0500 00010  0800 00010  1300 00010  2500 00060  
HPD02834900HPCPHT19920100050032100 00010  2300 00010  2500 00020  
HPD02834900HPCPHT19920100060090700 00010  0800 00020  0900 00010  1000 00020  1200 00010  1300 00010  1400 00010  1700 00010  2500 00100  
HPD02834900HPCPHT19920100070021000 00010  2500 00010  
HPD02834900HPCPHT19920100110031700 00010  2300 00010  2500 00020  
HPD02834900HPCPHT19920100120060300 00020  0400 00020  0500 00010  1000 00010  1300 00010  2500 00070  
HPD02834900HPCPHT19920100200020700 00020  2500 00020  
HPD02834900HPCPHT19920200010020100 00000g 2500 00000  
HPD02834900HPCPHT19920200070070400 00010  0500 00020  0700 00010  1600 00010  1900 00010  2400 00010  2500 00070  
HPD02834900HPCPHT19920200090021100 00010  2500 00010  
HPD02834900HPCPHT19920200100040900 00010  1100 00010  1900 00010  2500 00030  
HPD02834900HPCPHT19920200110020700 00020  2500 00020  
HPD02834900HPCPHT19920200130140300 00010  0400 00010  0500 00010  0600 00010  0700 00010  0800 00020  0900 00010  1100 00010  1200 00010  1300 00020  1400 00010  1500 00010  2400 00010  2500 00150  
HPD02834900HPCPHT19920200160040100 00010  0200 00020  0300 00010  2500 00040  
HPD02834900HPCPHT19920300010020100 00000g 2500 00000  
HPD02834900HPCPHT19920300020060700 00010  1500 00010  1600 00020  1700 00010  1800 00010  2500 00060  
HPD02834900HPCPHT19920300030070300 00010  0400 00020  0600 00020  0700 00020  0800 00020  0900 00010  2500 00100  
HPD02834900HPCPHT19920300040050700 00010  0900 00010  1400 00010  2400 00010  2500 00040  
HPD02834900HPCPHT19920300070061700 00020  1800 00010  2000 00010  2200 00010  2400 00010  2500 00060  
HPD02834900HPCPHT19920300080110100 00010  0700 00020  0900 00010  1400 00010  1600 00010  1800 00020  1900 00020  2000 00010  2100 00010  2300 00010  2500 00130  
HPD02834900HPCPHT19920300090050900 00020  1000 00020  1200 00020  1400 00010  2500 00070  
HPD02834900HPCPHT19920300210041600 00020  1800 00010  2000 00010  2500 00040  
HPD02834900HPCPHT19920300270090500 00010  0600 00010  0800 00010  0900 00010  1500 00010  1800 00010  2000 00010  2400 00010  2500 00080  
HPD02834900HPCPHT19920300280040100 00010  0500 00020  1000 00010  2500 00040  
HPD02834900HPCPHT19920300300021000 00010  2500 00010  
HPD02834900HPCPHT19920400010080100 00000g 1400 00010  1700 00010  1900 00010  2100 00020  2200 00010  2400 00010  2500 00070  
HPD02834900HPCPHT19920500010020100 00000g 2500 00000  
HPD02834900HPCPHT19920500030031800 00010  2200 00010  2500 00020  
HPD02834900HPCPHT19920500040022400 00020  2500 00020  
HPD02834900HPCPHT19920500060020400 00010  2500 00010  
HPD02834900HPCPHT19920500100040300 00010  0400 00010  0500 00010  2500 00030  
HPD02834900HPCPHT19920500180021700 00010  2500 00010  
HPD02834900HPCPHT19920500190021700 00010  2500 00010  
HPD02834900HPCPHT19920500200041700 00010  1800 00010  2000 00010  2500 00030  
HPD02834900HPCPHT19920500210040200 00010  1200 00010  1500 00040  2500 00060  
HPD02834900HPCPHT19920500230021500 00010  2500 00010  
HPD02834900HPCPHT19920500250031600 00010  1900 00010  2500 00020  
HPD02834900HPCPHT19920500300030800 00010  1600 00010  2500 00020  
HPD02834900HPCPHT19920500310020700 00010  2500 00010  
HPD02834900HPCPHT19920600010020100 00000g 2500 00000  
HPD02834900HPCPHT19920600030022400 00010  2500 00010  
HPD02834900HPCPHT19920600070021500 00010  2500 00010  
HPD02834900HPCPHT19920600090020100 00010  2500 00010  
HPD02834900HPCPHT19920700010020100 00000g 2500 00000  
HPD02834900HPCPHT19920700100022300 00010  2500 00010  
HPD02834900HPCPHT19920700110080100 00010  0400 00010  0500 00010  0600 00010  1100 00010  1200 00030  1300 00010  2500 00090  
HPD02834900HPCPHT19920700240031600 00060  1700 00020  2500 00080  
HPD02834900HPCPHT19920700250021400 00050  2500 00050  
HPD02834900HPCPHT19920700270021700 00010  2500 00010  
HPD02834900HPCPHT19920700280021900 00120  2500 00120  
HPD02834900HPCPHT19920700290022100 00020  2500 00020  
HPD02834900HPCPHT19920800010030100 00000g 2200 00060  2500 00060  
HPD02834900HPCPHT19920800020022400 00060  2500 00060  
HPD02834900HPCPHT19920800030020200 00010  2500 00010  
HPD02834900HPCPHT19920800040020900 00010  2500 00010  
HPD02834900HPCPHT19920800060022400 00020  2500 00020  
HPD02834900HPCPHT19920800070030100 00010  0200 00010  2500 00020  
HPD02834900HPCPHT19920800170021800 00010  2500 00010  
HPD02834900HPCPHT19920800190020600 00010  2500 00010  
HPD02834900HPCPHT19920800220090700 00020  0800 00020  0900 00010  1300 00050  1400 00010  2000 00010  2100 00010  2300 00010  2500 00140  
HPD02834900HPCPHT19920800230090100 00020  0200 00020  0300 00010  0400 00010  0900 00010  1200 00010  2300 00010  2400 00010  2500 00100  
HPD02834900HPCPHT19920800240050100 00010  0200 00020  0300 00010  0700 00010  2500 00050  
HPD02834900HPCPHT19920900010020100 00000g 2500 00000  
HPD02834900HPCPHT19920900190030700 00010  1000 00010  2500 00020  
HPD02834900HPCPHT19920900200040200 00020  0300 00040  0500 00010  2500 00070  
HPD02834900HPCPHT19921000010020100 00000g 2500 00000  
HPD02834900HPCPHT19921000240031500 00040  1600 00010  2500 00050  
HPD02834900HPCPHT19921000280030900 00010  1700 00010  2500 00020  
HPD02834900HPCPHT19921100010020100 00000g 2500 00000  
HPD02834900HPCPHT19921100100021800 00010  2500 00010  
HPD02834900HPCPHT19921200010020100 00000g 2500 00000  
HPD02834900HPCPHT19921200040170100 00010  0200 00020  0300 00020  0400 00010  0900 00010  1000 00050  1100 00010  1200 00010  1400 00010  1600 00020  1800 00030  1900 00020  2100 00010  2200 00010  2300 00010  2400 00010  2500 00260  
HPD02834900HPCPHT19921200050050500 00010  0600 00010  0700 00010  0800 00010  2500 00040  
HPD02834900HPCPHT19921200080120300 00010  0400 00010  0500 00020  0600 00030  0700 00020  0800 00020  0900 00010  1000 00010  1100 00010  1200 00010  1400 00010  2500 00160  
HPD02834900HPCPHT19921200120060500 00010  1000 00010  1200 00010  1500 00010  2100 00010  2500 00050  
HPD02834900HPCPHT19921200180022300 00010  2500 00010  
HPD02834900HPCPHT19921200190020600 00010  2500 00010  
HPD02834900HPCPHT19921200280180100 00010  0300 00010  0400 00010  0500 00010  0600 00010  0700 00040  0800 00030  0900 00020  1000 00020  1100 00030  1300 00020  1400 00010  1500 00020  1600 00010  1700 00010  1800 00010  2000 00010  2500 00280  
HPD02834900HPCPHT19921200290030200 00010  0300 00010  2500 00020  
HPD02834900HPCPHT19930100010020100 00000g 2500 00000  
HPD02834900HPCPHT19930100030060600 00010  0700 00010  0800 00020  0900 00010  1700 00010  2500 00060  
HPD02834900HPCPHT19930100060120500 00010  0800 00010  1100 00020  1200 00010  1300 00010  1400 00020  1500 00020  1700 00010  1800 00020  2300 00010  2400 00010  2500 00150  
HPD02834900HPCPHT19930100070200100 00010  0200 00010  0300 00010  0400 00010  0500 00010  0600 00010  0700 00010  0800 00010  0900 00020  1000 00020  1100 00020  1200 00010  1300 00040  1400 00010  1500 00010  1600 00020  2000 00010  2100 00010  2400 00020  2500 00270  
HPD02834900HPCPHT19930100080070200 00010  0300 00040  0400 00030  0500 00040  0600 00020  1000 00010  2500 00150  
HPD02834900HPCPHT19930100100131000 00010  1100 00010  1200 00010  1400 00010  1500 00010  1600 00010  1700 00020  1900 00010  2000 00030  2100 00010  2200 00030  2300 00040  2500 00200  
HPD02834900HPCPHT19930100110070200 00010  0300 00010  0400 00010  1100 00010  1200 00010  1300 00030  2500 00080  
HPD02834900HPCPHT19930100120032300 00010  2400 00010  2500 00020  
HPD02834900HPCPHT19930100130050200 00010  0300 00010  0600 00010  1000 00010  2500 00040  
HPD02834900HPCPHT19930100140060900 00010  1700 00010  2000 00010  2300 00030  2400 00020  2500 00080  
HPD02834900HPCPHT19930100150050100 00010  0200 00010  0300 00010  0600 00010  2500 00040  
HPD02834900HPCPHT19930100160032000 00010  2100 00020  2500 00030  
HPD02834900HPCPHT19930100170040400 00010  1000 00010  1400 00010  2500 00030  
HPD02834900HPCPHT19930100180110200 00010  0500 00010  0700 00010  1100 00020  1300 00010  1400 00010  1500 00030  1700 00010  1900 00030  2300 00010  2500 00150  
HPD02834900HPCPHT19930100190030600 00010  1300 00010  2500 00020  
HPD02834900HPCPHT19930200010020100 00000g 2500 00000  
HPD02834900HPCPHT19930200080111000 00010  1200 00010  1300 00010  1400 00010  1600 00010  1800 00010  1900 00010  2200 00010  2300 00030  2400 00010  2500 00120  
HPD02834900HPCPHT19930200090100600 00010  0800 00010  1100 00020  1500 00030  1600 00020  1700 00010  1900 00020  2200 00010  2400 00020  2500 00150  
HPD02834900HPCPHT19930200100080100 00010  0300 00010  0400 00010  0500 00010  0600 00010  1400 00040  1500 00010  2500 00100  
HPD02834900HPCPHT19930200140110900 00010  1500 00010  1600 00010  1700 00010  1800 00010  1900 00010  2000 00010  2100 00010  2200 00010  2300 00010  2500 00100  
HPD02834900HPCPHT19930200150080100 00010  0200 00040  0400 00010  0800 00010  1200 00010  1300 00010  1400 00010  2500 00100  
HPD02834900HPCPHT19930200180021500 00010  2500 00010  
HPD02834900HPCPHT19930200190051200 00010  1600 00010  1800 00010  2000 00010  2500 00040  
HPD02834900HPCPHT19930200200060800 00010  1000 00030  1100 00010  1200 00010  1800 00010  2500 00070  
HPD02834900HPCPHT19930200210030600 00010  1300 00010  2500 00020  
HPD02834900HPCPHT19930200240021500 00010  2500 00010  
HPD02834900HPCPHT19930200280110300 00010  0500 00020  0600 00030  0700 00010  0800 00010  1000 00010  1200 00010  1800 00010  2200 00010  2400 00010  2500 00130  
HPD02834900HPCPHT19930300010050100 00000g 0300 00010  0500 00010  0600 00010  2500 00030  
HPD02834900HPCPHT19930300260081600 00010  1700 00020  1800 00030  1900 00020  2000 00010  2100 00010  2200 00010  2500 00110  
HPD02834900HPCPHT19930300270050300 00010  0400 00020  0600 00010  1100 00010  2500 00050  
HPD02834900HPCPHT19930300290080700 00010  0800 00010  0900 00020  1000 00010  1100 00010  1200 00010  1400 00010  2500 00080  
HPD02834900HPCPHT19930400010020100 00000g 2500 00000  
HPD02834900HPCPHT19930500010020100 00000g 2500 00000  
HPD02834900HPCPHT19930500150061800 00020  1900 00010  2000 00020  2100 00020  2200 00010  2500 00080  
HPD02834900HPCPHT19930600010020100 00000g 2500 00000  
HPD02834900HPCPHT19930700010020100 00000g 2500 00000  
HPD02834900HPCPHT19930800010030100 00000g 1700 00010  2500 00010  
HPD02834900HPCPHT19930800050031800 00020  1900 00020  2500 00040  
HPD02834900HPCPHT19930800060022300 00030  2500 00030  
HPD02834900HPCPHT19930800200041800 00030  1900 00030  2000 00010  2500 00070  
HPD02834900HPCPHT19930800210022200 00020  2500 00020  
HPD02834900HPCPHT19930800240022300 00010  2500 00010  
HPD02834900HPCPHT19930800250020100 00010  2500 00010  
HPD02834900HPCPHT19930800270060300 00010  0500 00010  0600 00010  0700 00050  0800 00020  2500 00100  
HPD02834900HPCPHT19930800280021400 00010  2500 00010  
HPD02834900HPCPHT19930800300040200 00010  0300 00010  1100 00010  2500 00030  
HPD02834900HPCPHT19930900010020100 00000g 2500 00000  
HPD02834900HPCPHT19931000010020100 00000g 2500 00000  
HPD02834900HPCPHT19931000060041600 00020  1900 00010  2000 00010  2500 00040  
HPD02834900HPCPHT19931000160052100 00010  2200 00010  2300 00010  2400 00010  2500 00040  
HPD02834900HPCPHT19931000170020100 00010  2500 00010  
HPD02834906HPCPHT19931100010020100 00000g 2500 00000  
HPD02834906HPCPHT19931100110041200 00010  1300 00070  1400 00030  2500 00110  
HPD02834906HPCPHT19931100120041100 00010  2200 00040  2300 00010  2500 00060  
HPD02834906HPCPHT19931100130150100 00030  0200 00020  0300 00010  0400 00010  0500 00020  0600 00010  0900 00010  1000 00010  1100 00010  1200 00010  1300 00010  1400 00010  1600 00010  1700 00010  2500 00180  
HPD02834906HPCPHT19931100140061100 00010  1500 00010  2200 00010  2300 00010  2400 00010  2500 00050  
HPD02834906HPCPHT19931100150100200 00020  0300 00010  0400 00010  0500 00030  0600 00030  0700 00010  0800 00010  1100 00010  1300 00010  2500 00140  
HPD02834906HPCPHT19931200010020100 00000g 2500 00000  
HPD02834906HPCPHT19931200120050100 00010  0200 00010  0300 00010  0600 00010  2500 00040  
HPD02834906HPCPHT19940100010020100 00000g 2500 00000  
HPD02834906HPCPHT19940100250031400 00010  1500 00010  2500 00020  
HPD02834906HPCPHT19940200010020100 00000g 2500 00000  
HPD02834906HPCPHT19940200070071900 00010  2000 00010  2100 00020  2200 00010  2300 00030  2400 00020  2500 00100  
HPD02834906HPCPHT19940200080070100 00020  0200 00020  0300 00020  0400 00010  1300 00010  1800 00020  2500 00100  
HPD02834906HPCPHT19940200180030700 00010  0800 00010  2500 00020  
HPD02834906HPCPHT19940200190021400 00010  2500 00010  
HPD02834906HPCPHT19940300010020100 00000g 2500 00000  
HPD02834906HPCPHT19940300070031200 00020  1400 00010  2500 00030  
HPD02834906HPCPHT19940300190041200 00010  1800 00010  2000 00010  2500 00030  
HPD02834906HPCPHT19940300200090300 00010  0500 00010  0700 00010  0800 00020  0900 00020  1000 00010  1100 00010  1200 00010  2500 00100  
HPD02834906HPCPHT19940300250032300 00020  2400 00010  2500 00030  
HPD02834906HPCPHT19940300260021100 00010  2500 00010  
HPD02834906HPCPHT19940400010020100 00000g 2500 00000  
HPD02834906HPCPHT19940400240041800 00010  2100 00010  2200 00010  2500 00030  
HPD02834906HPCPHT19940400260021800 00010  2500 00010  
HPD02834906HPCPHT19940400270030100 00010  0300 00010  2500 00020  
HPD02834906HPCPHT19940500010020100 00000g 2500 00000  
HPD02834906HPCPHT19940500250040100 00010  1500 00010  1600 00020  2500 00040  
HPD02834906HPCPHT19940600010020100 00000g 2500 00000  
HPD02834906HPCPHT19940600190041900 00040  2000 00010  2200 00010  2500 00060  
HPD02834906HPCPHT19940700010020100 00000g 2500 00000  
HPD02834906HPCPHT19940700280031800 00140  1900 00010  2500 00150  
HPD02834906HPCPHT19940800010020100 00000g 2500 00000  
HPD02834906HPCPHT19940800160021900 00030  2500 00030  
HPD02834906HPCPHT19940800190031700 00020  1900 00010  2500 00030  
HPD02834906HPCPHT19940900010020100 00000g 2500 00000  
HPD02834906HPCPHT19940900020032300 00070  2400 00020  2500 00090  
HPD02834906HPCPHT19940900030030100 00010  0200 00010  2500 00020  
HPD02834906HPCPHT19940900040031800 00010  1900 00010  2500 00020  
HPD02834906HPCPHT19940900110021700 00030  2500 00030  
HPD02834906HPCPHT19940900130022100 00020  2500 00020  
HPD02834906HPCPHT19940900140021100 00010  2500 00010  
HPD02834906HPCPHT19941000010020100 00000g 2500 00000  
HPD02834906HPCPHT19941000150091200 00010  1400 00030  1500 00050  1600 00030  1700 00020  1800 00010  1900 00010  2400 00010  2500 00170  
HPD02834906HPCPHT19941000160070600 00010  1000 00010  1400 00010  1500 00010  1700 00010  2200 00010  2500 00060  
HPD02834906HPCPHT19941100010020100 00000g 2500 00000  
HPD02834906HPCPHT19941100030031000 00010  1300 00010  2500 00020  
HPD02834906HPCPHT19941100110022100 00010  2500 00010  
HPD02834906HPCPHT19941100120080400 00010  0500 00010  0600 00020  0700 00010  0800 00020  1100 00010  1300 00010  2500 00090  
HPD02834906HPCPHT19941100190020500 00010  2500 00010  
HPD02834906HPCPHT19941200010020100 00000g 2500 00000  
HPD02834906HPCPHT19941200040022400 00010  2500 00010  
HPD02834906HPCPHT19941200050130200 00010  0400 00010  0800 00010  1100 00010  1500 00010  1600 00010  1700 00010  1800 00010  1900 00010  2100 00010  2300 00010  2400 00010  2500 00120  
HPD02834906HPCPHT19941200060070300 00010  0400 00020  0700 00010  1000 00020  1100 00010  1400 00010  2500 00080  
HPD02834906HPCPHT19941200230040500 00010  0800 00010  1300 00010  2500 00030  
HPD02834906HPCPHT19941200250051800 00010  1900 00010  2100 00020  2400 00010  2500 00050  
HPD02834906HPCPHT19941200260030200 00010  0500 00010  2500 00020  
HPD02834906HPCPHT19941200300030400 00010  0900 00010  2500 00020  
HPD02834906HPCPHT19950100010020100 00000g 2500 00000  
HPD02834906HPCPHT19950100040150500 00010  0600 00010  0700 00010  0900 00010  1100 00010  1300 00010  1400 00010  1800 00010  1900 00010  2000 00020  2100 00010  2200 00010  2300 00010  2400 00010  2500 00150  
HPD02834906HPCPHT19950100050100100 00010  0200 00020  0300 00030  0400 00010  0500 00010  0600 00020  0700 00060  0800 00020  0900 00010  2500 00190  
HPD02834906HPCPHT19950100120050100 00010  0300 00010  0500 00010  0600 00010  2500 00040  
HPD02834906HPCPHT19950100130021300 00010  2500 00010  
HPD02834906HPCPHT19950100170040500 00010  0600 00010  0900 00010  2500 00030  
HPD02834906HPCPHT19950100250041600 00010  2000 00030  2400 00010  2500 00050  
HPD02834906HPCPHT19950100260020300 00020  2500 00020  
HPD02834906HPCPHT19950200010020100 00000g 2500 00000  
HPD02834906HPCPHT19950200120020800 99999{ 2500 00000P 
HPD02834906HPCPHT19950200170020800 99999} 2500 00000P 
HPD02834906HPCPHT19950200240021700 00010  2500 00010  
HPD02834906HPCPHT19950200270020900 99999{ 2500 00000P 
HPD02834906HPCPHT19950200280020800 99999} 2500 00000P 
HPD02834906HPCPHT19950300010030100 00000g 1300 99999{ 2500 00000P 
HPD02834906HPCPHT19950300310022400 99999} 2500 00000P 
HPD02834906HPCPHT19950400010020100 00000g 2500 00000  
HPD02834906HPCPHT19950400170020100 00010  2500 00010  
HPD02834906HPCPHT19950400180022400 00010  2500 00010  
HPD02834906HPCPHT19950400190070300 00010  0400 00010  0600 00010  0900 00010  1400 00010  1600 00010  2500 00060  
HPD02834906HPCPHT19950500010020100 00000g 2500 00000  
HPD02834906HPCPHT19950500070030500 00010  1000 00020  2500 00030  
HPD02834906HPCPHT19950500080021700 00000  2500 00000  
HPD02834906HPCPHT19950600010020100 00000g 2500 00000  
HPD02834906HPCPHT19950600250020200 00010  2500 00010  
HPD02834906HPCPHT19950700010020100 00000g 2500 00000  
HPD02834906HPCPHT19950700130020800 00010  2500 00010  
HPD02834906HPCPHT19950700140021500 00010  2500 00010  
HPD02834906HPCPHT19950700160021300 00030  2500 00030  
HPD02834906HPCPHT19950800010020100 00000g 2500 00000  
HPD02834906HPCPHT19950800110051900 00010  2000 00150  2100 00010  2200 00010  2500 00180  
HPD02834906HPCPHT19950800140031900 00010  2000 00010  2500 00020  
HPD02834906HPCPHT19950800150021100 00010  2500 00010  
HPD02834906HPCPHT19950800160021200 00010  2500 00010  
HPD02834906HPCPHT19950800180022300 00010  2500 00010  
HPD02834906HPCPHT19950800190041200 00010  1700 00040  1800 00010  2500 00060  
HPD02834906HPCPHT19950800230031600 00010  1700 00010  2500 00020  
HPD02834906HPCPHT19950800260021400 00010  2500 00010  
HPD02834906HPCPHT19950800280021700 00010  2500 00010  
HPD02834906HPCPHT19950900010020100 00000g 2500 00000  
HPD02834906HPCPHT19950900060022400 00030  2500 00030  
HPD02834906HPCPHT19950900080021900 00010  2500 00010  
HPD02834906HPCPHT19950900270022000 00020  2500 00020  
HPD02834906HPCPHT19950900280040300 00030  0500 00010  0600 00020  2500 00060  
HPD02834906HPCPHT19951000010020100 00000g 2500 00000  
HPD02834906HPCPHT19951000310022400 00000  2500 00000  
HPD02834906HPCPHT19951100010030100 00000g 2400 00010  2500 00010  
HPD02834906HPCPHT19951100020030100 00010  0700 00010  2500 00020  
HPD02834906HPCPHT19951100050042200 00010  2300 00010  2400 00010  2500 00030  
HPD02834906HPCPHT19951100060040100 00010  1100 00010  1500 00010  2500 00030  
HPD02834906HPCPHT19951200010020100 00000g 2500 00000  
HPD02834906HPCPHT19951200160022400 00010  2500 00010  
HPD02834906HPCPHT19951200170020100 00010  2500 00010  
HPD02834906HPCPHT19951200180021100 00010  2500 00010  
HPD02834906HPCPHT19960100010020100 00000g 2500 00000  
HPD02834906HPCPHT19960100310022400 00020  2500 00020  
HPD02834906HPCPHT19960200010130100 00060  0300 00010  0500 00010  0600 00010  0700 00020  0800 00010  0900 00010  1100 00010  1300 00010  1400 00030  1500 00010  2000 00020  2500 00210  
HPD02834906HPCPHT19960200020060200 00010  1200 00010  1300 00010  1400 00030  1600 00010  2500 00070  
HPD02834906HPCPHT19960200260080100 00010  0200 00020  0300 00020  0400 00010  0500 00010  1200 00010  2300 00010  2500 00090  
HPD02834906HPCPHT19960300010020100 00000g 2500 00000  
HPD02834906HPCPHT19960300130071000 00010  1200 00020  1300 00020  1600 00010  2200 00010  2300 00010  2500 00080  
HPD02834906HPCPHT19960300140031000 00010  1100 00010  2500 00020  
HPD02834906HPCPHT19960400010020100 00000g 2500 00000  
HPD02834906HPCPHT19960500010020100 00000g 2500 00000  
HPD02834906HPCPHT19960600010020100 00000g 2500 00000  
HPD02834906HPCPHT19960700010020100 00000g 2500 00000  
HPD02834906HPCPHT19960700090060200 00020  0300 00020  0400 00010  0600 00010  0700 00010  2500 00070  
HPD02834906HPCPHT19960700140022400 00010  2500 00010  
HPD02834906HPCPHT19960700160041100 00020  1200 00020  1300 00050  2500 00090  
HPD02834906HPCPHT19960700250021900 00050  2500 00050  
HPD02834906HPCPHT19960700270022300 00010  2500 00010  
HPD02834906HPCPHT19960700280020600 00010  2500 00010  
HPD02834906HPCPHT19960800010020100 00000g 2500 00000  
HPD02834906HPCPHT19960800090020900 00010  2500 00010  
HPD02834906HPCPHT19960800210041700 00010  1800 00010  1900 00010  2500 00030  
HPD02834906HPCPHT19960800260031500 00070  1700 00010  2500 00080  
HPD02834906HPCPHT19960800270031900 00080  2000 00010  2500 00090  
HPD02834906HPCPHT19960900010020100 00000g 2500 00000  
HPD02834906HPCPHT19960900020030600 00020  0900 00010  2500 00030  
HPD02834906HPCPHT19960900050031100 00010  1200 00010  2500 00020  
HPD02834906HPCPHT19960900100031600 00020  1700 00040  2500 00060  
HPD02834906HPCPHT19960900110030500 00010  1400 00010  2500 00020  
HPD02834906HPCPHT19960900130021900 00010  2500 00010  
HPD02834906HPCPHT19960900140021100 00010  2500 00010  
HPD02834906HPCPHT19960900180030500 00010  0600 00010  2500 00020  
HPD02834906HPCPHT19961000010020100 00000g 2500 00000  
HPD02834906HPCPHT19961000250031300 00010  1400 00010  2500 00020  
HPD02834906HPCPHT19961100010020100 00000g 2500 00000  
HPD02834906HPCPHT19961100220071500 00010  1900 00010  2000 00020  2100 00020  2200 00040  2300 00010  2500 00110  
HPD02834906HPCPHT19961100290040800 00030  0900 00010  1100 00010  2500 00050  
HPD02834906HPCPHT19961200010020100 00000g 2500 00000  
HPD02834906HPCPHT19961200020020800 99999{ 2500 00000P 
HPD02834906HPCPHT19961200030020800 99999} 2500 00000P 
HPD02834906HPCPHT19961200190020100 99999{ 2500 00000P 
HPD02834906HPCPHT19961200310022400 99999} 2500 00000P 
HPD02834906HPCPHT19970100010020100 99999{ 2500 00000P 
HPD02834906HPCPHT19970100020030700 99999} 0800 99999[ 2500 00000P 
HPD02834906HPCPHT19970100310022400 99999] 2500 00000I 
HPD02834906HPCPHT19970200010020100 99999[ 2500 00000I 
HPD02834906HPCPHT19970200050021000 99999] 2500 00000I 
HPD02834906HPCPHT19970200130030300 00010  0400 00010  2500 00020  
HPD02834906HPCPHT19970200250021600 00000 q2500 00000P 
HPD02834906HPCPHT19970200270081600 00010  1700 00020  1800 00010  1900 00030  2000 00020  2100 00010  2400 00010  2500 00110  
HPD02834906HPCPHT19970200280080300 00020  0500 00010  0700 00020  0900 00010  1000 00010  1700 00010  2000 00010  2500 00090  
HPD02834906HPCPHT19970300010020100 00000g 2500 00000  
HPD02834906HPCPHT19970400010020100 00000g 2500 00000  
HPD02834906HPCPHT19970400030061000 00010  1500 00010  1700 00020  1800 00020  2000 00010  2500 00070  
HPD02834906HPCPHT19970400040020300 00010  2500 00010  
HPD02834906HPCPHT19970500010020100 00000g 2500 00000  
HPD02834906HPCPHT19970500100031700 00010  1800 00010  2500 00020  
HPD02834906HPCPHT19970500180032100 00010  2200 00010  2500 00020  
HPD02834906HPCPHT19970500200021700 00010  2500 00010  
HPD02834906HPCPHT19970600010020100 00000g 2500 00000  
HPD02834906HPCPHT19970700010020100 00000g 2500 00000  
HPD02834906HPCPHT19970700190021700 00010  2500 00010  
HPD02834906HPCPHT19970700210022200 00010  2500 00010  
HPD02834906HPCPHT19970700280020300 00010  2500 00010  
HPD02834906HPCPHT19970800010030100 00000g 1700 00020  2500 00020  
HPD02834906HPCPHT19970800090020100 00010  2500 00010  
HPD02834906HPCPHT19970800150020100 00010  2500 00010  
HPD02834906HPCPHT19970800160020600 00010  2500 00010  
HPD02834906HPCPHT19970800170031400 00050  1500 00010  2500 00060  
HPD02834906HPCPHT19970800210042000 00030  2100 00020  2300 00030  2500 00080  
HPD02834906HPCPHT19970800240032100 00010  2200 00010  2500 00020  
HPD02834906HPCPHT19970800310030100 99999{ 2400 99999} 2500 00000P 
HPD02834906HPCPHT19970900010020100 99999{ 2500 00000P 
HPD02834906HPCPHT19970900020030900 99999} 1000 99999[ 2500 00000P 
HPD02834906HPCPHT19970900300022400 99999] 2500 00000I 
HPD02834906HPCPHT19971000010030100 99999[ 1300 99999] 2500 00000I 
HPD02834906HPCPHT19971000070041000 00010  1100 00010  1200 00010  2500 00030  
HPD02834906HPCPHT19971000210042100 00020  2300 00020  2400 00010  2500 00050  
HPD02834906HPCPHT19971000220040100 00020  0200 00020  0300 00020  2500 00060  
HPD02834906HPCPHT19971100010020100 00000g 2500 00000  
HPD02834906HPCPHT19971100110071000 00010  1200 00020  1300 00020  1400 00010  1600 00010  1900 00010  2500 00080  
HPD02834906HPCPHT19971100120022400 00010  2500 00010  
HPD02834906HPCPHT19971100140030200 00010  0500 00010  2500 00020  
HPD02834906HPCPHT19971200010030100 00000g 2100 00010  2500 00010  
HPD02834906HPCPHT19971200020030100 00010  0400 00010  2500 00020  
HPD02834906HPCPHT19971200060022200 00010  2500 00010  
HPD02834906HPCPHT19971200070050400 00030  0600 00010  1800 00010  2400 00030  2500 00080  
HPD02834906HPCPHT19971200080070100 00020  0900 00010  1000 00010  1100 00020  1200 00010  1400 00010  2500 00080  
HPD02834906HPCPHT19971200210022400 00010  2500 00010  
HPD02834906HPCPHT19971200220110100 00010  0200 00010  0400 00020  0500 00020  0600 00010  0700 00010  1300 00010  1400 00010  1600 00010  1900 00010  2500 00120  
HPD02834906HPCPHT19971200240031100 00010  1700 00010  2500 00020  
HPD02834906HPCPHT19980100010020100 00000g 2500 00000  
HPD02834906HPCPHT19980100100060800 00010  1300 00010  1400 00010  1700 00010  2100 00010  2500 00050  
HPD02834906HPCPHT19980200010020100 00000g 2500 00000  
HPD02834906HPCPHT19980200030022300 00010  2500 00010  
HPD02834906HPCPHT19980200040140100 00010  0300 00010  0400 00010  0600 00010  0700 00020  0800 00010  0900 00020  1000 00010  1100 00010  1200 00020  1300 00010  2100 00010  2200 00010  2500 00160  
HPD02834906HPCPHT19980200080051500 00030  1600 00010  1700 00010  1800 00010  2500 00060  
HPD02834906HPCPHT19980200090070200 00030  0300 00020  0500 00010  0600 00020  1700 00010  2000 00010  2500 00100  
HPD02834906HPCPHT19980200150050300 00010  0400 00030  0500 00030  0700 00010  2500 00080  
HPD02834906HPCPHT19980200170041700 00010  2100 00010  2400 00010  2500 00030  
HPD02834906HPCPHT19980200180090100 00010  0200 00010  0300 00020  0500 00010  0600 00010  0700 00010  0800 00020  1000 00010  2500 00100  
HPD02834906HPCPHT19980200200071400 00010  1500 00010  1600 00010  1700 00010  1800 00010  2000 00010  2500 00060  
HPD02834906HPCPHT19980200240051300 00010  1400 00010  1500 00020  1700 00010  2500 00050  
HPD02834906HPCPHT19980300010020100 00000g 2500 00000  
HPD02834906HPCPHT19980300060022300 00010  2500 00010  
HPD02834906HPCPHT19980300140031800 00010  2000 00010  2500 00020  
HPD02834906HPCPHT19980300150040300 00010  0800 00010  1500 00010  2500 00030  
HPD02834906HPCPHT19980300260100700 00030  0800 00020  0900 00020  1000 00010  1100 00020  1200 00010  1800 00010  2200 00010  2300 00020  2500 00150  
HPD02834906HPCPHT19980300270020200 00020  2500 00020  
HPD02834906HPCPHT19980300280052000 00010  2100 00030  2200 00020  2300 00010  2500 00070  
HPD02834906HPCPHT19980300290040100 00010  0200 00010  1000 00010  2500 00030  
HPD02834906HPCPHT19980300300050200 00010  0500 00010  0700 00010  1000 00010  2500 00040  
HPD02834906HPCPHT19980400010060100 00000g 1500 00020  1600 00020  1800 00010  1900 00010  2500 00060  
HPD02834906HPCPHT19980500010020100 00000g 2500 00000  
HPD02834906HPCPHT19980600010020100 00000g 2500 00000  
HPD02834906HPCPHT19980700010020100 00000g 2500 00000  
HPD02834906HPCPHT19980700060030600 00020  0900 00010  2500 00030  
HPD02834906HPCPHT19980700220031300 00010  1500 00050  2500 00060  
HPD02834906HPCPHT19980800010030100 00000g 2000 00050  2500 00050  
HPD02834906HPCPHT19980800040020800 99999{ 2500 00000P 
HPD02834906HPCPHT19980800310022400 99999} 2500 00000P 
HPD02834906HPCPHT19980900010040100 99999{ 0800 99999} 0900 99999{ 2500 00000P 
HPD02834906HPCPHT19980900300022400 99999} 2500 00000P 
HPD02834906HPCPHT19981000010020100 99999{ 2500 00000P 
HPD02834906HPCPHT19981000020030700 99999} 0800 99999{ 2500 00000P 
HPD02834906HPCPHT19981000310022400 99999} 2500 00000P 
HPD02834906HPCPHT19981100010020100 00000g 2500 00000  
HPD02834906HPCPHT19981100080020900 99999{ 2500 00000P 
HPD02834906HPCPHT19981100090020800 99999} 2500 00000P 
HPD02834906HPCPHT19981100280020800 99999{ 2500 00000P 
HPD02834906HPCPHT19981100300020700 99999} 2500 00000P 
HPD02834906HPCPHT19981200010020100 00000g 2500 00000  
HPD02834906HPCPHT19981200020031100 00010  1300 00010  2500 00020  
HPD02834906HPCPHT19981200060031500 00010  1600 00010  2500 00020  
HPD02834906HPCPHT19981200170031900 00010  2000 00010  2500 00020  
HPD02834906HPCPHT19981200300021300 99999{ 2500 00000P 
HPD02834906HPCPHT19981200310022400 99999} 2500 00000P 
