HPD02563503HPCPHT20100100010030100 99999[ 0800 99999] 2500 00000I 
HPD02563503HPCPHT20100100040022400 00020  2500 00020  
HPD02563503HPCPHT20100100050031300 00010  1400 00010  2500 00020  
HPD02563503HPCPHT20100100090022400 00010  2500 00010  
HPD02563503HPCPHT20100100130030200 00010  1300 00010  2500 00020  
HPD02563503HPCPHT20100100140020300 00010  2500 00010  
HPD02563503HPCPHT20100100180021800 00010  2500 00010  
HPD02563503HPCPHT20100100190090100 00010  0300 00010  0400 00010  1000 00010  2000 00010  2100 00020  2200 00020  2300 00030  2500 00120  
HPD02563503HPCPHT20100100210190300 00010  0500 00020  0600 00010  0700 00010  0900 00030  1100 00030  1200 00020  1300 00010  1400 00010  1500 00010  1600 00010  1700 00010  1800 00020  1900 00020  2000 00010  2100 00030  2200 00020  2300 00010  2500 00290  
HPD02563503HPCPHT20100100220060100 00010  0300 00010  1200 00010  1600 00010  2100 00010  2500 00050  
HPD02563503HPCPHT20100100230030700 00010  1300 00010  2500 00020  
HPD02563503HPCPHT20100100250041400 00010  1500 00010  2400 00010  2500 00030  
HPD02563503HPCPHT20100100260030900 00010  1200 00010  2500 00020  
HPD02563503HPCPHT20100100270031200 00010  1500 00010  2500 00020  
HPD02563503HPCPHT20100100290030600 00030  2300 00010  2500 00040  
HPD02563503HPCPHT20100100300021700 00010  2500 00010  
HPD02563503HPCPHT20100100310040600 00020  1400 00010  1700 00010  2500 00040  
HPD02563503HPCPHT20100200010030100 00000g 0200 99999{ 2500 00000P 
HPD02563503HPCPHT20100200280022400 99999} 2500 00000P 
HPD02563503HPCPHT20100300010040100 00000g 0300 00010  1200 99999[ 2500 00010I 
HPD02563503HPCPHT20100300040030700 99999] 1200 00010  2500 00010I 
HPD02563503HPCPHT20100300060030400 00010  1300 00010  2500 00020  
HPD02563503HPCPHT20100300070090100 00010  0300 00010  1200 00010  1400 00010  1500 00010  1600 00010  1900 00010  2400 00010  2500 00080  
HPD02563503HPCPHT20100300090031300 00020  2300 00030  2500 00050  
HPD02563503HPCPHT20100300100041200 00010  1400 00010  2200 00010  2500 00030  
HPD02563503HPCPHT20100300110050800 00010  0900 00010  1300 00010  2400 00010  2500 00040  
HPD02563503HPCPHT20100300120030100 00020  0200 00010  2500 00030  
HPD02563503HPCPHT20100300130070200 00010  0300 00010  0400 00020  0700 00020  0800 00010  1200 00020  2500 00090  
HPD02563503HPCPHT20100300140030300 99999[ 0400 99999] 2500 00000I 
HPD02563503HPCPHT20100400010020100 00000g 2500 00000  
HPD02563503HPCPHT20100500010030100 00000g 0200 99999{ 2500 00000P 
HPD02563503HPCPHT20100500310022400 99999} 2500 00000P 
HPD02563503HPCPHT20100600010030100 00000g 0200 99999[ 2500 00000I 
HPD02563503HPCPHT20100600300022400 99999] 2500 00000I 
HPD02563503HPCPHT20100700010030100 00000g 0200 99999{ 2500 00000P 
HPD02563503HPCPHT20100700310022400 99999} 2500 00000P 
HPD02563503HPCPHT20100800010030100 00000g 0200 99999{ 2500 00000P 
HPD02563503HPCPHT20100800310022400 99999} 2500 00000P 
HPD02563503HPCPHT20100900010030100 00000g 0200 99999{ 2500 00000P 
HPD02563503HPCPHT20100900300022400 99999} 2500 00000P 
HPD02563503HPCPHT20101000010030100 00000g 0200 99999{ 2500 00000P 
HPD02563503HPCPHT20101000310022400 99999} 2500 00000P 
HPD02563503HPCPHT20101100010020100 00000g 2500 00000  
HPD02563503HPCPHT20101200010030100 00000g 0200 99999{ 2500 00000P 
HPD02563503HPCPHT20101200310022400 99999} 2500 00000P 
