HPD02626000HPCPHT19720600010020100 00000g 2500 00000  
HPD02626000HPCPHT19720600030031100 00060  2400 00010  2500 00070  
HPD02626000HPCPHT19720600060031200 00030  1300 00010  2500 00040  
HPD02626000HPCPHT19720600070020300 00010  2500 00010  
HPD02626000HPCPHT19720600210041000 00010  1100 00040  1200 00030  2500 00080  
HPD02626000HPCPHT19720600220030500 00010  0700 00010  2500 00020  
HPD02626000HPCPHT19720700010020100 00000g 2500 00000  
HPD02626000HPCPHT19720700160042200 00010  2300 00020  2400 00010  2500 00040  
HPD02626000HPCPHT19720700170030100 00010  0200 00020  2500 00030  
HPD02626000HPCPHT19720700230021700 00020  2500 00020  
HPD02626000HPCPHT19720700290020900 00010  2500 00010  
HPD02626000HPCPHT19720800010020100 00000g 2500 00000  
HPD02626000HPCPHT19720800050031500 00010  2000 00070  2500 00080  
HPD02626000HPCPHT19720800110020900 00010  2500 00010  
HPD02626000HPCPHT19720800260020800 00010  2500 00010  
HPD02626000HPCPHT19720900010030100 00000g 1500 00010  2500 00010  
HPD02626000HPCPHT19720900090031500 00060  1600 00010  2500 00070  
HPD02626000HPCPHT19720900160020200 00010  2500 00010  
HPD02626000HPCPHT19720900180022200 00010  2500 00010  
HPD02626000HPCPHT19721000010020100 00000g 2500 00000  
HPD02626000HPCPHT19721000030031200 00010  1500 00010  2500 00020  
HPD02626000HPCPHT19721000040110500 00010  0600 00030  0700 00030  0800 00050  0900 00020  1200 00010  1400 00010  1500 00010  1800 00010  2400 00010  2500 00190  
HPD02626000HPCPHT19721000050080100 00020  0200 00030  0300 00010  0400 00060  1600 00010  2100 00010  2300 00010  2500 00150  
HPD02626000HPCPHT19721000060080100 00010  0400 00010  1900 00030  2100 00030  2200 00030  2300 00030  2400 00030  2500 00170  
HPD02626000HPCPHT19721000070100100 00040  0200 00050  0300 00020  0400 00010  0500 00020  0600 00010  0700 00010  0800 00020  1100 00010  2500 00190  
HPD02626000HPCPHT19721000180080900 00010  1200 00010  1500 00010  1800 00010  2000 00030  2300 00010  2400 00010  2500 00090  
HPD02626000HPCPHT19721000190200100 00070  0200 00030  0300 00010  0400 00020  0500 00030  0600 00020  0700 00050  0800 00070  0900 00010  1200 00010  1300 00020  1400 00010  1500 00010  1600 00010  1700 00010  1800 00040  1900 00020  2000 00030  2100 00010  2500 00480  
HPD02626000HPCPHT19721000200041600 00010  1700 00010  1800 00010  2500 00030  
HPD02626000HPCPHT19721000220021000 00010  2500 00010  
HPD02626000HPCPHT19721000310020800 00010  2500 00010  
HPD02626000HPCPHT19721100010020100 00000g 2500 00000  
HPD02626000HPCPHT19721100080030900 00020  1100 00010  2500 00030  
HPD02626000HPCPHT19721100110081700 00030  1800 00020  1900 00010  2000 00010  2100 00010  2200 00010  2400 00010  2500 00100  
HPD02626000HPCPHT19721100120031000 00030  1100 00010  2500 00040  
HPD02626000HPCPHT19721100150030200 00010  0400 00010  2500 00020  
HPD02626000HPCPHT19721100170060100 00030  0200 00040  0300 00010  0600 00010  0700 00010  2500 00100  
HPD02626000HPCPHT19721200010020100 00000g 2500 00000  
HPD02626000HPCPHT19721200050050600 00010  0700 00020  0800 00020  0900 00020  2500 00070  
HPD02626000HPCPHT19721200080060200 00010  1400 00010  2000 00020  2100 00010  2200 00010  2500 00060  
HPD02626000HPCPHT19721200090090500 00010  0600 00020  0700 00020  0800 00020  0900 00010  1100 00010  1900 00010  2000 00010  2500 00110  
HPD02626000HPCPHT19721200270042200 00010  2300 00010  2400 00010  2500 00030  
HPD02626000HPCPHT19721200280170300 00010  0500 00010  0600 00010  0700 00010  0800 00010  0900 00010  1000 00010  1100 00010  1200 00030  1300 00020  1500 00010  1600 00010  2000 00020  2100 00010  2200 00010  2300 00010  2500 00200  
HPD02626000HPCPHT19730100010030100 00000g 2300 00010  2500 00010  
HPD02626000HPCPHT19730100100040600 00010  0800 00010  0900 00010  2500 00030  
HPD02626000HPCPHT19730100170031200 00010  1300 00010  2500 00020  
HPD02626000HPCPHT19730100190021600 00010  2500 00010  
HPD02626000HPCPHT19730100200020200 00010  2500 00010  
HPD02626000HPCPHT19730100220021700 00010  2500 00010  
HPD02626000HPCPHT19730100260021800 00010  2500 00010  
HPD02626000HPCPHT19730200010020100 00000g 2500 00000  
HPD02626000HPCPHT19730200060020700 00010  2500 00010  
HPD02626000HPCPHT19730200080021400 00010  2500 00010  
HPD02626000HPCPHT19730200110081600 00010  1700 00020  1800 00010  2000 00010  2100 00010  2200 00010  2400 00010  2500 00080  
HPD02626000HPCPHT19730200120080100 00040  0200 00020  0300 00010  0400 00010  0600 00010  0700 00010  1200 00010  2500 00110  
HPD02626000HPCPHT19730200130060600 00010  0800 00010  1600 00020  1700 00010  2300 00010  2500 00060  
HPD02626000HPCPHT19730200160070400 00010  0500 00010  0700 00010  0800 00010  1100 00010  1300 00010  2500 00060  
HPD02626000HPCPHT19730200200051800 00010  1900 00010  2300 00010  2400 00010  2500 00040  
HPD02626000HPCPHT19730200210140100 00010  0200 00010  0500 00010  1200 00030  1300 00020  1400 00020  1500 00020  1600 00010  1700 00010  1900 00010  2100 00010  2200 00010  2400 00010  2500 00180  
HPD02626000HPCPHT19730200220040100 00010  0400 00010  0800 00010  2500 00030  
HPD02626000HPCPHT19730200280021900 00010  2500 00010  
HPD02626000HPCPHT19730300010020100 00000g 2500 00000  
HPD02626000HPCPHT19730300070090200 00010  0400 00010  0500 00020  0800 00050  1000 00010  1100 00030  1200 00010  1800 00010  2500 00150  
HPD02626000HPCPHT19730300080032100 00030  2200 00010  2500 00040  
HPD02626000HPCPHT19730300090040500 00010  1400 00010  1700 00010  2500 00030  
HPD02626000HPCPHT19730300120090200 00020  0300 00010  0400 00010  0600 00010  0700 00010  0800 00010  0900 00010  1300 00010  2500 00090  
HPD02626000HPCPHT19730300130140100 00010  0500 00010  0700 00010  0800 00010  1100 00010  1400 00010  1600 00010  1700 00010  1800 00020  1900 00020  2000 00010  2100 00010  2400 00020  2500 00160  
HPD02626000HPCPHT19730300140020700 00010  2500 00010  
HPD02626000HPCPHT19730300150020600 00010  2500 00010  
HPD02626000HPCPHT19730300210060100 00010  0200 00020  0400 00010  0500 00010  0700 00010  2500 00060  
HPD02626000HPCPHT19730300220061000 00020  1300 00010  1400 00010  1500 00010  2100 00010  2500 00060  
HPD02626000HPCPHT19730300230040300 00010  0700 00010  0900 00010  2500 00030  
HPD02626000HPCPHT19730300260032200 00010  2300 00010  2500 00020  
HPD02626000HPCPHT19730300270020500 00010  2500 00010  
HPD02626000HPCPHT19730300280120200 00010  0300 00020  0500 00010  0600 00010  0700 00010  0900 00010  1000 00010  1800 00010  2100 00010  2200 00010  2400 00010  2500 00120  
HPD02626000HPCPHT19730300290120100 00010  0200 00010  0300 00010  0400 00010  0500 00010  0600 00020  0800 00010  0900 00010  1000 00010  1100 00010  1800 00010  2500 00120  
HPD02626000HPCPHT19730400010030100 00000g 1800 00010  2500 00010  
HPD02626000HPCPHT19730400180021300 00010  2500 00010  
HPD02626000HPCPHT19730400300090700 00010  0900 00010  1000 00010  1200 00010  1400 00010  1600 00010  1700 00010  1900 00010  2500 00080  
HPD02626000HPCPHT19730500010020100 00000g 2500 00000  
HPD02626000HPCPHT19730500050070500 00020  0600 00010  0700 00040  0800 00020  1400 00020  1700 00020  2500 00130  
HPD02626000HPCPHT19730500140022400 00010  2500 00010  
HPD02626000HPCPHT19730600010020100 00000g 2500 00000  
HPD02626000HPCPHT19730600130020100 00010  2500 00010  
HPD02626000HPCPHT19730700010020100 00000g 2500 00000  
HPD02626000HPCPHT19730700090021800 00020  2500 00020  
HPD02626000HPCPHT19730700140031700 00040  2200 00010  2500 00050  
HPD02626000HPCPHT19730700150031700 00010  2400 00010  2500 00020  
HPD02626000HPCPHT19730700160041000 00010  1100 00010  1300 00010  2500 00030  
HPD02626000HPCPHT19730700170031700 00030  1800 00020  2500 00050  
HPD02626000HPCPHT19730700270021900 00030  2500 00030  
HPD02626000HPCPHT19730700290041600 00010  1700 00030  1800 00010  2500 00050  
HPD02626000HPCPHT19730800010020100 00010  2500 00010  
HPD02626000HPCPHT19730800030022000 00010  2500 00010  
HPD02626000HPCPHT19730900010020100 00000g 2500 00000  
HPD02626000HPCPHT19730900170031300 00020  1400 00020  2500 00040  
HPD02626000HPCPHT19731000010020100 00000g 2500 00000  
HPD02626000HPCPHT19731100010020100 00000g 2500 00000  
HPD02626000HPCPHT19731100040020500 00010  2500 00010  
HPD02626000HPCPHT19731100180021800 99999[ 2500 00000I 
HPD02626000HPCPHT19731100300022400 99999] 2500 00000I 
HPD02626000HPCPHT19731200010020100 00000g 2500 00000  
HPD02626000HPCPHT19731200020021700 00010  2500 00010  
HPD02626000HPCPHT19740100010050100 00000g 2000 00010  2100 00010  2300 00010  2500 00030  
HPD02626000HPCPHT19740100020030300 00010  1400 00010  2500 00020  
HPD02626000HPCPHT19740100040022400 00010  2500 00010  
HPD02626000HPCPHT19740100050080100 00010  0400 00010  0800 00010  0900 00010  1000 00020  1100 00010  1200 00010  2500 00080  
HPD02626000HPCPHT19740100070061000 00010  1200 00010  1400 00010  1600 00010  2100 00010  2500 00050  
HPD02626000HPCPHT19740100080140100 00010  0200 00010  0300 00010  0400 00010  0500 00010  0600 00010  0700 00020  0900 00010  1000 00010  1500 00010  1600 00010  1800 00010  2100 00010  2500 00140  
HPD02626000HPCPHT19740100090030200 00010  0400 00010  2500 00020  
HPD02626000HPCPHT19740100200022400 00010  2500 00010  
HPD02626000HPCPHT19740100270050100 00020  0200 00010  0400 00010  1200 00010  2500 00050  
HPD02626000HPCPHT19740200010020100 00000g 2500 00000  
HPD02626000HPCPHT19740200200040600 00010  0700 00010  0800 00010  2500 00030  
HPD02626000HPCPHT19740300010020100 00000g 2500 00000  
HPD02626000HPCPHT19740300020021400 00010  2500 00010  
HPD02626000HPCPHT19740300080071300 00010  1500 00010  1700 00010  1800 00010  2000 00010  2400 00010  2500 00060  
HPD02626000HPCPHT19740300090050300 00010  0400 00010  0700 00010  1200 00010  2500 00040  
HPD02626000HPCPHT19740300190061000 00010  1300 00020  1500 00010  2300 00010  2400 00010  2500 00060  
HPD02626000HPCPHT19740300200070500 00020  0600 00020  0800 00010  0900 00010  1000 00010  1100 00010  2500 00080  
HPD02626000HPCPHT19740300210030300 00010  0600 00010  2500 00020  
HPD02626000HPCPHT19740400010020100 00000g 2500 00000  
HPD02626000HPCPHT19740400020050500 00010  0700 00010  0800 00010  1300 00010  2500 00040  
HPD02626000HPCPHT19740500010020100 00000g 2500 00000  
HPD02626000HPCPHT19740600010020100 00000g 2500 00000  
HPD02626000HPCPHT19740700010020100 00000g 2500 00000  
HPD02626000HPCPHT19740700070021600 00010  2500 00010  
HPD02626000HPCPHT19740700080020300 00010  2500 00010  
HPD02626000HPCPHT19740700140061200 00010  1500 00010  1600 00020  1700 00010  1800 00010  2500 00060  
HPD02626000HPCPHT19740700170020600 00010  2500 00010  
HPD02626000HPCPHT19740700180021200 00040  2500 00040  
HPD02626000HPCPHT19740700190021300 00010  2500 00010  
HPD02626000HPCPHT19740700200031200 00010  1300 00020  2500 00030  
HPD02626000HPCPHT19740700220021400 00010  2500 00010  
HPD02626000HPCPHT19740700250021100 00020  2500 00020  
HPD02626000HPCPHT19740700280021000 00010  2500 00010  
HPD02626000HPCPHT19740700300021200 00040  2500 00040  
HPD02626000HPCPHT19740800010020100 00000g 2500 00000  
HPD02626000HPCPHT19740800020031500 00030  1600 00020  2500 00050  
HPD02626000HPCPHT19740800030021800 00010  2500 00010  
HPD02626000HPCPHT19740800040022100 00010  2500 00010  
HPD02626000HPCPHT19740800050031200 00010  1300 00030  2500 00040  
HPD02626000HPCPHT19740800060041900 00110  2100 00030  2200 00010  2500 00150  
HPD02626000HPCPHT19740800080020200 00010  2500 00010  
HPD02626000HPCPHT19740800240021500 00010  2500 00010  
HPD02626000HPCPHT19740900010020100 00000g 2500 00000  
HPD02626000HPCPHT19740900020021700 00050  2500 00050  
HPD02626000HPCPHT19740900030021800 00030  2500 00030  
HPD02626000HPCPHT19740900050021800 00010  2500 00010  
HPD02626000HPCPHT19740900060021500 00020  2500 00020  
HPD02626000HPCPHT19740900070020100 00010  2500 00010  
HPD02626000HPCPHT19740900140022200 00040  2500 00040  
HPD02626000HPCPHT19740900170021600 00010  2500 00010  
HPD02626000HPCPHT19740900180031500 00020  1900 00010  2500 00030  
HPD02626000HPCPHT19740900200021700 00020  2500 00020  
HPD02626000HPCPHT19740900210021500 00010  2500 00010  
HPD02626000HPCPHT19740900260041400 00040  1800 00010  2400 00010  2500 00060  
HPD02626000HPCPHT19741000010020100 00000g 2500 00000  
HPD02626000HPCPHT19741000060051000 00010  1400 00020  1600 00010  2400 00010  2500 00050  
HPD02626000HPCPHT19741000120030900 00010  1200 00010  2500 00020  
HPD02626000HPCPHT19741000130021400 00010  2500 00010  
HPD02626000HPCPHT19741000220110400 00010  0700 00010  0800 00010  0900 00030  1000 00020  1200 00010  1300 00010  1800 00010  2200 00020  2300 00020  2500 00150  
HPD02626000HPCPHT19741000230021400 00010  2500 00010  
HPD02626000HPCPHT19741000270020700 00010  2500 00010  
HPD02626000HPCPHT19741000280032100 00010  2400 00010  2500 00020  
HPD02626000HPCPHT19741000290100100 00020  0300 00010  0500 00020  0600 00020  0700 00030  0800 00030  0900 00020  1000 00020  1100 00010  2500 00180  
HPD02626000HPCPHT19741000300090100 00010  0200 00010  1200 00010  1300 00010  1400 00010  1500 00010  1700 00010  1900 00010  2500 00080  
HPD02626000HPCPHT19741100010020100 00000g 2500 00000  
HPD02626000HPCPHT19741100020030700 00010  1000 00010  2500 00020  
HPD02626000HPCPHT19741100080031100 99999a 1300 00060A 2500 00060  
HPD02626000HPCPHT19741200010020100 00000g 2500 00000  
HPD02626000HPCPHT19741200040061800 00010  2000 00010  2200 00010  2300 00010  2400 00010  2500 00050  
HPD02626000HPCPHT19741200050060100 00010  0300 00030  0400 00020  1000 00010  1300 00010  2500 00080  
HPD02626000HPCPHT19741200250041200 00010  1500 00010  1900 00010  2500 00030  
HPD02626000HPCPHT19741200260021300 00010  2500 00010  
HPD02626000HPCPHT19741200290030100 00010  0200 00010  2500 00020  
HPD02626000HPCPHT19750100010030100 00000g 1800 00010  2500 00010  
HPD02626000HPCPHT19750100020031200 00010  1300 00020  2500 00030  
HPD02626000HPCPHT19750100080022300 00010  2500 00010  
HPD02626000HPCPHT19750100090040200 00010  0400 00010  0700 00010  2500 00030  
HPD02626000HPCPHT19750100290021200 00010  2500 00010  
HPD02626000HPCPHT19750100300041200 00010  1400 00010  1500 00010  2500 00030  
HPD02626000HPCPHT19750200010020100 00000g 2500 00000  
HPD02626000HPCPHT19750200030022300 00020  2500 00020  
HPD02626000HPCPHT19750200040020600 00010  2500 00010  
HPD02626000HPCPHT19750200100041700 00010  1800 00020  1900 00010  2500 00040  
HPD02626000HPCPHT19750200140110400 00010  0500 00010  0600 00010  0700 00010  0800 00010  1100 00010  1300 00010  2200 00010  2300 00010  2400 00010  2500 00100  
HPD02626000HPCPHT19750200150050100 00010  0400 00020  0700 00010  1200 00010  2500 00050  
HPD02626000HPCPHT19750200170060100 00010  0200 00010  0300 00010  0500 00010  0700 00010  2500 00050  
HPD02626000HPCPHT19750200210021600 00010  2500 00010  
HPD02626000HPCPHT19750300010020100 00000g 2500 00000  
HPD02626000HPCPHT19750300050022100 00010  2500 00010  
HPD02626000HPCPHT19750300080060600 00010  1000 00010  1300 00010  2200 00020  2300 00030  2500 00080  
HPD02626000HPCPHT19750300090030400 00010  0500 00010  2500 00020  
HPD02626000HPCPHT19750300100062000 00010  2100 00010  2200 00010  2300 00010  2400 00010  2500 00050  
HPD02626000HPCPHT19750300110120200 00010  0300 00010  0400 00010  0500 00010  0600 00010  0800 00010  0900 00010  1200 00010  1300 00010  1400 00010  2000 00010  2500 00110  
HPD02626000HPCPHT19750300120020900 00010  2500 00010  
HPD02626000HPCPHT19750300140031600 00020  2300 00010  2500 00030  
HPD02626000HPCPHT19750300150020200 00010  2500 00010  
HPD02626000HPCPHT19750300260100300 00010  0500 00010  0600 00020  0700 00010  0900 00010  1000 00020  1100 00010  1200 00010  1400 00010  2500 00110  
HPD02626000HPCPHT19750300270021100 00010  2500 00010  
HPD02626000HPCPHT19750400010060100 00000g 0600 00010  0700 00010  0800 00010  0900 00010  2500 00040  
HPD02626000HPCPHT19750400060042200 00010  2300 00010  2400 00010  2500 00030  
HPD02626000HPCPHT19750400070100200 00010  0600 00010  0900 00020  1000 00010  1100 00010  1200 00010  1400 00010  1600 00010  1800 00010  2500 00100  
HPD02626000HPCPHT19750400080040500 00010  0800 00010  1000 00010  2500 00030  
HPD02626000HPCPHT19750400090042000 00020  2100 00020  2200 00010  2500 00050  
HPD02626000HPCPHT19750400100020700 00010  2500 00010  
HPD02626000HPCPHT19750400120040400 00010  1200 00010  1800 00010  2500 00030  
HPD02626000HPCPHT19750400170022400 00010  2500 00010  
HPD02626000HPCPHT19750400270020800 00010  2500 00010  
HPD02626000HPCPHT19750500010020100 00000g 2500 00000  
HPD02626000HPCPHT19750500290021200 00010  2500 00010  
HPD02626000HPCPHT19750600010020100 00000g 2500 00000  
HPD02626000HPCPHT19750700010020100 00000g 2500 00000  
HPD02626000HPCPHT19750700040040300 00130  0400 00020  0500 00010  2500 00160  
HPD02626000HPCPHT19750700060051600 00010  1700 00040  1800 00020  1900 00010  2500 00080  
HPD02626000HPCPHT19750700110031500 00030  1600 00030  2500 00060  
HPD02626000HPCPHT19750700120021500 00010  2500 00010  
HPD02626000HPCPHT19750700160021900 00010  2500 00010  
HPD02626000HPCPHT19750700190031600 00010  1700 00030  2500 00040  
HPD02626000HPCPHT19750700220022000 00010  2500 00010  
HPD02626000HPCPHT19750700240021900 00030  2500 00030  
HPD02626000HPCPHT19750700250031700 00010  1800 00020  2500 00030  
HPD02626000HPCPHT19750700290040400 00030  0600 00050  0700 00020  2500 00100  
HPD02626000HPCPHT19750800010020100 00000g 2500 00000  
HPD02626000HPCPHT19750800060021800 00010  2500 00010  
HPD02626000HPCPHT19750800110031400 00010  1800 00010  2500 00020  
HPD02626000HPCPHT19750800120030300 00010  0500 00010  2500 00020  
HPD02626000HPCPHT19750800200020700 00010  2500 00010  
HPD02626000HPCPHT19750800210020100 00010  2500 00010  
HPD02626000HPCPHT19750900010020100 00000g 2500 00000  
HPD02626000HPCPHT19750900040041300 00050  1400 00030  1600 00010  2500 00090  
HPD02626000HPCPHT19750900060030100 00010  0200 00010  2500 00020  
HPD02626000HPCPHT19750900070050100 00010  0500 00010  0700 00010  1600 00040  2500 00070  
HPD02626000HPCPHT19750900080030300 00010  0400 00010  2500 00020  
HPD02626000HPCPHT19750900130022200 00010  2500 00010  
HPD02626000HPCPHT19750900140021200 00010  2500 00010  
HPD02626000HPCPHT19750900300021500 00010  2500 00010  
HPD02626000HPCPHT19751000010020100 00000g 2500 00000  
HPD02626000HPCPHT19751000200050800 00010  0900 00010  1100 00010  1600 00020  2500 00050  
HPD02626000HPCPHT19751100010020100 00000g 2500 00000  
HPD02626000HPCPHT19751100280020700 99999a 2500 00000I 
HPD02626000HPCPHT19751100290021300 00260A 2500 00260P 
HPD02626000HPCPHT19751200010020100 00000g 2500 00000  
HPD02626000HPCPHT19751200090020100 99999[ 2500 00000I 
HPD02626000HPCPHT19751200310022400 99999] 2500 00000I 
