HPD02915803HPCPHT20110100010020100 00000g 2500 00000  
HPD02915803HPCPHT20110100030031200 00010  1300 00010  2500 00020  
HPD02915803HPCPHT20110200010020100 00000g 2500 00000  
HPD02915803HPCPHT20110200180022400 00010  2500 00010  
HPD02915803HPCPHT20110200190120200 00010  0300 00010  0400 00010  0500 00010  0600 00010  0700 00010  0900 00010  1000 00010  1200 00020  1300 00010  1400 00010  2500 00120  
HPD02915803HPCPHT20110200200040600 00010  0700 00010  1500 00010  2500 00030  
HPD02915803HPCPHT20110200260051900 00010  2100 00010  2200 00010  2300 00010  2500 00040  
HPD02915803HPCPHT20110200270030200 00010  1300 00010  2500 00020  
HPD02915803HPCPHT20110300010040100 00000g 1700 00010  1800 99999[ 2500 00010I 
HPD02915803HPCPHT20110300130021200 99999] 2500 00000I 
HPD02915803HPCPHT20110300210031100 00020  1400 00010  2500 00030  
HPD02915803HPCPHT20110300240021500 00010  2500 00010  
HPD02915803HPCPHT20110400010030100 00000g 1100 00010  2500 00010  
HPD02915803HPCPHT20110400080051800 00010  2100 00010  2200 00010  2400 00010  2500 00040  
HPD02915803HPCPHT20110400090030100 00010  0500 00010  2500 00020  
HPD02915803HPCPHT20110400100021200 00010  2500 00010  
HPD02915803HPCPHT20110400160021600 00010  2500 00010  
HPD02915803HPCPHT20110500010020100 00000g 2500 00000  
HPD02915803HPCPHT20110500100021600 00010  2500 00010  
HPD02915803HPCPHT20110500180061200 00010  1300 00010  1600 00020  1700 00010  2000 00010  2500 00060  
HPD02915803HPCPHT20110600010020100 00000g 2500 00000  
HPD02915803HPCPHT20110600050021600 00010  2500 00010  
HPD02915803HPCPHT20110700010030100 00000g 1600 00010  2500 00010  
HPD02915803HPCPHT20110700050051300 00010  1400 00010  1500 00010  1800 99999[ 2500 00030I 
HPD02915803HPCPHT20110700100021000 99999] 2500 00000I 
HPD02915803HPCPHT20110700110040300 00020  0400 00010  0800 00010  2500 00040  
HPD02915803HPCPHT20110700180041500 00020  1900 00020  2000 00010  2500 00050  
HPD02915803HPCPHT20110700250021500 00030  2500 00030  
HPD02915803HPCPHT20110700310020500 00010  2500 00010  
HPD02915803HPCPHT20110800010020100 00000g 2500 00000  
HPD02915803HPCPHT20110800120021500 00060  2500 00060  
HPD02915803HPCPHT20110800240021500 00010  2500 00010  
HPD02915803HPCPHT20110800260021500 00010  2500 00010  
HPD02915803HPCPHT20110900010030100 00000g 1500 99999[ 2500 00000I 
HPD02915803HPCPHT20110900300022400 99999] 2500 00000I 
HPD02915803HPCPHI20111000010020100 99999[ 2500 00000I 
HPD02915803HPCPHI20111000310022400 99999] 2500 00000I 
HPD02915803HPCPHI20111100010020100 99999[ 2500 00000I 
HPD02915803HPCPHI20111100300022400 99999] 2500 00000I 
