HPD02458602HPCPHT20050100010030100 00000g 1000 99999{ 2500 00000P 
HPD02458602HPCPHT20050100190021600 99999} 2500 00000P 
HPD02458602HPCPHT20050100260032100 00010  2200 00020  2500 00030  
HPD02458602HPCPHT20050100270030900 99999{ 1000 99999} 2500 00000P 
HPD02458602HPCPHT20050200010040100 00000g 0300 00010  1500 00010  2500 00020  
HPD02458602HPCPHT20050200070021400 00010  2500 00010  
HPD02458602HPCPHT20050200080040500 00010  1200 00010  1600 00010  2500 00030  
HPD02458602HPCPHT20050200110061100 00010  1300 00010  1700 00010  2000 00010  2400 00010  2500 00050  
HPD02458602HPCPHT20050200120060300 00010  0500 00010  1000 00010  1300 00010  1500 00010  2500 00050  
HPD02458602HPCPHT20050200180060500 00010  0700 00010  1600 00010  1700 00010  1800 00010  2500 00050  
HPD02458602HPCPHT20050200190040600 00010  1000 00010  1200 00010  2500 00030  
HPD02458602HPCPHT20050200200020900 00010  2500 00010  
HPD02458602HPCPHT20050200220021700 00010  2500 00010  
HPD02458602HPCPHT20050200260021500 00010  2500 00010  
HPD02458602HPCPHT20050300010050100 00000g 0800 99999[ 1000 99999] 1300 00010  2500 00010I 
HPD02458602HPCPHT20050300030021300 00010  2500 00010  
HPD02458602HPCPHT20050300050030800 00010  0900 00010  2500 00020  
HPD02458602HPCPHT20050300140031500 00020  1700 00010  2500 00030  
HPD02458602HPCPHT20050300150021000 00010  2500 00010  
HPD02458602HPCPHT20050300190021900 00010  2500 00010  
HPD02458602HPCPHT20050300200020900 00010  2500 00010  
HPD02458602HPCPHT20050300250050900 99999{ 1000 99999} 1100 00010  1200 00010  2500 00020P 
HPD02458602HPCPHT20050400010020100 00000g 2500 00000  
HPD02458602HPCPHT20050400020021100 00010  2500 00010  
HPD02458602HPCPHT20050400100031000 00010  1100 00010  2500 00020  
HPD02458602HPCPHT20050400240070100 00010  0200 00020  0300 00020  1000 00010  1100 00010  1500 00010  2500 00080  
HPD02458602HPCPHT20050400250020900 00010  2500 00010  
HPD02458602HPCPHT20050500010020100 00000g 2500 00000  
HPD02458602HPCPHT20050500030021300 00010  2500 00010  
HPD02458602HPCPHT20050600010040100 00000g 0800 99999[ 1400 99999] 2500 00000I 
HPD02458602HPCPHT20050700010040100 00000g 0800 99999[ 1200 99999] 2500 00000I 
HPD02458602HPCPHT20050700230021900 00010  2500 00010  
HPD02458602HPCPHT20050700250051800 00060  2000 00010  2300 00010  2400 00020  2500 00100  
HPD02458602HPCPHT20050700290021600 00010  2500 00010  
HPD02458602HPCPHT20050700300020900 00010  2500 00010  
HPD02458602HPCPHT20050800010020100 00000g 2500 00000  
HPD02458602HPCPHT20050800030031600 00010  1700 00010  2500 00020  
HPD02458602HPCPHT20050800070021400 00020  2500 00020  
HPD02458602HPCPHT20050800080031900 00010  2000 00010  2500 00020  
HPD02458602HPCPHT20050800110020900 00010  2500 00010  
HPD02458602HPCPHT20050800150022000 00050  2500 00050  
HPD02458602HPCPHT20050800180021800 00010  2500 00010  
HPD02458602HPCPHT20050900010040100 00000g 0900 99999[ 1200 99999] 2500 00000I 
HPD02458602HPCPHT20050900040021900 00010  2500 00010  
HPD02458602HPCPHT20050900080021200 00010  2500 00010  
HPD02458602HPCPHT20050900280021000 00010  2500 00010  
HPD02458602HPCPHT20051000010020100 00000g 2500 00000  
HPD02458602HPCPHT20051000090030200 00010  1300 00020  2500 00030  
HPD02458602HPCPHT20051000180040800 00010  1600 00010  2100 00010  2500 00030  
HPD02458602HPCPHT20051000190020100 00010  2500 00010  
HPD02458602HPCPHT20051100010020100 00000g 2500 00000  
HPD02458602HPCPHT20051200010020100 00000g 2500 00000  
