HPD02619406HPCPHI20050100010020100 00000g 2500 00000  
HPD02619406HPCPHI20050100030150800 00004  0900 00010  1000 00006  1100 00011  1200 00003  1300 00003  1400 00002  1500 00005  1600 00002  1700 00005  1800 00003  1900 00031  2200 00004  2300 00009  2500 00098  
HPD02619406HPCPHI20050100040110300 00001  0400 00004  0700 00003  0800 00003  0900 00003  1000 00005  1100 00008  1200 00008  1300 00002  1500 00001  2500 00038  
HPD02619406HPCPHI20050100070022300 00001  2500 00001  
HPD02619406HPCPHI20050100230022400 00004  2500 00004  
HPD02619406HPCPHI20050100240030100 00006  0900 00001  2500 00007  
HPD02619406HPCPHI20050100260040800 00009  0900 00003  1000 00001  2500 00013  
HPD02619406HPCPHI20050200010020100 00000g 2500 00000  
HPD02619406HPCPHI20050200100062000 00002  2100 00002  2200 00002  2300 00002  2400 00004  2500 00012  
HPD02619406HPCPHI20050200110220100 00003  0200 00002  0300 00001  0400 00004  0500 00002  0600 00001  0800 00002  0900 00003  1000 00007  1200 00001  1300 00006  1400 00001  1500 00001  1600 00006  1700 00002  1800 00003  2000 00008  2100 00005  2200 00001  2300 00003  2400 00002  2500 00064  
HPD02619406HPCPHI20050200120070100 00001  0200 00001  0300 00003  0500 00016  0600 00004  0700 00001  2500 00026  
HPD02619406HPCPHI20050200150022000 00001  2500 00001  
HPD02619406HPCPHI20050200170031700 00001  2200 00001  2500 00002  
HPD02619406HPCPHI20050200180070900 00001  1200 00002  1300 00001  1500 00005  2300 00010  2400 00021  2500 00040  
HPD02619406HPCPHI20050200190110100 00009  0200 00005  0300 00004  0400 00003  0600 00001  0700 00002  0800 00001  0900 00008  2300 00010  2400 00011  2500 00054  
HPD02619406HPCPHI20050200200030100 00005  0200 00003  2500 00008  
HPD02619406HPCPHI20050200210051700 00001  1800 00004  1900 00001  2000 00002  2500 00008  
HPD02619406HPCPHI20050200220040300 00002  0500 00002  0700 00004  2500 00008  
HPD02619406HPCPHI20050200230032000 00006  2100 00004  2500 00010  
HPD02619406HPCPHI20050300010020100 00000g 2500 00000  
HPD02619406HPCPHI20050300040032000 00006  2100 00001  2500 00007  
HPD02619406HPCPHI20050300050030100 00002  1600 00005  2500 00007  
HPD02619406HPCPHI20050300190020700 00001  2500 00001  
HPD02619406HPCPHI20050400010020100 00000g 2500 00000  
HPD02619406HPCPHI20050400230032100 00002  2200 00001  2500 00003  
HPD02619406HPCPHI20050500010020100 00000g 2500 00000  
HPD02619406HPCPHI20050600010020100 00000g 2500 00000  
HPD02619406HPCPHI20050700010020100 00000g 2500 00000  
HPD02619406HPCPHI20050700230060100 00001  2100 00017  2200 00001  2300 00003  2400 00001  2500 00023  
HPD02619406HPCPHI20050700290031800 00049  1900 00001  2500 00050  
HPD02619406HPCPHI20050700300031400 00002  1500 00009  2500 00011  
HPD02619406HPCPHI20050800010020100 00000g 2500 00000  
HPD02619406HPCPHI20050800020022300 00007  2500 00007  
HPD02619406HPCPHI20050800070032200 00010  2300 00004  2500 00014  
HPD02619406HPCPHI20050800090051900 00003  2000 00137  2100 00038  2200 00002  2500 00180  
HPD02619406HPCPHI20050800100021300 00024  2500 00024  
HPD02619406HPCPHI20050800110021400 00005  2500 00005  
HPD02619406HPCPHI20050800230031600 00107  1700 00002  2500 00109  
HPD02619406HPCPHI20050800260021600 00018  2500 00018  
HPD02619406HPCPHI20050900010020100 00000g 2500 00000  
HPD02619406HPCPHI20051000010020100 00000g 2500 00000  
HPD02619406HPCPHI20051000170090400 00005  0500 00001  0900 00003  1000 00001  1100 00002  1200 00002  2000 00004  2100 00002  2500 00020  
HPD02619406HPCPHI20051000180070100 00005  0600 00002  0700 00003  0800 00002  0900 00006  1000 00002  2500 00020  
HPD02619406HPCPHI20051100010020100 00000g 2500 00000  
HPD02619406HPCPHI20051200010020100 00000g 2500 00000  
