HPD02534400HPCPHT19861100010020100 99999[ 2500 00000I 
HPD02534400HPCPHT19861100300022400 99999] 2500 00000I 
HPD02534400HPCPHT19861200010040100 99999[ 1200 99999] 1400 99999{ 2500 00000P 
HPD02534400HPCPHT19861200310022400 99999} 2500 00000P 
HPD02534400HPCPHT19870100010020100 99999a 2500 00000I 
HPD02534400HPCPHT19870100060031300 00070A 1400 99999{ 2500 00070P 
HPD02534400HPCPHT19870100310022400 99999} 2500 00000P 
HPD02534400HPCPHT19870200010020100 99999{ 2500 00000P 
HPD02534400HPCPHT19870200280022400 99999} 2500 00000P 
HPD02534400HPCPHT19870300010020100 99999{ 2500 00000P 
HPD02534400HPCPHT19870300310022400 99999} 2500 00000P 
HPD02534400HPCPHT19870400010020100 99999{ 2500 00000P 
HPD02534400HPCPHT19870400240021200 99999} 2500 00000P 
HPD02534400HPCPHT19870500010020100 00000g 2500 00000  
HPD02534400HPCPHT19870500090021400 00010  2500 00010  
HPD02534400HPCPHT19870500110022000 00010  2500 00010  
HPD02534400HPCPHT19870500200040800 00010  1700 00020  1800 00010  2500 00040  
HPD02534400HPCPHT19870600010020100 00000g 2500 00000  
HPD02534400HPCPHT19870600060040600 00010  0800 00010  1800 00050  2500 00070  
HPD02534400HPCPHT19870700010020100 00000g 2500 00000  
HPD02534400HPCPHT19870700200030400 00010  0500 00010  2500 00020  
HPD02534400HPCPHT19870700260022100 00010  2500 00010  
HPD02534400HPCPHT19870700280040400 00010  0700 00010  0900 00020  2500 00040  
HPD02534400HPCPHT19870700310021600 00010  2500 00010  
HPD02534400HPCPHT19870800010020100 00000g 2500 00000  
HPD02534400HPCPHT19870800020031800 00010  2200 00010  2500 00020  
HPD02534400HPCPHT19870800040041600 00010  1700 00010  2000 00010  2500 00030  
HPD02534400HPCPHT19870800060020800 00010  2500 00010  
HPD02534400HPCPHT19870800090022000 00010  2500 00010  
HPD02534400HPCPHT19870800100032000 00020  2200 00010  2500 00030  
HPD02534400HPCPHT19870800120051200 00010  1300 00010  2000 00010  2200 00020  2500 00050  
HPD02534400HPCPHT19870800220021600 00010  2500 00010  
HPD02534400HPCPHT19870800230031100 00010  1200 00010  2500 00020  
HPD02534400HPCPHT19870800240051700 00020  2000 00020  2100 00030  2200 00010  2500 00080  
HPD02534400HPCPHT19870800250030100 00010  1600 00010  2500 00020  
HPD02534400HPCPHT19870800260020100 00010  2500 00010  
HPD02534400HPCPHT19870900010020100 00000g 2500 00000  
HPD02534400HPCPHT19870900020021000 00010  2500 00010  
HPD02534400HPCPHT19870900220042000 00010  2200 00020  2300 00010  2500 00040  
HPD02534400HPCPHT19870900240030100 00030  1100 00030  2500 00060  
HPD02534400HPCPHT19870900270021900 00010  2500 00010  
HPD02534400HPCPHT19871000010020100 00000g 2500 00000  
HPD02534400HPCPHT19871000230040300 00010  0400 00010  0500 00010  2500 00030  
HPD02534400HPCPHT19871000240070200 00010  0500 00010  0600 00010  0700 00010  0800 00010  1200 00020  2500 00070  
HPD02534400HPCPHT19871000290100300 00010  0400 00010  0700 00010  0800 00010  0900 00010  1600 00050  1700 00010  1800 00010  2000 00020  2500 00140  
HPD02534400HPCPHT19871000310110800 00010  1100 00010  1200 00010  1400 00010  1500 00010  1600 00010  2000 00010  2100 00020  2200 00020  2400 00010  2500 00120  
HPD02534400HPCPHT19871100010080100 00000g 0200 00040  0300 00030  0400 00030  0500 00040  0600 00030  1500 00020  2500 00190  
HPD02534400HPCPHT19871100050071000 00010  1100 00010  1500 00060  1600 00010  1700 00020  2200 00010  2500 00120  
HPD02534400HPCPHT19871100060031300 00010  1400 00010  2500 00020  
HPD02534400HPCPHT19871100140022300 00010  2500 00010  
HPD02534400HPCPHT19871200010020100 00000g 2500 00000  
HPD02534400HPCPHT19871200050020700 00010  2500 00010  
HPD02534400HPCPHT19871200130021200 00010  2500 00010  
HPD02534400HPCPHT19871200140020900 00010  2500 00010  
HPD02534400HPCPHT19871200170110900 00010  1100 00010  1200 00010  1300 00010  1400 00010  1600 00010  1900 00010  2000 00010  2200 00010  2400 00010  2500 00100  
HPD02534400HPCPHT19871200180050200 00010  0400 00010  0600 00010  1100 00010  2500 00040  
HPD02534400HPCPHT19871200190031600 00010  1700 00010  2500 00020  
HPD02534400HPCPHT19871200250021200 00010  2500 00010  
HPD02534400HPCPHT19880100010020100 00000g 2500 00000  
HPD02534400HPCPHT19880100050022100 00010  2500 00010  
HPD02534400HPCPHT19880100060021000 00010  2500 00010  
HPD02534400HPCPHT19880100170061600 00010  1700 00010  1800 00010  1900 00030  2000 00010  2500 00070  
HPD02534400HPCPHT19880100180060100 00010  0300 00010  0500 00010  1000 00010  1100 00010  2500 00050  
HPD02534400HPCPHT19880200010020100 00000g 2500 00000  
HPD02534400HPCPHT19880200020071000 00010  1900 00010  2000 00010  2100 00010  2200 00010  2300 00020  2500 00070  
HPD02534400HPCPHT19880200030020100 00010  2500 00010  
HPD02534400HPCPHT19880200150020600 99999a 2500 00000I 
HPD02534400HPCPHT19880200270020400 00010A 2500 00010P 
HPD02534400HPCPHT19880300010020100 00000g 2500 00000  
HPD02534400HPCPHT19880400010020100 00000g 2500 00000  
HPD02534400HPCPHT19880400140020500 00010  2500 00010  
HPD02534400HPCPHT19880400150061200 00010  1800 00010  2000 00010  2200 00010  2300 00010  2500 00050  
HPD02534400HPCPHT19880400160030400 00010  1100 00010  2500 00020  
HPD02534400HPCPHT19880400170040900 00010  1500 00010  2100 00010  2500 00030  
HPD02534400HPCPHT19880400210070600 00010  0700 00010  0800 00020  1000 00010  1500 00020  2400 00030  2500 00100  
HPD02534400HPCPHT19880400220060100 00010  0200 00020  0300 00010  0600 00010  1800 00010  2500 00060  
HPD02534400HPCPHT19880500010020100 00000g 2500 00000  
HPD02534400HPCPHT19880600010020100 00000g 2500 00000  
HPD02534400HPCPHT19880600280030900 00010  1500 00010  2500 00020  
HPD02534400HPCPHT19880600290022100 00010  2500 00010  
HPD02534400HPCPHT19880700010020100 00000g 2500 00000  
HPD02534400HPCPHT19880700080031400 00010  1600 00060  2500 00070  
HPD02534400HPCPHT19880700100041600 00010  1700 00010  1900 00010  2500 00030  
HPD02534400HPCPHT19880700200022000 00010  2500 00010  
HPD02534400HPCPHT19880700270041400 00010  1800 00010  2000 00010  2500 00030  
HPD02534400HPCPHT19880700290021700 00020  2500 00020  
HPD02534400HPCPHT19880700310030300 00050  0400 00030  2500 00080  
HPD02534400HPCPHT19880800010040100 00000g 1200 00020  1600 00010  2500 00030  
HPD02534400HPCPHT19880800020020200 99999{ 2500 00000P 
HPD02534400HPCPHT19880800290041100 99999} 1400 00010  2000 00010  2500 00020P 
HPD02534400HPCPHT19880800310021100 00010  2500 00010  
HPD02534400HPCPHT19880900010020100 00000g 2500 00000  
HPD02534400HPCPHT19880900110021900 00010  2500 00010  
HPD02534400HPCPHT19881000010020100 00000g 2500 00000  
HPD02534400HPCPHT19881000100021900 00010  2500 00010  
HPD02534400HPCPHT19881000140041100 00020  1400 00030  1500 00030  2500 00080  
HPD02534400HPCPHT19881100010020100 00000g 2500 00000  
HPD02534400HPCPHT19881100140022000 00010  2500 00010  
HPD02534400HPCPHT19881100240021900 00010  2500 00010  
HPD02534400HPCPHT19881100250030100 00010  1500 00010  2500 00020  
HPD02534400HPCPHT19881100260021400 00010  2500 00010  
HPD02534400HPCPHT19881200010020100 00000g 2500 00000  
HPD02534400HPCPHT19881200180020700 99999a 2500 00000I 
HPD02534400HPCPHT19881200310022400 00040A 2500 00040P 
HPD02534400HPCPHT19890100010020100 00000g 2500 00000  
HPD02534400HPCPHT19890100040140300 00010  0600 00010  0700 00010  0800 00010  0900 00030  1000 00030  1100 00010  1500 00010  1600 00010  1700 00010  1900 00010  2000 00010  2300 00010  2500 00170  
HPD02534400HPCPHT19890100050030700 00010  2400 00010  2500 00020  
HPD02534400HPCPHT19890100060020100 99999a 2500 00000I 
HPD02534400HPCPHT19890100310022400 00030A 2500 00030P 
HPD02534400HPCPHT19890200010020100 00000g 2500 00000  
HPD02534400HPCPHT19890200050020100 00010  2500 00010  
HPD02534400HPCPHT19890300010020100 00000g 2500 00000  
HPD02534400HPCPHT19890300030031000 00010  1100 00010  2500 00020  
HPD02534400HPCPHT19890300250052100 00010  2200 00020  2300 00010  2400 00010  2500 00050  
HPD02534400HPCPHT19890300260060100 00010  0200 00030  0300 00010  0400 00020  1100 00010  2500 00080  
HPD02534400HPCPHT19890400010020100 00000g 2500 00000  
HPD02534400HPCPHT19890500010020100 00000g 2500 00000  
HPD02534400HPCPHT19890500110020900 00010  2500 00010  
HPD02534400HPCPHT19890500160031300 00010  1900 00010  2500 00020  
HPD02534400HPCPHT19890600010020100 00000g 2500 00000  
HPD02534400HPCPHT19890700010020100 00000g 2500 00000  
HPD02534400HPCPHT19890700070021800 00020  2500 00020  
HPD02534400HPCPHT19890700080031900 00040  2000 00020  2500 00060  
HPD02534400HPCPHT19890700100051900 00090  2000 00010  2100 00010  2200 00020  2500 00130  
HPD02534400HPCPHT19890700110021200 00010  2500 00010  
HPD02534400HPCPHT19890700200022000 00020  2500 00020  
HPD02534400HPCPHT19890700210021200 00010  2500 00010  
HPD02534400HPCPHT19890700220020100 00010  2500 00010  
HPD02534400HPCPHT19890700250031800 00010  1900 00010  2500 00020  
HPD02534400HPCPHT19890700260021500 00010  2500 00010  
HPD02534400HPCPHT19890700270021300 00010  2500 00010  
HPD02534400HPCPHT19890700290030600 00020  1000 00010  2500 00030  
HPD02534400HPCPHT19890700310040900 00010  1000 00020  1100 00010  2500 00040  
HPD02534400HPCPHT19890800010020100 00000g 2500 00000  
HPD02534400HPCPHT19890800050021500 00020  2500 00020  
HPD02534400HPCPHT19890800110031400 00050  1500 00020  2500 00070  
HPD02534400HPCPHT19890800160022400 00120  2500 00120  
HPD02534400HPCPHT19890800170030200 00020  2200 00030  2500 00050  
HPD02534400HPCPHT19890800180020200 00010  2500 00010  
HPD02534400HPCPHT19890800310021200 00010  2500 00010  
HPD02534400HPCPHT19890900010020100 00000g 2500 00000  
HPD02534400HPCPHT19890900030020600 00020  2500 00020  
HPD02534400HPCPHT19891000010020100 00000g 2500 00000  
HPD02534400HPCPHT19891000210041500 00010  1600 00030  1700 00010  2500 00050  
HPD02534400HPCPHT19891100010020100 00000g 2500 00000  
HPD02534400HPCPHT19891200010020100 00000g 2500 00000  
HPD02534400HPCPHT19891200280020100 99999a 2500 00000I 
HPD02534400HPCPHT19891200310022400 00060A 2500 00060P 
HPD02534400HPCPHT19900100010020100 99999[ 2500 00000I 
HPD02534400HPCPHT19900100310022400 99999] 2500 00000I 
HPD02534400HPCPHT19900200010050100 00000g 1400 00010  1700 00010  2100 00010  2500 00030  
HPD02534400HPCPHT19900200180022000 00010  2500 00010  
HPD02534400HPCPHT19900200190040100 00010  0200 00010  1100 00010  2500 00030  
HPD02534400HPCPHT19900300010030100 00000g 0900 99999{ 2500 00000P 
HPD02534400HPCPHT19900300310022400 99999} 2500 00000P 
HPD02534400HPCPHT19900400010020100 00000g 2500 00000  
HPD02534400HPCPHT19900400050020800 00010  2500 00010  
HPD02534400HPCPHT19900400180021900 00010  2500 00010  
HPD02534400HPCPHT19900400240021600 00010  2500 00010  
HPD02534400HPCPHT19900400250020900 00010  2500 00010  
HPD02534400HPCPHT19900500010020100 00000g 2500 00000  
HPD02534400HPCPHT19900500230022300 00010  2500 00010  
HPD02534400HPCPHT19900500280032100 00010  2200 00010  2500 00020  
HPD02534400HPCPHT19900600010020100 00000g 2500 00000  
HPD02534400HPCPHT19900600090022200 00010  2500 00010  
HPD02534400HPCPHT19900600100040200 00010  0500 00010  0600 00010  2500 00030  
HPD02534400HPCPHT19900700010040100 00000g 1700 00010  1800 00010  2500 00020  
HPD02534400HPCPHT19900700060051600 00010  1800 00010  1900 00010  2200 00010  2500 00040  
HPD02534400HPCPHT19900700070081200 00030  1300 00010  1500 00010  1600 00030  1700 00010  1800 00010  1900 00010  2500 00110  
HPD02534400HPCPHT19900700120031700 00020  1800 00010  2500 00030  
HPD02534400HPCPHT19900700140021800 00030  2500 00030  
HPD02534400HPCPHT19900700150031900 00010  2000 00010  2500 00020  
HPD02534400HPCPHT19900800010020100 00000g 2500 00000  
HPD02534400HPCPHT19900800050021700 00020  2500 00020  
HPD02534400HPCPHT19900800120031800 00050  1900 00030  2500 00080  
HPD02534400HPCPHT19900800140031200 00090  1300 00030  2500 00120  
HPD02534400HPCPHT19900800150021600 00010  2500 00010  
HPD02534400HPCPHT19900800160030500 00010  1200 00040  2500 00050  
HPD02534400HPCPHT19900800310020100 00010  2500 00010  
HPD02534400HPCPHT19900900010020100 00000g 2500 00000  
HPD02534400HPCPHT19900900020040500 00010  0600 00010  0800 00010  2500 00030  
HPD02534400HPCPHT19900900030061500 00010  1600 00010  2000 00010  2100 00010  2200 00010  2500 00050  
HPD02534400HPCPHT19900900150041700 00020  1800 00030  2000 00010  2500 00060  
HPD02534400HPCPHT19900900180030100 00010  1300 00010  2500 00020  
HPD02534400HPCPHT19900900200030400 00010  0700 00010  2500 00020  
HPD02534400HPCPHT19901000010030100 00000g 1300 00010  2500 00010  
HPD02534400HPCPHT19901000190031500 00010  1700 00020  2500 00030  
HPD02534400HPCPHT19901100010020100 00000g 2500 00000  
HPD02534400HPCPHT19901100200020700 00010  2500 00010  
HPD02534400HPCPHT19901100210020900 00010  2500 00010  
HPD02534400HPCPHT19901100260030900 00010  1100 00010  2500 00020  
HPD02534400HPCPHT19901100270021100 00010  2500 00010  
HPD02534400HPCPHT19901200010020100 00000g 2500 00000  
HPD02534400HPCPHT19901200200020200 00010  2500 00010  
HPD02534400HPCPHT19910100010020100 00000g 2500 00000  
HPD02534400HPCPHT19910100030041800 00010  1900 00010  2300 00010  2500 00030  
HPD02534400HPCPHT19910100040070300 00010  0400 00010  0500 00010  0600 00010  0800 00010  1300 00010  2500 00060  
HPD02534400HPCPHT19910100050021100 00010  2500 00010  
HPD02534400HPCPHT19910200010020100 99999{ 2500 00000P 
HPD02534400HPCPHT19910200030020900 99999} 2500 00000P 
HPD02534400HPCPHT19910200060041900 00010  2000 00010  2400 00010  2500 00030  
HPD02534400HPCPHT19910200070020100 00030  2500 00030  
HPD02534400HPCPHT19910200090021000 99999{ 2500 00000P 
HPD02534400HPCPHT19910200280022400 99999} 2500 00000P 
HPD02534400HPCPHT19910300010020100 99999{ 2500 00000P 
HPD02534400HPCPHT19910300020020400 99999} 2500 00000P 
HPD02534400HPCPHT19910300130022300 00010  2500 00010  
HPD02534400HPCPHT19910300150030900 00010  1200 00010  2500 00020  
HPD02534400HPCPHT19910300160020200 00010  2500 00010  
HPD02534400HPCPHT19910300190030200 00010  0300 00010  2500 00020  
HPD02534400HPCPHT19910300200051000 00020  1100 00010  1700 00010  1900 00010  2500 00050  
HPD02534400HPCPHT19910300210040200 00010  0800 00010  2400 00010  2500 00030  
HPD02534400HPCPHT19910300250032300 00020  2400 00010  2500 00030  
HPD02534400HPCPHT19910300260050100 00020  0200 00020  0300 00010  0600 00010  2500 00060  
HPD02534400HPCPHT19910300270030700 00010  0800 00010  2500 00020  
HPD02534400HPCPHT19910300280020100 00010  2500 00010  
HPD02534400HPCPHT19910400010020100 00000g 2500 00000  
HPD02534400HPCPHT19910500010020100 00000g 2500 00000  
HPD02534400HPCPHT19910600010020100 00000g 2500 00000  
HPD02534400HPCPHT19910700010020100 00000g 2500 00000  
HPD02534400HPCPHT19910700200040700 00040  0800 00040  0900 00030  2500 00110  
HPD02534400HPCPHT19910700270021600 00010  2500 00010  
HPD02534400HPCPHT19910800010020100 00000g 2500 00000  
HPD02534400HPCPHT19910800090031800 00020  1900 00010  2500 00030  
HPD02534400HPCPHT19910800100032100 00010  2400 00010  2500 00020  
HPD02534400HPCPHT19910800110030200 00020  0600 00010  2500 00030  
HPD02534400HPCPHT19910800260030800 00010  2000 00010  2500 00020  
HPD02534400HPCPHT19910800270030300 00010  0500 00010  2500 00020  
HPD02534400HPCPHT19910900010040100 00000g 0400 00010  0900 99999a 2500 00010I 
HPD02534400HPCPHT19910900300022400 00070A 2500 00070P 
HPD02534400HPCPHT19911000010020100 99999{ 2500 00000P 
HPD02534400HPCPHT19911000310022400 99999} 2500 00000P 
HPD02534400HPCPHT19911100010020100 99999{ 2500 00000P 
HPD02534400HPCPHT19911100080030700 99999} 0800 99999a 2500 00000P 
HPD02534400HPCPHT19911100110031800 00010A 1900 99999{ 2500 00010P 
HPD02534400HPCPHT19911100140060800 99999} 1500 00010  1700 00010  1900 00010  2000 00010  2500 00040P 
HPD02534400HPCPHT19911100150070200 00010  0800 00010  1000 00010  1200 00010  1400 00020  1700 00010  2500 00070  
HPD02534400HPCPHT19911100290051200 00010  2100 00010  2200 00010  2300 00010  2500 00040  
HPD02534400HPCPHT19911100300060200 00010  1000 00070  1100 00010  1200 00010  2100 00010  2500 00110  
HPD02534400HPCPHT19911200010020100 00000g 2500 00000  
HPD02534400HPCPHT19911200100081300 00010  1500 00010  1600 00010  1700 00010  2000 00010  2300 00010  2400 00020  2500 00080  
HPD02534400HPCPHT19911200110030100 00010  0700 00010  2500 00020  
HPD02534400HPCPHT19911200180040700 00010  1100 00010  2300 00010  2500 00030  
HPD02534400HPCPHT19911200190050500 00010  1100 00010  1300 00010  1900 00010  2500 00040  
HPD02534400HPCPHT19911200200020900 99999a 2500 00000I 
HPD02534400HPCPHT19911200310022400 00060A 2500 00060P 
HPD02534400HPCPHT19920100010030100 00000g 2000 99999a 2500 00000I 
HPD02534400HPCPHT19920100310022400 00180A 2500 00180P 
HPD02534400HPCPHT19920200010020100 00000g 2500 00000  
HPD02534400HPCPHT19920200070120200 00010  0300 00010  0400 00010  0500 00010  0600 00020  0800 00010  0900 00010  1100 00020  1200 00020  1300 00010  1500 00010  2500 00140  
HPD02534400HPCPHT19920200080031200 00010  1400 00010  2500 00020  
HPD02534400HPCPHT19920200090021000 00010  2500 00010  
HPD02534400HPCPHT19920200100040800 00010  0900 00010  1300 00010  2500 00030  
HPD02534400HPCPHT19920200110020200 00010  2500 00010  
HPD02534400HPCPHT19920200130080400 00010  0800 00010  0900 00010  1000 00010  1100 00010  1200 00020  1300 00010  2500 00080  
HPD02534400HPCPHT19920200150022200 00010  2500 00010  
HPD02534400HPCPHT19920200160021200 00010  2500 00010  
HPD02534400HPCPHT19920300010020100 00000g 2500 00000  
HPD02534400HPCPHT19920300020061200 00010  1500 00020  1600 00010  1700 00010  2200 00010  2500 00060  
HPD02534400HPCPHT19920300030030600 00010  1500 00010  2500 00020  
HPD02534400HPCPHT19920300070031800 00010  2400 00010  2500 00020  
HPD02534400HPCPHT19920300080070300 00010  0400 00010  0700 00010  1400 00010  1800 00010  2300 00010  2500 00060  
HPD02534400HPCPHT19920300090030100 00010  0500 00010  2500 00020  
HPD02534400HPCPHT19920300210030600 00010  1400 00010  2500 00020  
HPD02534400HPCPHT19920300270060300 00020  0500 00010  0700 00010  0800 00010  1300 00010  2500 00060  
HPD02534400HPCPHT19920300280031300 00010  1400 00010  2500 00020  
HPD02534400HPCPHT19920400010030100 00000g 1400 00010  2500 00010  
HPD02534400HPCPHT19920400020040100 00010  0300 00010  1500 00010  2500 00030  
HPD02534400HPCPHT19920500010020100 00000g 2500 00000  
HPD02534400HPCPHT19920500040021500 00010  2500 00010  
HPD02534400HPCPHT19920500050040900 00010  1800 00020  1900 00020  2500 00050  
HPD02534400HPCPHT19920500090022400 00030  2500 00030  
HPD02534400HPCPHT19920500100020300 00010  2500 00010  
HPD02534400HPCPHT19920500200021900 00010  2500 00010  
HPD02534400HPCPHT19920500210021100 00010  2500 00010  
HPD02534400HPCPHT19920500240020800 00010  2500 00010  
HPD02534400HPCPHT19920500250020500 00010  2500 00010  
HPD02534400HPCPHT19920500270021300 00010  2500 00010  
HPD02534400HPCPHT19920500290031300 00010  1500 00010  2500 00020  
HPD02534400HPCPHT19920500300050200 00010  0300 00020  1600 00020  1900 00010  2500 00060  
HPD02534400HPCPHT19920600010030100 00000g 1300 00010  2500 00010  
HPD02534400HPCPHT19920600030021100 00010  2500 00010  
HPD02534400HPCPHT19920600080021900 00010  2500 00010  
HPD02534400HPCPHT19920700010020100 00000g 2500 00000  
HPD02534400HPCPHT19920700090031500 00010  1600 00010  2500 00020  
HPD02534400HPCPHT19920700100022300 00040  2500 00040  
HPD02534400HPCPHT19920700240030400 00020  0800 00010  2500 00030  
HPD02534400HPCPHT19920700250041700 00050  1800 00040  1900 00010  2500 00100  
HPD02534400HPCPHT19920800010020100 00000g 2500 00000  
HPD02534400HPCPHT19920800050030700 99999a 1000 00070A 2500 00070  
HPD02534400HPCPHT19920800060041700 00010  1800 00010  1900 00050  2500 00070  
HPD02534400HPCPHT19920800080021000 00020  2500 00020  
HPD02534400HPCPHT19920800090021800 00010  2500 00010  
HPD02534400HPCPHT19920800120042000 00030  2100 00060  2200 00010  2500 00100  
HPD02534400HPCPHT19920800190032200 00010  2300 00010  2500 00020  
HPD02534400HPCPHT19920800210020500 00010  2500 00010  
HPD02534400HPCPHT19920800220061200 00010  1600 00010  1700 00020  2200 00020  2300 00010  2500 00070  
HPD02534400HPCPHT19920800230080600 00030  0700 00010  0800 00020  0900 00020  1000 00010  1200 00010  1500 00010  2500 00110  
HPD02534400HPCPHT19920800300022100 00010  2500 00010  
HPD02534400HPCPHT19920900010020100 00000g 2500 00000  
HPD02534400HPCPHT19920900150021400 00010  2500 00010  
HPD02534400HPCPHT19921000010020100 00000g 2500 00000  
HPD02534400HPCPHT19921000240041200 00010  1800 00030  1900 00010  2500 00050  
HPD02534400HPCPHT19921000280030100 00010  1300 00010  2500 00020  
HPD02534400HPCPHT19921000310020400 00010  2500 00010  
HPD02534400HPCPHT19921100010020100 00000g 2500 00000  
HPD02534400HPCPHT19921200010020100 00000g 2500 00000  
HPD02534400HPCPHT19921200030042000 00010  2200 00010  2400 00010  2500 00030  
HPD02534400HPCPHT19921200040120400 00010  0500 00010  0600 00010  0700 00010  0800 00010  0900 00010  1000 00010  1100 00010  1300 00020  1500 00010  1700 00010  2500 00120  
HPD02534400HPCPHT19921200070021300 00010  2500 00010  
HPD02534400HPCPHT19921200080060200 00010  0300 00010  0400 00020  0600 00010  0700 00010  2500 00060  
HPD02534400HPCPHT19921200110020700 99999{ 2500 00000P 
HPD02534400HPCPHT19921200120021800 99999} 2500 00000P 
HPD02534400HPCPHT19921200180021200 00010  2500 00010  
HPD02534400HPCPHT19921200270052100 00010  2200 00010  2300 00010  2400 00010  2500 00040  
HPD02534400HPCPHT19921200280090100 00020  0200 00020  0300 00020  0400 00010  0500 00010  0600 00020  0700 00010  0800 00010  2500 00120  
HPD02534400HPCPHT19921200290021500 00010  2500 00010  
HPD02534400HPCPHT19930100010020100 00000g 2500 00000  
HPD02534400HPCPHT19930100060090500 00010  0800 00010  1100 00010  1300 00010  1700 00010  1900 00010  2000 00010  2200 00010  2500 00080  
HPD02534400HPCPHT19930100070090300 00010  0700 00010  1200 00020  1300 00010  1500 00010  2200 00010  2300 00020  2400 00010  2500 00100  
HPD02534400HPCPHT19930100080090200 00020  0300 00020  0400 00020  0500 00010  0700 00010  0900 00010  1000 00010  1200 00010  2500 00110  
HPD02534400HPCPHT19930100100120500 00010  0600 00010  0700 00010  0800 00010  1200 00010  1600 00010  1800 00010  1900 00020  2000 00010  2200 00010  2300 00010  2500 00120  
HPD02534400HPCPHT19930100120032300 00010  2400 00010  2500 00020  
HPD02534400HPCPHT19930100130030200 00010  0600 00010  2500 00020  
HPD02534400HPCPHT19930100140060600 00010  0700 00010  1200 00010  1300 00010  1400 00010  2500 00050  
HPD02534400HPCPHT19930100150022100 00010  2500 00010  
HPD02534400HPCPHT19930100160071000 00010  1800 00010  1900 00010  2100 00010  2300 00010  2400 00010  2500 00060  
HPD02534400HPCPHT19930100170040200 00020  0300 00010  0600 00010  2500 00040  
HPD02534400HPCPHT19930100180070900 00010  1300 00030  1500 00010  1600 00020  2200 00010  2400 00010  2500 00090  
HPD02534400HPCPHT19930100290041900 00010  2300 00010  2400 00010  2500 00030  
HPD02534400HPCPHT19930100300040100 00010  0200 00010  1200 00010  2500 00030  
HPD02534400HPCPHT19930200010020100 00000g 2500 00000  
HPD02534400HPCPHT19930200080190100 00010  0300 00010  0400 00020  0500 00020  0700 00010  0800 00010  0900 00010  1000 00010  1200 00010  1300 00010  1400 00020  1500 00030  1600 00020  1700 00020  1900 00010  2000 00010  2100 00020  2400 00010  2500 00260  
HPD02534400HPCPHT19930200090050400 00010  0500 00010  0600 00010  1200 99999{ 2500 00030P 
HPD02534400HPCPHT19930200280022400 99999} 2500 00000P 
HPD02534400HPCPHT19930300010020100 99999{ 2500 00000P 
HPD02534400HPCPHT19930300310022400 99999} 2500 00000P 
HPD02534400HPCPHT19930400010020100 00000g 2500 00000  
HPD02534400HPCPHT19930500010020100 00000g 2500 00000  
HPD02534400HPCPHT19930500150031100 00010  2300 00010  2500 00020  
HPD02534400HPCPHT19930500160040100 00010  0200 00010  0400 00010  2500 00030  
HPD02534400HPCPHT19930500180021700 00010  2500 00010  
HPD02534400HPCPHT19930600010020100 00000g 2500 00000  
HPD02534400HPCPHT19930600060020900 00010  2500 00010  
HPD02534400HPCPHT19930700010020100 00000g 2500 00000  
HPD02534400HPCPHT19930800010020100 00000g 2500 00000  
HPD02534400HPCPHT19930800050031500 00010  2400 00010  2500 00020  
HPD02534400HPCPHT19930800200021900 00010  2500 00010  
HPD02534400HPCPHT19930800260021600 00010  2500 00010  
HPD02534400HPCPHT19930800270030700 00010  1300 00010  2500 00020  
HPD02534400HPCPHT19930800280050500 00010  0600 00050  0700 00020  0900 99999{ 2500 00080P 
HPD02534400HPCPHT19930800310022400 99999} 2500 00000P 
HPD02534400HPCPHT19930900010030100 00000g 0900 99999a 2500 00000I 
HPD02534400HPCPHT19930900050021600 00010A 2500 00010P 
HPD02534400HPCPHT19930900120032200 00010  2400 00010  2500 00020  
HPD02534400HPCPHT19930900130031300 00010  1400 00030  2500 00040  
HPD02534400HPCPHT19931000010020100 00000g 2500 00000  
HPD02534400HPCPHT19931000060060100 00010  0900 00010  1300 00030  1400 00010  1500 00010  2500 00070  
HPD02534400HPCPHT19931000070020100 00010  2500 00010  
HPD02534400HPCPHT19931000160031700 00010  2200 00010  2500 00020  
HPD02534400HPCPHT19931000180021800 00020  2500 00020  
HPD02534403HPCPHT19931100010020100 00000g 2500 00000  
HPD02534403HPCPHT19931100110021600 00010  2500 00010  
HPD02534403HPCPHT19931100120022200 00010  2500 00010  
HPD02534403HPCPHT19931100140020600 99999a 2500 00000I 
HPD02534403HPCPHT19931100150021200 00300A 2500 00300P 
HPD02534403HPCPHT19931200010020100 99999{ 2500 00000P 
HPD02534403HPCPHT19931200180020700 99999} 2500 00000P 
HPD02534403HPCPHT19940100010020100 00000g 2500 00000  
HPD02534403HPCPHT19940100250021200 00010  2500 00010  
HPD02534403HPCPHT19940200010020100 00000g 2500 00000  
HPD02534403HPCPHT19940200040021500 00010  2500 00010  
HPD02534403HPCPHT19940200050020600 99999{ 2500 00000P 
HPD02534403HPCPHT19940200110021200 99999} 2500 00000P 
HPD02534403HPCPHT19940200170022200 00010  2500 00010  
HPD02534403HPCPHT19940300010030100 00000g 0900 99999{ 2500 00000P 
HPD02534403HPCPHT19940300310022400 99999} 2500 00000P 
HPD02534403HPCPHT19940400010020100 00000g 2500 00000  
HPD02534403HPCPHT19940400100030300 00010  1500 00010  2500 00020  
HPD02534403HPCPHT19940400240021700 00020  2500 00020  
HPD02534403HPCPHT19940400260030400 00010  0900 00010  2500 00020  
HPD02534403HPCPHT19940400270020300 00010  2500 00010  
HPD02534403HPCPHT19940500010020100 00000g 2500 00000  
HPD02534403HPCPHT19940500090021400 00010  2500 00010  
HPD02534403HPCPHT19940500240021300 00010  2500 00010  
HPD02534403HPCPHT19940600010020100 00000g 2500 00000  
HPD02534403HPCPHT19940600210021300 00010  2500 00010  
HPD02534403HPCPHT19940700010040100 00000g 1700 00020  1800 00020  2500 00040  
HPD02534403HPCPHT19940700170021800 00010  2500 00010  
HPD02534403HPCPHT19940700180021400 00010  2500 00010  
HPD02534403HPCPHT19940700190020900 00010  2500 00010  
HPD02534403HPCPHT19940700240021400 00010  2500 00010  
HPD02534403HPCPHT19940700250020700 00010  2500 00010  
HPD02534403HPCPHT19940800010020100 00000g 2500 00000  
HPD02534403HPCPHT19940800080030500 00010  1400 00010  2500 00020  
HPD02534403HPCPHT19940800120021000 00010  2500 00010  
HPD02534403HPCPHT19940800180041500 00010  1600 00020  1700 00010  2500 00040  
HPD02534403HPCPHT19940800190031200 00020  1300 00040  2500 00060  
HPD02534403HPCPHT19940800200031200 00010  1400 00010  2500 00020  
HPD02534403HPCPHT19940800230021500 00010  2500 00010  
HPD02534403HPCPHT19940800260031900 00080  2000 00010  2500 00090  
HPD02534403HPCPHT19940800270021900 00010  2500 00010  
HPD02534403HPCPHT19940800280020200 00010  2500 00010  
HPD02534403HPCPHT19940900010020100 00000g 2500 00000  
HPD02534403HPCPHT19940900020032000 00010  2300 00020  2500 00030  
HPD02534403HPCPHT19940900030020800 00010  2500 00010  
HPD02534403HPCPHT19940900040021600 00010  2500 00010  
HPD02534403HPCPHT19940900050020800 00010  2500 00010  
HPD02534403HPCPHT19940900100031900 00040  2000 00010  2500 00050  
HPD02534403HPCPHT19940900110022300 00010  2500 00010  
HPD02534403HPCPHT19940900130021700 00010  2500 00010  
HPD02534403HPCPHT19940900200022300 00010  2500 00010  
HPD02534403HPCPHT19941000010020100 00000g 2500 00000  
HPD02534403HPCPHT19941000130022300 00010  2500 00010  
HPD02534403HPCPHT19941000150030700 00010  1200 00010  2500 00020  
HPD02534403HPCPHT19941100010020100 00000g 2500 00000  
HPD02534403HPCPHT19941100030022100 00010  2500 00010  
HPD02534403HPCPHT19941100090021500 00000  2500 00000  
HPD02534403HPCPHT19941100120050200 00010  0300 00010  0500 00010  0800 00010  2500 00040  
HPD02534403HPCPHT19941100270020400 00000  2500 00000  
HPD02534403HPCPHT19941100280021500 00000  2500 00000  
HPD02534403HPCPHT19941200010020100 00000g 2500 00000  
HPD02534403HPCPHT19941200050051100 00010  1900 00010  2000 00010  2400 00010  2500 00040  
HPD02534403HPCPHT19941200060050100 00010  0200 00000  0400 00010  1700 00000  2500 00020  
HPD02534403HPCPHT19941200070020700 00000  2500 00000  
HPD02534403HPCPHT19941200230061100 00010  1300 00010  1400 00010  1500 00010  1900 00010  2500 00050  
HPD02534403HPCPHT19941200240030100 00010  0900 00010  2500 00020  
HPD02534403HPCPHT19941200250090500 00010  0600 00010  0800 00010  1100 00010  2000 00010  2200 00010  2300 00020  2400 00010  2500 00090  
HPD02534403HPCPHT19941200260060300 00010  0400 00010  0500 00010  0700 00010  0800 00010  2500 00050  
HPD02534403HPCPHT19941200290022100 00010  2500 00010  
HPD02534403HPCPHT19941200300030400 00010  0600 00010  2500 00020  
HPD02534403HPCPHT19950100010020100 00000g 2500 00000  
HPD02534403HPCPHT19950100020022300 00010  2500 00010  
HPD02534403HPCPHT19950100030080800 00010  1700 00010  1900 00010  2100 00010  2200 00010  2300 00010  2400 00010  2500 00070  
HPD02534403HPCPHT19950100040080100 00020  0200 00010  0300 00020  0400 00010  0900 00010  1500 00010  2000 00010  2500 00090  
HPD02534403HPCPHT19950100100021000 00010  2500 00010  
HPD02534403HPCPHT19950100110020100 00010  2500 00010  
HPD02534403HPCPHT19950100160020300 00010  2500 00010  
HPD02534403HPCPHT19950100210021000 00010  2500 00010  
HPD02534403HPCPHT19950100250150900 00010  1100 00010  1200 00010  1300 00010  1400 00020  1500 00010  1700 00010  1800 00010  1900 00020  2000 00010  2100 00010  2200 00010  2300 00020  2400 00010  2500 00170  
HPD02534403HPCPHT19950100260060300 00010  0400 00010  0600 00010  0900 00010  1200 00010  2500 00050  
HPD02534403HPCPHT19950200010030100 99999{ 1000 99999} 2500 00000P 
HPD02534403HPCPHT19950200130040700 00010  1800 00010  2400 00010  2500 00030  
HPD02534403HPCPHT19950200140110400 00010  0500 00010  1400 00010  1700 00010  1800 00010  2000 00010  2100 00020  2200 00020  2300 00010  2400 00010  2500 00120  
HPD02534403HPCPHT19950200150060100 00010  0200 00010  0400 00010  0600 00010  1500 00010  2500 00050  
HPD02534403HPCPHT19950200220020300 00010  2500 00010  
HPD02534403HPCPHT19950200230022000 00030  2500 00030  
HPD02534403HPCPHT19950200280022400 00010  2500 00010  
HPD02534403HPCPHT19950300010030100 00010  1300 00010  2500 00020  
HPD02534403HPCPHT19950300030022100 00010  2500 00010  
HPD02534403HPCPHT19950300050061800 00010  1900 00010  2100 00010  2300 00020  2400 00010  2500 00060  
HPD02534403HPCPHT19950300060060100 00010  0200 00010  0400 00010  0500 00010  0600 00010  2500 00050  
HPD02534403HPCPHT19950300110041200 00020  1300 00010  1700 00030  2500 00060  
HPD02534403HPCPHT19950300230022300 00010  2500 00010  
HPD02534403HPCPHT19950400010020100 00000g 2500 00000  
HPD02534403HPCPHT19950400160031700 00010  2100 00010  2500 00020  
HPD02534403HPCPHT19950400180021100 00010  2500 00010  
HPD02534403HPCPHT19950400190040400 00010  1300 00010  1700 00010  2500 00030  
HPD02534403HPCPHT19950400240021400 00010  2500 00010  
HPD02534403HPCPHT19950500010020100 00000g 2500 00000  
HPD02534403HPCPHT19950600010020100 00000g 2500 00000  
HPD02534403HPCPHT19950600240020400 00010  2500 00010  
HPD02534403HPCPHT19950700010020100 00000g 2500 00000  
HPD02534403HPCPHT19950700120020700 00010  2500 00010  
HPD02534403HPCPHT19950700130021900 00020  2500 00020  
HPD02534403HPCPHT19950700150031800 00010  1900 00010  2500 00020  
HPD02534403HPCPHT19950800010020100 00000g 2500 00000  
HPD02534403HPCPHT19950800110031400 00020  1500 00030  2500 00050  
HPD02534403HPCPHT19950800120040200 00010  1100 00010  1800 00010  2500 00030  
HPD02534403HPCPHT19950800140022100 00010  2500 00010  
HPD02534403HPCPHT19950800150040400 00010  1700 00070  1900 00020  2500 00100  
HPD02534403HPCPHT19950800170020100 00010  2500 00010  
HPD02534403HPCPHT19950800190022200 00020  2500 00020  
HPD02534403HPCPHT19950800200022400 00030  2500 00030  
HPD02534403HPCPHT19950800210020100 00030  2500 00030  
HPD02534403HPCPHT19950800230032300 00030  2400 00020  2500 00050  
HPD02534403HPCPHT19950800250031200 00010  1300 00010  2500 00020  
HPD02534403HPCPHT19950900010020100 00000g 2500 00000  
HPD02534403HPCPHT19950900050031500 00010  1800 00010  2500 00020  
HPD02534403HPCPHT19950900060031600 00010  1700 00010  2500 00020  
HPD02534403HPCPHT19950900080051500 00020  1700 00020  1800 00010  1900 00010  2500 00060  
HPD02534403HPCPHT19950900100061300 00120  1400 00140  1500 00020  1600 00010  1700 00010  2500 00300  
HPD02534403HPCPHT19950900110020900 00010  2500 00010  
HPD02534403HPCPHT19950900160031800 00010  1900 00010  2500 00020  
HPD02534403HPCPHT19950900270022400 00010  2500 00010  
HPD02534403HPCPHT19950900280060100 00100  0200 00010  0300 00030  0800 00010  1400 00010  2500 00160  
HPD02534403HPCPHT19951000010020100 00000g 2500 00000  
HPD02534403HPCPHT19951000310022400 00000  2500 00000  
HPD02534403HPCPHT19951100010060100 00000g 0400 00010  1600 00010  1800 00010  2400 00010  2500 00040  
HPD02534403HPCPHT19951100020020100 00010  2500 00010  
HPD02534403HPCPHT19951200010020100 00000g 2500 00000  
HPD02534403HPCPHT19951200240021200 00010  2500 00010  
HPD02534403HPCPHT19960100010020100 00000g 2500 00000  
HPD02534403HPCPHT19960200010050100 00000g 0200 00010  0300 00010  0700 00010  2500 00030  
HPD02534403HPCPHT19960200130031500 00010  1600 00010  2500 00020  
HPD02534403HPCPHT19960200220020300 00010  2500 00010  
HPD02534403HPCPHT19960200250022200 00020  2500 00020  
HPD02534403HPCPHT19960200260040200 00010  1400 00010  2100 00010  2500 00030  
HPD02534403HPCPHT19960300010020100 00000g 2500 00000  
HPD02534403HPCPHT19960300130041200 00020  1500 00010  1900 00010  2500 00040  
HPD02534403HPCPHT19960300140050700 00010  0800 00010  1000 00010  1100 00010  2500 00040  
HPD02534403HPCPHT19960300150021700 00010  2500 00010  
HPD02534403HPCPHT19960400010020100 00000g 2500 00000  
HPD02534403HPCPHT19960400110021500 00010  2500 00010  
HPD02534403HPCPHT19960500010020100 00000g 2500 00000  
HPD02534403HPCPHT19960600010030100 99999{ 0700 99999} 2500 00000P 
HPD02534403HPCPHT19960600140031500 00010  1700 00010  2500 00020  
HPD02534403HPCPHT19960600300021700 00040  2500 00040  
HPD02534403HPCPHT19960700010030100 00000g 1000 99999[ 2500 00000I 
HPD02534403HPCPHT19960700310022400 99999] 2500 00000I 
HPD02534403HPCPHT19960800010040100 99999[ 0700 99999] 0800 99999{ 2500 00000P 
HPD02534403HPCPHT19960800310022400 99999} 2500 00000P 
HPD02534403HPCPHT19960900010030100 99999{ 1000 99999} 2500 00000P 
HPD02534403HPCPHT19960900040041800 00010  1900 00010  2000 00010  2500 00030  
HPD02534403HPCPHT19960900050050800 00030  0900 00010  1000 00010  1200 00010  2500 00060  
HPD02534403HPCPHT19960900060030800 00010  1200 00040  2500 00050  
HPD02534403HPCPHT19960900090022400 00020  2500 00020  
HPD02534403HPCPHT19960900100030100 00010  0300 00010  2500 00020  
HPD02534403HPCPHT19960900110030300 00020  0600 00010  2500 00030  
HPD02534403HPCPHT19960900130022000 00010  2500 00010  
HPD02534403HPCPHT19960900140020400 00010  2500 00010  
HPD02534403HPCPHT19960900170020900 00010  2500 00010  
HPD02534403HPCPHT19961000010020100 00000g 2500 00000  
HPD02534403HPCPHT19961000140020900 00010  2500 00010  
HPD02534403HPCPHT19961000260020800 00010  2500 00010  
HPD02534403HPCPHT19961100010020100 00000g 2500 00000  
HPD02534403HPCPHT19961100220031000 00010  1200 00020  2500 00030  
HPD02534403HPCPHT19961200010020100 00000g 2500 00000  
HPD02534403HPCPHT19961200100030100 00010  0500 00010  2500 00020  
HPD02534403HPCPHT19970100010020100 00000g 2500 00000  
HPD02534403HPCPHT19970100030021600 00010  2500 00010  
HPD02534403HPCPHT19970100060021300 00010  2500 00010  
HPD02534403HPCPHT19970100120050800 00010  2100 00010  2300 00010  2400 00020  2500 00050  
HPD02534403HPCPHT19970100130110200 00010  0300 00020  0400 00020  0500 00020  0700 00010  1100 00010  1300 00020  1400 00010  1600 00010  1800 00010  2500 00140  
HPD02534403HPCPHT19970100140030600 00010  1000 00010  2500 00020  
HPD02534403HPCPHT19970100260080300 00010  0500 00010  0800 00010  1400 00010  1500 00020  1600 00010  2000 00010  2500 00080  
HPD02534403HPCPHT19970200010020100 00000g 2500 00000  
HPD02534403HPCPHT19970200270101500 00010  1600 00010  1700 00010  1900 00010  2000 00020  2100 00010  2200 00010  2300 00010  2400 00010  2500 00100  
HPD02534403HPCPHT19970200280030100 00010  0500 00010  2500 00020  
HPD02534403HPCPHT19970300010020100 00000g 2500 00000  
HPD02534403HPCPHT19970400010020100 00000g 2500 00000  
HPD02534403HPCPHT19970400020060500 00010  0600 00020  0700 00010  1000 00010  2000 00010  2500 00060  
HPD02534403HPCPHT19970400030030700 00010  1800 00010  2500 00020  
HPD02534403HPCPHT19970400040050200 00010  0600 00010  0800 00010  0900 00010  2500 00040  
HPD02534403HPCPHT19970400120021200 00010  2500 00010  
HPD02534403HPCPHT19970500010020100 99999[ 2500 00000I 
HPD02534403HPCPHT19970500310022400 99999] 2500 00000I 
HPD02534403HPCPHT19970600010040100 99999[ 1200 99999] 1400 00010  2500 00010I 
HPD02534403HPCPHT19970600150021700 00010  2500 00010  
HPD02534403HPCPHT19970700010040100 00000g 1500 99999{ 1700 99999} 2500 00000P 
HPD02534403HPCPHT19970700220020700 00010  2500 00010  
HPD02534403HPCPHT19970800010020100 00000g 2500 00000  
HPD02534403HPCPHT19970800030060100 00010  0200 00010  0800 00030  0900 00020  1300 00010  2500 00080  
HPD02534403HPCPHT19970800050031600 00010  1700 00010  2500 00020  
HPD02534403HPCPHT19970800080022000 00010  2500 00010  
HPD02534403HPCPHT19970800140061300 00040  1600 00010  1700 00010  1800 00010  1900 00010  2500 00080  
HPD02534403HPCPHT19970800170021600 00020  2500 00020  
HPD02534403HPCPHT19970800210021000 00010  2500 00010  
HPD02534403HPCPHT19970800230021600 00010  2500 00010  
HPD02534403HPCPHT19970800250021900 00010  2500 00010  
HPD02534403HPCPHT19970800270020900 00010  2500 00010  
HPD02534403HPCPHT19970800290021700 00020  2500 00020  
HPD02534403HPCPHT19970900010030100 00000g 0900 00010  2500 00010  
HPD02534403HPCPHT19970900020022100 00010  2500 00010  
HPD02534403HPCPHT19970900040020800 00010  2500 00010  
HPD02534403HPCPHT19970900050032300 00010  2400 00010  2500 00020  
HPD02534403HPCPHT19970900110021200 00020  2500 00020  
HPD02534403HPCPHT19970900150021000 00010  2500 00010  
HPD02534403HPCPHT19970900250071700 00020  1800 00040  1900 00030  2100 00010  2300 00010  2400 00010  2500 00120  
HPD02534403HPCPHT19970900260070100 00010  0400 00010  0500 00040  0600 00020  0700 00010  1300 00020  2500 00110  
HPD02534403HPCPHT19971000010020100 00000g 2500 00000  
HPD02534403HPCPHT19971000030021000 00010  2500 00010  
HPD02534403HPCPHT19971000070030700 00020  0800 00030  2500 00050  
HPD02534403HPCPHT19971000210022100 00020  2500 00020  
HPD02534403HPCPHT19971000220021600 00020  2500 00020  
HPD02534403HPCPHT19971100010020100 00000g 2500 00000  
HPD02534403HPCPHT19971100030020800 99999[ 2500 00000I 
HPD02534403HPCPHT19971100070020800 99999] 2500 00000I 
HPD02534403HPCPHT19971100160020900 00010  2500 00010  
HPD02534403HPCPHT19971100180020700 00010  2500 00010  
HPD02534403HPCPHT19971200010020100 00000g 2500 00000  
HPD02534403HPCPHT19971200050021100 00010  2500 00010  
HPD02534403HPCPHT19971200060032200 00010  2400 00010  2500 00020  
HPD02534403HPCPHT19971200070060100 00010  0200 00010  0400 00010  2000 00010  2200 00010  2500 00050  
HPD02534403HPCPHT19971200080050300 00010  0600 00020  0700 00010  0800 00010  2500 00050  
HPD02534403HPCPHT19971200200020600 00010  2500 00010  
HPD02534403HPCPHT19971200210061900 00010  2000 00020  2100 00010  2200 00010  2400 00020  2500 00070  
HPD02534403HPCPHT19971200220110100 00020  0200 00010  0400 00010  0500 00010  0600 00010  0900 00010  1100 00010  1200 00010  1500 00010  2300 00010  2500 00110  
HPD02534403HPCPHT19980100010020100 00000g 2500 00000  
HPD02534403HPCPHT19980100040051700 00010  1800 00020  1900 00010  2200 00010  2500 00050  
HPD02534403HPCPHT19980100090022200 00010  2500 00010  
HPD02534403HPCPHT19980100100060200 00010  1400 00010  1500 00010  1600 00010  1900 00010  2500 00050  
HPD02534403HPCPHT19980200010020100 00000g 2500 00000  
HPD02534403HPCPHT19980200030042200 00010  2300 00010  2400 00010  2500 00030  
HPD02534403HPCPHT19980200040070100 00020  0300 00010  0500 00010  0600 00010  0700 00010  0800 00010  2500 00070  
HPD02534403HPCPHT19980200060022400 00010  2500 00010  
HPD02534403HPCPHT19980200080050700 00010  0900 00010  1100 00010  1600 00010  2500 00040  
HPD02534403HPCPHT19980200090030200 00010  0900 00010  2500 00020  
HPD02534403HPCPHT19980200140032200 00010  2400 00010  2500 00020  
HPD02534403HPCPHT19980200150050100 00010  0200 00020  0400 00010  0800 00010  2500 00050  
HPD02534403HPCPHT19980200170061400 00010  1500 00010  1600 00010  1800 00010  2100 00010  2500 00050  
HPD02534403HPCPHT19980200180030100 00010  1000 00010  2500 00020  
HPD02534403HPCPHT19980200200041000 00010  1300 00010  1400 00010  2500 00030  
HPD02534403HPCPHT19980200240051100 00010  1500 00010  1800 00010  2100 00010  2500 00040  
HPD02534403HPCPHT19980300010020100 00000g 2500 00000  
HPD02534403HPCPHT19980300060031800 00010  2100 00010  2500 00020  
HPD02534403HPCPHT19980300140031800 00010  1900 00010  2500 00020  
HPD02534403HPCPHT19980300150020600 00010  2500 00010  
HPD02534403HPCPHT19980300170021400 00010  2500 00010  
HPD02534403HPCPHT19980300250031500 00010  2400 00010  2500 00020  
HPD02534403HPCPHT19980300260040300 00010  0400 00010  1200 00010  2500 00030  
HPD02534403HPCPHT19980300270020800 99999{ 2500 00000P 
HPD02534403HPCPHT19980300290022400 99999} 2500 00000P 
HPD02534403HPCPHT19980400010040100 00000g 1300 00020  2100 00010  2500 00030  
HPD02534403HPCPHT19980400020020100 00010  2500 00010  
HPD02534403HPCPHT19980400110022300 00010  2500 00010  
HPD02534403HPCPHT19980400120040900 00010  1000 00010  1300 00010  2500 00030  
HPD02534403HPCPHT19980500010020100 00000g 2500 00000  
HPD02534403HPCPHT19980500090020800 00010  2500 00010  
HPD02534403HPCPHT19980500130031100 00010  1300 00010  2500 00020  
HPD02534403HPCPHT19980500150021100 00010  2500 00010  
HPD02534403HPCPHT19980500170020400 00010  2500 00010  
HPD02534403HPCPHT19980500190020800 00010  2500 00010  
HPD02534403HPCPHT19980500210020800 00010  2500 00010  
HPD02534403HPCPHT19980600010020100 00000g 2500 00000  
HPD02534403HPCPHT19980700010020100 00010  2500 00010  
HPD02534403HPCPHT19980700060040500 00070  1300 00010  1400 00020  2500 00100  
HPD02534403HPCPHT19980700070021200 00010  2500 00010  
HPD02534403HPCPHT19980700100020800 00010  2500 00010  
HPD02534403HPCPHT19980700150031500 00020  1600 00010  2500 00030  
HPD02534403HPCPHT19980700160021900 00020  2500 00020  
HPD02534403HPCPHT19980700170021500 00010  2500 00010  
HPD02534403HPCPHT19980700190022100 00010  2500 00010  
HPD02534403HPCPHT19980700200032300 00050  2400 00010  2500 00060  
HPD02534403HPCPHT19980700220031400 00010  1500 00030  2500 00040  
HPD02534403HPCPHT19980700230021200 00020  2500 00020  
HPD02534403HPCPHT19980700240021400 00060  2500 00060  
HPD02534403HPCPHT19980700310020900 00010  2500 00010  
HPD02534403HPCPHT19980800010020100 00000g 2500 00000  
HPD02534403HPCPHT19980800070022300 00010  2500 00010  
HPD02534403HPCPHT19980800110031200 00050  1300 00040  2500 00090  
HPD02534403HPCPHT19980800150021400 00030  2500 00030  
HPD02534403HPCPHT19980800160021500 00010  2500 00010  
HPD02534403HPCPHT19980800170030800 00010  1800 00020  2500 00030  
HPD02534403HPCPHT19980800240051400 00010  1500 00010  1700 00060  1800 00020  2500 00100  
HPD02534403HPCPHT19980800300021400 00030  2500 00030  
HPD02534403HPCPHT19980800310030300 00010  2400 00010  2500 00020  
HPD02534403HPCPHT19980900010030100 00000g 0800 00010  2500 00010  
HPD02534403HPCPHT19980900040040300 00010  0500 00010  0900 00010  2500 00030  
HPD02534403HPCPHT19980900060030300 00010  1500 00010  2500 00020  
HPD02534403HPCPHT19980900090022200 00010  2500 00010  
HPD02534403HPCPHT19980900110080200 00010  0300 00010  0600 00020  0700 00020  0800 00020  1000 00010  1100 00010  2500 00100  
HPD02534403HPCPHT19980900160020600 00010  2500 00010  
HPD02534403HPCPHT19980900220020900 00010  2500 00010  
HPD02534403HPCPHT19981000010020100 00000g 2500 00000  
HPD02534403HPCPHT19981000200022400 00010  2500 00010  
HPD02534403HPCPHT19981000210050300 00010  0600 00030  0900 00010  1500 00010  2500 00060  
HPD02534403HPCPHT19981000250041200 00020  1300 00010  1400 00010  2500 00040  
HPD02534403HPCPHT19981000260030800 00030  1100 00010  2500 00040  
HPD02534403HPCPHT19981000300031400 00010  1500 00020  2500 00030  
HPD02534403HPCPHT19981100010020100 00000g 2500 00000  
HPD02534403HPCPHT19981100080042000 00010  2200 00010  2400 00010  2500 00030  
HPD02534403HPCPHT19981100280051100 00010  2100 00010  2200 00010  2300 00020  2500 00050  
HPD02534403HPCPHT19981100290020300 00010  2500 00010  
HPD02534403HPCPHT19981200010020100 00000g 2500 00000  
HPD02534403HPCPHT19981200060021500 00010  2500 00010  
