HPD02654600HPCPHI19480700010040100 00000g 1300 99999[ 2400 99999] 2500 00000I 
HPD02654600HPCPHI19480700030021500 00002  2500 00002  
HPD02654600HPCPHI19480700190021400 00024  2500 00024  
HPD02654600HPCPHI19480700200041000 00005  1100 00006  1200 00008  2500 00019  
HPD02654600HPCPHI19480700220022400 00004  2500 00004  
HPD02654600HPCPHI19480700230030100 00004  1600 00012  2500 00016  
HPD02654600HPCPHI19480700250021200 00021  2500 00021  
HPD02654600HPCPHI19480800010040100 00000g 2000 00017  2100 00008  2500 00025  
HPD02654600HPCPHI19480800160031900 00012  2000 00006  2500 00018  
HPD02654600HPCPHI19480800200031900 99999a 2000 00004A 2500 00004  
HPD02654600HPCPHI19480800240021500 00015  2500 00015  
HPD02654600HPCPHI19480900010040100 00000g 1300 99999[ 2400 99999] 2500 00000I 
HPD02654600HPCPHI19480900150021500 00010  2500 00010  
HPD02654600HPCPHI19480900160021600 00013  2500 00013  
HPD02654600HPCPHI19480900260061900 00010  2000 00005  2100 00003  2200 00004  2300 00003  2500 00025  
HPD02654600HPCPHI19481000010040100 00000g 1300 99999[ 2400 99999] 2500 00000I 
HPD02654600HPCPHI19481000180042000 00008  2200 00001  2400 00004  2500 00013  
HPD02654600HPCPHI19481000190030100 00008  0200 00003  2500 00011  
HPD02654600HPCPHI19481000300091300 00004  1400 00015  1700 00009  1800 00001  1900 00007  2000 00005  2100 00002  2200 00002  2500 00045  
HPD02654600HPCPHI19481000310050100 00007  0200 00001  0400 00005  0500 00002  2500 00015  
HPD02654600HPCPHI19481100010040100 00000g 1300 99999[ 2400 99999] 2500 00000I 
HPD02654600HPCPHI19481100260021700 00005  2500 00005  
HPD02654600HPCPHI19481200010040100 00000g 1300 99999[ 2400 99999] 2500 00000I 
HPD02654600HPCPHI19481200140021800 00008  2500 00008  
HPD02654600HPCPHI19481200220180500 00002  0600 00007  0700 00007  0800 00002  0900 00005  1000 00001  1100 00005  1200 00002  1300 00008  1400 00008  1500 00002  1600 00005  1700 00006  1800 00004  1900 00002  2000 00001  2100 00001  2500 00068  
HPD02654600HPCPHI19481200250071000 00001  1100 00005  1500 00003  1900 00001  2000 00001  2100 00001  2500 00012  
HPD02654600HPCPHI19481200260150300 00003  0400 00002  0500 00003  0600 00006  0700 00005  0800 00001  0900 00003  1000 00004  1600 00005  1700 00002  1800 00001  1900 00002  2100 00002  2200 00003  2500 00042  
HPD02654600HPCPHI19481200270110600 00001  0700 00001  0900 00008  1000 00002  1100 00003  1200 00001  1300 00002  1500 00005  1600 00012  1800 00001  2500 00036  
HPD02654600HPCPHI19481200300032100 00009  2200 00006  2500 00015  
HPD02654600HPCPHI19490100010060100 00000g 1100 00008  1200 00006  1300 00005  1400 00007  2500 00026  
HPD02654600HPCPHI19490100080081400 00004  1500 00004  1600 00005  1700 00004  1800 00004  2000 00001  2100 00001  2500 00023  
HPD02654600HPCPHI19490100120081700 00002  1800 00007  1900 00011  2000 00001  2100 00005  2200 00003  2300 00002  2500 00031  
HPD02654600HPCPHI19490100130070600 00002  0700 00008  0800 00005  0900 00002  1100 00001  1200 00009  2500 00027  
HPD02654600HPCPHI19490100160060100 00002  0200 00013  0300 00003  0400 00006  0500 00003  2500 00027  
HPD02654600HPCPHI19490100170040100 00006  0200 00001  0300 00026  2500 00033  
HPD02654600HPCPHI19490100230021700 99999a 2500 00000I 
HPD02654600HPCPHI19490100240021800 00014A 2500 00014P 
HPD02654600HPCPHI19490100250041200 00008  1300 00008  1400 00004  2500 00020  
HPD02654600HPCPHI19490200010040100 00000g 1300 99999[ 2400 99999] 2500 00000I 
HPD02654600HPCPHI19490200130031700 99999a 1900 00007A 2500 00007  
HPD02654600HPCPHI19490200140030800 99999a 0900 00003A 2500 00003  
HPD02654600HPCPHI19490300010040100 00000g 1300 99999[ 2400 99999] 2500 00000I 
HPD02654600HPCPHI19490300070020800 00008  2500 00008  
HPD02654600HPCPHI19490300250031100 00005  1200 00016  2500 00021  
HPD02654600HPCPHI19490300310041900 00007  2000 00011  2100 00011  2500 00029  
HPD02654600HPCPHI19490400010150100 00000g 0300 00005  0700 00005  0800 00004  0900 00001  1000 00001  1300 00012  1400 00012  1500 00001  1600 00004  1700 00002  1800 00001  1900 00001  2100 00003  2500 00052  
HPD02654600HPCPHI19490400020090300 00001  0500 00001  0600 00002  0700 00001  0800 00001  0900 00004  1000 00010  1100 00014  2500 00034  
HPD02654600HPCPHI19490400030022100 00007  2500 00007  
HPD02654600HPCPHI19490500010040100 00000g 1300 99999[ 2400 99999] 2500 00000I 
HPD02654600HPCPHI19490600010040100 00000g 1300 99999[ 2400 99999] 2500 00000I 
HPD02654600HPCPHI19490600100021500 00025  2500 00025  
HPD02654600HPCPHI19490600170031400 00013  1500 00010  2500 00023  
HPD02654600HPCPHI19490700010040100 00000g 1300 99999[ 2400 99999] 2500 00000I 
HPD02654600HPCPHI19490700030021600 00014  2500 00014  
HPD02654600HPCPHI19490700040031500 00018  1600 00010  2500 00028  
HPD02654600HPCPHI19490700090081700 00010  1800 00020  1900 00001  2100 00006  2200 00027  2300 00020  2400 00005  2500 00089  
HPD02654600HPCPHI19490700100060200 00003  1600 00132  1700 00042  1800 00001  1900 00001  2500 00179  
HPD02654600HPCPHI19490700110031300 99999a 1400 00010A 2500 00010  
HPD02654600HPCPHI19490700180020200 00004  2500 00004  
HPD02654600HPCPHI19490700190021900 00045  2500 00045  
HPD02654600HPCPHI19490700200030800 00011  0900 00012  2500 00023  
HPD02654600HPCPHI19490700220050200 00018  0300 00023  0400 00015  0500 00015  2500 00071  
HPD02654600HPCPHI19490700230031900 00006  2000 00006  2500 00012  
HPD02654600HPCPHI19490700300021900 00090  2500 00090  
HPD02654600HPCPHI19490800010040100 00000g 1300 99999[ 2400 99999] 2500 00000I 
HPD02654600HPCPHI19490800070101400 00003  1500 00001  1700 00002  1800 00001  1900 00003  2000 00116  2100 00016  2200 00016  2300 00003  2500 00161  
HPD02654600HPCPHI19490800080021100 00031  2500 00031  
HPD02654600HPCPHI19490800150031600 99999a 2300 00007A 2500 00007  
HPD02654600HPCPHI19490900010040100 00000g 1300 99999[ 2400 99999] 2500 00000I 
HPD02654600HPCPHI19490900040031800 00015  1900 00019  2500 00034  
HPD02654600HPCPHI19490900130050700 00014  0800 00002  0900 00003  1000 00012  2500 00031  
HPD02654600HPCPHI19490900140051300 00018  1400 00031  1800 00002  1900 00007  2500 00058  
HPD02654600HPCPHI19491000010040100 00000g 1300 99999[ 2400 99999] 2500 00000I 
HPD02654600HPCPHI19491000040051500 00002  1600 00005  1700 00004  1800 00010  2500 00021  
HPD02654600HPCPHI19491000170070300 00013  0400 00001  0500 00015  0600 00011  0700 00002  1300 00003  2500 00045  
HPD02654600HPCPHI19491000220022100 00004  2500 00004  
HPD02654600HPCPHI19491100010040100 00000g 1300 99999[ 2400 99999] 2500 00000I 
HPD02654600HPCPHI19491100110040100 00009  0200 00008  0300 00012  2500 00029  
HPD02654600HPCPHI19491100300022100 00002  2500 00002  
HPD02654600HPCPHI19491200010030100 00000g 0500 00002  2500 00002  
HPD02654600HPCPHI19491200090052100 00005  2200 00013  2300 00003  2400 00007  2500 00028  
HPD02654600HPCPHI19491200100060100 00001  0400 00004  1500 00011  1600 00014  1700 00006  2500 00036  
HPD02654600HPCPHI19491200110031100 00007  1200 00002  2500 00009  
HPD02654600HPCPHI19491200170031300 99999a 1400 00010A 2500 00010  
HPD02654600HPCPHI19491200200021200 00002  2500 00002  
HPD02654600HPCPHI19500100010040100 00000g 1300 99999[ 2400 99999] 2500 00000I 
HPD02654600HPCPHI19500100020051100 00004  1200 00004  1300 00010  1400 00007  2500 00025  
HPD02654600HPCPHI19500100120052100 00009  2200 00005  2300 00006  2400 00002  2500 00022  
HPD02654600HPCPHI19500100130040200 00001  1500 00007  1600 00007  2500 00015  
HPD02654600HPCPHI19500200010040100 00000g 1300 99999[ 2400 99999] 2500 00000I 
HPD02654600HPCPHI19500200110021800 00001  2500 00001  
HPD02654600HPCPHI19500200260061900 00004  2000 00003  2200 00003  2300 00002  2400 00004  2500 00016  
HPD02654600HPCPHI19500200270050200 00001  0300 00002  0400 00006  0500 00001  2500 00010  
HPD02654600HPCPHI19500300010040100 00000g 1300 99999[ 2400 99999] 2500 00000I 
HPD02654600HPCPHI19500300250061600 00009  1700 00001  1800 00001  2100 00004  2200 00001  2500 00016  
HPD02654600HPCPHI19500300260031300 00005  1400 00002  2500 00007  
HPD02654600HPCPHI19500400010040100 00000g 1300 99999[ 2400 99999] 2500 00000I 
HPD02654600HPCPHI19500500010040100 00000g 1300 99999[ 2400 99999] 2500 00000I 
HPD02654600HPCPHI19500600010040100 00000g 1300 99999[ 2400 99999] 2500 00000I 
HPD02654600HPCPHI19500600220071300 00052  1400 00022  1600 00002  1700 00005  1900 00002  2200 00005  2500 00088  
HPD02654600HPCPHI19500700010040100 00000g 1300 99999[ 2400 99999] 2500 00000I 
HPD02654600HPCPHI19500700040021900 00010  2500 00010  
HPD02654600HPCPHI19500700050062000 00010  2100 00005  2200 00005  2300 00040  2400 00010  2500 00070  
HPD02654600HPCPHI19500700080031300 00020  1400 00003  2500 00023  
HPD02654600HPCPHI19500700210041800 00005  1900 00010  2000 00024  2500 00039  
HPD02654600HPCPHI19500700290081300 00005  1400 00010  1500 00005  1600 00010  1700 00007  1800 00010  1900 00013  2500 00060  
HPD02654600HPCPHI19500800010020100 00000g 2500 00000  
HPD02654600HPCPHI19500800100021400 00027  2500 00027  
HPD02654600HPCPHI19500800120021600 00045  2500 00045  
HPD02654600HPCPHI19500900010040100 00000g 1300 99999[ 2400 99999] 2500 00000I 
HPD02654600HPCPHI19500900050021600 00050  2500 00050  
HPD02654600HPCPHI19500900170021500 00021  2500 00021  
HPD02654600HPCPHI19501000010040100 00000g 1300 99999[ 2400 99999] 2500 00000I 
HPD02654600HPCPHI19501100010020100 00000g 2500 00000  
HPD02654600HPCPHI19501200010020100 00000g 2500 00000  
HPD02654600HPCPHI19501200310022200 00027  2500 00027  
HPD02654600HPCPHI19510100010020100 00000g 2500 00000  
HPD02654600HPCPHI19510100120021400 00012  2500 00012  
HPD02654600HPCPHI19510100300021500 00009  2500 00009  
HPD02654600HPCPHI19510100310020900 00022  2500 00022  
HPD02654600HPCPHI19510200010040100 00000g 1300 99999[ 2400 99999] 2500 00000I 
HPD02654600HPCPHI19510200190020700 00027  2500 00027  
HPD02654600HPCPHI19510200240022100 00009  2500 00009  
HPD02654600HPCPHI19510200250021100 00016  2500 00016  
HPD02654600HPCPHI19510300010040100 00000g 1300 99999[ 2400 99999] 2500 00000I 
HPD02654600HPCPHI19510300260071700 00010  1800 00015  1900 00021  2000 00025  2100 00031  2200 00023  2500 00125  
HPD02654600HPCPHI19510400010040100 00000g 1300 99999[ 2400 99999] 2500 00000I 
HPD02654600HPCPHI19510400040031700 00005  2300 00005  2500 00010  
HPD02654600HPCPHI19510400190041600 00007  1700 00023  2100 00035  2500 00065  
HPD02654600HPCPHI19510400200031500 00005  1800 00020  2500 00025  
HPD02654600HPCPHI19510400210020100 00005  2500 00005  
HPD02654600HPCPHI19510400290051100 00015  1200 00010  1300 00010  1400 00015  2500 00050  
HPD02654600HPCPHI19510500010020100 00000g 2500 00000  
HPD02654600HPCPHI19510600010020100 00000g 2500 00000  
HPD02654600HPCPHI19510700010020100 00000g 2500 00000  
HPD02654600HPCPHI19510700220031600 00030  1700 00015  2500 00045  
HPD02654600HPCPHI19510700250032000 00005  2100 00005  2500 00010  
HPD02654600HPCPHI19510700310021700 00010  2500 00010  
HPD02654600HPCPHI19510800010030100 00000g 2000 00055  2500 00055  
HPD02654600HPCPHI19510800020030200 00002  1900 00006  2500 00008  
HPD02654600HPCPHI19510800130032100 00005  2200 00001  2500 00006  
HPD02654600HPCPHI19510800140021800 00023  2500 00023  
HPD02654600HPCPHI19510800150021900 00035  2500 00035  
HPD02654600HPCPHI19510800170021700 00010  2500 00010  
HPD02654600HPCPHI19510800180032000 00027  2200 00016  2500 00043  
HPD02654600HPCPHI19510800200020500 00035  2500 00035  
HPD02654600HPCPHI19510800240021600 00025  2500 00025  
HPD02654600HPCPHI19510800250022200 00007  2500 00007  
HPD02654600HPCPHI19510800260032300 00003  2400 00001  2500 00004  
HPD02654600HPCPHI19510800270190100 00001  0300 00003  0400 00001  0500 00003  0600 00004  0800 00009  0900 00010  1000 00006  1100 00005  1200 00010  1300 00023  1400 00017  1500 00003  1600 00004  1700 00003  1800 00002  2000 00001  2100 00005  2500 00110  
HPD02654600HPCPHI19510800280060200 00001  0300 00001  0400 00003  0500 00004  1300 00002  2500 00011  
HPD02654600HPCPHI19510900010020100 00000g 2500 00000  
HPD02654600HPCPHI19510900290071800 00040  1900 00010  2000 00009  2100 00011  2200 00006  2300 00004  2500 00080  
HPD02654600HPCPHI19511000010020100 00000g 2500 00000  
HPD02654600HPCPHI19511000250032000 00005  2200 00015  2500 00020  
HPD02654600HPCPHI19511000260050300 00010  0500 00005  2000 00005  2100 00005  2500 00025  
HPD02654600HPCPHI19511000270040100 00020  0200 00015  0300 00005  2500 00040  
HPD02654600HPCPHI19511000300021500 00020  2500 00020  
HPD02654600HPCPHI19511100010020100 00000g 2500 00000  
HPD02654600HPCPHI19511100110070400 00005  0500 00004  0600 00001  0700 00001  0800 00005  1100 00010  2500 00026  
HPD02654600HPCPHI19511100240022400 00005  2500 00005  
HPD02654600HPCPHI19511100250060100 00002  0200 00001  0300 00002  0400 00003  0500 00003  2500 00011  
HPD02654600HPCPHI19511200010020100 00000g 2500 00000  
HPD02654600HPCPHI19511200060031500 00025  1600 00005  2500 00030  
HPD02654600HPCPHI19511200080030900 00005  1000 00015  2500 00020  
HPD02654600HPCPHI19511200130020800 00010  2500 00010  
HPD02654600HPCPHI19511200190051800 00005  1900 00001  2000 00002  2100 00010  2500 00018  
HPD02654600HPCPHI19511200240071800 00004  1900 00003  2000 00005  2100 00004  2200 00005  2300 00002  2500 00023  
HPD02654600HPCPHI19511200300061900 00010  2000 00005  2100 00005  2200 00003  2300 00001  2500 00024  
HPD02654600HPCPHI19520100010020100 00000g 2500 00000  
HPD02654600HPCPHI19520100120051300 00005  1400 00002  1500 00002  1600 00001  2500 00010  
HPD02654600HPCPHI19520100130110800 00001  0900 00003  1100 00010  1200 00001  1300 00006  1400 00003  1500 00001  1600 00001  1700 00002  1800 00020  2500 00048  
HPD02654600HPCPHI19520100170052100 00001  2200 00005  2300 00005  2400 00001  2500 00012  
HPD02654600HPCPHI19520100180130200 00006  0300 00002  0400 00001  0500 00001  0600 00001  0700 00002  0800 00001  0900 00004  2100 00001  2200 00002  2300 00001  2400 00001  2500 00023  
HPD02654600HPCPHI19520100190050100 00001  0200 00001  0300 00002  0400 00001  2500 00005  
HPD02654600HPCPHI19520200010020100 99999[ 2500 00000I 
HPD02654600HPCPHI19520200290022400 99999] 2500 00000I 
HPD02654600HPCPHI19520300010060100 00000g 0800 00015  0900 00010  1000 00004  1100 00014  2500 00043  
HPD02654600HPCPHI19520300020120200 00005  0300 00001  0400 00005  0500 00006  0900 00002  1000 00001  1100 00002  1200 00001  1300 00001  1400 00001  1500 00002  2500 00027  
HPD02654600HPCPHI19520300090021100 00005  2500 00005  
HPD02654600HPCPHI19520300110081300 00002  1400 00005  1500 00004  1700 00003  1800 00004  1900 00006  2000 00003  2500 00027  
HPD02654600HPCPHI19520300160042100 00006  2200 00002  2300 00004  2500 00012  
HPD02654600HPCPHI19520300170050300 00001  0400 00002  0500 00016  0600 00001  2500 00020  
HPD02654600HPCPHI19520400010020100 00000g 2500 00000  
HPD02654600HPCPHI19520400200080100 00005  0900 00003  1000 00006  1100 00002  1400 00011  1500 00003  1600 00020  2500 00050  
HPD02654600HPCPHI19520400270031400 00004  1700 00006  2500 00010  
HPD02654600HPCPHI19520500010020100 00000g 2500 00000  
HPD02654600HPCPHI19520600010040100 00000g 1500 00005  1600 00005  2500 00010  
HPD02654600HPCPHI19520600020090200 00010  0300 00010  0500 00015  0800 00006  0900 00030  1000 00008  1100 00007  1300 00015  2500 00101  
HPD02654600HPCPHI19520700010020100 00000g 2500 00000  
HPD02654600HPCPHI19520700070061900 00045  2000 00018  2100 00013  2200 00012  2300 00003  2500 00091  
HPD02654600HPCPHI19520700210031800 00020  1900 00017  2500 00037  
HPD02654600HPCPHI19520700250021900 00043  2500 00043  
HPD02654600HPCPHI19520700280031700 00047  1800 00047  2500 00094  
HPD02654600HPCPHI19520800010020100 00000g 2500 00000  
HPD02654600HPCPHI19520800050022100 00037  2500 00037  
HPD02654600HPCPHI19520800080032200 00008  2300 00014  2500 00022  
HPD02654600HPCPHI19520800120022100 00008  2500 00008  
HPD02654600HPCPHI19520800140021200 00022  2500 00022  
HPD02654600HPCPHI19520800150021700 00009  2500 00009  
HPD02654600HPCPHI19520800160031300 00081  1400 00018  2500 00099  
HPD02654600HPCPHI19520800220021800 00032  2500 00032  
HPD02654600HPCPHI19520800230021600 00006  2500 00006  
HPD02654600HPCPHI19520800260021500 00002  2500 00002  
HPD02654600HPCPHI19520800270020200 00011  2500 00011  
HPD02654600HPCPHI19520900010020100 00000g 2500 00000  
HPD02654600HPCPHI19520900200022300 00003  2500 00003  
HPD02654600HPCPHI19520900210031200 99999a 1800 00039A 2500 00039  
HPD02654600HPCPHI19521000010020100 00000g 2500 00000  
HPD02654600HPCPHI19521100010020100 00000g 2500 00000  
HPD02654600HPCPHI19521100080041100 00005  1500 00004  1700 00005  2500 00014  
HPD02654600HPCPHI19521100090050100 00005  2200 00006  2300 00019  2400 00006  2500 00036  
HPD02654600HPCPHI19521100160090800 00009  0900 00022  1000 00010  1100 00005  1200 00005  1300 00005  1500 00005  1600 00003  2500 00064  
HPD02654600HPCPHI19521100170020200 00006  2500 00006  
HPD02654600HPCPHI19521100240020600 00006  2500 00006  
HPD02654600HPCPHI19521100300061400 00014  1500 00012  1600 00005  1700 00002  1800 00002  2500 00035  
HPD02654600HPCPHI19521200010020100 00000g 2500 00000  
HPD02654600HPCPHI19521200170031700 00004  1800 00002  2500 00006  
HPD02654600HPCPHI19521200210030100 00018  0200 00005  2500 00023  
HPD02654600HPCPHI19530100010020100 00000g 2500 00000  
HPD02654600HPCPHI19530100070110200 00004  0300 00004  0400 00004  0500 00002  0600 00006  0700 00006  0800 00001  0900 00006  1000 00003  1100 00001  2500 00037  
HPD02654600HPCPHI19530200010020100 00000g 2500 00000  
HPD02654600HPCPHI19530200120031000 00001  1400 00001  2500 00002  
HPD02654600HPCPHI19530200240050800 00002  0900 00002  1000 00004  1800 00004  2500 00012  
HPD02654600HPCPHI19530200280101100 00002  1200 00010  1300 00009  1400 00011  1500 00007  1600 00005  1700 00002  1900 00003  2000 00006  2500 00055  
HPD02654600HPCPHI19530300010020100 00000g 2500 00000  
HPD02654600HPCPHI19530300020081100 00001  1200 00004  1300 00006  1400 00007  1500 00003  1600 00002  1900 00001  2500 00024  
HPD02654600HPCPHI19530300030050100 00001  0200 00001  0700 00002  0900 00001  2500 00005  
HPD02654600HPCPHI19530300070071300 00003  1600 00002  1700 00003  1800 00002  1900 00004  2100 00003  2500 00017  
HPD02654600HPCPHI19530300080031100 00002  1900 00002  2500 00004  
HPD02654600HPCPHI19530300090022400 00006  2500 00006  
HPD02654600HPCPHI19530300160051000 00001  1100 00002  1200 00002  1900 00001  2500 00006  
HPD02654600HPCPHI19530300290050300 00002  0400 00003  0500 00003  0700 00007  2500 00015  
HPD02654600HPCPHI19530400010020100 00000g 2500 00000  
HPD02654600HPCPHI19530400220031500 00006  1600 00001  2500 00007  
HPD02654600HPCPHI19530400230021100 00008  2500 00008  
HPD02654600HPCPHI19530400280030300 00002  0900 00018  2500 00020  
HPD02654600HPCPHI19530500010020100 00000g 2500 00000  
HPD02654600HPCPHI19530500150032300 00006  2400 00007  2500 00013  
HPD02654600HPCPHI19530500160070100 00007  0300 00004  0400 00005  0500 00031  0600 00002  1300 00005  2500 00054  
HPD02654600HPCPHI19530600010020100 00000g 2500 00000  
HPD02654600HPCPHI19530700010020100 00000g 2500 00000  
HPD02654600HPCPHI19530700070021800 00003  2500 00003  
HPD02654600HPCPHI19530700080052000 00006  2100 00004  2200 00003  2300 00002  2500 00015  
HPD02654600HPCPHI19530700120022100 00007  2500 00007  
HPD02654600HPCPHI19530700130041800 00005  1900 00015  2000 00001  2500 00021  
HPD02654600HPCPHI19530700160060600 00106  0700 00001  0800 00001  0900 00001  2400 00064  2500 00173  
HPD02654600HPCPHI19530700170040300 00003  0400 00002  1500 00002  2500 00007  
HPD02654600HPCPHI19530700250032000 00049  2100 00003  2500 00052  
HPD02654600HPCPHI19530800010020100 00000g 2500 00000  
HPD02654600HPCPHI19530800100021700 00007  2500 00007  
HPD02654600HPCPHI19530800110022300 00010  2500 00010  
HPD02654600HPCPHI19530800150030800 00009  0900 00003  2500 00012  
HPD02654600HPCPHI19530800260021700 00026  2500 00026  
HPD02654600HPCPHI19530900010020100 00000g 2500 00000  
HPD02654600HPCPHI19531000010020100 00000g 2500 00000  
HPD02654600HPCPHI19531000290022200 00004  2500 00004  
HPD02654600HPCPHI19531100010020100 00000g 2500 00000  
HPD02654600HPCPHI19531100170042200 00009  2300 00006  2400 00002  2500 00017  
HPD02654600HPCPHI19531100180020100 00002  2500 00002  
HPD02654600HPCPHI19531200010020100 00000g 2500 00000  
HPD02654600HPCPHI19531200040031900 99999a 2400 00014A 2500 00014  
HPD02654600HPCPHI19531200220021200 00015  2500 00015  
HPD02654600HPCPHI19540100010020100 00000g 2500 00000  
HPD02654600HPCPHI19540100130061200 00005  1700 00001  1900 00001  2000 00001  2100 00002  2500 00010  
HPD02654600HPCPHI19540100200100800 00013  0900 00003  1000 00023  1100 00009  1200 00003  1500 00001  1700 00003  1800 00002  2100 00007  2500 00064  
HPD02654600HPCPHI19540200010020100 00000g 2500 00000  
HPD02654600HPCPHI19540200140061700 00010  1800 00008  1900 00006  2000 00011  2100 00002  2500 00037  
HPD02654600HPCPHI19540200150030500 00005  0600 00004  2500 00009  
HPD02654600HPCPHI19540300010020100 00000g 2500 00000  
HPD02654600HPCPHI19540300030062000 00004  2100 00008  2200 00011  2300 00005  2400 00008  2500 00036  
HPD02654600HPCPHI19540300040120100 00011  0200 00006  0300 00003  0400 00003  0500 00002  0600 00004  0700 00008  0800 00001  1000 00002  1200 00008  1300 00002  2500 00050  
HPD02654600HPCPHI19540300220200200 00005  0300 00004  0400 00005  0500 00009  0600 00006  0700 00006  0800 00005  0900 00007  1000 00005  1100 00005  1200 00010  1300 00014  1400 00010  1500 00010  1600 00010  1700 00006  1800 00002  1900 00001  2000 00001  2500 00121  
HPD02654600HPCPHI19540300230170200 00001  0500 00001  0700 00007  0800 00007  0900 00011  1000 00007  1100 00001  1200 00009  1300 00001  1400 00010  1500 00002  1600 00001  1700 00001  1800 00001  2300 00004  2400 00005  2500 00069  
HPD02654600HPCPHI19540300240080100 00003  0300 00002  0400 00001  0500 00001  0600 00001  0700 00001  0800 00001  2500 00010  
HPD02654600HPCPHI19540400010020100 00000g 2500 00000  
HPD02654600HPCPHI19540500010020100 00000g 2500 00000  
HPD02654600HPCPHI19540500170031800 00011  1900 00006  2500 00017  
HPD02654600HPCPHI19540500180042100 00021  2200 00012  2300 00002  2500 00035  
HPD02654600HPCPHI19540600010020100 00000g 2500 00000  
HPD02654600HPCPHI19540600240021800 00025  2500 00025  
HPD02654600HPCPHI19540600250041300 00020  1400 00005  1900 00002  2500 00027  
HPD02654600HPCPHI19540600260030100 00001  0200 00003  2500 00004  
HPD02654600HPCPHI19540600300050500 00005  0600 00008  0700 00007  0800 00002  2500 00022  
HPD02654600HPCPHI19540700010020100 00000g 2500 00000  
HPD02654600HPCPHI19540700030031300 00020  1400 00003  2500 00023  
HPD02654600HPCPHI19540700080051700 00106  1800 00004  1900 00005  2100 00003  2500 00118  
HPD02654600HPCPHI19540700130021700 00005  2500 00005  
HPD02654600HPCPHI19540700180021600 00005  2500 00005  
HPD02654600HPCPHI19540700200051600 00009  1700 00095  2200 00001  2300 00004  2500 00109  
HPD02654600HPCPHI19540700220041200 00105  1300 00007  1400 00003  2500 00115  
HPD02654600HPCPHI19540700230031700 00024  2000 00010  2500 00034  
HPD02654600HPCPHI19540700240021700 00005  2500 00005  
HPD02654600HPCPHI19540700260021800 00007  2500 00007  
HPD02654600HPCPHI19540700290021800 00005  2500 00005  
HPD02654600HPCPHI19540800010030100 00000g 2200 00031  2500 00031  
HPD02654600HPCPHI19540800030061700 00040  1800 00019  1900 00002  2000 00009  2100 00005  2500 00075  
HPD02654600HPCPHI19540800040021300 00084  2500 00084  
HPD02654600HPCPHI19540800050022100 00020  2500 00020  
HPD02654600HPCPHI19540800060031700 00060  1800 00013  2500 00073  
HPD02654600HPCPHI19540800090032100 00002  2200 00001  2500 00003  
HPD02654600HPCPHI19540800100020200 00003  2500 00003  
HPD02654600HPCPHI19540800120080500 00003  0600 00002  0700 00002  0800 00013  0900 00004  1600 00003  1700 00012  2500 00039  
HPD02654600HPCPHI19540800220040500 00005  0600 00012  0700 00029  2500 00046  
HPD02654600HPCPHI19540800230021800 00090  2500 00090  
HPD02654600HPCPHI19540900010020100 00000g 2500 00000  
HPD02654600HPCPHI19540900020021300 00020  2500 00020  
HPD02654600HPCPHI19540900110021600 00015  2500 00015  
HPD02654600HPCPHI19540900120031500 00013  1800 00008  2500 00021  
HPD02654600HPCPHI19540900230030900 00015  1000 00003  2500 00018  
HPD02654600HPCPHI19540900240070300 00002  0400 00081  0500 00034  0600 00005  2300 00001  2400 00013  2500 00136  
HPD02654600HPCPHI19541000010020100 00000g 2500 00000  
HPD02654600HPCPHI19541100010020100 00000g 2500 00000  
HPD02654600HPCPHI19541200010020100 00000g 2500 00000  
HPD02654600HPCPHI19541200100032000 00005  2100 00005  2500 00010  
HPD02654600HPCPHI19550100010020100 00000g 2500 00000  
HPD02654600HPCPHI19550100020081800 00008  1900 00005  2000 00001  2100 00001  2200 00002  2300 00001  2400 00001  2500 00019  
HPD02654600HPCPHI19550100030120100 00001  0200 00001  0600 00001  0700 00003  0800 00001  1600 00002  1900 00001  2000 00001  2200 00002  2300 00017  2400 00006  2500 00036  
HPD02654600HPCPHI19550100040110100 00005  0200 00004  0300 00001  0600 00001  0700 00002  0800 00001  0900 00002  1300 00001  1400 00001  1900 00001  2500 00019  
HPD02654600HPCPHI19550100140080700 00001  0900 00001  1000 00003  1200 00001  1400 00001  1900 00002  2400 00001  2500 00010  
HPD02654600HPCPHI19550100150120100 00001  0300 00005  0400 00008  0500 00001  0700 00002  1300 00001  1500 00005  1600 00008  1700 00001  1900 00001  2100 00001  2500 00034  
HPD02654600HPCPHI19550100160030100 00001  2400 00002  2500 00003  
HPD02654600HPCPHI19550100170090100 00002  0200 00003  0300 00002  0400 00001  0500 00003  0600 00003  0700 00002  0800 00001  2500 00017  
HPD02654600HPCPHI19550200010020100 00000g 2500 00000  
HPD02654600HPCPHI19550200170021900 00007  2500 00007  
HPD02654600HPCPHI19550200250031200 00002  1300 00003  2500 00005  
HPD02654600HPCPHI19550300010020100 00000g 2500 00000  
HPD02654600HPCPHI19550400010020100 00000g 2500 00000  
HPD02654600HPCPHI19550500010020100 00000g 2500 00000  
HPD02654600HPCPHI19550500020040100 00003  0200 00005  0300 00004  2500 00012  
HPD02654600HPCPHI19550500070021000 00002  2500 00002  
HPD02654600HPCPHI19550600010020100 00000g 2500 00000  
HPD02654600HPCPHI19550600120051600 00008  1900 00001  2000 00001  2100 00005  2500 00015  
HPD02654600HPCPHI19550600130031600 00010  2100 00017  2500 00027  
HPD02654600HPCPHI19550700010020100 00000g 2500 00000  
HPD02654600HPCPHI19550700100032200 00010  2300 00002  2500 00012  
HPD02654600HPCPHI19550700110032300 00004  2400 00004  2500 00008  
HPD02654600HPCPHI19550700130050200 00006  0300 00010  1800 00024  1900 00076  2500 00116  
HPD02654600HPCPHI19550700150021400 00005  2500 00005  
HPD02654600HPCPHI19550700160022100 00003  2500 00003  
HPD02654600HPCPHI19550700200021800 00004  2500 00004  
HPD02654600HPCPHI19550700220021700 00010  2500 00010  
HPD02654600HPCPHI19550700240022400 00006  2500 00006  
HPD02654600HPCPHI19550700250030100 00021  1200 00030  2500 00051  
HPD02654600HPCPHI19550700280042200 00015  2300 00005  2400 00005  2500 00025  
HPD02654600HPCPHI19550700290081700 00002  1900 00002  2000 00036  2100 00009  2200 00003  2300 00003  2400 00001  2500 00056  
HPD02654600HPCPHI19550700300020100 00002  2500 00002  
HPD02654600HPCPHI19550800010020100 00000g 2500 00000  
HPD02654600HPCPHI19550800030031700 00054  1800 00037  2500 00091  
HPD02654600HPCPHI19550800080031600 00030  1700 00005  2500 00035  
HPD02654600HPCPHI19550800200022100 00002  2500 00002  
HPD02654600HPCPHI19550800270021800 00003  2500 00003  
HPD02654600HPCPHI19550900010020100 00000g 2500 00000  
HPD02654600HPCPHI19551000010020100 00000g 2500 00000  
HPD02654600HPCPHI19551000030081500 00004  1600 00001  1800 00002  2100 00006  2200 00012  2300 00008  2400 00001  2500 00034  
HPD02654600HPCPHI19551000040040100 00013  0200 00006  0300 00001  2500 00020  
HPD02654600HPCPHI19551100010020100 00000g 2500 00000  
HPD02654600HPCPHI19551200010020100 00000g 2500 00000  
HPD02654600HPCPHI19551200020051500 00005  1600 00014  1700 00007  1800 00001  2500 00027  
HPD02654600HPCPHI19560100010020100 00000g 2500 00000  
HPD02654600HPCPHI19560100160060900 00001  1000 00002  1900 00001  2000 00011  2100 00001  2500 00016  
HPD02654600HPCPHI19560100210040300 00002  0400 00003  0500 00005  2500 00010  
HPD02654600HPCPHI19560100280052100 00005  2200 00019  2300 00016  2400 00005  2500 00045  
HPD02654600HPCPHI19560100290020100 00005  2500 00005  
HPD02654600HPCPHI19560200010070100 00000g 0200 00005  0300 00001  0500 00003  0600 00003  0700 00004  2500 00016  
HPD02654600HPCPHI19560200080061500 00003  1600 00004  1700 00003  1800 00004  1900 00004  2500 00018  
HPD02654600HPCPHI19560200090031000 00004  1100 00009  2500 00013  
HPD02654600HPCPHI19560300010020100 00000g 2500 00000  
HPD02654600HPCPHI19560400010030100 00000g 2400 00010  2500 00010  
HPD02654600HPCPHI19560400020060100 00003  0200 00002  0300 00004  0400 00004  0500 00003  2500 00016  
HPD02654600HPCPHI19560400170031200 00001  1300 00002  2500 00003  
HPD02654600HPCPHI19560500010020100 00000g 2500 00000  
HPD02654600HPCPHI19560500190041400 00002  1700 00023  1800 00007  2500 00032  
HPD02654600HPCPHI19560500200041600 00006  1700 00001  1800 00001  2500 00008  
HPD02654600HPCPHI19560600010020100 00000g 2500 00000  
HPD02654600HPCPHI19560600300030100 99999[ 2400 99999] 2500 00000I 
HPD02654600HPCPHI19560700010040100 00000g 1300 00010  1400 00008  2500 00018  
HPD02654600HPCPHI19560700120021500 00010  2500 00010  
HPD02654600HPCPHI19560700200020300 00005  2500 00005  
HPD02654600HPCPHI19560700210020700 00003  2500 00003  
HPD02654600HPCPHI19560700230042000 00010  2100 00015  2200 00004  2500 00029  
HPD02654600HPCPHI19560700260031700 00013  1800 00005  2500 00018  
HPD02654600HPCPHI19560700290020100 00005  2500 00005  
HPD02654600HPCPHI19560700300021500 00003  2500 00003  
HPD02654600HPCPHI19560700310030100 99999[ 2400 99999] 2500 00000I 
HPD02654600HPCPHI19560800010020100 00000g 2500 00000  
HPD02654600HPCPHI19560800110022100 00025  2500 00025  
HPD02654600HPCPHI19560800140031800 00015  1900 00014  2500 00029  
HPD02654600HPCPHI19560800150031500 00005  1600 00005  2500 00010  
HPD02654600HPCPHI19560800160041200 00043  1300 00007  1400 00005  2500 00055  
HPD02654600HPCPHI19560800200031700 00045  1800 00005  2500 00050  
HPD02654600HPCPHI19560900010020100 00000g 2500 00000  
HPD02654600HPCPHI19560900300022100 00012  2500 00012  
HPD02654600HPCPHI19561000010020100 00000g 2500 00000  
HPD02654600HPCPHI19561000290070200 00010  0500 00005  0600 00005  0900 00002  1000 00002  1100 00001  2500 00025  
HPD02654600HPCPHI19561100010020100 00000g 2500 00000  
HPD02654600HPCPHI19561200010020100 00000g 2500 00000  
HPD02654600HPCPHI19561200070061900 00001  2000 00005  2100 00002  2200 00003  2300 00001  2500 00012  
HPD02654600HPCPHI19561200220080600 00005  0700 00005  0800 00001  0900 00004  1000 00003  1100 00001  1200 00001  2500 00020  
HPD02654600HPCPHI19570100010020100 00000g 2500 00000  
HPD02654600HPCPHI19570100030081100 00005  1200 00002  1300 00002  1400 00006  1600 00001  1700 00001  1800 00003  2500 00020  
HPD02654600HPCPHI19570100040031300 00003  1600 00002  2500 00005  
HPD02654600HPCPHI19570100080140100 00001  0200 00004  0300 00003  0400 00004  0500 00003  1300 00002  1400 00002  1500 00001  1600 00004  1700 00006  1800 00010  1900 00008  2100 00005  2500 00053  
HPD02654600HPCPHI19570100100040700 00002  0800 00003  1800 00006  2500 00011  
HPD02654600HPCPHI19570100270032300 00005  2400 00005  2500 00010  
HPD02654600HPCPHI19570100280110100 00002  0200 00003  0300 00001  0400 00001  0500 00003  0600 00001  0700 00001  0800 00002  0900 00004  1000 00002  2500 00020  
HPD02654600HPCPHI19570200010020100 00000g 2500 00000  
HPD02654600HPCPHI19570200030032300 00003  2400 00002  2500 00005  
HPD02654600HPCPHI19570200040060100 00002  0200 00001  1000 00002  1100 00003  1200 00001  2500 00009  
HPD02654600HPCPHI19570200170032300 00001  2400 00007  2500 00008  
HPD02654600HPCPHI19570200180040100 00002  0400 00004  0500 00001  2500 00007  
HPD02654600HPCPHI19570200230031300 00003  1400 00016  2500 00019  
HPD02654600HPCPHI19570300010020100 00000g 2500 00000  
HPD02654600HPCPHI19570300190062000 00003  2100 00005  2200 00001  2300 00005  2400 00005  2500 00019  
HPD02654600HPCPHI19570300200070700 00001  0800 00001  0900 00005  1000 00003  1200 00004  1300 00002  2500 00016  
HPD02654600HPCPHI19570400010020100 00000g 2500 00000  
HPD02654600HPCPHI19570400210022400 00005  2500 00005  
HPD02654600HPCPHI19570400220050100 00005  0200 00002  0600 00003  0700 00007  2500 00017  
HPD02654600HPCPHI19570500010020100 00000g 2500 00000  
HPD02654600HPCPHI19570500110030500 00007  2400 00010  2500 00017  
HPD02654600HPCPHI19570600010020100 00000g 2500 00000  
HPD02654600HPCPHI19570600100052100 00005  2200 00005  2300 00003  2400 00002  2500 00015  
HPD02654600HPCPHI19570600110030100 99999a 0300 00015A 2500 00015  
HPD02654600HPCPHI19570700010020100 00000g 2500 00000  
HPD02654600HPCPHI19570700040021700 00014  2500 00014  
HPD02654600HPCPHI19570700060021800 00020  2500 00020  
HPD02654600HPCPHI19570700070021800 00005  2500 00005  
HPD02654600HPCPHI19570700090021200 00010  2500 00010  
HPD02654600HPCPHI19570700150021900 00009  2500 00009  
HPD02654600HPCPHI19570700160021900 00010  2500 00010  
HPD02654600HPCPHI19570700190051200 00025  2000 00020  2100 00005  2200 00002  2500 00052  
HPD02654600HPCPHI19570700200021600 00003  2500 00003  
HPD02654600HPCPHI19570800010020100 00000g 2500 00000  
HPD02654600HPCPHI19570800050051100 00005  1700 00010  2100 00030  2200 00008  2500 00053  
HPD02654600HPCPHI19570800110022200 00012  2500 00012  
HPD02654600HPCPHI19570800140051500 00012  1600 00048  1800 00006  1900 00002  2500 00068  
HPD02654600HPCPHI19570800200041300 00011  1400 00004  1900 00010  2500 00025  
HPD02654600HPCPHI19570800220041500 00017  1600 00008  1700 00005  2500 00030  
HPD02654600HPCPHI19570800290041400 00006  1500 00008  1900 00011  2500 00025  
HPD02654600HPCPHI19570800300030200 00012  0500 00063  2500 00075  
HPD02654600HPCPHI19570900010020100 00000g 2500 00000  
HPD02654600HPCPHI19571000010020100 00000g 2500 00000  
HPD02654600HPCPHI19571000110022400 00012  2500 00012  
HPD02654600HPCPHI19571000120060100 00034  0200 00020  0300 00005  0600 00010  0700 00015  2500 00084  
HPD02654600HPCPHI19571000130032000 00005  2400 00001  2500 00006  
HPD02654600HPCPHI19571000140090100 00002  0200 00002  0400 00003  0500 00012  0600 00014  0700 00008  0800 00004  0900 00005  2500 00050  
HPD02654600HPCPHI19571000150030900 00010  1100 00005  2500 00015  
HPD02654600HPCPHI19571000220030700 00003  0800 00005  2500 00008  
HPD02654600HPCPHI19571000280030100 00003  0200 00012  2500 00015  
HPD02654600HPCPHI19571000300022100 00023  2500 00023  
HPD02654600HPCPHI19571000310020100 00007  2500 00007  
HPD02654600HPCPHI19571100010020100 00000g 2500 00000  
HPD02654600HPCPHI19571100150051900 00005  2100 00003  2300 00012  2400 00004  2500 00024  
HPD02654600HPCPHI19571100160070800 00007  0900 00009  1000 00003  1100 00004  1200 00009  1300 00004  2500 00036  
HPD02654600HPCPHI19571200010020100 00000g 2500 00000  
HPD02654600HPCPHI19571200050090400 00004  0500 00002  0700 00009  0800 00010  1000 00010  1100 00013  1200 00021  1300 00007  2500 00076  
HPD02654600HPCPHI19571200150031600 00005  1700 00005  2500 00010  
HPD02654600HPCPHI19580100010020100 00000g 2500 00000  
HPD02654600HPCPHI19580200010020100 00000g 2500 00000  
HPD02654600HPCPHI19580200040091400 00023  1500 00014  1600 00003  1900 00003  2100 00002  2200 00013  2300 00015  2400 00023  2500 00096  
HPD02654600HPCPHI19580200050030100 00008  0200 00003  2500 00011  
HPD02654600HPCPHI19580200080031600 00003  1700 00002  2500 00005  
HPD02654600HPCPHI19580200200111100 00003  1200 00001  1300 00001  1400 00002  1500 00002  1800 00001  1900 00003  2000 00007  2100 00003  2200 00003  2500 00026  
HPD02654600HPCPHI19580200250061800 00005  1900 00004  2000 00006  2100 00011  2200 00004  2500 00030  
HPD02654600HPCPHI19580200260030700 00005  0800 00004  2500 00009  
HPD02654600HPCPHI19580300010020100 00000g 2500 00000  
HPD02654600HPCPHI19580300030111000 00004  1100 00002  1200 00004  1300 00005  1400 00001  1500 00002  1900 00001  2200 00001  2300 00001  2400 00004  2500 00025  
HPD02654600HPCPHI19580300040110100 00004  0200 00005  0300 00002  0400 00005  0500 00008  0600 00011  0700 00002  0800 00007  0900 00001  1700 00004  2500 00049  
HPD02654600HPCPHI19580300050111500 00005  1600 00004  1700 00007  1800 00013  1900 00007  2000 00002  2100 00001  2200 00003  2300 00007  2400 00001  2500 00050  
HPD02654600HPCPHI19580300060030100 00003  0200 00003  2500 00006  
HPD02654600HPCPHI19580300110091700 00002  1800 00003  1900 00002  2000 00002  2100 00002  2200 00001  2300 00013  2400 00005  2500 00030  
HPD02654600HPCPHI19580300120070700 00002  0800 00002  0900 00004  1000 00004  1100 00002  1200 00002  2500 00016  
HPD02654600HPCPHI19580300160091400 00002  1600 00003  1700 00002  1800 00004  1900 00002  2100 00001  2200 00001  2300 00001  2500 00016  
HPD02654600HPCPHI19580300170060100 00009  0200 00001  0300 00001  0400 00002  0500 00002  2500 00015  
HPD02654600HPCPHI19580300220041500 00002  1600 00003  1700 00005  2500 00010  
HPD02654600HPCPHI19580400010020100 00000g 2500 00000  
HPD02654600HPCPHI19580400080030200 00002  0400 00003  2500 00005  
HPD02654600HPCPHI19580400150032300 00004  2400 00001  2500 00005  
HPD02654600HPCPHI19580400160080200 00001  0300 00004  0600 00003  0700 00002  0800 00010  0900 00020  1200 00005  2500 00045  
HPD02654600HPCPHI19580500010020100 00000g 2500 00000  
HPD02654600HPCPHI19580600010020100 00000g 2500 00000  
HPD02654600HPCPHI19580600060020700 00005  2500 00005  
HPD02654600HPCPHI19580600200051000 00004  1100 00041  1200 00045  1300 00006  2500 00096  
HPD02654600HPCPHI19580600290030400 00005  1400 00005  2500 00010  
HPD02654600HPCPHI19580700010020100 00000g 2500 00000  
HPD02654600HPCPHI19580700050032000 00015  2100 00020  2500 00035  
HPD02654600HPCPHI19580700170021400 00006  2500 00006  
HPD02654600HPCPHI19580700180070100 00005  0200 00010  0300 00008  0400 00013  0500 00014  0600 00002  2500 00052  
HPD02654600HPCPHI19580700290070700 00006  0800 00032  0900 00011  1000 00002  1100 00013  1200 00006  2500 00070  
HPD02654600HPCPHI19580800010040100 00000g 1800 00006  1900 00039  2500 00045  
HPD02654600HPCPHI19580800050041900 00035  2000 00009  2100 00001  2500 00045  
HPD02654600HPCPHI19580800100021900 00005  2500 00005  
HPD02654600HPCPHI19580800120022100 00015  2500 00015  
HPD02654600HPCPHI19580800130022300 00010  2500 00010  
HPD02654600HPCPHI19580800160021900 00039  2500 00039  
HPD02654600HPCPHI19580800170020500 00006  2500 00006  
HPD02654600HPCPHI19580900010030100 00000g 1700 00080  2500 00080  
HPD02654600HPCPHI19580900260050300 00013  0400 00022  0500 00010  0600 00005  2500 00050  
HPD02654600HPCPHI19581000010020100 00000g 2500 00000  
HPD02654600HPCPHI19581000040061700 00005  1800 00006  2100 00011  2200 00004  2400 00005  2500 00031  
HPD02654600HPCPHI19581000050020500 00005  2500 00005  
HPD02654600HPCPHI19581000270031800 00006  1900 00004  2500 00010  
HPD02654600HPCPHI19581100010020100 00000g 2500 00000  
HPD02654600HPCPHI19581100150022300 99999a 2500 00000I 
HPD02654600HPCPHI19581100170020300 00086A 2500 00086P 
HPD02654600HPCPHI19581200010020100 00000g 2500 00000  
HPD02654600HPCPHI19590100010020100 00000g 2500 00000  
HPD02654600HPCPHI19590200010020100 00000g 2500 00000  
HPD02654600HPCPHI19590200020051700 00001  1800 00003  1900 00006  2000 00003  2500 00013  
HPD02654600HPCPHI19590200090080300 00005  0400 00003  0500 00009  0600 00008  0700 00004  0800 00004  0900 00001  2500 00034  
HPD02654600HPCPHI19590300010020100 00000g 2500 00000  
HPD02654600HPCPHI19590400010020100 00000g 2500 00000  
HPD02654600HPCPHI19590400070060300 00001  0400 00002  0500 00002  0600 00001  0700 00001  2500 00007  
HPD02654600HPCPHI19590500010020100 00000g 2500 00000  
HPD02654600HPCPHI19590600010020100 00000g 2500 00000  
HPD02654600HPCPHI19590700010020100 00000g 2500 00000  
HPD02654600HPCPHI19590700030020300 00050  2500 00050  
HPD02654600HPCPHI19590700040020700 00010  2500 00010  
HPD02654600HPCPHI19590700160032000 00110  2100 00037  2500 00147  
HPD02654600HPCPHI19590700170021300 00009  2500 00009  
HPD02654600HPCPHI19590700180031500 00015  1600 00005  2500 00020  
HPD02654600HPCPHI19590700270032100 00033  2200 00007  2500 00040  
HPD02654600HPCPHI19590700280032300 00061  2400 00004  2500 00065  
HPD02654600HPCPHI19590700290022300 00010  2500 00010  
HPD02654600HPCPHI19590700300020100 00005  2500 00005  
HPD02654600HPCPHI19590800010040100 00000g 1900 00011  2000 00030  2500 00041  
HPD02654600HPCPHI19590800020041600 00005  1800 00004  1900 00002  2500 00011  
HPD02654600HPCPHI19590800060050700 00010  0800 00005  1100 00006  1200 00007  2500 00028  
HPD02654600HPCPHI19590800110020100 00007  2500 00007  
HPD02654600HPCPHI19590800130031300 00032  1600 00003  2500 00035  
HPD02654600HPCPHI19590800140021600 00006  2500 00006  
HPD02654600HPCPHI19590800150031000 00037  1100 00015  2500 00052  
HPD02654600HPCPHI19590800180021900 00030  2500 00030  
HPD02654600HPCPHI19590800190021500 00015  2500 00015  
HPD02654600HPCPHI19590800200020200 00005  2500 00005  
HPD02654600HPCPHI19590800210032200 00020  2300 00005  2500 00025  
HPD02654600HPCPHI19590800230022300 00005  2500 00005  
HPD02654600HPCPHI19590900010020100 00000g 2500 00000  
HPD02654600HPCPHI19591000010020100 00000g 2500 00000  
HPD02654600HPCPHI19591000280032300 00015  2400 00006  2500 00021  
HPD02654600HPCPHI19591000290100100 00002  0200 00002  0300 00010  0400 00004  0500 00001  0600 00001  0700 00001  0900 00003  1400 00004  2500 00028  
HPD02654600HPCPHI19591100010020100 00000g 2500 00000  
HPD02654600HPCPHI19591100020040700 00005  1100 00005  1200 00010  2500 00020  
HPD02654600HPCPHI19591100140032000 00005  2100 00005  2500 00010  
HPD02654600HPCPHI19591100150030600 00005  1000 00005  2500 00010  
HPD02654600HPCPHI19591200010020100 00000g 2500 00000  
HPD02654600HPCPHI19591200090080500 00005  0600 00012  0700 00010  0800 00003  0900 00001  1000 00002  1100 00002  2500 00035  
HPD02654600HPCPHI19591200100041000 00005  1900 00011  2000 00004  2500 00020  
HPD02654600HPCPHI19591200250090500 00003  0600 00005  0700 00005  0800 00007  0900 00008  1000 00004  2300 00005  2400 00004  2500 00041  
HPD02654600HPCPHI19591200260030100 00018  0200 00007  2500 00025  
HPD02654600HPCPHI19591200310031600 99999[ 2200 99999] 2500 00000I 
HPD02654600HPCPHI19600100010020100 00000g 2500 00000  
HPD02654600HPCPHI19600100110110500 00003  0600 00002  0700 00001  1000 00001  1400 00002  1500 00010  1600 00006  1700 00005  1800 00005  1900 00012  2500 00047  
HPD02654600HPCPHI19600100130061100 00003  1200 00004  1300 00002  1500 00002  1600 00001  2500 00012  
HPD02654600HPCPHI19600100160080300 00005  0400 00002  0500 00002  0600 00001  0900 00004  1000 00002  1100 00007  2500 00023  
HPD02654600HPCPHI19600200010020100 00000g 2500 00000  
HPD02654600HPCPHI19600200020051000 00001  1100 00001  1300 00003  1400 00002  2500 00007  
HPD02654600HPCPHI19600200100071900 00005  2000 00007  2100 00004  2200 00004  2300 00001  2400 00001  2500 00022  
HPD02654600HPCPHI19600200110110100 00004  0200 00005  0300 00001  0400 00001  0500 00001  0600 00002  0700 00001  0900 00007  1000 00010  1100 00005  2500 00037  
HPD02654600HPCPHI19600300010020100 00000g 2500 00000  
HPD02654600HPCPHI19600400010020100 00000g 2500 00000  
HPD02654600HPCPHI19600500010020100 00000g 2500 00000  
HPD02654600HPCPHI19600500050050300 00006  0400 00006  0500 00006  0600 00004  2500 00022  
HPD02654600HPCPHI19600600010020100 00000g 2500 00000  
HPD02654600HPCPHI19600600080021700 00006  2500 00006  
HPD02654600HPCPHI19600700010020100 00000g 2500 00000  
HPD02654600HPCPHI19600700060021800 00015  2500 00015  
HPD02654600HPCPHI19600700210032100 00025  2200 00002  2500 00027  
HPD02654600HPCPHI19600700290022400 00005  2500 00005  
HPD02654600HPCPHI19600800010020100 00000g 2500 00000  
HPD02654600HPCPHI19600800030022000 00025  2500 00025  
HPD02654600HPCPHI19600800050021800 00020  2500 00020  
HPD02654600HPCPHI19600800090021600 00010  2500 00010  
HPD02654600HPCPHI19600800120020900 00020  2500 00020  
HPD02654600HPCPHI19600800140041800 00015  1900 00031  2000 00004  2500 00050  
HPD02654600HPCPHI19600800150042100 00020  2200 00012  2300 00003  2500 00035  
HPD02654600HPCPHI19600900010020100 00000g 2500 00000  
HPD02654600HPCPHI19601000010020100 00000g 2500 00000  
HPD02654600HPCPHI19601000080042200 00005  2300 00016  2400 00014  2500 00035  
HPD02654600HPCPHI19601000090070100 00010  0200 00006  0300 00012  0400 00006  0500 00004  0600 00002  2500 00040  
HPD02654600HPCPHI19601000140051800 00006  1900 00007  2100 00006  2200 00001  2500 00020  
HPD02654600HPCPHI19601000150030200 00005  0300 00005  2500 00010  
HPD02654600HPCPHI19601000170070500 00005  0600 00001  0700 00015  0800 00019  0900 00030  1300 00012  2500 00082  
HPD02654600HPCPHI19601100010020100 00000g 2500 00000  
HPD02654600HPCPHI19601200010020100 00000g 2500 00000  
HPD02654600HPCPHI19601200030061500 00003  1600 00001  1700 00007  1800 00003  2200 00001  2500 00015  
HPD02654600HPCPHI19601200040030100 00002  0200 00001  2500 00003  
HPD02654600HPCPHI19610100010020100 00000g 2500 00000  
HPD02654600HPCPHI19610100240030300 99999a 2000 00054A 2500 00054  
HPD02654600HPCPHI19610100270140100 00006  0200 00010  0300 00009  0400 00005  0500 00012  0600 00012  0700 00006  0800 00002  0900 00003  1000 00001  1100 00001  1200 00002  1300 00004  2500 00073  
HPD02654600HPCPHI19610100310030100 99999[ 2400 99999] 2500 00000I 
HPD02654600HPCPHI19610200010020100 99999[ 2500 00000I 
HPD02654600HPCPHI19610200280022400 99999] 2500 00000I 
HPD02654600HPCPHI19610300010020100 00000g 2500 00000  
HPD02654600HPCPHI19610300040071800 00002  1900 00005  2100 00001  2200 00001  2300 00001  2400 00003  2500 00013  
HPD02654600HPCPHI19610300050030100 00001  0200 00001  2500 00002  
HPD02654600HPCPHI19610300300020700 00002  2500 00002  
HPD02654600HPCPHI19610300310030100 99999[ 2400 99999] 2500 00000I 
HPD02654600HPCPHI19610400010020100 00000g 2500 00000  
HPD02654600HPCPHI19610400300030100 99999[ 2400 99999] 2500 00000I 
HPD02654600HPCPHI19610500010020100 00000g 2500 00000  
HPD02654600HPCPHI19610600010020100 00000g 2500 00000  
HPD02654600HPCPHI19610600250021600 00010  2500 00010  
HPD02654600HPCPHI19610600260021800 00017  2500 00017  
HPD02654600HPCPHI19610700010020100 00000g 2500 00000  
HPD02654600HPCPHI19610700020022000 00005  2500 00005  
HPD02654600HPCPHI19610700030030100 00011  0200 00005  2500 00016  
HPD02654600HPCPHI19610700270021600 00007  2500 00007  
HPD02654600HPCPHI19610700280031800 00005  1900 00012  2500 00017  
HPD02654600HPCPHI19610700300030100 00056  0200 00005  2500 00061  
HPD02654600HPCPHI19610800010020100 00000g 2500 00000  
HPD02654600HPCPHI19610800150040600 00004  0700 00006  0800 00002  2500 00012  
HPD02654600HPCPHI19610800170052100 00009  2200 00011  2300 00008  2400 00007  2500 00035  
HPD02654600HPCPHI19610800180040100 00003  0200 00015  0300 00002  2500 00020  
HPD02654600HPCPHI19610800220071700 00106  1800 00027  1900 00008  2000 00021  2100 00012  2200 00005  2500 00179  
HPD02654600HPCPHI19610800300032300 00005  2400 00010  2500 00015  
HPD02654600HPCPHI19610800310030100 00002  1100 00005  2500 00007  
HPD02654600HPCPHI19610900010020100 00000g 2500 00000  
HPD02654600HPCPHI19610900080030200 00002  0300 00009  2500 00011  
HPD02654600HPCPHI19610900090042100 00003  2200 00010  2300 00005  2500 00018  
HPD02654600HPCPHI19610900100040200 00005  0400 00006  0500 00002  2500 00013  
HPD02654600HPCPHI19611000010020100 00000g 2500 00000  
HPD02654600HPCPHI19611000080071600 00017  1700 00003  1800 00027  1900 00017  2000 00005  2100 00014  2500 00083  
HPD02654600HPCPHI19611000290100700 00005  0800 00004  0900 00001  1000 00001  1100 00004  1200 00010  1300 00014  1400 00007  1500 00002  2500 00048  
HPD02654600HPCPHI19611000300020100 99999[ 2500 00000I 
HPD02654600HPCPHI19611000310021000 99999] 2500 00000I 
HPD02654600HPCPHI19611100010020100 99999[ 2500 00000I 
HPD02654600HPCPHI19611100300022400 99999] 2500 00000I 
HPD02654600HPCPHI19611200010020100 99999[ 2500 00000I 
HPD02654600HPCPHI19611200310022400 99999] 2500 00000I 
HPD02654600HPCPHI19620100010020100 99999[ 2500 00000I 
HPD02654600HPCPHI19620100310022400 99999] 2500 00000I 
HPD02654600HPCPHI19620200010020100 00000g 2500 00000  
HPD02654600HPCPHI19620200200021400 00006  2500 00006  
HPD02654600HPCPHI19620200250031000 00005  1100 00002  2500 00007  
HPD02654600HPCPHI19620300010020100 00000g 2500 00000  
HPD02654600HPCPHI19620300090080800 00005  0900 00005  1000 00005  1100 00005  1200 00005  1300 00005  1400 00001  2500 00031  
HPD02654600HPCPHI19620300190042200 00020  2300 00005  2400 00003  2500 00028  
HPD02654600HPCPHI19620400010020100 00000g 2500 00000  
HPD02654600HPCPHI19620500010020100 00000g 2500 00000  
HPD02654600HPCPHI19620600010020100 00000g 2500 00000  
HPD02654600HPCPHI19620600260021700 00005  2500 00005  
HPD02654600HPCPHI19620700010020100 00000g 2500 00000  
HPD02654600HPCPHI19620700180022000 00010  2500 00010  
HPD02654600HPCPHI19620700200081800 00023  1900 00023  2000 00004  2100 00002  2200 00003  2300 00002  2400 00011  2500 00068  
HPD02654600HPCPHI19620700210040100 00007  0200 00002  0300 00003  2500 00012  
HPD02654600HPCPHI19620700220032200 00004  2300 00031  2500 00035  
HPD02654600HPCPHI19620700250032000 00040  2100 00005  2500 00045  
HPD02654600HPCPHI19620700290021800 00022  2500 00022  
HPD02654600HPCPHI19620700310022000 00038  2500 00038  
HPD02654600HPCPHI19620800010020100 99999[ 2500 00000I 
HPD02654600HPCPHI19620800310022400 99999] 2500 00000I 
HPD02654600HPCPHI19620900010020100 00000g 2500 00000  
HPD02654600HPCPHI19620900040051900 00024  2000 00015  2100 00014  2200 00011  2500 00064  
HPD02654600HPCPHI19620900080021500 00010  2500 00010  
HPD02654600HPCPHI19620900240041300 00075  1400 00004  1500 00011  2500 00090  
HPD02654600HPCPHI19620900260030100 99999[ 1300 99999] 2500 00000I 
HPD02654600HPCPHI19621000010020100 00000g 2500 00000  
HPD02654600HPCPHI19621000160042100 00005  2300 00016  2400 00003  2500 00024  
HPD02654600HPCPHI19621000170041800 00008  1900 00002  2000 00003  2500 00013  
HPD02654600HPCPHI19621000180020100 00015  2500 00015  
HPD02654600HPCPHI19621100010030100 99999[ 1300 99999] 2500 00000I 
HPD02654600HPCPHI19621100150030700 00005  1100 00005  2500 00010  
HPD02654600HPCPHI19621100300041300 00002  1400 00003  1500 00005  2500 00010  
HPD02654600HPCPHI19621200010030100 99999[ 1300 99999] 2500 00000I 
HPD02654600HPCPHI19621200170061600 00007  1700 00001  1800 00002  1900 00002  2000 00002  2500 00014  
HPD02654600HPCPHI19621200180040100 99999[ 1300 99999] 2400 00006  2500 00006I 
HPD02654600HPCPHI19630100010020100 00000g 2500 00000  
HPD02654600HPCPHI19630100030050700 00015  0800 00005  0900 00005  1000 00005  2500 00030  
HPD02654600HPCPHI19630100110030400 00004  0500 00003  2500 00007  
HPD02654600HPCPHI19630200010020100 00000g 2500 00000  
HPD02654600HPCPHI19630200100100200 00002  0300 00008  0400 00007  0500 00003  1300 00017  1400 00008  1500 00005  1600 00004  1700 00006  2500 00060  
HPD02654600HPCPHI19630200110021300 99999[ 2500 00000I 
HPD02654600HPCPHI19630200120020300 99999] 2500 00000I 
HPD02654600HPCPHI19630300010020100 00000g 2500 00000  
HPD02654600HPCPHI19630300170081800 00004  1900 00005  2000 00001  2100 00001  2200 00001  2300 00003  2400 00005  2500 00020  
HPD02654600HPCPHI19630300180040100 00005  0200 00004  0300 00002  2500 00011  
HPD02654600HPCPHI19630300290061500 00005  1600 00007  1700 00015  1800 00015  1900 00007  2500 00049  
HPD02654600HPCPHI19630400010020100 00000g 2500 00000  
HPD02654600HPCPHI19630400250031800 00007  1900 00003  2500 00010  
HPD02654600HPCPHI19630500010020100 00000g 2500 00000  
HPD02654600HPCPHI19630600010020100 00000g 2500 00000  
HPD02654600HPCPHI19630600110021400 00003  2500 00003  
HPD02654600HPCPHI19630700010020100 00000g 2500 00000  
HPD02654600HPCPHI19630700030031100 00018  1200 00008  2500 00026  
HPD02654600HPCPHI19630700190021600 00010  2500 00010  
HPD02654600HPCPHI19630700220021800 00009  2500 00009  
HPD02654600HPCPHI19630700260022300 00030  2500 00030  
HPD02654600HPCPHI19630700270021800 00005  2500 00005  
HPD02654600HPCPHI19630700310042200 00004  2300 00054  2400 00060  2500 00118  
HPD02654600HPCPHI19630800010020100 00000g 2500 00000  
HPD02654600HPCPHI19630800020022000 00003  2500 00003  
HPD02654600HPCPHI19630800040022100 00005  2500 00005  
HPD02654600HPCPHI19630800150041400 00020  1500 00011  1600 00006  2500 00037  
HPD02654600HPCPHI19630800160061300 00011  2000 00002  2100 00009  2200 00013  2300 00002  2500 00037  
HPD02654600HPCPHI19630800210041500 00020  1600 00058  1700 00034  2500 00112  
HPD02654600HPCPHI19630800230031400 00027  1500 00023  2500 00050  
HPD02654600HPCPHI19630800250032300 00029  2400 00002  2500 00031  
HPD02654600HPCPHI19630800260030100 00015  0200 00008  2500 00023  
HPD02654600HPCPHI19630900010020100 00000g 2500 00000  
HPD02654600HPCPHI19630900030041600 00020  1700 00029  1800 00051  2500 00100  
HPD02654600HPCPHI19630900080021600 00006  2500 00006  
HPD02654600HPCPHI19631000010020100 00000g 2500 00000  
HPD02654600HPCPHI19631000190040300 00006  0400 00006  0500 00003  2500 00015  
HPD02654600HPCPHI19631100010020100 00000g 2500 00000  
HPD02654600HPCPHI19631100020031300 00008  1400 00016  2500 00024  
HPD02654600HPCPHI19631100070030900 00029  1000 00016  2500 00045  
HPD02654600HPCPHI19631200010020100 00000g 2500 00000  
HPD02654600HPCPHI19640100010020100 00000g 2500 00000  
HPD02654600HPCPHI19640100310030100 99999[ 2400 99999] 2500 00000I 
HPD02654600HPCPHI19640200010020100 00000g 2500 00000  
HPD02654600HPCPHI19640200290030100 99999[ 2400 99999] 2500 00000I 
HPD02654600HPCPHI19640300010020100 00000g 2500 00000  
HPD02654600HPCPHI19640300020032200 00001  2300 00004  2500 00005  
HPD02654600HPCPHI19640300030040900 00002  1000 00007  1100 00001  2500 00010  
HPD02654600HPCPHI19640300170022400 00002  2500 00002  
HPD02654600HPCPHI19640300180020100 00004  2500 00004  
HPD02654600HPCPHI19640300240070300 00004  0400 00001  0500 00001  0600 00002  0700 00003  0800 00002  2500 00013  
HPD02654600HPCPHI19640400010020100 00000g 2500 00000  
HPD02654600HPCPHI19640400040110300 00004  0400 00007  0500 00014  0600 00001  0700 00012  0800 00009  0900 00008  1000 00010  1100 00016  1200 00012  2500 00093  
HPD02654600HPCPHI19640400300030100 99999[ 2400 99999] 2500 00000I 
HPD02654600HPCPHI19640500010020100 00000g 2500 00000  
HPD02654600HPCPHI19640600010020100 00000g 2500 00000  
HPD02654600HPCPHI19640600300030100 99999[ 2400 99999] 2500 00000I 
HPD02654600HPCPHI19640700010020100 00000g 2500 00000  
HPD02654600HPCPHI19640700070021700 00025  2500 00025  
HPD02654600HPCPHI19640700080030300 00011  0400 00005  2500 00016  
HPD02654600HPCPHI19640700140032200 00026  2300 00002  2500 00028  
HPD02654600HPCPHI19640700150041300 00005  1400 00021  1500 00004  2500 00030  
HPD02654600HPCPHI19640700200031700 00033  2100 00010  2500 00043  
HPD02654600HPCPHI19640700250021800 00017  2500 00017  
HPD02654600HPCPHI19640700300051400 00015  1500 00055  1600 00004  1700 00003  2500 00077  
HPD02654600HPCPHI19640700310030100 99999[ 2400 99999] 2500 00000I 
HPD02654600HPCPHI19640800010040100 00000g 1000 00050  1100 00002  2500 00052  
HPD02654600HPCPHI19640800020040200 00001  0300 00002  1000 00011  2500 00014  
HPD02654600HPCPHI19640800140021900 00005  2500 00005  
HPD02654600HPCPHI19640800170041800 00004  1900 00012  2100 00002  2500 00018  
HPD02654600HPCPHI19640800260040300 00058  0400 00008  0500 00004  2500 00070  
HPD02654600HPCPHI19640800270020100 00008  2500 00008  
HPD02654600HPCPHI19640800310030100 99999[ 2400 99999] 2500 00000I 
HPD02654600HPCPHI19640900010020100 00000g 2500 00000  
HPD02654600HPCPHI19640900060031600 00013  1700 00009  2500 00022  
HPD02654600HPCPHI19640900080052100 00004  2200 00012  2300 00003  2400 00002  2500 00021  
HPD02654600HPCPHI19640900090030400 00019  0500 00009  2500 00028  
HPD02654600HPCPHI19640900100021900 00005  2500 00005  
HPD02654600HPCPHI19640900140040300 00018  0400 00013  2100 00009  2500 00040  
HPD02654600HPCPHI19641000010020100 00000g 2500 00000  
HPD02654600HPCPHI19641000160081500 00001  1600 00002  1700 00001  1800 00005  1900 00005  2000 00001  2100 00013  2500 00028  
HPD02654600HPCPHI19641000170030100 00012  0200 00003  2500 00015  
HPD02654600HPCPHI19641100010020100 00000g 2500 00000  
HPD02654600HPCPHI19641100100020400 00006  2500 00006  
HPD02654600HPCPHI19641100150021100 99999a 2500 00000I 
HPD02654600HPCPHI19641100160020800 00123A 2500 00123P 
HPD02654600HPCPHI19641100180041600 00006  1700 00005  1800 00004  2500 00015  
HPD02654600HPCPHI19641200010020100 00000g 2500 00000  
HPD02654600HPCPHI19641200020031800 00002  1900 00009  2500 00011  
HPD02654600HPCPHI19641200030050500 00003  0600 00002  0700 00017  0800 00011  2500 00033  
HPD02654600HPCPHI19641200180051100 00015  1200 00023  1300 00002  1400 00005  2500 00045  
HPD02654600HPCPHI19641200280061700 00002  1800 00001  1900 00001  2000 00001  2400 00001  2500 00006  
HPD02654600HPCPHI19641200290020100 00001  2500 00001  
HPD02654600HPCPHI19650100010020100 00000g 2500 00000  
HPD02654600HPCPHI19650100060031800 00003  1900 00005  2500 00008  
HPD02654600HPCPHI19650100200131200 00006  1300 00007  1400 00025  1500 00012  1600 00015  1700 00014  1800 00012  1900 00008  2000 00015  2100 00006  2200 00004  2300 00001  2500 00125  
HPD02654600HPCPHI19650200010020100 00000g 2500 00000  
HPD02654600HPCPHI19650200060042200 00010  2300 00010  2400 00003  2500 00023  
HPD02654600HPCPHI19650200070030100 00003  0200 00003  2500 00006  
HPD02654600HPCPHI19650200090031600 00001  1700 00008  2500 00009  
HPD02654600HPCPHI19650300010020100 00000g 2500 00000  
HPD02654600HPCPHI19650300100041700 00001  1800 00013  1900 00004  2500 00018  
HPD02654600HPCPHI19650400010020100 00000g 2500 00000  
HPD02654600HPCPHI19650400040060400 00005  0500 00004  0600 00001  0700 00001  1000 00004  2500 00015  
HPD02654600HPCPHI19650500010020100 00000g 2500 00000  
HPD02654600HPCPHI19650500120021700 00004  2500 00004  
HPD02654600HPCPHI19650600010020100 00000g 2500 00000  
HPD02654600HPCPHI19650600080031800 00002  1900 00002  2500 00004  
HPD02654600HPCPHI19650600090030100 00003  0200 00002  2500 00005  
HPD02654600HPCPHI19650600230041400 00015  2100 00005  2200 00010  2500 00030  
HPD02654600HPCPHI19650600240020100 00008  2500 00008  
HPD02654600HPCPHI19650700010020100 00000g 2500 00000  
HPD02654600HPCPHI19650700070021500 00021  2500 00021  
HPD02654600HPCPHI19650700090041500 00005  1600 00005  1700 00008  2500 00018  
HPD02654600HPCPHI19650700100041800 00108  1900 00003  2400 00019  2500 00130  
HPD02654600HPCPHI19650700110020100 00020  2500 00020  
HPD02654600HPCPHI19650700160031500 00010  1600 00010  2500 00020  
HPD02654600HPCPHI19650700210041900 00020  2100 00017  2200 00003  2500 00040  
HPD02654600HPCPHI19650700220022300 00011  2500 00011  
HPD02654600HPCPHI19650700230021900 00012  2500 00012  
HPD02654600HPCPHI19650700240022100 00004  2500 00004  
HPD02654600HPCPHI19650700250020100 00004  2500 00004  
HPD02654600HPCPHI19650700280032100 00028  2200 00001  2500 00029  
HPD02654600HPCPHI19650800010030100 00000g 2100 00003  2500 00003  
HPD02654600HPCPHI19650800080031800 00007  1900 00003  2500 00010  
HPD02654600HPCPHI19650800130052000 00005  2100 00002  2200 00006  2300 00012  2500 00025  
HPD02654600HPCPHI19650800180032000 00013  2100 00012  2500 00025  
HPD02654600HPCPHI19650800290041700 00005  1800 00003  2000 00010  2500 00018  
HPD02654600HPCPHI19650900010020100 00000g 2500 00000  
HPD02654600HPCPHI19650900030060500 00212  0600 00020  0700 00013  0800 00007  0900 00005  2500 00257  
HPD02654600HPCPHI19650900040021300 00007  2500 00007  
HPD02654600HPCPHI19650900110021500 00012  2500 00012  
HPD02654600HPCPHI19651000010020100 00000g 2500 00000  
HPD02654600HPCPHI19651000160040800 00006  0900 00013  1000 00003  2500 00022  
HPD02654600HPCPHI19651100010020100 00000g 2500 00000  
HPD02654600HPCPHI19651100240030100 00004  0200 00001  2500 00005  
HPD02654600HPCPHI19651100250190100 00008  0200 00003  0300 00003  0400 00003  0500 00007  0600 00006  0700 00003  0800 00004  0900 00004  1400 00001  1500 00002  1600 00008  1700 00002  1900 00003  2100 00002  2200 00001  2300 00002  2400 00007  2500 00069  
HPD02654600HPCPHI19651100260030200 00012  0300 00015  2500 00027  
HPD02654600HPCPHI19651200010020100 00000g 2500 00000  
HPD02654600HPCPHI19651200080031300 00007  1400 00001  2500 00008  
HPD02654600HPCPHI19651200090121400 00002  1500 00020  1600 00002  1700 00006  1800 00014  1900 00005  2000 00006  2100 00020  2200 00024  2300 00019  2400 00002  2500 00120  
HPD02654600HPCPHI19651200100210100 00001  0200 00005  0300 00005  0400 00021  0500 00004  0600 00003  0700 00002  0900 00001  1000 00002  1100 00001  1300 00001  1600 00003  1700 00005  1800 00008  1900 00001  2000 00010  2100 00005  2200 00007  2300 00003  2400 00006  2500 00094  
HPD02654600HPCPHI19651200110020100 00006  2500 00006  
HPD02654600HPCPHI19651200150071400 00006  1600 00010  1700 00014  1900 00007  2300 00003  2400 00002  2500 00042  
HPD02654600HPCPHI19651200160110200 00005  0400 00001  0500 00005  0600 00001  1800 00002  1900 00001  2100 00005  2200 00003  2300 00014  2400 00004  2500 00041  
HPD02654600HPCPHI19651200170110400 00003  0500 00001  0600 00005  0700 00002  0800 00003  0900 00003  1300 00002  1500 00004  2000 00002  2100 00001  2500 00026  
HPD02654600HPCPHI19651200210022400 00005  2500 00005  
HPD02654600HPCPHI19651200220160100 00003  0200 00003  0300 00005  0400 00001  0500 00002  0600 00003  0700 00003  0800 00010  0900 00008  1000 00009  1100 00019  1200 00012  1300 00009  1400 00002  1500 00001  2500 00090  
HPD02654600HPCPHI19651200230100100 00002  0200 00007  0300 00003  0400 00003  0500 00006  0600 00002  0700 00001  0800 00003  0900 00005  2500 00032  
HPD02654600HPCPHI19651200300110100 00005  0200 00007  0300 00006  0400 00007  0500 00001  0600 00002  0900 00005  1100 00004  1200 00005  1300 00003  2500 00045  
HPD02654600HPCPHI19660100010020100 00000g 2500 00000  
HPD02654600HPCPHI19660100180120200 00002  0300 00002  0400 00002  0500 00003  0600 00002  1000 00009  1100 00006  1200 00009  1500 00005  1600 00004  1900 00009  2500 00053  
HPD02654600HPCPHI19660100300022400 00011  2500 00011  
HPD02654600HPCPHI19660100310040100 00014  0200 00005  0300 00002  2500 00021  
HPD02654600HPCPHI19660200010020100 00000g 2500 00000  
HPD02654600HPCPHI19660200070111400 00003  1500 00003  1600 00004  1700 00012  1800 00023  1900 00022  2000 00008  2100 00004  2200 00004  2300 00003  2500 00086  
HPD02654600HPCPHI19660200080080100 00002  0200 00004  0300 00006  0400 00001  0500 00001  0600 00001  0700 00001  2500 00016  
HPD02654600HPCPHI19660200090031000 00007  1100 00003  2500 00010  
HPD02654600HPCPHI19660200110030900 00001  1000 00002  2500 00003  
HPD02654600HPCPHI19660300010020100 00000g 2500 00000  
HPD02654600HPCPHI19660300020061100 00009  1200 00001  1300 00001  1400 00004  1500 00002  2500 00017  
HPD02654600HPCPHI19660400010020100 00000g 2500 00000  
HPD02654600HPCPHI19660500010020100 00000g 2500 00000  
HPD02654600HPCPHI19660600010020100 00000g 2500 00000  
HPD02654600HPCPHI19660600200031100 00005  1600 00021  2500 00026  
HPD02654600HPCPHI19660600260032300 00024  2400 00009  2500 00033  
HPD02654600HPCPHI19660600300021700 00006  2500 00006  
HPD02654600HPCPHI19660700010020100 00000g 2500 00000  
HPD02654600HPCPHI19660700180021500 00030  2500 00030  
HPD02654600HPCPHI19660700190021900 00003  2500 00003  
HPD02654600HPCPHI19660700260020100 00025  2500 00025  
HPD02654600HPCPHI19660700270031600 00003  1700 00094  2500 00097  
HPD02654600HPCPHI19660700290040300 00051  0400 00004  2300 00058  2500 00113  
HPD02654600HPCPHI19660700300022400 00024  2500 00024  
HPD02654600HPCPHI19660700310020100 00004  2500 00004  
HPD02654600HPCPHI19660800010020100 00000g 2500 00000  
HPD02654600HPCPHI19660800030071500 00004  1600 00044  1700 00004  1800 00006  1900 00012  2000 00003  2500 00073  
HPD02654600HPCPHI19660800040031800 00003  1900 00004  2500 00007  
HPD02654600HPCPHI19660800100021700 00064  2500 00064  
HPD02654600HPCPHI19660800130021800 00020  2500 00020  
HPD02654600HPCPHI19660800180061700 00005  1800 00028  1900 00027  2000 00014  2100 00010  2500 00084  
HPD02654600HPCPHI19660800200031900 00004  2000 00005  2500 00009  
HPD02654600HPCPHI19660800300040100 00045  0200 00002  0300 00003  2500 00050  
HPD02654600HPCPHI19660800310040500 00002  1400 00002  1500 00002  2500 00006  
HPD02654600HPCPHI19660900010020100 00000g 2500 00000  
HPD02654600HPCPHI19660900020021800 00012  2500 00012  
HPD02654600HPCPHI19660900110020600 00014  2500 00014  
HPD02654600HPCPHI19660900120090300 00003  0400 00005  0500 00001  0600 00002  1000 00027  1100 00012  1200 00001  1300 00003  2500 00054  
HPD02654600HPCPHI19660900130101100 00010  1200 00006  1300 00009  1400 00001  1500 00011  1600 00004  1700 00002  1800 00018  1900 00003  2500 00064  
HPD02654600HPCPHI19660900150050100 00002  0200 00002  0600 00024  0900 00019  2500 00047  
HPD02654600HPCPHI19660900200022200 00077  2500 00077  
HPD02654600HPCPHI19660900290020800 00012  2500 00012  
HPD02654600HPCPHI19661000010020100 99999[ 2500 00000I 
HPD02654600HPCPHI19661000310022400 99999] 2500 00000I 
HPD02654600HPCPHI19661100010020100 99999[ 2500 00000I 
HPD02654600HPCPHI19661100300022400 99999] 2500 00000I 
HPD02654600HPCPHI19661200010020100 99999[ 2500 00000I 
HPD02654600HPCPHI19661200310022400 99999] 2500 00000I 
HPD02654600HPCPHI19670100010020100 99999[ 2500 00000I 
HPD02654600HPCPHI19670100310022400 99999] 2500 00000I 
HPD02654600HPCPHI19670200010020100 99999[ 2500 00000I 
HPD02654600HPCPHI19670200280022400 99999] 2500 00000I 
