HPD02534403HPCPHT20040100010020100 00000g 2500 00000  
HPD02534403HPCPHT20040100200031200 00010  2200 00010  2500 00020  
HPD02534403HPCPHT20040100230021100 00010  2500 00010  
HPD02534403HPCPHT20040200010020100 00000g 2500 00000  
HPD02534403HPCPHT20040200030031000 00010  1300 00010  2500 00020  
HPD02534403HPCPHT20040200220021400 00010  2500 00010  
HPD02534403HPCPHT20040200230090100 00010  0300 00010  0400 00010  0500 00010  0600 00010  0700 00010  1200 00010  1300 00010  2500 00080  
HPD02534403HPCPHT20040200240021400 00010  2500 00010  
HPD02534403HPCPHT20040200270031000 00010  1300 00010  2500 00020  
HPD02534403HPCPHT20040200280020100 00010  2500 00010  
HPD02534403HPCPHT20040300010030100 00000g 0900 99999[ 2500 00000I 
HPD02534403HPCPHT20040300120041000 99999] 1900 00010  2100 00010  2500 00020I 
HPD02534403HPCPHT20040400010040100 00000g 2200 00010  2400 00010  2500 00020  
HPD02534403HPCPHT20040400020110200 00010  0400 00010  0500 00010  0600 00010  0700 00020  0800 00010  1000 00010  1200 00010  1400 00010  2200 00010  2500 00110  
HPD02534403HPCPHT20040400050041400 00010  1900 00010  2200 00010  2500 00030  
HPD02534403HPCPHT20040400060021400 00010  2500 00010  
HPD02534403HPCPHT20040400070041300 00060  1400 00020  1700 00010  2500 00090  
HPD02534403HPCPHT20040400100021000 00010  2500 00010  
HPD02534403HPCPHT20040500010020100 00000g 2500 00000  
HPD02534403HPCPHT20040500250020400 99999{ 2500 00000P 
HPD02534403HPCPHT20040500310022400 99999} 2500 00000P 
HPD02534403HPCPHT20040600010030100 99999{ 0900 99999} 2500 00000P 
HPD02534403HPCPHT20040700010020100 00000g 2500 00000  
HPD02534403HPCPHT20040700060021800 00020  2500 00020  
HPD02534403HPCPHT20040700160021700 00010  2500 00010  
HPD02534403HPCPHT20040700170021700 00010  2500 00010  
HPD02534403HPCPHT20040700210021400 00010  2500 00010  
HPD02534403HPCPHT20040700250022300 00010  2500 00010  
HPD02534403HPCPHT20040700260021800 00010  2500 00010  
HPD02534403HPCPHT20040700270030700 00010  1600 00020  2500 00030  
HPD02534403HPCPHT20040700280020800 00010  2500 00010  
HPD02534403HPCPHT20040800010020100 00000g 2500 00000  
HPD02534403HPCPHT20040800040041000 00020  1500 00010  1600 00020  2500 00050  
HPD02534403HPCPHT20040800050050300 00010  1200 00010  1300 00010  1800 99999{ 2500 00030P 
HPD02534403HPCPHT20040800090021200 99999} 2500 00000P 
HPD02534403HPCPHT20040800140031300 00010  1400 00010  2500 00020  
HPD02534403HPCPHT20040800180051200 00020  1400 00010  1600 00010  1700 00010  2500 00050  
HPD02534403HPCPHT20040800200021700 00010  2500 00010  
HPD02534403HPCPHT20040800310022000 00010  2500 00010  
HPD02534403HPCPHT20040900010020100 00000g 2500 00000  
HPD02534403HPCPHT20040900040020400 00010  2500 00010  
HPD02534403HPCPHT20040900180031900 00040  2200 00020  2500 00060  
HPD02534403HPCPHT20040900190080400 00010  0600 00010  0700 00030  0800 00010  1200 00020  1300 00020  1500 00010  2500 00110  
HPD02534403HPCPHT20040900210031300 99999{ 1700 99999} 2500 00000P 
HPD02534403HPCPHT20041000010030100 00000g 0900 99999{ 2500 00000P 
HPD02534403HPCPHT20041000310022400 99999} 2500 00000P 
HPD02534403HPCPHT20041100010030100 99999{ 1000 99999} 2500 00000P 
HPD02534403HPCPHT20041100070070800 00010  1100 00010  2000 00020  2200 00010  2300 00010  2400 00020  2500 00080  
HPD02534403HPCPHT20041100080070100 00020  0200 00020  0400 00010  0500 00020  0600 00030  0900 99999{ 2500 00100P 
HPD02534403HPCPHT20041100160021600 99999} 2500 00000P 
HPD02534403HPCPHT20041100210070600 00010  0900 00010  1000 00010  1400 00010  1600 00010  1800 00010  2500 00060  
HPD02534403HPCPHT20041100240021100 99999{ 2500 00000P 
HPD02534403HPCPHT20041100300022400 99999} 2500 00000P 
HPD02534403HPCPHT20041200010030100 99999{ 1000 99999} 2500 00000P 
HPD02534403HPCPHT20041200040021600 00010  2500 00010  
HPD02534403HPCPHT20041200050080400 00010  1000 00010  1600 00010  1900 00010  2100 00010  2200 00010  2400 00010  2500 00070  
HPD02534403HPCPHT20041200060031000 00010  1700 99999{ 2500 00010P 
HPD02534403HPCPHT20041200090021400 99999} 2500 00000P 
HPD02534403HPCPHT20041200280061700 00010  1900 00010  2100 00020  2200 00010  2300 00010  2500 00060  
HPD02534403HPCPHT20041200290060100 00020  0300 00010  0400 00010  0500 00010  0600 99999{ 2500 00050P 
HPD02534403HPCPHT20041200310022400 99999} 2500 00000P 
