HPD02174902HPCPHT20050100010020100 00000g 2500 00000  
HPD02174902HPCPHT20050100030100100 00010  0200 00020  0300 00010  0400 00010  0700 00010  1200 00010  1700 00010  1800 00010  2000 00010  2500 00100  
HPD02174902HPCPHT20050100040120100 00010  0200 00010  0500 00020  0600 00020  1100 00010  1200 00010  1300 00010  1400 00010  1500 00010  2100 00010  2400 00010  2500 00130  
HPD02174902HPCPHT20050100050021200 00010  2500 00010  
HPD02174902HPCPHT20050100110022100 00010  2500 00010  
HPD02174902HPCPHT20050100190021500 00010  2500 00010  
HPD02174902HPCPHT20050100260041400 00020  1700 00010  2100 00010  2500 00040  
HPD02174902HPCPHT20050100270030500 00010  0800 00010  2500 00020  
HPD02174902HPCPHT20050100290041500 00010  1600 00010  2000 00010  2500 00030  
HPD02174902HPCPHT20050100300021400 00010  2500 00010  
HPD02174902HPCPHT20050200010020100 00000g 2500 00000  
HPD02174902HPCPHT20050200070060200 00010  0300 00010  0600 00010  0700 00010  1300 00010  2500 00050  
HPD02174902HPCPHT20050200100041800 00010  2200 00010  2300 00010  2500 00030  
HPD02174902HPCPHT20050200110120100 00010  0300 00010  0500 00010  0600 00010  0800 00010  1100 00010  1200 00010  1600 00010  1900 00010  2300 00010  2400 00010  2500 00110  
HPD02174902HPCPHT20050200120080200 00020  0300 00010  0400 00010  1200 00020  1300 00010  1400 00010  2400 00010  2500 00090  
HPD02174902HPCPHT20050200150022300 00010  2500 00010  
HPD02174902HPCPHT20050200170022400 00010  2500 00010  
HPD02174902HPCPHT20050200180050200 00010  0300 00010  0500 00010  1500 00010  2500 00040  
HPD02174902HPCPHT20050200190110200 00010  0300 00030  0400 00010  0600 00010  0700 00010  1200 00010  1400 00010  1800 00010  2300 00010  2400 00010  2500 00120  
HPD02174902HPCPHT20050200200030300 00010  0600 00010  2500 00020  
HPD02174902HPCPHT20050200220090100 00010  0200 00010  0300 00020  0400 00010  0500 00010  1200 00010  1500 00010  1800 00010  2500 00090  
HPD02174902HPCPHT20050200240021100 00010  2500 00010  
HPD02174902HPCPHT20050200270021400 00010  2500 00010  
HPD02174902HPCPHT20050300010020100 00000g 2500 00000  
HPD02174902HPCPHT20050300050080200 00010  0300 00010  0500 00010  1300 00010  2100 00010  2300 00010  2400 00010  2500 00070  
HPD02174902HPCPHT20050300060020100 00010  2500 00010  
HPD02174902HPCPHT20050300150020800 00010  2500 00010  
HPD02174902HPCPHT20050300190021100 00010  2500 00010  
HPD02174902HPCPHT20050300200020400 00030  2500 00030  
HPD02174902HPCPHT20050300210021700 00010  2500 00010  
HPD02174902HPCPHT20050300250070400 00010  1100 00010  1200 00010  1300 00010  1700 00010  2100 00010  2500 00060  
HPD02174902HPCPHT20050400010020100 00000g 2500 00000  
HPD02174902HPCPHT20050400040021300 00010  2500 00010  
HPD02174902HPCPHT20050400230042200 00010  2300 00010  2400 00020  2500 00040  
HPD02174902HPCPHT20050400240040100 00010  0200 00010  0300 00010  2500 00030  
HPD02174902HPCPHT20050500010020100 00000g 2500 00000  
HPD02174902HPCPHT20050500090021200 99999[ 2500 00000I 
HPD02174902HPCPHT20050500310022400 99999] 2500 00000I 
HPD02174902HPCPHT20050600010020100 99999[ 2500 00000I 
HPD02174902HPCPHT20050600300022400 99999] 2500 00000I 
HPD02174902HPCPHT20050700010030100 99999[ 1200 99999] 2500 00000I 
HPD02174902HPCPHT20050700180032000 00020  2100 00020  2500 00040  
HPD02174902HPCPHT20050700200021600 00020  2500 00020  
HPD02174902HPCPHT20050700230022100 00010  2500 00010  
HPD02174902HPCPHT20050700240022200 00020  2500 00020  
HPD02174902HPCPHT20050700250020800 00010  2500 00010  
HPD02174902HPCPHT20050700300021600 00010  2500 00010  
HPD02174902HPCPHT20050700310020900 00010  2500 00010  
HPD02174902HPCPHT20050800010050100 00000g 0900 99999[ 1200 99999] 2300 00010  2500 00010I 
HPD02174902HPCPHT20050800020021600 00030  2500 00030  
HPD02174902HPCPHT20050800080021600 00010  2500 00010  
HPD02174902HPCPHT20050800120050800 00010  1400 00060 R1500 00010  1600 00010  2500 00090 R
HPD02174902HPCPHT20050800130021800 00010  2500 00010  
HPD02174902HPCPHT20050800140051600 00010  1700 00010  1800 00010  1900 00010  2500 00040  
HPD02174902HPCPHT20050800160020500 00060  2500 00060  
HPD02174902HPCPHT20050800190022000 00010  2500 00010  
HPD02174902HPCPHT20050800210021500 00010  2500 00010  
HPD02174902HPCPHT20050800230020400 00010  2500 00010  
HPD02174902HPCPHT20050900010040100 00000g 0900 99999[ 1200 99999] 2500 00000I 
HPD02174902HPCPHT20050900040031200 00010  1300 00010  2500 00020  
HPD02174902HPCPHT20050900090041800 00040  2000 00010  2100 00010  2500 00060  
HPD02174902HPCPHT20051000010020100 00000g 2500 00000  
HPD02174902HPCPHT20051000090031600 00010  1800 00010  2500 00020  
HPD02174902HPCPHT20051000100020900 00010  2500 00010  
HPD02174902HPCPHT20051000170022100 00010  2500 00010  
HPD02174902HPCPHT20051000180060300 00010  0400 00010  1200 00010  1800 00010  1900 00010  2500 00050  
HPD02174902HPCPHT20051100010020100 00000g 2500 00000  
HPD02174902HPCPHT20051200010020100 00000g 2500 00000  
