HPD02301002HPCPHI20100100010020100 00000g 2500 00000  
HPD02301002HPCPHI20100100130062000 00000T 2100 00000T 2200 00001  2300 00001  2400 00004  2500 00006  
HPD02301002HPCPHI20100100140020100 00000T 2500 00000T 
HPD02301002HPCPHI20100100180151100 00000T 1200 00001  1300 00001  1400 00002  1500 00001  1600 00004  1700 00001  1800 00001  1900 00000T 2000 00004  2100 00001  2200 00004  2300 00003  2400 00001  2500 00024  
HPD02301002HPCPHI20100100190210100 00003  0200 00004  0300 00007  0400 00003  0500 00000T 0600 00001  0700 00000T 0800 00000T 0900 00000T 1400 00000T 1500 00000T 1600 00000T 1700 00001  1800 00001  1900 00003  2000 00007  2100 00012  2200 00013  2300 00014  2400 00000T 2500 00069  
HPD02301002HPCPHI20100100200100100 00002  0200 00002  0300 00000T 0400 00003  0600 00000T 0700 00001  2200 00000T 2300 00003  2400 00003  2500 00014  
HPD02301002HPCPHI20100100210250100 00004  0200 00004  0300 00005  0400 00008  0500 00009  0600 00011  0700 00008  0800 00011  0900 00016  1000 00008  1100 00013  1200 00015  1300 00012  1400 00013  1500 00015  1600 00020  1700 00020  1800 00019  1900 00056  2000 00026  2100 00015  2200 00013  2300 00014  2400 00004  2500 00339  
HPD02301002HPCPHI20100100220250100 00008  0200 00004  0300 00000T 0400 00001  0500 00005  0600 00005  0700 00002  0800 00001  0900 00008  1000 00004  1100 00004  1200 00005  1300 00006  1400 00005  1500 00000T 1600 00000T 1700 00000T 1800 00000T 1900 00000T 2000 00000T 2100 00003  2200 00002  2300 00018  2400 00000T 2500 00081  
HPD02301002HPCPHI20100100230120100 00000T 0200 00001  0300 00000T 0400 00000T 0500 00000T 0600 00001  0700 00000T 0800 00001  1000 00001  1100 00000T 1200 00000T 2500 00004  
HPD02301002HPCPHI20100100270121100 00001  1300 00005  1400 00005  1500 00008  1600 00002  1700 00001  1800 00000T 1900 00001  2000 00000T 2100 00000T 2200 00000T 2500 00023  
HPD02301002HPCPHI20100200010020100 00000g 2500 00000  
HPD02301002HPCPHI20100200050041700 00000T 1800 00002  1900 00003  2500 00005  
HPD02301002HPCPHI20100200060101200 00000T 1700 00000T 1800 00011  1900 00004  2000 00000T 2100 00002  2200 00006  2300 00013  2400 00006  2500 00042  
HPD02301002HPCPHI20100200070150100 00013  0200 00001  0400 00001  0500 00004  0600 00009  0700 00012  0800 00002  1100 00000T 1200 00001  1300 00000T 1400 00000T 1500 00000T 1700 00000T 2100 00000T 2500 00043  
HPD02301002HPCPHI20100200080061400 00000T 1500 00000T 1600 00000T 1700 00000T 1800 00000T 2500 00000T 
HPD02301002HPCPHI20100200090060100 00000T 0200 00001  0500 00000T 0600 00001  0700 00000T 2500 00002  
HPD02301002HPCPHI20100200100061300 00000T 1400 00002  1500 00001  1600 00000T 1800 00001  2500 00004  
HPD02301002HPCPHI20100200200170900 00000T 1000 00000T 1100 00000T 1200 00000T 1300 00000T 1400 00000T 1500 00000T 1600 00000T 1700 00000T 1800 00000T 1900 00001  2000 00000T 2100 00000T 2200 00001  2300 00002  2400 00001  2500 00005  
HPD02301002HPCPHI20100200210250100 00002  0200 00001  0300 00001  0400 00000T 0500 00001  0600 00001  0700 00000T 0800 00001  0900 00001  1000 00000T 1100 00003  1200 00003  1300 00004  1400 00001  1500 00000T 1600 00000T 1700 00000T 1800 00000T 1900 00000T 2000 00001  2100 00000T 2200 00000T 2300 00000T 2400 00002  2500 00022  
HPD02301002HPCPHI20100200220160100 00013  0200 00005  0300 00003  0400 00002  0500 00001  0600 00001  0700 00003  0800 00013  0900 00001  1000 00004  1100 00001  1200 00004  1300 00002  1400 00001  1500 00000T 2500 00054  
HPD02301002HPCPHI20100200270031900 00000T 2000 00000T 2500 00000T 
HPD02301002HPCPHI20100200280110100 00000T 0200 00000T 0300 00003  0400 00001  0500 00000T 0600 00000T 0900 00000T 1400 00000T 1700 00000T 1800 00000T 2500 00004  
HPD02301002HPCPHI20100300010020100 00000g 2500 00000  
HPD02301002HPCPHI20100300040041700 00000T 1800 00004  1900 00000T 2500 00004  
HPD02301002HPCPHI20100300060071600 00000T 1800 00000T 1900 00002  2000 00003  2200 00000T 2400 00019  2500 00024  
HPD02301002HPCPHI20100300070200100 00008  0200 00015  0300 00004  0400 00006  0500 00001  0600 00001  0700 00000T 0800 00000T 1200 00001  1300 00002  1400 00003  1500 00007  1600 00005  1700 00000T 1800 00000T 2100 00000T 2200 00000T 2300 00000T 2400 00000T 2500 00053  
HPD02301002HPCPHI20100300080150100 00001  0200 00001  0300 00001  0400 00000T 0500 00000T 1000 00000T 1700 00000T 1800 00000T 1900 00000T 2000 00000T 2100 00000T 2200 00000T 2300 00000T 2400 00001  2500 00004  
HPD02301002HPCPHI20100300090210100 00000T 0500 00001  0600 00003  0700 00000T 0800 00000T 0900 00002  1000 00000T 1100 00003  1200 00005  1300 00003  1400 00002  1500 00003  1600 00000T 1700 00000T 1800 00001  1900 00000T 2100 00000T 2200 00000T 2300 00000T 2400 00000T 2500 00023  
HPD02301002HPCPHI20100300100190100 00000T 0200 00000T 0300 00000T 0500 00001  0600 00000T 1200 00000T 1300 00000T 1400 00000T 1500 00004  1600 00000T 1700 00004  1800 00004  1900 00004  2000 00001  2100 00000T 2200 00000T 2300 00000T 2400 00000T 2500 00018  
HPD02301002HPCPHI20100300130042200 00000T 2300 00000T 2400 00000T 2500 00000T 
HPD02301002HPCPHI20100300140041700 00000T 1800 00000T 1900 00000T 2500 00000T 
HPD02301002HPCPHI20100300260030800 00000T 0900 00000T 2500 00000T 
HPD02301002HPCPHI20100300310052100 00002  2200 00002  2300 00000T 2400 00001  2500 00005  
HPD02301002HPCPHI20100400010080100 00001  0200 00006  0300 00006  0400 00003  0500 00000T 1700 00001  1800 00001  2500 00018  
HPD02301002HPCPHI20100400050022400 00000T 2500 00000T 
HPD02301002HPCPHI20100400060030100 00006  0200 00000T 2500 00006  
HPD02301002HPCPHI20100400120052100 00000T 2200 00002  2300 00000T 2400 00000T 2500 00002  
HPD02301002HPCPHI20100400130030100 00000T 0200 00000T 2500 00000T 
HPD02301002HPCPHI20100400210110900 00000T 1000 00000T 1100 00007  1200 00005  1300 00002  1400 00000T 1500 00003  1600 00000T 1800 00001  2300 00000T 2500 00018  
HPD02301002HPCPHI20100400220071500 00003  1600 00000T 1700 00003  1900 00000T 2000 00005  2100 00000T 2500 00011  
HPD02301002HPCPHI20100400230051500 00000T 1600 00000T 1700 00000T 1800 00000T 2500 00000T 
HPD02301002HPCPHI20100400290071300 00000T 1400 00002  1500 00000T 1600 00000T 1700 00000T 1900 00000T 2500 00002  
HPD02301002HPCPHI20100500010020100 00000g 2500 00000  
HPD02301002HPCPHI20100500020070800 00000T 0900 00005  1000 00000T 1500 00000T 1600 00000T 1700 00000T 2500 00005  
HPD02301002HPCPHI20100500100020400 00000T 2500 00000T 
HPD02301002HPCPHI20100500120081500 00000T 1600 00002  1700 00000T 1800 00000T 1900 00001  2000 00000T 2100 00001  2500 00004  
HPD02301002HPCPHI20100500140031700 00001  1800 00000T 2500 00001  
HPD02301002HPCPHI20100500230021900 00000T 2500 00000T 
HPD02301002HPCPHI20100600010020100 00000g 2500 00000  
HPD02301002HPCPHI20100600100041600 00000T 1700 00000T 1800 00000T 2500 00000T 
HPD02301002HPCPHI20100600120021600 00000T 2500 00000T 
HPD02301002HPCPHI20100600250050800 00000T 0900 00000T 1600 00007  1700 00000T 2500 00007  
HPD02301002HPCPHI20100600280021700 00000T 2500 00000T 
HPD02301002HPCPHI20100600300041300 00000T 1400 00002  1900 00000T 2500 00002  
HPD02301002HPCPHI20100700010020100 00000g 2500 00000  
HPD02301002HPCPHI20100700070021800 00000T 2500 00000T 
HPD02301002HPCPHI20100700090021600 00001  2500 00001  
HPD02301002HPCPHI20100700100031400 00000T 1500 00003  2500 00003  
HPD02301002HPCPHI20100700110061300 00020  1400 00001  1500 00006  1600 00001  1800 00000T 2500 00028  
HPD02301002HPCPHI20100700120031600 00021  1700 00000T 2500 00021  
HPD02301002HPCPHI20100700160031300 00015  1400 00000T 2500 00015  
HPD02301002HPCPHI20100700170060700 00000T 0800 00000T 1400 00001  1600 00000T 1700 00000T 2500 00001  
HPD02301002HPCPHI20100700180041300 00048  1400 00079  1500 00000T 2500 00127  
HPD02301002HPCPHI20100700210060600 00000T 1900 00000T 2000 00000T 2100 00000T 2200 00000T 2500 00000T 
HPD02301002HPCPHI20100700220081400 00000T 1500 00005  1600 00001  1700 00000T 1800 00001  1900 00001  2400 00000T 2500 00008  
HPD02301002HPCPHI20100700230070700 00000T 1200 00000T 1300 00000T 1400 00001  2000 00000T 2100 00000T 2500 00001  
HPD02301002HPCPHI20100700240030600 00000T 0700 00000T 2500 00000T 
HPD02301002HPCPHI20100700260051200 00000T 1300 00101  1400 00051  1500 00000T 2500 00152  
HPD02301002HPCPHI20100700270081300 00001  1400 00003  1900 00012  2000 00006  2100 00027  2200 00009  2300 00001  2500 00059  
HPD02301002HPCPHI20100700280071200 00000T 1600 00001  1700 00012  1800 00001  2000 00001  2100 00000T 2500 00015  
HPD02301002HPCPHI20100700290020600 00000T 2500 00000T 
HPD02301002HPCPHI20100700300120600 00000T 0700 00000T 0800 00005  0900 00000T 1000 00004  1100 00000T 1500 00000T 1600 00121  1700 00002  1800 00001  1900 00000T 2500 00133  
HPD02301002HPCPHI20100700310100800 00000T 0900 00004  1000 00001  1300 00000T 1400 00000T 1500 00001  1600 00000T 2100 00003  2200 00021  2500 00030  
HPD02301002HPCPHI20100800010110100 00000g 0400 00000T 0600 00000T 1200 00000T 1300 00000T 1400 00000T 1500 00000T 1600 00021  1700 00003  1800 00000T 2500 00024  
HPD02301002HPCPHI20100800020160300 00010  0400 00002  0500 00008  0600 00003  0700 00004  0800 00008  0900 00001  1000 00000T 1100 00000T 1200 00001  1300 00000T 1400 00009  1500 00002  1600 00004  1700 00000T 2500 00052  
HPD02301002HPCPHI20100800060051100 00000T 1200 00000T 2300 00002  2400 00001  2500 00003  
HPD02301002HPCPHI20100800070150100 00021  0200 00001  0500 00007  0600 00002  0800 00003  0900 00044  1000 00007  1100 00005  1200 00001  1300 00004  1400 00003  1500 00007  1600 00003  1700 00000T 2500 00108  
HPD02301002HPCPHI20100800080021800 00000T 2500 00000T 
HPD02301002HPCPHI20100800090021400 00000T 2500 00000T 
HPD02301002HPCPHI20100800150032200 00011  2300 00000T 2500 00011  
HPD02301002HPCPHI20100800160041500 00024  1600 00009  1700 00000T 2500 00033  
HPD02301002HPCPHI20100800170031500 00000T 1600 00000T 2500 00000T 
HPD02301002HPCPHI20100800180060100 00000T 0200 00003  0300 00002  0400 00000T 0900 00000T 2500 00005  
HPD02301002HPCPHI20100800230031200 00014  1300 00101  2500 00115  
HPD02301002HPCPHI20100800280040500 00001  0600 00004  2200 00000T 2500 00005  
HPD02301002HPCPHI20100800290031100 00000T 1400 00000T 2500 00000T 
HPD02301002HPCPHI20100900010020100 00000g 2500 00000  
HPD02301002HPCPHI20100900070050700 00003  0800 00000T 0900 00027  1000 00000T 2500 00030  
HPD02301002HPCPHI20100900080040900 00000T 1000 00000T 1200 00000T 2500 00000T 
HPD02301002HPCPHI20100900200020800 00000T 2500 00000T 
HPD02301002HPCPHI20100900220120300 00000T 0500 00000T 0600 00023  0700 00018  0800 00002  0900 00001  1200 00000T 1300 00000T 1800 00000T 1900 00005  2000 00000T 2500 00049  
HPD02301002HPCPHI20101000010020100 00000g 2500 00000  
HPD02301002HPCPHI20101000020041600 00000T 1700 00000T 1900 00000T 2500 00000T 
HPD02301002HPCPHI20101000030070300 00000T 0400 00000T 1600 00000T 1700 00000T 1900 00001  2000 00000T 2500 00001  
HPD02301002HPCPHI20101000040130500 00000T 1100 00000T 1200 00000T 1400 00000T 1500 00000T 1700 00000T 1800 00019  1900 00019  2000 00003  2200 00011  2300 00001  2400 00000T 2500 00053  
HPD02301002HPCPHI20101000050150600 00012  0700 00004  0800 00000T 1200 00000T 1300 00000T 1500 00005  1600 00037  1700 00006  1800 00010  1900 00011  2000 00006  2200 00000T 2300 00012  2400 00001  2500 00104  
HPD02301002HPCPHI20101000060190100 00001  0200 00016  0300 00008  0400 00000T 0500 00000T 0800 00000T 0900 00000T 1000 00003  1100 00028  1200 00013  1300 00008  1400 00007  1500 00000T 1600 00000T 1700 00002  1800 00001  1900 00000T 2000 00000T 2500 00087  
HPD02301002HPCPHI20101000170031800 00002  1900 00004  2500 00006  
HPD02301002HPCPHI20101000180030300 00000T 2200 00001  2500 00001  
HPD02301002HPCPHI20101000190032200 00000T 2300 00000T 2500 00000T 
HPD02301002HPCPHI20101000200120500 00001  0600 00002  0700 00000T 0800 00000T 0900 00007  1000 00001  1300 00000T 1400 00000T 1600 00000T 2000 00000T 2100 00007  2500 00018  
HPD02301002HPCPHI20101000210060700 00000T 1500 00001  1600 00007  1700 00002  2300 00000T 2500 00010  
HPD02301002HPCPHI20101000220140400 00000T 0900 00000T 1000 00001  1200 00000T 1500 00002  1600 00000T 1700 00000T 1800 00000T 1900 00001  2000 00000T 2100 00003  2200 00005  2300 00000T 2500 00012  
HPD02301002HPCPHI20101000230030400 00000T 0500 00001  2500 00001  
HPD02301002HPCPHI20101000250031000 00000T 1100 00000T 2500 00000T 
HPD02301002HPCPHI20101100010020100 00000g 2500 00000  
HPD02301002HPCPHI20101100080091100 00000T 1600 00000T 1700 00001  1800 00000T 1900 00018  2000 00011  2200 00001  2300 00000T 2500 00031  
HPD02301002HPCPHI20101100100032300 00000T 2400 00000T 2500 00000T 
HPD02301002HPCPHI20101100200042200 00009  2300 00030  2400 00009  2500 00048  
HPD02301002HPCPHI20101100210230200 00000T 0400 00000T 0500 00002  0600 00005  0700 00006  0800 00002  0900 00004  1000 00009  1100 00005  1200 00010  1300 00007  1400 00007  1500 00002  1600 00002  1700 00005  1800 00000T 1900 00000T 2000 00005  2100 00001  2200 00003  2300 00002  2400 00001  2500 00078  
HPD02301002HPCPHI20101100220020100 00001  2500 00001  
HPD02301002HPCPHI20101100240091500 00000T 1600 00000T 1900 00001  2000 00001  2100 00000T 2200 00000T 2300 00000T 2400 00001  2500 00003  
HPD02301002HPCPHI20101100250030100 00000T 0200 00000T 2500 00000T 
HPD02301002HPCPHI20101100280160500 00000T 0600 00000T 0700 00001  0800 00005  0900 00002  1000 00000T 1100 00002  1200 00000T 1300 00003  1400 00000T 1500 00004  1600 00000T 1700 00000T 1800 00001  1900 00000T 2500 00018  
HPD02301002HPCPHI20101100290030900 00000T 1000 00000T 2500 00000T 
HPD02301002HPCPHI20101200010020100 00000g 2500 00000  
HPD02301002HPCPHI20101200150061100 00000T 1200 00002  1300 00000T 1400 00003  1500 00001  2500 00006  
HPD02301002HPCPHI20101200160210100 00000T 0200 00000T 0300 00000T 0400 00000T 0500 00002  0600 00004  0700 00003  0800 00003  0900 00003  1000 00004  1100 00004  1200 00006  1300 00006  1400 00007  1500 00006  1600 00006  1700 00003  1800 00001  1900 00001  2000 00000T 2500 00059  
HPD02301002HPCPHI20101200170090400 00000T 0500 00000T 1500 00000T 1600 00000T 1700 00000T 2200 00000T 2300 00002  2400 00001  2500 00003  
HPD02301002HPCPHI20101200180170100 00000T 0200 00000T 0300 00000T 0400 00001  0500 00001  0600 00002  0700 00000T 0800 00000T 0900 00001  1000 00000T 1100 00000T 1200 00000T 1300 00000T 1400 00001  1700 00000T 1800 00001  2500 00007  
HPD02301002HPCPHI20101200190120400 00001  0500 00001  0600 00001  0700 00000T 0900 00000T 1000 00001  1100 00002  1200 00000T 1300 00000T 1400 00000T 1500 00000T 2500 00006  
HPD02301002HPCPHI20101200210141200 00000T 1300 00004  1400 00006  1500 00010  1600 00007  1700 00005  1800 00007  1900 00008  2000 00004  2100 00001  2200 00001  2300 00000T 2400 00001  2500 00054  
HPD02301002HPCPHI20101200220190100 00002  0200 00001  0400 00000T 0500 00000T 0700 00000T 0800 00000T 0900 00000T 1400 00000T 1500 00000T 1600 00001  1700 00003  1800 00003  1900 00019  2000 00018  2100 00018  2200 00015  2300 00010  2400 00011  2500 00101  
HPD02301002HPCPHI20101200230110100 00007  0200 00008  0300 00007  0400 00005  0700 00001  0800 00001  0900 00002  1000 00001  1200 00000T 1400 00000T 2500 00032  
HPD02301002HPCPHI20101200290200600 00000T 0700 00000T 0800 00001  0900 00001  1000 00001  1100 00002  1200 00001  1300 00004  1400 00004  1500 00003  1600 00002  1700 00004  1800 00002  1900 00001  2000 00001  2100 00001  2200 00001  2300 00001  2400 00001  2500 00031  
HPD02301002HPCPHI20101200300240100 00004  0200 00001  0300 00010  0400 00004  0500 00002  0600 00004  0700 00000T 0800 00003  0900 00001  1000 00002  1100 00004  1200 00002  1300 00001  1400 00000T 1500 00002  1600 00000T 1700 00000T 1800 00001  1900 00000T 2000 00000T 2100 00000T 2200 00000T 2300 00000T 2500 00041  
HPD02301002HPCPHI20101200310060300 00000T 0400 00000T 0500 00000T 0600 00000T 0700 00000T 2500 00000T 
