HPD02759307HPCPHT20010100010020100 00000g 2500 00000  
HPD02759307HPCPHT20010100060031400 00030  1600 00010  2500 00040  
HPD02759307HPCPHT20010100080042000 00010  2300 00010  2400 00010  2500 00030  
HPD02759307HPCPHT20010100090040300 00010  1400 00010  1500 00010  2500 00030  
HPD02759307HPCPHT20010100120031300 00010  1400 00010  2500 00020  
HPD02759307HPCPHT20010100130031100 00020  1200 00020  2500 00040  
HPD02759307HPCPHT20010100160031200 00010  1700 00010  2500 00020  
HPD02759307HPCPHT20010100270031100 00010  1400 00010  2500 00020  
HPD02759307HPCPHT20010100280041200 00010  1400 00010  2300 00010  2500 00030  
HPD02759307HPCPHT20010200010020100 00000g 2500 00000  
HPD02759307HPCPHT20010200080021000 00010  2500 00010  
HPD02759307HPCPHT20010200090020900 00020  2500 00020  
HPD02759307HPCPHT20010200140021600 00010  2500 00010  
HPD02759307HPCPHT20010200240020800 00010  2500 00010  
HPD02759307HPCPHT20010200270042100 00020  2200 00010  2300 00010  2500 00040  
HPD02759307HPCPHT20010300010020100 00000g 2500 00000  
HPD02759307HPCPHT20010300070090900 00010  1000 00020  1100 00020  1200 00030  1300 00020  1400 00010  1600 00010  2200 00010  2500 00130  
HPD02759307HPCPHT20010300130041600 00010  2200 00010  2300 00010  2500 00030  
HPD02759307HPCPHT20010400010030100 00000g 1800 99999[ 2500 00000I 
HPD02759307HPCPHT20010400300022400 99999] 2500 00000I 
HPD02759307HPCPHT20010500010020100 00000g 2500 00000  
HPD02759307HPCPHT20010500110021700 99999{ 2500 00000P 
HPD02759307HPCPHT20010500130021700 99999} 2500 00000P 
HPD02759307HPCPHT20010500190030600 00020  0700 00010  2500 00030  
HPD02759307HPCPHT20010500300021100 99999[ 2500 00000I 
HPD02759307HPCPHT20010500310022400 99999] 2500 00000I 
HPD02759307HPCPHT20010600010020100 00000g 2500 00000  
HPD02759307HPCPHT20010600200031800 00010  1900 99999a 2500 00010I 
HPD02759307HPCPHT20010600280021300 00060A 2500 00060P 
HPD02759307HPCPHT20010700010020100 00000g 2500 00000  
HPD02759307HPCPHT20010700020022100 00010  2500 00010  
HPD02759307HPCPHT20010700050031200 00010  1900 00010  2500 00020  
HPD02759307HPCPHT20010700070021000 00010  2500 00010  
HPD02759307HPCPHT20010700090021400 00010  2500 00010  
HPD02759307HPCPHT20010700110021500 00010  2500 00010  
HPD02759307HPCPHT20010700120041400 00030  1500 00120  1600 00020  2500 00170  
HPD02759307HPCPHT20010700140041300 00170  1400 00050  1500 00030  2500 00250  
HPD02759307HPCPHT20010700150021900 00010  2500 00010  
HPD02759307HPCPHT20010700160022300 00010  2500 00010  
HPD02759307HPCPHT20010700190031600 00150  1700 00010  2500 00160  
HPD02759307HPCPHT20010700230020300 00010  2500 00010  
HPD02759307HPCPHT20010700240021900 00010  2500 00010  
HPD02759307HPCPHT20010700250021700 00010  2500 00010  
HPD02759307HPCPHT20010700260021500 00010  2500 00010  
HPD02759307HPCPHT20010700290021600 00010  2500 00010  
HPD02759307HPCPHT20010800010020100 00000g 2500 00000  
HPD02759307HPCPHT20010800020021800 00010  2500 00010  
HPD02759307HPCPHT20010800030021700 00040  2500 00040  
HPD02759307HPCPHT20010800040032000 00030  2100 00020  2500 00050  
HPD02759307HPCPHT20010800090020600 00010  2500 00010  
HPD02759307HPCPHT20010800100031400 00030  1700 00010  2500 00040  
HPD02759307HPCPHT20010800130022400 00010  2500 00010  
HPD02759307HPCPHT20010800150021100 00010  2500 00010  
HPD02759307HPCPHT20010800160030600 00030  2200 00050  2500 00080  
HPD02759307HPCPHT20010800170022000 00030  2500 00030  
HPD02759307HPCPHT20010800180021100 00010  2500 00010  
HPD02759307HPCPHT20010800190031400 00010  1500 00010  2500 00020  
HPD02759307HPCPHT20010800290021600 00010  2500 00010  
HPD02759307HPCPHT20010900010020100 00000g 2500 00000  
HPD02759307HPCPHT20010900120021900 00020  2500 00020  
HPD02759307HPCPHT20010900130020800 00010  2500 00010  
HPD02759307HPCPHT20010900140080300 00010  0400 00030  0500 00040  0600 00030  0700 00020  0800 00010  0900 00010  2500 00150  
HPD02759307HPCPHT20010900300051700 00010  2000 00010  2300 00010  2400 00010  2500 00040  
HPD02759307HPCPHT20011000010020100 00000g 2500 00000  
HPD02759307HPCPHT20011000030032000 00010  2200 00010  2500 00020  
HPD02759307HPCPHT20011000060031400 00030  1900 00010  2500 00040  
HPD02759307HPCPHT20011000080041000 00010  1600 00010  1700 00030  2500 00050  
HPD02759307HPCPHT20011000310031700 99999[ 2400 99999] 2500 00000I 
HPD02759307HPCPHT20011100010020100 00000g 2500 00000  
HPD02759307HPCPHT20011100050020400 00010  2500 00010  
HPD02759307HPCPHT20011100060021100 00010  2500 00010  
HPD02759307HPCPHT20011100130031800 00010  2200 00010  2500 00020  
HPD02759307HPCPHT20011200010020100 00000g 2500 00000  
HPD02759307HPCPHT20011200040051300 00010  1400 00020  1500 00030  1600 00020  2500 00080  
HPD02759307HPCPHT20011200050021100 00010  2500 00010  
HPD02759307HPCPHT20011200110040900 00010  1100 00020  1600 00040  2500 00070  
HPD02759307HPCPHT20011200120021300 00020  2500 00020  
HPD02759307HPCPHT20011200130031200 00020  1300 00020  2500 00040  
HPD02759307HPCPHT20011200150021400 00040  2500 00040  
HPD02759307HPCPHT20011200160031200 00010  1300 00020  2500 00030  
