HPD02157402HPCPHT20100100010020100 00000g 2500 00000  
HPD02157402HPCPHT20100100140020300 00010  2500 00010  
HPD02157402HPCPHT20100100190070500 00010  2000 00010  2100 00010  2200 00020  2300 00030  2400 00030  2500 00110  
HPD02157402HPCPHT20100100200021600 00010  2500 00010  
HPD02157402HPCPHT20100100210220400 00010  0500 00010  0600 00020  0700 00010  0800 00020  0900 00010  1000 00010  1100 00010  1200 00020  1300 00010  1400 00010  1500 00020  1600 00010  1700 00010  1800 00040  1900 00020  2000 00020  2100 00020  2200 00020  2300 00020  2400 00010  2500 00330  
HPD02157402HPCPHT20100100220090100 00010  0300 00010  0500 00010  0700 00010  0900 00010  1100 00010  1600 00010  2000 00010  2500 00080  
HPD02157402HPCPHT20100100230030100 00010  1500 00020  2500 00030  
HPD02157402HPCPHT20100100240021400 00010  2500 00010  
HPD02157402HPCPHT20100100270021600 00010  2500 00010  
HPD02157402HPCPHT20100100280030100 00010  1500 00010  2500 00020  
HPD02157402HPCPHT20100200010020100 00000g 2500 00000  
HPD02157402HPCPHT20100200070030700 00010  1700 00010  2500 00020  
HPD02157402HPCPHT20100200110021400 00010  2500 00010  
HPD02157402HPCPHT20100200180021200 00010  2500 00010  
HPD02157402HPCPHT20100200210022400 00010  2500 00010  
HPD02157402HPCPHT20100200220070500 00010  0900 00010  1100 00010  1200 00010  1300 00010  1600 00010  2500 00060  
HPD02157402HPCPHT20100300010030100 00000g 1300 00010  2500 00010  
HPD02157402HPCPHT20100300040021500 00010  2500 00010  
HPD02157402HPCPHT20100300050031300 00020  1500 00010  2500 00030  
HPD02157402HPCPHT20100300060031100 00010  1300 00010  2500 00020  
HPD02157402HPCPHT20100300070080100 00010  0400 00010  0500 00010  0700 00010  1500 00010  1600 00010  2300 00010  2500 00070  
HPD02157402HPCPHT20100300080021000 00010  2500 00010  
HPD02157402HPCPHT20100300090041200 00010  1500 00020  2000 00010  2500 00040  
HPD02157402HPCPHT20100300110021300 00010  2500 00010  
HPD02157402HPCPHT20100300140030300 99999[ 0400 99999] 2500 00000I 
HPD02157402HPCPHT20100300190031300 00010  1400 00010  2500 00020  
HPD02157402HPCPHT20100300200021300 00010  2500 00010  
HPD02157402HPCPHT20100300210021200 00010  2500 00010  
HPD02157402HPCPHT20100300220031100 00010  1200 00010  2500 00020  
HPD02157402HPCPHT20100300230021600 00010  2500 00010  
HPD02157402HPCPHT20100300250021800 00010  2500 00010  
HPD02157402HPCPHT20100300280021700 00010  2500 00010  
HPD02157402HPCPHT20100300290031100 00010  1200 00010  2500 00020  
HPD02157402HPCPHT20100400010020100 00000g 2500 00000  
HPD02157402HPCPHT20100500010030100 00000g 0200 00010  2500 00010  
HPD02157402HPCPHT20100500030021500 00010  2500 00010  
HPD02157402HPCPHT20100600010020100 00000g 2500 00000  
HPD02157402HPCPHT20100600290021400 00010  2500 00010  
HPD02157402HPCPHT20100600300021400 00010  2500 00010  
HPD02157402HPCPHT20100700010030100 00000g 1200 00010  2500 00010  
HPD02157402HPCPHT20100700020021400 00010  2500 00010  
HPD02157402HPCPHT20100700100041300 00010  1400 00010  1800 00010  2500 00030  
HPD02157402HPCPHT20100700160021400 00010  2500 00010  
HPD02157402HPCPHT20100700170021200 00010  2500 00010  
HPD02157402HPCPHT20100700200031400 00110  1700 00020  2500 00130  
HPD02157402HPCPHT20100700210021200 00010  2500 00010  
HPD02157402HPCPHT20100700220031400 00070  1600 00010  2500 00080  
HPD02157402HPCPHT20100700230031200 00010  1400 00010  2500 00020  
HPD02157402HPCPHT20100700240021000 00010  2500 00010  
HPD02157402HPCPHT20100700250021500 00010  2500 00010  
HPD02157402HPCPHT20100700270021700 00030  2500 00030  
HPD02157402HPCPHT20100700280022000 00010  2500 00010  
HPD02157402HPCPHT20100700300031400 00010  1500 00020  2500 00030  
HPD02157402HPCPHT20100700310040100 00010  1300 00010  1400 00020  2500 00040  
HPD02157402HPCPHT20100800010020100 00000g 2500 00000  
HPD02157402HPCPHT20100800060032100 00010  2200 00030  2500 00040  
HPD02157402HPCPHT20100800070031400 00020  1500 00010  2500 00030  
HPD02157402HPCPHT20100800080021100 00010  2500 00010  
HPD02157402HPCPHT20100800150041900 00040  2200 00020  2300 00010  2500 00070  
HPD02157402HPCPHT20100800180020100 00010  2500 00010  
HPD02157402HPCPHT20100800210022000 00010  2500 00010  
HPD02157402HPCPHT20100800220020400 00010  2500 00010  
HPD02157402HPCPHT20100800230021600 00010  2500 00010  
HPD02157402HPCPHT20100900010030100 00000g 1000 00010  2500 00010  
HPD02157402HPCPHT20100900100021000 00010  2500 00010  
HPD02157402HPCPHT20100900220080100 00060  0500 00030  0600 00020  0700 00020  0800 00010  0900 00010  2100 00010  2500 00160  
HPD02157402HPCPHT20100900230022000 00010  2500 00010  
HPD02157402HPCPHT20101000010030100 00000g 1000 00010  2500 00010  
HPD02157402HPCPHT20101000020022300 00010  2500 00010  
HPD02157402HPCPHT20101000040022100 00010  2500 00010  
HPD02157402HPCPHT20101000050070800 00010  1400 00010  1700 00010  1800 00010  2200 00010  2300 00010  2500 00060  
HPD02157402HPCPHT20101000170021100 00010  2500 00010  
HPD02157402HPCPHT20101000180021400 00010  2500 00010  
HPD02157402HPCPHT20101000210021500 00010  2500 00010  
HPD02157402HPCPHT20101100010020100 00000g 2500 00000  
HPD02157402HPCPHT20101100030021100 00020  2500 00020  
HPD02157402HPCPHT20101100040021200 00010  2500 00010  
HPD02157402HPCPHT20101100090020600 00010  2500 00010  
HPD02157402HPCPHT20101100210060900 00010  1300 00010  1500 00010  1600 00010  1900 00010  2500 00050  
HPD02157402HPCPHT20101100250020100 00010  2500 00010  
HPD02157402HPCPHT20101100280021800 00010  2500 00010  
HPD02157402HPCPHT20101200010020100 00000g 2500 00000  
HPD02157402HPCPHT20101200020021200 00010  2500 00010  
HPD02157402HPCPHT20101200160031500 00010  1800 00010  2500 00020  
HPD02157402HPCPHT20101200200031300 00010  1500 00010  2500 00020  
HPD02157402HPCPHT20101200210022200 00010  2500 00010  
HPD02157402HPCPHT20101200220051100 00010  2200 00010  2300 00020  2400 00010  2500 00050  
HPD02157402HPCPHT20101200230050100 00010  0200 00010  0300 00010  1300 00010  2500 00040  
HPD02157402HPCPHT20101200290022300 00010  2500 00010  
HPD02157402HPCPHT20101200300080200 00010  0300 00010  0400 00010  0500 00010  0600 00010  0900 00010  1300 00010  2500 00070  
HPD02157402HPCPHT20101200310020500 00010  2500 00010  
