HPD02592407HPCPHT20030100010020100 99999[ 2500 00000I 
HPD02592407HPCPHT20030100080021200 99999] 2500 00000I 
HPD02592407HPCPHT20030100270021400 00010  2500 00010  
HPD02592407HPCPHT20030200010020100 00000g 2500 00000  
HPD02592407HPCPHT20030200130060600 00010  0700 00010  0900 00010  1000 00010  1300 00010  2500 00050  
HPD02592407HPCPHT20030200140020500 00010  2500 00010  
HPD02592407HPCPHT20030200200041900 00010  2000 00010  2200 00010  2500 00030  
HPD02592407HPCPHT20030200250041800 00010  2300 00020  2400 00010  2500 00040  
HPD02592407HPCPHT20030200260031300 00010  2200 00010  2500 00020  
HPD02592407HPCPHT20030300010020100 00000g 2500 00000  
HPD02592407HPCPHT20030300020021500 00010  2500 00010  
HPD02592407HPCPHT20030300050021600 00030  2500 00030  
HPD02592407HPCPHT20030300060021000 00010  2500 00010  
HPD02592407HPCPHT20030300170041400 00010  2000 00010  2300 00010  2500 00030  
HPD02592407HPCPHT20030400010020100 00000g 2500 00000  
HPD02592407HPCPHT20030500010020100 00000g 2500 00000  
HPD02592407HPCPHT20030500290021900 00010  2500 00010  
HPD02592407HPCPHT20030600010020100 00000g 2500 00000  
HPD02592407HPCPHT20030600070021100 00010  2500 00010  
HPD02592407HPCPHT20030700010020100 00000g 2500 00000  
HPD02592407HPCPHT20030700100031000 99999[ 1400 99999] 2500 00000I 
HPD02592407HPCPHT20030700110031600 00050  2300 00010  2500 00060  
HPD02592407HPCPHT20030700120052000 00040  2100 00010  2200 00020  2300 00010  2500 00080  
HPD02592407HPCPHT20030700130022100 00020  2500 00020  
HPD02592407HPCPHT20030700140021600 00010  2500 00010  
HPD02592407HPCPHT20030700160021500 00010  2500 00010  
HPD02592407HPCPHT20030700170021800 00010  2500 00010  
HPD02592407HPCPHT20030700180040600 00010  0700 00020  0800 00010  2500 00040  
HPD02592407HPCPHT20030700190031100 00010  1900 00010  2500 00020  
HPD02592407HPCPHT20030700200042200 00040  2300 00020  2400 00010  2500 00070  
HPD02592407HPCPHT20030700210022400 00010  2500 00010  
HPD02592407HPCPHT20030700220020300 00010  2500 00010  
HPD02592407HPCPHT20030700240021700 00010  2500 00010  
HPD02592407HPCPHT20030700250040500 00010  1600 00010  2100 00010  2500 00030  
HPD02592407HPCPHT20030700260020900 00010  2500 00010  
HPD02592407HPCPHT20030700270030300 00010  0500 00010  2500 00020  
HPD02592407HPCPHT20030700280021800 00010  2500 00010  
HPD02592407HPCPHT20030700290040600 00010  1000 00010  1900 00010  2500 00030  
HPD02592407HPCPHT20030700310032100 00010  2200 00010  2500 00020  
HPD02592407HPCPHT20030800010030100 00000g 0200 00010  2500 00010  
HPD02592407HPCPHT20030800080020700 00010  2500 00010  
HPD02592407HPCPHT20030800100021200 99999[ 2500 00000I 
HPD02592407HPCPHT20030800310022400 99999] 2500 00000I 
HPD02592407HPCPHT20030900010020100 99999[ 2500 00000I 
HPD02592407HPCPHT20030900300022400 99999] 2500 00000I 
HPD02592407HPCPHT20031000010030100 00000g 0200 99999[ 2500 00000I 
HPD02592407HPCPHT20031000120021400 99999] 2500 00000I 
HPD02592407HPCPHT20031000150021900 00030  2500 00030  
HPD02592407HPCPHT20031100010020100 00000g 2500 00000  
HPD02592407HPCPHT20031100110021500 00010  2500 00010  
HPD02592407HPCPHT20031100120080200 00010  0300 00010  0500 00010  2100 00010  2200 00020  2300 00010  2400 00020  2500 00090  
HPD02592407HPCPHT20031100180031100 99999{ 1200 99999} 2500 00000P 
HPD02592407HPCPHT20031200010020100 99999[ 2500 00000I 
HPD02592407HPCPHT20031200310022400 99999] 2500 00000I 
