HPD02834906HPCPHT20060100010020100 99999{ 2500 00000P 
HPD02834906HPCPHT20060100110020900 99999} 2500 00000P 
HPD02834906HPCPHT20060200010020100 00000g 2500 00000  
HPD02834906HPCPHT20060200090021500 00010  2500 00010  
HPD02834906HPCPHT20060300010020100 00000g 2500 00000  
HPD02834906HPCPHT20060300100021100 00010  2500 00010  
HPD02834906HPCPHT20060300110060800 00010  0900 00010  1000 00010  1100 00010  1200 00010  2500 00050  
HPD02834906HPCPHT20060300120081100 00010  1400 00010  1500 00020  1600 00030  1700 00020  1800 00010  2000 00010  2500 00110  
HPD02834906HPCPHT20060300130071100 00010  1200 00020  1300 00020  1400 00020  1500 00020  1600 00010  2500 00100  
HPD02834906HPCPHT20060300190041300 00020  1500 00010  2200 00010  2500 00040  
HPD02834906HPCPHT20060300200020600 00010  2500 00010  
HPD02834906HPCPHT20060300210022000 00010  2500 00010  
HPD02834906HPCPHT20060300290042100 00010  2200 00010  2400 00010  2500 00030  
HPD02834906HPCPHT20060400010040100 00000g 0800 99999[ 1200 99999] 2500 00000I 
HPD02834906HPCPHT20060500010020100 00000g 2500 00000  
HPD02834906HPCPHT20060500090021500 99999{ 2500 00000P 
HPD02834906HPCPHT20060500310022400 99999} 2500 00000P 
HPD02834906HPCPHT20060600010020100 99999{ 2500 00000P 
HPD02834906HPCPHT20060600130021400 99999} 2500 00000P 
HPD02834906HPCPHT20060600290021800 00020  2500 00020  
HPD02834906HPCPHT20060700010030100 00000g 2000 00020  2500 00020  
HPD02834906HPCPHT20060700050030300 00010  0500 00010  2500 00020  
HPD02834906HPCPHT20060700070031300 00020  1400 00010  2500 00030  
HPD02834906HPCPHT20060700190021800 00030  2500 00030  
HPD02834906HPCPHT20060700250022300 00020  2500 00020  
HPD02834906HPCPHT20060700260020300 00010  2500 00010  
HPD02834906HPCPHT20060700270040700 00010  0800 00130  0900 00020  2500 00160  
HPD02834906HPCPHT20060700280021700 00010  2500 00010  
HPD02834906HPCPHT20060700290022400 00010  2500 00010  
HPD02834906HPCPHT20060700300050100 00020  0300 00010  0400 00010  0500 00010  2500 00050  
HPD02834906HPCPHT20060700310030700 00010  0800 00030  2500 00040  
HPD02834906HPCPHT20060800010050100 00000g 0200 00010  0300 00010  0900 00040  2500 00060  
HPD02834906HPCPHT20060800060021600 00010  2500 00010  
HPD02834906HPCPHT20060800070021800 00090  2500 00090  
HPD02834906HPCPHT20060800090030300 00030  0800 00010  2500 00040  
HPD02834906HPCPHT20060800120040200 00010  0300 00030  0400 00010  2500 00050  
HPD02834906HPCPHT20060800310021700 00010  2500 00010  
HPD02834906HPCPHT20060900010020100 00000g 2500 00000  
HPD02834906HPCPHT20060900020051800 00020  2100 00030  2200 00010  2400 00010  2500 00070  
HPD02834906HPCPHT20060900070031000 00020  1100 00010  2500 00030  
HPD02834906HPCPHT20060900110021500 99999[ 2500 00000I 
HPD02834906HPCPHT20060900300022400 99999] 2500 00000I 
HPD02834906HPCPHT20061000010020100 99999[ 2500 00000I 
HPD02834906HPCPHT20061000310022400 99999] 2500 00000I 
HPD02834906HPCPHT20061100010020100 00000g 2500 00000  
HPD02834906HPCPHT20061100060021100 99999{ 2500 00000P 
HPD02834906HPCPHT20061100300022400 99999} 2500 00000P 
HPD02834906HPCPHT20061200010020100 99999{ 2500 00000P 
HPD02834906HPCPHT20061200040021500 99999} 2500 00000P 
HPD02834906HPCPHT20061200170021200 00010  2500 00010  
HPD02834906HPCPHT20061200280050300 00010  0600 00010  1100 00010  2400 00010  2500 00040  
