HPD02077507HPCPHT20040100010020100 00000g 2500 00000  
HPD02077507HPCPHT20040100030021200 99999[ 2500 00000I 
HPD02077507HPCPHT20040100310022400 99999] 2500 00000I 
HPD02077507HPCPHT20040200010020100 99999[ 2500 00000I 
HPD02077507HPCPHT20040200290022400 99999] 2500 00000I 
HPD02077507HPCPHT20040300010020100 99999[ 2500 00000I 
HPD02077507HPCPHT20040300310022400 99999] 2500 00000I 
HPD02077507HPCPHT20040400010020100 99999[ 2500 00000I 
HPD02077507HPCPHT20040400150021200 99999] 2500 00000I 
HPD02077507HPCPHT20040500010020100 00000g 2500 00000  
HPD02077507HPCPHT20040600010020100 00000g 2500 00000  
HPD02077507HPCPHT20040600210031800 00010  2200 00010  2500 00020  
HPD02077507HPCPHT20040600290020600 00010  2500 00010  
HPD02077507HPCPHT20040700010030100 00000g 2100 99999{ 2500 00000P 
HPD02077507HPCPHT20040700310041900 99999} 2000 99999[ 2400 99999] 2500 00000P 
HPD02077507HPCPHT20040800010020100 00000g 2500 00000  
HPD02077507HPCPHT20040800020022000 00010  2500 00010  
HPD02077507HPCPHT20040800030041300 00010  1500 00010  1600 00010  2500 00030  
HPD02077507HPCPHT20040800040022300 00010  2500 00010  
HPD02077507HPCPHT20040800060021000 00010  2500 00010  
HPD02077507HPCPHT20040800120022400 00040  2500 00040  
HPD02077507HPCPHT20040800130022100 00010  2500 00010  
HPD02077507HPCPHT20040800140021400 00010  2500 00010  
HPD02077507HPCPHT20040800150030700 00010  1600 00030  2500 00040  
HPD02077507HPCPHT20040800160021300 00010  2500 00010  
HPD02077507HPCPHT20040800170021000 00010  2500 00010  
HPD02077507HPCPHT20040900010020100 00000g 2500 00000  
HPD02077507HPCPHT20040900030020500 00020  2500 00020  
HPD02077507HPCPHT20040900040021500 00010  2500 00010  
HPD02077507HPCPHT20040900170022300 00020  2500 00020  
HPD02077507HPCPHT20040900180040800 00010  0900 00010  1300 00010  2500 00030  
HPD02077507HPCPHT20040900190100800 00060 R0900 00010  1100 00020  1400 00020  1600 00020  1700 00030  1800 00010  1900 00010  2000 00010  2500 00190 R
HPD02077507HPCPHT20040900240021300 00010  2500 00010  
HPD02077507HPCPHT20040900250021800 00010  2500 00010  
HPD02077507HPCPHT20040900260021600 00010  2500 00010  
HPD02077507HPCPHT20041000010020100 00000g 2500 00000  
HPD02077507HPCPHT20041000210021900 00010  2500 00010  
HPD02077507HPCPHT20041000260041500 00010  1700 00010  1800 00020  2500 00040  
HPD02077507HPCPHT20041100010020100 00000g 2500 00000  
HPD02077507HPCPHT20041100070031000 00010  2000 00010  2500 00020  
HPD02077507HPCPHT20041100130022400 00010  2500 00010  
HPD02077507HPCPHT20041100140030700 00010  0800 00010  2500 00020  
HPD02077507HPCPHT20041100150020700 00010  2500 00010  
HPD02077507HPCPHT20041100220051200 00010  1900 00010  2000 00010  2200 00010  2500 00040  
HPD02077507HPCPHT20041200010020100 00000g 2500 00000  
HPD02077507HPCPHT20041200040041500 00010  1600 00010  1800 00010  2500 00030  
HPD02077507HPCPHT20041200050020100 00010  2500 00010  
HPD02077507HPCPHT20041200060050200 00010  0300 00010  0900 00010  1100 00010  2500 00040  
HPD02077507HPCPHT20041200290041900 00010  2200 00010  2400 00010  2500 00030  
HPD02077507HPCPHT20041200300020400 00010  2500 00010  
