HPD02592407HPCPHT20010100010020100 00000g 2500 00000  
HPD02592407HPCPHT20010100060040800 00010  1300 00030  1400 00010  2500 00050  
HPD02592407HPCPHT20010100090021300 00010  2500 00010  
HPD02592407HPCPHT20010100120031500 00010  1600 00010  2500 00020  
HPD02592407HPCPHT20010100160030800 00010  1000 00010  2500 00020  
HPD02592407HPCPHT20010100260021100 00010  2500 00010  
HPD02592407HPCPHT20010100270080800 00010  1100 00010  1200 00010  1300 00010  1600 00010  1700 00010  1900 00010  2500 00070  
HPD02592407HPCPHT20010100280031000 00010  1100 00020  2500 00030  
HPD02592407HPCPHT20010200010020100 00000g 2500 00000  
HPD02592407HPCPHT20010200080021200 00010  2500 00010  
HPD02592407HPCPHT20010200240021400 00010  2500 00010  
HPD02592407HPCPHT20010200280020200 00010  2500 00010  
HPD02592407HPCPHT20010300010020100 00000g 2500 00000  
HPD02592407HPCPHT20010300070070800 00010  0900 00010  1000 00020  1100 00020  1300 00010  1500 00010  2500 00080  
HPD02592407HPCPHT20010300080021300 00010  2500 00010  
HPD02592407HPCPHT20010300130021900 00010  2500 00010  
HPD02592407HPCPHT20010300140021500 00010  2500 00010  
HPD02592407HPCPHT20010400010020100 00000g 2500 00000  
HPD02592407HPCPHT20010400050071900 00010  2000 00020  2100 00020  2200 00010  2300 00020  2400 00020  2500 00100  
HPD02592407HPCPHT20010400060060100 00020  0200 00010  0500 00010  0800 00010  1000 00010  2500 00060  
HPD02592407HPCPHT20010500010020100 00000g 2500 00000  
HPD02592407HPCPHT20010500190021500 00010  2500 00010  
HPD02592407HPCPHT20010500250021100 00010  2500 00010  
HPD02592407HPCPHT20010500300031300 00000 q1400 99999[ 2500 00000P 
HPD02592407HPCPHT20010500310022400 99999] 2500 00000I 
HPD02592407HPCPHT20010600010020100 00000g 2500 00000  
HPD02592407HPCPHT20010600210032100 00010  2200 00010  2500 00020  
HPD02592407HPCPHT20010600220022200 00010  2500 00010  
HPD02592407HPCPHT20010600290021100 00010  2500 00010  
HPD02592407HPCPHT20010700010020100 00000g 2500 00000  
HPD02592407HPCPHT20010700030032000 00010  2100 00010  2500 00020  
HPD02592407HPCPHT20010700050041600 00030  1700 00070  2200 00010  2500 00110  
HPD02592407HPCPHT20010700140022200 00010  2500 00010  
HPD02592407HPCPHT20010700170040200 00010  0300 00020  0400 00010  2500 00040  
HPD02592407HPCPHT20010700180021500 00010  2500 00010  
HPD02592407HPCPHT20010700210020900 00010  2500 00010  
HPD02592407HPCPHT20010700270021700 00020  2500 00020  
HPD02592407HPCPHT20010700280022300 00010  2500 00010  
HPD02592407HPCPHT20010800010020100 00000g 2500 00000  
HPD02592407HPCPHT20010800020031000 99999{ 1100 99999} 2500 00000P 
HPD02592407HPCPHT20010800050021600 00070 R2500 00070 R
HPD02592407HPCPHT20010800080021900 00010  2500 00010  
HPD02592407HPCPHT20010800090020800 00010  2500 00010  
HPD02592407HPCPHT20010800120021300 00010  2500 00010  
HPD02592407HPCPHT20010800130042100 00020  2200 00010  2300 00010  2500 00040  
HPD02592407HPCPHT20010800140050900 00010  1700 00100  1800 00010  1900 00010  2500 00130  
HPD02592407HPCPHT20010800170041900 00030  2100 00010  2200 00010  2500 00050  
HPD02592407HPCPHT20010800190021900 00010  2500 00010  
HPD02592407HPCPHT20010800280040600 00170  0700 00010  1500 00010  2500 00190  
HPD02592407HPCPHT20010900010020100 00000g 2500 00000  
HPD02592407HPCPHT20010900040020800 99999{ 2500 00000P 
HPD02592407HPCPHT20010900050021300 99999} 2500 00000P 
HPD02592407HPCPHT20010900130020800 00010  2500 00010  
HPD02592407HPCPHT20010900280050800 00010  0900 00010  1200 00010  1300 00010  2500 00040  
HPD02592407HPCPHT20010900290020600 00010  2500 00010  
HPD02592407HPCPHT20011000010030100 00000g 0200 99999{ 2500 00000P 
HPD02592407HPCPHT20011000030020900 99999} 2500 00000P 
HPD02592407HPCPHT20011000060021500 00010  2500 00010  
HPD02592407HPCPHT20011000070020900 00010  2500 00010  
HPD02592407HPCPHT20011000080021000 00010  2500 00010  
HPD02592407HPCPHT20011000310031100 99999{ 2400 99999} 2500 00000P 
HPD02592407HPCPHT20011100010020100 00000g 2500 00000  
HPD02592407HPCPHT20011200010020100 00000g 2500 00000  
HPD02592407HPCPHT20011200040021000 00010  2500 00010  
HPD02592407HPCPHT20011200070030500 99999[ 0900 99999] 2500 00000I 
HPD02592407HPCPHT20011200110080700 00010  0800 00010  1200 00010  1600 00010  1800 00010  2000 00010  2100 00010  2500 00070  
HPD02592407HPCPHT20011200150031000 00010  1500 00010  2500 00020  
HPD02592407HPCPHT20011200160021400 00010  2500 00010  
