HPD02157402HPCPHT20040100010020100 00000g 2500 00000  
HPD02157402HPCPHT20040100030031400 00020  1500 99999{ 2500 00020P 
HPD02157402HPCPHT20040100070021300 99999} 2500 00000P 
HPD02157402HPCPHT20040100170021600 00010  2500 00010  
HPD02157402HPCPHT20040100210020300 00010  2500 00010  
HPD02157402HPCPHT20040100230031300 00010  1500 00010  2500 00020  
HPD02157402HPCPHT20040100300022300 00010  2500 00010  
HPD02157402HPCPHT20040200010020100 00000g 2500 00000  
HPD02157402HPCPHT20040200030020800 00010  2500 00010  
HPD02157402HPCPHT20040200040021800 00010  2500 00010  
HPD02157402HPCPHT20040200180021200 00010  2500 00010  
HPD02157402HPCPHT20040200230021100 00010  2500 00010  
HPD02157402HPCPHT20040200240020900 00010  2500 00010  
HPD02157402HPCPHT20040200260021400 00010  2500 00010  
HPD02157402HPCPHT20040200270021600 00010  2500 00010  
HPD02157402HPCPHT20040200280021300 00010  2500 00010  
HPD02157402HPCPHT20040200290020800 00010  2500 00010  
HPD02157402HPCPHT20040300010040100 00000g 0800 99999[ 1000 99999] 2500 00000I 
HPD02157402HPCPHT20040300050021100 00010  2500 00010  
HPD02157402HPCPHT20040300140021400 00010  2500 00010  
HPD02157402HPCPHT20040400010040100 00000g 0800 99999[ 1300 99999] 2500 00000I 
HPD02157402HPCPHT20040400060020700 00010  2500 00010  
HPD02157402HPCPHT20040400070030300 00010  2100 00010  2500 00020  
HPD02157402HPCPHT20040400100021500 00010  2500 00010  
HPD02157402HPCPHT20040400130021300 00010  2500 00010  
HPD02157402HPCPHT20040400170021100 00010  2500 00010  
HPD02157402HPCPHT20040400270020300 00010  2500 00010  
HPD02157402HPCPHT20040500010040100 00000g 0900 99999[ 1400 99999] 2500 00000I 
HPD02157402HPCPHT20040500200021500 99999[ 2500 00000I 
HPD02157402HPCPHT20040500310022400 99999] 2500 00000I 
HPD02157402HPCPHT20040600010020100 99999[ 2500 00000I 
HPD02157402HPCPHT20040600300022400 99999] 2500 00000I 
HPD02157402HPCPHT20040700010020100 00000g 2500 00000  
HPD02157402HPCPHT20040700150031400 00010 R2300 00010 R2500 00020 R
HPD02157402HPCPHT20040700160040300 00010 R0500 00010 R0800 00010 R2500 00030 R
HPD02157402HPCPHT20040700170020100 00010 R2500 00010 R
HPD02157402HPCPHT20040700190020700 00010 R2500 00010 R
HPD02157402HPCPHT20040700210020300 00030 R2500 00030 R
HPD02157402HPCPHT20040700260020300 00010 R2500 00010 R
HPD02157402HPCPHT20040700270040500 00010 R0600 00010 R2100 00010 R2500 00030 R
HPD02157402HPCPHT20040700290022400 00010 R2500 00010 R
HPD02157402HPCPHT20040800010020100 00000g 2500 00000  
HPD02157402HPCPHT20040800040060200 00030  0300 00030  0400 00040  0800 00010  2000 00010  2500 00120  
HPD02157402HPCPHT20040800050030300 00020  2200 00010  2500 00030  
HPD02157402HPCPHT20040800080022200 99999{ 2500 00000P 
HPD02157402HPCPHT20040800090031500 99999} 1600 99999{ 2500 00000P 
HPD02157402HPCPHT20040800240021100 99999} 2500 00000P 
HPD02157402HPCPHT20040900010040100 00000g 0800 99999[ 1400 99999] 2500 00000I 
HPD02157402HPCPHT20040900050021400 00010  2500 00010  
HPD02157402HPCPHT20040900180120700 00010  0800 00010  0900 00020  1000 00020  1100 00010  1300 00010  1500 00010  1700 00010  2000 00010  2100 00010  2400 00010  2500 00130  
HPD02157402HPCPHT20040900190030200 00020  0400 00010  2500 00030  
HPD02157402HPCPHT20040900270051600 00010  1700 00020  1800 00010  2000 00010  2500 00050  
HPD02157402HPCPHT20040900280020100 00010  2500 00010  
HPD02157402HPCPHT20040900300030400 99999{ 2400 99999} 2500 00000P 
HPD02157402HPCPHT20041000010050100 99999{ 1100 99999} 1200 99999[ 1500 99999] 2500 00000P 
HPD02157402HPCPHT20041000200021500 00010  2500 00010  
HPD02157402HPCPHT20041000210022000 00010  2500 00010  
HPD02157402HPCPHT20041000220040400 00010  1300 00010  1700 00010  2500 00030  
HPD02157402HPCPHT20041000270041300 00010  1400 00010  1600 00010  2500 00030  
HPD02157402HPCPHT20041000280070200 00010  1100 00010  1400 00010  1600 00010  1800 00010  2300 00010  2500 00060  
HPD02157402HPCPHT20041000290031400 00010  1700 00010  2500 00020  
HPD02157402HPCPHT20041100010030100 00000g 1800 00010  2500 00010  
HPD02157402HPCPHT20041100080050800 00010  0900 00010  1200 00010  1700 00010  2500 00040  
HPD02157402HPCPHT20041100090022100 00010  2500 00010  
HPD02157402HPCPHT20041100150022000 00010  2500 00010  
HPD02157402HPCPHT20041100160020500 00010  2500 00010  
HPD02157402HPCPHT20041100210071700 00040  1800 00010  1900 00010  2100 00010  2300 00010  2400 00010  2500 00090  
HPD02157402HPCPHT20041100220050200 00010  0500 00010  0700 00010  1500 00010  2500 00040  
HPD02157402HPCPHT20041100230050200 00010  1400 00010  1600 00010  1800 00010  2500 00040  
HPD02157402HPCPHT20041100240020400 00010  2500 00010  
HPD02157402HPCPHT20041100250021300 00010  2500 00010  
HPD02157402HPCPHT20041100270021200 00010  2500 00010  
HPD02157402HPCPHT20041200010020100 00000g 2500 00000  
HPD02157402HPCPHT20041200060031500 00010  1600 00010  2500 00020  
HPD02157402HPCPHT20041200070031300 00010  1600 00010  2500 00020  
HPD02157402HPCPHT20041200280042000 00010  2200 00010  2300 00010  2500 00030  
HPD02157402HPCPHT20041200290150100 00010  0300 00010  0400 00010  0500 00020  0600 00020  0700 00010  0800 00020  0900 00030  1000 00010  1100 00010  1200 00010  1300 00010  1600 00020  2300 00010  2500 00200  
HPD02157402HPCPHT20041200300021100 00010  2500 00010  
