HPD02080807HPCPHT20050100010030100 99999{ 0500 99999} 2500 00000P 
HPD02080807HPCPHT20050100020021300 00010  2500 00010  
HPD02080807HPCPHT20050100030080100 00010  0500 00010  1600 00010  1700 00010  1900 00010  2300 00020  2400 00010  2500 00080  
HPD02080807HPCPHT20050100040040100 00010  0400 00010  1600 00010  2500 00030  
HPD02080807HPCPHT20050100050030400 00010  1100 00010  2500 00020  
HPD02080807HPCPHT20050100110032200 00010  2400 00010  2500 00020  
HPD02080807HPCPHT20050100240020900 00010  2500 00010  
HPD02080807HPCPHT20050100260060900 00010  1200 00010  1800 00010  2200 00010  2300 00010  2500 00050  
HPD02080807HPCPHT20050100270070100 00010  0200 00010  0300 00010  0700 00010  0800 00010  1700 00010  2500 00060  
HPD02080807HPCPHT20050100290021800 00010  2500 00010  
HPD02080807HPCPHT20050100300020600 00010  2500 00010  
HPD02080807HPCPHT20050200010030100 00000g 1000 99999{ 2500 00000P 
HPD02080807HPCPHT20050200280022400 99999} 2500 00000P 
HPD02080807HPCPHT20050300010030100 99999{ 1100 99999} 2500 00000P 
HPD02080807HPCPHT20050300050032200 00010  2300 00010  2500 00020  
HPD02080807HPCPHT20050300060020300 00020  2500 00020  
HPD02080807HPCPHT20050300080021400 00010  2500 00010  
HPD02080807HPCPHT20050300200060600 00010  0900 00010  1000 00010  1200 00010  1700 00010  2500 00050  
HPD02080807HPCPHT20050300260021000 00010  2500 00010  
HPD02080807HPCPHT20050400010020100 00000g 2500 00000  
HPD02080807HPCPHT20050400230032200 00010  2300 00010  2500 00020  
HPD02080807HPCPHT20050400240040200 00020  0300 00010  0500 00010  2500 00040  
HPD02080807HPCPHT20050400250021500 00010  2500 00010  
HPD02080807HPCPHT20050400270031300 99999{ 1400 99999} 2500 00000P 
HPD02080807HPCPHT20050500010020100 00000g 2500 00000  
HPD02080807HPCPHT20050500020021100 99999[ 2500 00000I 
HPD02080807HPCPHT20050500310022400 99999] 2500 00000I 
HPD02080807HPCPHT20050600010020100 00000g 2500 00000  
HPD02080807HPCPHT20050700010020100 00000g 2500 00000  
HPD02080807HPCPHT20050700140021400 00010  2500 00010  
HPD02080807HPCPHT20050700150021000 00010  2500 00010  
HPD02080807HPCPHT20050700170031400 00050  1500 00020  2500 00070  
HPD02080807HPCPHT20050700180022000 00010  2500 00010  
HPD02080807HPCPHT20050700210021200 00010  2500 00010  
HPD02080807HPCPHT20050700260031800 00030  2100 00010  2500 00040  
HPD02080807HPCPHT20050700270031600 00030  1700 00010  2500 00040  
HPD02080807HPCPHT20050700300021900 00010  2500 00010  
HPD02080807HPCPHT20050800010020100 00000g 2500 00000  
HPD02080807HPCPHT20050800020041500 00030  1600 00020  1700 00010  2500 00060  
HPD02080807HPCPHT20050800040021700 00100  2500 00100  
HPD02080807HPCPHT20050800050021600 00010  2500 00010  
HPD02080807HPCPHT20050800060021200 00010  2500 00010  
HPD02080807HPCPHT20050800090031600 00000 q1700 00000 q2500 00000P 
HPD02080807HPCPHT20050800120021800 00010  2500 00010  
HPD02080807HPCPHT20050800130041600 00010  1700 00030  1800 00010  2500 00050  
HPD02080807HPCPHT20050800140051500 00050  1600 00010  1700 00010  1800 00010  2500 00080  
HPD02080807HPCPHT20050800170041500 00030  1600 00050  1700 00010  2500 00090  
HPD02080807HPCPHT20050800190021900 00010  2500 00010  
HPD02080807HPCPHT20050800240031600 00030  1700 00020  2500 00050  
HPD02080807HPCPHT20050900010030100 00000g 1700 00010  2500 00010  
HPD02080807HPCPHT20050900020021900 00010  2500 00010  
HPD02080807HPCPHT20050900030020300 00010  2500 00010  
HPD02080807HPCPHT20050900040050900 00010  1400 00010  1500 00030  2100 00010  2500 00060  
HPD02080807HPCPHT20050900070021700 00040  2500 00040  
HPD02080807HPCPHT20050900080030100 00010  0200 00010  2500 00020  
HPD02080807HPCPHT20050900090031600 00030  2100 00010  2500 00040  
HPD02080807HPCPHT20051000010020100 00000g 2500 00000  
HPD02080807HPCPHT20051000060020500 00040  2500 00040  
HPD02080807HPCPHT20051000080021600 00010  2500 00010  
HPD02080807HPCPHT20051000090061100 00020  1200 00010  1300 00010  1700 00010  1800 00010  2500 00060  
HPD02080807HPCPHT20051000150020500 00010  2500 00010  
HPD02080807HPCPHT20051000170022300 00010  2500 00010  
HPD02080807HPCPHT20051000180060200 00010  0400 00010  0600 00010  0800 00010  0900 00010  2500 00050  
HPD02080807HPCPHT20051100010020100 00000g 2500 00000  
HPD02080807HPCPHT20051200010020100 00000g 2500 00000  
HPD02080807HPCPHT20051200040022400 00010  2500 00010  
