HPD02770802HPCPHT20040100010040100 00000g 0800 99999[ 1000 99999] 2500 00000I 
HPD02770802HPCPHT20040100030021000 00010  2500 00010  
HPD02770802HPCPHT20040100200022100 00020  2500 00020  
HPD02770802HPCPHT20040100210031100 00010  1300 00010  2500 00020  
HPD02770802HPCPHT20040100300031500 99999{ 1600 99999} 2500 00000P 
HPD02770802HPCPHT20040100310021800 00010  2500 00010  
HPD02770802HPCPHT20040200010040100 00000g 0800 99999[ 1400 99999] 2500 00000I 
HPD02770802HPCPHT20040200030031600 00010  1700 00010  2500 00020  
HPD02770802HPCPHT20040200040021200 00010  2500 00010  
HPD02770802HPCPHT20040200190020600 00010  2500 00010  
HPD02770802HPCPHT20040200220021400 00010  2500 00010  
HPD02770802HPCPHT20040200230050400 00010  0900 00010  1000 00010  1700 00010  2500 00040  
HPD02770802HPCPHT20040200240021200 00010  2500 00010  
HPD02770802HPCPHT20040200270051000 00010  1100 00010  1300 00010  1600 00010  2500 00040  
HPD02770802HPCPHT20040200280071200 00010  1300 00020  1400 00010  1600 00010  1700 00010  1900 00010  2500 00070  
HPD02770802HPCPHT20040200290021100 00010  2500 00010  
HPD02770802HPCPHT20040300010020100 00000g 2500 00000  
HPD02770802HPCPHT20040300020021600 00010  2500 00010  
HPD02770802HPCPHT20040300040041500 00010  1600 00010  1700 00010  2500 00030  
HPD02770802HPCPHT20040300310050300 99999{ 1400 99999} 1500 99999[ 2400 99999] 2500 00000P 
HPD02770802HPCPHT20040400010020100 00000g 2500 00000  
HPD02770802HPCPHT20040400020090600 00010  0700 00010  0900 00020  1000 00010  1300 00010  1600 00020  1800 00010  2100 00010  2500 00100  
HPD02770802HPCPHT20040400030020600 00010  2500 00010  
HPD02770802HPCPHT20040400040051200 00040  1700 00010  1800 00010  1900 00010  2500 00070  
HPD02770802HPCPHT20040400050030600 00010  2100 00010  2500 00020  
HPD02770802HPCPHT20040400060020200 99999{ 2500 00000P 
HPD02770802HPCPHT20040400280031200 99999} 1300 99999[ 2500 00000P 
HPD02770802HPCPHT20040400300022400 99999] 2500 00000I 
HPD02770802HPCPHT20040500010030100 99999[ 1400 99999] 2500 00000I 
HPD02770802HPCPHT20040600010020100 00000g 2500 00000  
HPD02770802HPCPHT20040600090020800 99999[ 2500 00000I 
HPD02770802HPCPHT20040600300022400 99999] 2500 00000I 
HPD02770802HPCPHT20040700010030100 99999[ 1400 99999] 2500 00000I 
HPD02770802HPCPHT20040700140041600 00110  1700 00130  1800 00010  2500 00250  
HPD02770802HPCPHT20040700170021000 00010  2500 00010  
HPD02770802HPCPHT20040700250021300 00010  2500 00010  
HPD02770802HPCPHT20040700290021300 00010  2500 00010  
HPD02770802HPCPHT20040800010060100 00000g 0700 99999{ 0800 99999} 0900 99999[ 1400 99999] 2500 00000P 
HPD02770802HPCPHT20040800060042200 00040  2300 00040  2400 00030  2500 00110  
HPD02770802HPCPHT20040800130021000 00010  2500 00010  
HPD02770802HPCPHT20040800180031600 00050  1700 00020  2500 00070  
HPD02770802HPCPHT20040800190022100 00010  2500 00010  
HPD02770802HPCPHT20040800200022000 00010  2500 00010  
HPD02770802HPCPHT20040900010020100 00000g 2500 00000  
HPD02770802HPCPHT20040900190090300 00010  0400 00020  0600 00020  0800 00010  1300 00030  1400 00010  1600 00010  1700 00010  2500 00120  
HPD02770802HPCPHT20040900290020200 00020  2500 00020  
HPD02770802HPCPHT20041000010020100 00000g 2500 00000  
HPD02770802HPCPHT20041000040022200 99999{ 2500 00000P 
HPD02770802HPCPHT20041000050050800 99999} 0900 99999[ 1100 99999] 1200 99999{ 2500 00000P 
HPD02770802HPCPHT20041000310022400 99999} 2500 00000P 
HPD02770802HPCPHT20041100010020100 99999{ 2500 00000P 
HPD02770802HPCPHT20041100050020900 99999} 2500 00000P 
HPD02770802HPCPHT20041100070050700 00010  2000 00010  2100 00010  2200 00010  2500 00040  
HPD02770802HPCPHT20041100080070200 00010  0900 00020  1100 00020  1300 00010  1400 00010  2300 00010  2500 00080  
HPD02770802HPCPHT20041100130021600 00010  2500 00010  
HPD02770802HPCPHT20041100150032100 00010  2200 00010  2500 00020  
HPD02770802HPCPHT20041100200041600 00010  1700 00010  2200 00010  2500 00030  
HPD02770802HPCPHT20041100210130200 00010  0400 00010  0800 00010  0900 00010  1100 00010  1200 00020  1400 00010  1600 00010  1700 00010  2000 00010  2200 00010  2400 00010  2500 00130  
HPD02770802HPCPHT20041100220070100 00010  0200 00010  0500 00010  0700 00010  1200 00020  1300 00010  2500 00070  
HPD02770802HPCPHT20041100280021100 00010  2500 00010  
HPD02770802HPCPHT20041200010020100 00000g 2500 00000  
HPD02770802HPCPHT20041200040021800 00010  2500 00010  
HPD02770802HPCPHT20041200050050500 00010  1000 00010  1200 00010  2000 00010  2500 00040  
HPD02770802HPCPHT20041200060050600 00010  0900 00010  1400 00010  1600 00010  2500 00040  
HPD02770802HPCPHT20041200080020800 00010  2500 00010  
HPD02770802HPCPHT20041200280041900 00010  2200 00020  2400 00010  2500 00040  
HPD02770802HPCPHT20041200290160100 00010  0200 00010  0300 00010  0500 00020  0600 00020  0700 00010  0800 00010  0900 00020  1000 00010  1100 00010  1500 00010  1600 00020  1700 00010  1900 00020  2000 00010  2500 00200  
