HPD02275407HPCPHT20000100010020100 00000g 2500 00000  
HPD02275407HPCPHT20000100160021400 00010  2500 00010  
HPD02275407HPCPHT20000200010030100 00000g 1900 00010  2500 00010  
HPD02275407HPCPHT20000300010020100 00000g 2500 00000  
HPD02275407HPCPHT20000300220021600 00010  2500 00010  
HPD02275407HPCPHT20000300230020600 00010  2500 00010  
HPD02275407HPCPHT20000400010020100 00000g 2500 00000  
HPD02275407HPCPHT20000500010020100 00000g 2500 00000  
HPD02275407HPCPHT20000600010030100 00000g 0200 99999[ 2500 00000I 
HPD02275407HPCPHT20000600130021100 99999] 2500 00000I 
HPD02275407HPCPHT20000600190021300 00010  2500 00010  
HPD02275407HPCPHT20000600220021400 00010  2500 00010  
HPD02275407HPCPHT20000600280021300 00010  2500 00010  
HPD02275407HPCPHT20000600290060500 00010  0600 00020  0700 00010  0800 00010  1200 00010  2500 00060  
HPD02275407HPCPHT20000700010020100 00000g 2500 00000  
HPD02275407HPCPHT20000700020021000 00010  2500 00010  
HPD02275407HPCPHT20000800010030100 00000g 1200 00010  2500 00010  
HPD02275407HPCPHT20000800070051700 00080  1800 00080  1900 00010  2300 00010  2500 00180  
HPD02275407HPCPHT20000800080021500 00010  2500 00010  
HPD02275407HPCPHT20000800090032300 00010  2400 00020  2500 00030  
HPD02275407HPCPHT20000800100050100 00010  0200 00020  0400 00010  0900 00010  2500 00050  
HPD02275407HPCPHT20000800110022200 00020  2500 00020  
HPD02275407HPCPHT20000800120030100 00010  1300 00010  2500 00020  
HPD02275407HPCPHT20000800170041900 00010  2200 00010  2400 00010  2500 00030  
HPD02275407HPCPHT20000800180030300 00010  1600 00010  2500 00020  
HPD02275407HPCPHT20000800270021500 00010  2500 00010  
HPD02275407HPCPHT20000800280022400 00020  2500 00020  
HPD02275407HPCPHT20000800290030300 00010  1100 00010  2500 00020  
HPD02275407HPCPHT20000800310020400 00010  2500 00010  
HPD02275407HPCPHT20000900010030100 00000g 2000 00010  2500 00010  
HPD02275407HPCPHT20001000010020100 00000g 2500 00000  
HPD02275407HPCPHT20001000110120500 00010  1200 00010  1300 00010  1400 00010  1500 00010  1600 00020  1800 00020  2000 00020  2200 00010  2300 00010  2400 00010  2500 00140  
HPD02275407HPCPHT20001000120040400 00010  1200 00010  1600 00010  2500 00030  
HPD02275407HPCPHT20001000140021800 00010  2500 00010  
HPD02275407HPCPHT20001000190021100 00010  2500 00010  
HPD02275407HPCPHT20001000220030100 00010  1100 00010  2500 00020  
HPD02275407HPCPHT20001000230090100 00010  0300 00010  0500 00020  0600 00020  0700 00010  0800 00010  0900 00010  1200 00010  2500 00100  
HPD02275407HPCPHT20001000240021300 00010  2500 00010  
HPD02275407HPCPHT20001000250021000 00010  2500 00010  
HPD02275407HPCPHT20001000270031900 00010  2300 00010  2500 00020  
HPD02275407HPCPHT20001000280040100 00010  0400 00010  1300 00010  2500 00030  
HPD02275407HPCPHT20001000290020500 00010  2500 00010  
HPD02275407HPCPHT20001000310021100 00010  2500 00010  
HPD02275407HPCPHT20001100010020100 00000g 2500 00000  
HPD02275407HPCPHT20001100030021400 00010  2500 00010  
HPD02275407HPCPHT20001100040070300 00010  0400 00020  1500 00010  1800 00010  1900 00010  2000 00010  2500 00070  
HPD02275407HPCPHT20001100060061800 00010  1900 00030  2000 00010  2200 00010  2300 00030  2500 00090  
HPD02275407HPCPHT20001100080021400 00010  2500 00010  
HPD02275407HPCPHT20001100100021300 00010  2500 00010  
HPD02275407HPCPHT20001100120020600 00010  2500 00010  
HPD02275407HPCPHT20001100130021900 00010  2500 00010  
HPD02275407HPCPHT20001100160021300 00010  2500 00010  
HPD02275407HPCPHT20001200010040100 00000g 1500 99999[ 1700 99999] 2500 00000I 
