HPD02458602HPCPHT20070100010030100 00000g 1500 00010  2500 00010  
HPD02458602HPCPHT20070100130021800 00010  2500 00010  
HPD02458602HPCPHT20070100190022300 00010  2500 00010  
HPD02458602HPCPHT20070100210020500 00010  2500 00010  
HPD02458602HPCPHT20070100300021900 00010  2500 00010  
HPD02458602HPCPHT20070100310020500 00010  2500 00010  
HPD02458602HPCPHT20070200010020100 00000g 2500 00000  
HPD02458602HPCPHT20070200130032200 00010  2400 00010  2500 00020  
HPD02458602HPCPHT20070200140040100 00010  0400 00010  0600 00010  2500 00030  
HPD02458602HPCPHT20070300010020100 00000g 2500 00000  
HPD02458602HPCPHT20070300220060100 00010  0200 00010  0300 00010  0400 00020  0600 00010  2500 00060  
HPD02458602HPCPHT20070300230030100 00010  0800 00010  2500 00020  
HPD02458602HPCPHT20070300280020200 00010  2500 00010  
HPD02458602HPCPHT20070400010020100 00000g 2500 00000  
HPD02458602HPCPHT20070400070021600 00010  2500 00010  
HPD02458602HPCPHT20070400140021700 00010  2500 00010  
HPD02458602HPCPHT20070400280021600 00010  2500 00010  
HPD02458602HPCPHT20070500010050100 00000g 2100 00010  2200 00010  2300 00010  2500 00030  
HPD02458602HPCPHT20070500050020200 00010  2500 00010  
HPD02458602HPCPHT20070500060021200 00010  2500 00010  
HPD02458602HPCPHT20070500200021700 00010  2500 00010  
HPD02458602HPCPHT20070500230021000 00010  2500 00010  
HPD02458602HPCPHT20070500240021700 00010  2500 00010  
HPD02458602HPCPHT20070600010020100 00000g 2500 00000  
HPD02458602HPCPHT20070600090021300 00010  2500 00010  
HPD02458602HPCPHT20070600110021600 00010  2500 00010  
HPD02458602HPCPHT20070600120021700 00010  2500 00010  
HPD02458602HPCPHT20070700010020100 00000g 2500 00000  
HPD02458602HPCPHT20070700240032000 00020  2100 00050  2500 00070  
HPD02458602HPCPHT20070700250031400 00010  2100 00040  2500 00050  
HPD02458602HPCPHT20070700260021600 00010  2500 00010  
HPD02458602HPCPHT20070700290021500 00040  2500 00040  
HPD02458602HPCPHT20070700310021300 00010  2500 00010  
HPD02458602HPCPHT20070800010030100 00000g 1300 00010  2500 00010  
HPD02458602HPCPHT20070800130021700 99999{ 2500 00000P 
HPD02458602HPCPHT20070800140021700 99999} 2500 00000P 
HPD02458602HPCPHT20070900010030100 00000g 1200 00010  2500 00010  
HPD02458602HPCPHT20070900040021900 00010  2500 00010  
HPD02458602HPCPHT20070900160021800 00020  2500 00020  
HPD02458602HPCPHT20070900220022200 00010  2500 00010  
HPD02458602HPCPHT20070900230040800 00020  0900 00010  1900 00010  2500 00040  
HPD02458602HPCPHT20071000010030100 00000g 1500 00010  2500 00010  
HPD02458602HPCPHT20071000040021200 00010  2500 00010  
HPD02458602HPCPHT20071100010020100 00000g 2500 00000  
HPD02458602HPCPHT20071100300080600 00010  1700 00010  1800 00010  1900 00020  2000 00010  2100 00010  2400 00010  2500 00080  
HPD02458602HPCPHT20071200010110100 00010  0200 00020  0300 00010  0400 00010  0600 00010  0900 00010  1100 00010  1200 00010  1300 00010  1400 00010  2500 00110  
HPD02458602HPCPHT20071200070021200 99999[ 2500 00000I 
HPD02458602HPCPHT20071200230020700 99999] 2500 00000I 
