HPD02534403HPCPHT19990100010020100 00000g 2500 00000  
HPD02534403HPCPHT19990100250022300 00010  2500 00010  
HPD02534403HPCPHT19990100270031300 00010  1600 00020  2500 00030  
HPD02534403HPCPHT19990200010020100 00000g 2500 00000  
HPD02534403HPCPHT19990200040071800 00010  1900 00010  2000 00010  2100 00010  2200 00010  2300 00010  2500 00060  
HPD02534403HPCPHT19990200050021300 00010  2500 00010  
HPD02534403HPCPHT19990300010020100 00000g 2500 00000  
HPD02534403HPCPHT19990400010030100 99999{ 0900 99999} 2500 00000P 
HPD02534403HPCPHT19990400020070100 00010  0200 00010  0400 00010  0500 00010  0800 00040  1100 00010  2500 00090  
HPD02534403HPCPHT19990400040020600 00010  2500 00010  
HPD02534403HPCPHT19990400050021400 00010  2500 00010  
HPD02534403HPCPHT19990400070021900 00010  2500 00010  
HPD02534403HPCPHT19990500010020100 00000g 2500 00000  
HPD02534403HPCPHT19990500020021100 00010  2500 00010  
HPD02534403HPCPHT19990600010020100 00000g 2500 00000  
HPD02534403HPCPHT19990600020060400 00010  0600 00010  0700 00010  0800 00010  1200 00010  2500 00050  
HPD02534403HPCPHT19990600030020100 00010  2500 00010  
HPD02534403HPCPHT19990600170021200 00020  2500 00020  
HPD02534403HPCPHT19990700010020100 00000g 2500 00000  
HPD02534403HPCPHT19990700130021900 99999{ 2500 00000P 
HPD02534403HPCPHT19990700160021800 99999} 2500 00000P 
HPD02534403HPCPHT19990700270021400 00050  2500 00050  
HPD02534403HPCPHT19990700300060800 00010  1300 00010  1400 00010  1600 00010  1700 00010  2500 00050  
HPD02534403HPCPHT19990800010020100 00000g 2500 00000  
HPD02534403HPCPHT19990800050042200 00010  2300 00010  2400 00010  2500 00030  
HPD02534403HPCPHT19990800060021000 00010  2500 00010  
HPD02534403HPCPHT19990800170020200 00010  2500 00010  
HPD02534403HPCPHT19990800190021900 00010  2500 00010  
HPD02534403HPCPHT19990800260021700 00010  2500 00010  
HPD02534403HPCPHT19990800290030200 00010  0300 00010  2500 00020  
HPD02534403HPCPHT19990800300031900 00030  2000 00010  2500 00040  
HPD02534403HPCPHT19990800310051400 00010  1600 00010  1700 00020  1800 00010  2500 00050  
HPD02534403HPCPHT19990900010030100 00000g 0800 00010  2500 00010  
HPD02534403HPCPHT19990900110041600 00030  1700 00010  1800 00020  2500 00060  
HPD02534403HPCPHT19990900140051600 00030  1700 00020  2100 00010  2200 00010  2500 00070  
HPD02534403HPCPHT19990900160032100 00010  2300 00010  2500 00020  
HPD02534403HPCPHT19990900180022100 00010  2500 00010  
HPD02534403HPCPHT19990900190021800 00010  2500 00010  
HPD02534403HPCPHT19990900230080600 00010  0900 00010  1000 00060  1100 00050  1200 00050  1300 00010  1400 00030  2500 00220  
HPD02534403HPCPHT19991000010020100 00000g 2500 00000  
HPD02534403HPCPHT19991100010020100 00000g 2500 00000  
HPD02534403HPCPHT19991200010020100 00000g 2500 00000  
