HPD02077507HPCPHT20010100010020100 00000g 2500 00000  
HPD02077507HPCPHT20010100060031400 00010  1700 00010  2500 00020  
HPD02077507HPCPHT20010100090060700 00010  1200 00020  1300 00010  1400 00010  1500 00010  2500 00060  
HPD02077507HPCPHT20010100110021300 00010  2500 00010  
HPD02077507HPCPHT20010100120021700 00020  2500 00020  
HPD02077507HPCPHT20010100130021000 00020  2500 00020  
HPD02077507HPCPHT20010100270031600 00010  2200 00010  2500 00020  
HPD02077507HPCPHT20010100280021300 00010  2500 00010  
HPD02077507HPCPHT20010200010020100 00000g 2500 00000  
HPD02077507HPCPHT20010200070041300 00010  1600 00010  2100 00010  2500 00030  
HPD02077507HPCPHT20010200230020800 00010  2500 00010  
HPD02077507HPCPHT20010200240021300 00010  2500 00010  
HPD02077507HPCPHT20010200280031200 99999{ 2400 99999} 2500 00000P 
HPD02077507HPCPHT20010300010030100 99999{ 1100 99999} 2500 00000P 
HPD02077507HPCPHT20010300070031400 00020  1600 00010  2500 00030  
HPD02077507HPCPHT20010300100020900 00010  2500 00010  
HPD02077507HPCPHT20010400010030100 99999[ 0200 99999] 2500 00000I 
HPD02077507HPCPHT20010400060070200 00030  0300 00030  0400 00010  0600 00010  0700 00010  0800 00020  2500 00110  
HPD02077507HPCPHT20010400080021500 00010  2500 00010  
HPD02077507HPCPHT20010400210021100 00010  2500 00010  
HPD02077507HPCPHT20010400230021600 00010  2500 00010  
HPD02077507HPCPHT20010500010020100 00000g 2500 00000  
HPD02077507HPCPHT20010500190021600 00010  2500 00010  
HPD02077507HPCPHT20010500310020900 00010  2500 00010  
HPD02077507HPCPHT20010600010020100 00000g 2500 00000  
HPD02077507HPCPHT20010600200031600 00010  1800 00010  2500 00020  
HPD02077507HPCPHT20010600210021200 00010  2500 00010  
HPD02077507HPCPHT20010600240021900 00020  2500 00020  
HPD02077507HPCPHT20010600250021700 00010  2500 00010  
HPD02077507HPCPHT20010700010020100 00000g 2500 00000  
HPD02077507HPCPHT20010700050041600 00040  2200 00010  2300 00010  2500 00060  
HPD02077507HPCPHT20010700060030100 00010  1200 99999{ 2500 00010P 
HPD02077507HPCPHT20010700090031200 99999} 2300 00010  2500 00010P 
HPD02077507HPCPHT20010700110022000 00020  2500 00020  
HPD02077507HPCPHT20010700130030200 00010  2200 00010  2500 00020  
HPD02077507HPCPHT20010700140020700 00010  2500 00010  
HPD02077507HPCPHT20010700160021700 00020  2500 00020  
HPD02077507HPCPHT20010700170030200 00010  1400 00010  2500 00020  
HPD02077507HPCPHT20010700190021600 00010  2500 00010  
HPD02077507HPCPHT20010700200031300 00030  1800 00010  2500 00040  
HPD02077507HPCPHT20010700210020900 00020  2500 00020  
HPD02077507HPCPHT20010700220021700 00020  2500 00020  
HPD02077507HPCPHT20010700230020300 00010  2500 00010  
HPD02077507HPCPHT20010700240032000 00020  2300 00010  2500 00030  
HPD02077507HPCPHT20010700260031300 00010  1600 00010  2500 00020  
HPD02077507HPCPHT20010700280051700 00010  2200 00030  2300 00010  2400 00010  2500 00060  
HPD02077507HPCPHT20010700290020400 00010  2500 00010  
HPD02077507HPCPHT20010700310031500 00010  2400 00020  2500 00030  
HPD02077507HPCPHT20010800010030100 00000g 1300 00010  2500 00010  
HPD02077507HPCPHT20010800040021600 00020  2500 00020  
HPD02077507HPCPHT20010800050021800 00030  2500 00030  
HPD02077507HPCPHT20010800060020800 00010  2500 00010  
HPD02077507HPCPHT20010800090022200 00010  2500 00010  
HPD02077507HPCPHT20010800110042100 00090  2200 00010  2300 00020  2500 00120  
HPD02077507HPCPHT20010800120020200 00010  2500 00010  
HPD02077507HPCPHT20010800130020900 00010  2500 00010  
HPD02077507HPCPHT20010800150021500 00010  2500 00010  
HPD02077507HPCPHT20010800160040300 00070  0400 00010  1100 00010  2500 00090  
HPD02077507HPCPHT20010800240020900 00010  2500 00010  
HPD02077507HPCPHT20010800290031500 00020  1800 00010  2500 00030  
HPD02077507HPCPHT20010900010020100 00000g 2500 00000  
HPD02077507HPCPHT20010900030020700 00010  2500 00010  
HPD02077507HPCPHT20010900120071600 00050 R1700 00010  1800 00010  2100 00010  2200 00010  2400 00010  2500 00100 R
HPD02077507HPCPHT20010900130050200 00010  0500 00010  2300 00010  2400 00010  2500 00040  
HPD02077507HPCPHT20010900150040800 00010  0900 99999[ 1000 99999] 2500 00010I 
HPD02077507HPCPHT20011000010030100 00000g 0400 00010  2500 00010  
HPD02077507HPCPHT20011000020021200 00010  2500 00010  
HPD02077507HPCPHT20011000030021800 00020  2500 00020  
HPD02077507HPCPHT20011000040021100 00010  2500 00010  
HPD02077507HPCPHT20011000060021400 00010  2500 00010  
HPD02077507HPCPHT20011000100021200 00010  2500 00010  
HPD02077507HPCPHT20011000210021000 99999[ 2500 00000I 
HPD02077507HPCPHT20011000310022400 99999] 2500 00000I 
HPD02077507HPCPHT20011100010020100 99999[ 2500 00000I 
HPD02077507HPCPHT20011100300022400 99999] 2500 00000I 
HPD02077507HPCPHT20011200010020100 99999[ 2500 00000I 
HPD02077507HPCPHT20011200310022400 99999] 2500 00000I 
