HPD02275407HPCPHT20040100010030100 00000g 1300 99999[ 2500 00000I 
HPD02275407HPCPHT20040100310022400 99999] 2500 00000I 
HPD02275407HPCPHT20040200010030100 99999[ 2000 99999] 2500 00000I 
HPD02275407HPCPHT20040200220021900 99999{ 2500 00000P 
HPD02275407HPCPHT20040200230021800 99999} 2500 00000P 
HPD02275407HPCPHT20040200280040100 00010  0400 00010  1300 00010  2500 00030  
HPD02275407HPCPHT20040300010020100 00000g 2500 00000  
HPD02275407HPCPHT20040300040060500 00010  0700 00010  0900 00010  1000 00010  1200 00010  2500 00050  
HPD02275407HPCPHT20040300050050800 00010  1000 00010  1200 00010  1600 00010  2500 00040  
HPD02275407HPCPHT20040400010040100 00000g 1500 99999[ 1600 99999] 2500 00000I 
HPD02275407HPCPHT20040400020031300 00010  1600 00010  2500 00020  
HPD02275407HPCPHT20040400030020600 00010  2500 00010  
HPD02275407HPCPHT20040400040040500 00010  1100 00010  1900 00010  2500 00030  
HPD02275407HPCPHT20040400100021800 99999{ 2500 00000P 
HPD02275407HPCPHT20040400110021800 99999} 2500 00000P 
HPD02275407HPCPHT20040500010040100 00000g 1100 99999{ 1500 99999} 2500 00000P 
HPD02275407HPCPHT20040600010020100 00000g 2500 00000  
HPD02275407HPCPHT20040700010020100 00000g 2500 00000  
HPD02275407HPCPHT20040700150022200 00010  2500 00010  
HPD02275407HPCPHT20040700160021000 00010  2500 00010  
HPD02275407HPCPHT20040700250021800 00040  2500 00040  
HPD02275407HPCPHT20040700290021400 00010  2500 00010  
HPD02275407HPCPHT20040700300021500 00010  2500 00010  
HPD02275407HPCPHT20040800010020100 00000g 2500 00000  
HPD02275407HPCPHT20040800030032000 00020  2200 00010  2500 00030  
HPD02275407HPCPHT20040800040020900 00010  2500 00010  
HPD02275407HPCPHT20040800090021800 00010  2500 00010  
HPD02275407HPCPHT20040800150022200 00010  2500 00010  
HPD02275407HPCPHT20040800160030200 00010  1500 00010  2500 00020  
HPD02275407HPCPHT20040800170022400 00010  2500 00010  
HPD02275407HPCPHT20040800200021600 00010  2500 00010  
HPD02275407HPCPHT20040800310021800 00010  2500 00010  
HPD02275407HPCPHT20040900010030100 00000g 0900 00010  2500 00010  
HPD02275407HPCPHT20040900190031300 00010  2000 00010  2500 00020  
HPD02275407HPCPHT20040900200030200 00010  1200 00010  2500 00020  
HPD02275407HPCPHT20040900240022200 00010  2500 00010  
HPD02275407HPCPHT20040900250051200 00010  2000 00020  2100 00030  2200 00010  2500 00070  
HPD02275407HPCPHT20040900260030100 00010  0700 00010  2500 00020  
HPD02275407HPCPHT20040900280021200 00010  2500 00010  
HPD02275407HPCPHT20041000010020100 00000g 2500 00000  
HPD02275407HPCPHT20041000260021700 00010  2500 00010  
HPD02275407HPCPHT20041000270020800 00010  2500 00010  
HPD02275407HPCPHT20041100010020100 00000g 2500 00000  
HPD02275407HPCPHT20041100140021400 00010  2500 00010  
HPD02275407HPCPHT20041100160030500 00010  1400 00010  2500 00020  
HPD02275407HPCPHT20041100230020300 00010  2500 00010  
HPD02275407HPCPHT20041100250021700 00010  2500 00010  
HPD02275407HPCPHT20041200010020100 00000g 2500 00000  
HPD02275407HPCPHT20041200060040400 00010  0600 00010  0900 00010  2500 00030  
HPD02275407HPCPHT20041200070020900 00010  2500 00010  
HPD02275407HPCPHT20041200290030700 00010  2300 00010  2500 00020  
