HPD02915803HPCPHT20000100010030100 00000g 0200 99999{ 2500 00000P 
HPD02915803HPCPHT20000100310022400 99999} 2500 00000P 
HPD02915803HPCPHT20000200010020100 99999[ 2500 00000I 
HPD02915803HPCPHT20000200290022400 99999] 2500 00000I 
HPD02915803HPCPHT20000300010030100 99999[ 1100 99999] 2500 00000I 
HPD02915803HPCPHT20000300050051000 00010  1200 00010  1800 00010  1900 00010  2500 00040  
HPD02915803HPCPHT20000300060050100 00010  1400 00010  1500 00010  1700 00010  2500 00040  
HPD02915803HPCPHT20000300070061000 00010 Z1100 00010 Z1200 00010 Z1300 00010 Z1400 00010 Z2500 00050 Z
HPD02915803HPCPHT20000300090020300 00010  2500 00010  
HPD02915803HPCPHT20000300300031400 00010  2000 00010  2500 00020  
HPD02915803HPCPHT20000400010020100 00000g 2500 00000  
HPD02915803HPCPHT20000400180030400 00010  0600 00010  2500 00020  
HPD02915803HPCPHT20000500010020100 00000g 2500 00000  
HPD02915803HPCPHT20000600010020100 00000g 2500 00000  
HPD02915803HPCPHT20000600200031300 00020  1500 00010  2500 00030  
HPD02915803HPCPHT20000600230020300 00010  2500 00010  
HPD02915803HPCPHT20000600280031700 00150  1800 00010  2500 00160  
HPD02915803HPCPHT20000600290040600 00010  1700 00010  1800 00010  2500 00030  
HPD02915803HPCPHT20000700010020100 00000g 2500 00000  
HPD02915803HPCPHT20000700280020600 99999[ 2500 00000I 
HPD02915803HPCPHT20000700310022400 99999] 2500 00000I 
HPD02915803HPCPHT20000800010020100 99999[ 2500 00000I 
HPD02915803HPCPHT20000800110030400 99999] 0500 99999{ 2500 00000P 
HPD02915803HPCPHT20000800310022400 99999} 2500 00000P 
HPD02915803HPCPHT20000900010020100 00000g 2500 00000  
HPD02915803HPCPHT20001000010020100 99999[ 2500 00000I 
HPD02915803HPCPHT20001000060021000 99999] 2500 00000I 
HPD02915803HPCPHT20001000100020300 00010  2500 00010  
HPD02915803HPCPHT20001000210071500 00010  2000 00010  2100 00010  2200 00020  2300 00030  2400 00020  2500 00100  
HPD02915803HPCPHT20001000220050100 00020  0200 00030  0400 00010  1400 00010  2500 00070  
HPD02915803HPCPHT20001000230050500 00010  0900 00010  1500 00010  1700 00010  2500 00040  
HPD02915803HPCPHT20001000270070800 00040  1100 00020  1200 00040  1300 00020  1400 00030  1500 00020  2500 00170  
HPD02915803HPCPHT20001000280030600 00010  0900 00010  2500 00020  
HPD02915803HPCPHT20001000300031100 00010  1200 00030  2500 00040  
HPD02915803HPCPHT20001100010020100 00000g 2500 00000  
HPD02915803HPCPHT20001100030020200 00010  2500 00010  
HPD02915803HPCPHT20001100040060900 00010  1000 00010  1200 00010  1300 00010  2200 00010  2500 00050  
HPD02915803HPCPHT20001100110021600 00010  2500 00010  
HPD02915803HPCPHT20001100120021600 00020  2500 00020  
HPD02915803HPCPHT20001200010020100 00000g 2500 00000  
