HPD02731100HPCPHI19480700010040100 00000g 1300 99999[ 2400 99999] 2500 00000I 
HPD02731100HPCPHI19480700180041800 00003  1900 00026  2200 00001  2500 00030  
HPD02731100HPCPHI19480700220091500 00068  1600 00044  1700 00005  1800 00006  1900 00009  2000 00006  2100 00001  2400 00001  2500 00140  
HPD02731100HPCPHI19480700230030200 00002  1200 00003  2500 00005  
HPD02731100HPCPHI19480800010040100 00000g 1300 99999[ 2400 99999] 2500 00000I 
HPD02731100HPCPHI19480800020022300 00018  2500 00018  
HPD02731100HPCPHI19480800040032000 00002  2100 00049  2500 00051  
HPD02731100HPCPHI19480800050021600 00002  2500 00002  
HPD02731100HPCPHI19480800060080200 00007  1100 00001  1200 00006  1300 00005  1400 00003  1700 00009  1800 00004  2500 00035  
HPD02731100HPCPHI19480800070030800 00001  1600 00001  2500 00002  
HPD02731100HPCPHI19480800120021800 00003  2500 00003  
HPD02731100HPCPHI19480900010040100 00000g 1300 99999[ 2400 99999] 2500 00000I 
HPD02731100HPCPHI19480900150022400 00019  2500 00019  
HPD02731100HPCPHI19480900160050500 00002  0900 00012  1000 00001  2100 00002  2500 00017  
HPD02731100HPCPHI19480900290031700 00018  2300 00002  2500 00020  
HPD02731100HPCPHI19481000010040100 00000g 1300 99999[ 2400 99999] 2500 00000I 
HPD02731100HPCPHI19481000130020100 99999a 2500 00000I 
HPD02731100HPCPHI19481000310022400 99999A 2500 00000I 
HPD02731100HPCPHI19481100010020100 99999, 2500 00000I 
HPD02731100HPCPHI19481100300022400 99999A 2500 00000I 
HPD02731100HPCPHI19481200010020100 99999, 2500 00000I 
HPD02731100HPCPHI19481200310022400 99999A 2500 00000I 
HPD02731100HPCPHI19490100010020100 99999, 2500 00000I 
HPD02731100HPCPHI19490100310022400 99999A 2500 00000I 
HPD02731100HPCPHI19490200010020100 99999, 2500 00000I 
HPD02731100HPCPHI19490200280022400 99999A 2500 00000I 
HPD02731100HPCPHI19490300010020100 99999, 2500 00000I 
HPD02731100HPCPHI19490300160022400 00564A 2500 00564P 
HPD02731100HPCPHI19490300170020100 99999[ 2500 00000I 
HPD02731100HPCPHI19490300310022400 99999] 2500 00000I 
HPD02731100HPCPHI19490400010020100 99999[ 2500 00000I 
HPD02731100HPCPHI19490400300022400 99999] 2500 00000I 
HPD02731100HPCPHI19490500010020100 99999[ 2500 00000I 
HPD02731100HPCPHI19490500310022400 99999] 2500 00000I 
HPD02731100HPCPHI19490600010020100 99999[ 2500 00000I 
HPD02731100HPCPHI19490600300022400 99999] 2500 00000I 
HPD02731100HPCPHI19490700010020100 99999[ 2500 00000I 
HPD02731100HPCPHI19490700310022400 99999] 2500 00000I 
HPD02731100HPCPHI19490800010020100 99999[ 2500 00000I 
HPD02731100HPCPHI19490800310041100 99999] 1100 99999a 2400 00418A 2500 00418I 
HPD02731100HPCPHI19490900010040100 00000g 1300 99999[ 2400 99999] 2500 00000I 
HPD02731100HPCPHI19490900090100400 00018  0700 00002  1000 00017  1100 00007  1300 00001  1400 00005  1900 00001  2000 00004  2100 00005  2500 00060  
HPD02731100HPCPHI19490900260020400 00003  2500 00003  
HPD02731100HPCPHI19490900270021400 00003  2500 00003  
HPD02731100HPCPHI19491000010040100 00000g 1300 99999[ 2400 99999] 2500 00000I 
HPD02731100HPCPHI19491000090030400 00001  0500 00008  2500 00009  
HPD02731100HPCPHI19491000180061400 00001  1800 00002  1900 00004  2000 00007  2100 00002  2500 00016  
HPD02731100HPCPHI19491000190051200 00001  1300 00005  1400 00006  1800 00008  2500 00020  
HPD02731100HPCPHI19491100010040100 00000g 1300 99999[ 2400 99999] 2500 00000I 
HPD02731100HPCPHI19491100100022400 00008  2500 00008  
HPD02731100HPCPHI19491100110040100 00014  0200 00007  0400 00001  2500 00022  
HPD02731100HPCPHI19491200010040100 00000g 1300 99999[ 2400 99999] 2500 00000I 
HPD02731100HPCPHI19491200090090800 00001  0900 00002  1000 00003  1600 00001  1700 00003  2200 00002  2300 00001  2400 00005  2500 00018  
HPD02731100HPCPHI19491200100110100 00001  0200 00001  0800 00002  0900 00001  1000 00013  1100 00002  1200 00005  1300 00001  1800 00001  1900 00001  2500 00028  
HPD02731100HPCPHI19491200110021200 00003  2500 00003  
HPD02731100HPCPHI19491200120020100 99999a 2500 00000I 
HPD02731100HPCPHI19491200310022400 99999A 2500 00000I 
HPD02731100HPCPHI19500100010020100 99999, 2500 00000I 
HPD02731100HPCPHI19500100310022400 99999A 2500 00000I 
HPD02731100HPCPHI19500200010020100 99999, 2500 00000I 
HPD02731100HPCPHI19500200280022400 99999A 2500 00000I 
HPD02731100HPCPHI19500300010020100 99999, 2500 00000I 
HPD02731100HPCPHI19500300310022400 99999A 2500 00000I 
HPD02731100HPCPHI19500400010020100 99999, 2500 00000I 
HPD02731100HPCPHI19500400300022400 00137A 2500 00137P 
HPD02731100HPCPHI19500500010020100 00000g 2500 00000  
HPD02731100HPCPHI19500600010020100 00000g 2500 00000  
HPD02731100HPCPHI19500700010040100 00000g 1300 99999[ 2400 99999] 2500 00000I 
HPD02731100HPCPHI19500700020021900 00010  2500 00010  
HPD02731100HPCPHI19500700050022400 00032  2500 00032  
HPD02731100HPCPHI19500700060080100 00005  0200 00014  0300 00007  0400 00002  2200 00001  2300 00002  2400 00008  2500 00039  
HPD02731100HPCPHI19500700090031800 00003  1900 00012  2500 00015  
HPD02731100HPCPHI19500700100030100 99999[ 1300 99999] 2500 00000I 
HPD02731100HPCPHI19500700170020500 00002  2500 00002  
HPD02731100HPCPHI19500700210032000 00002  2200 00004  2500 00006  
HPD02731100HPCPHI19500700260041300 00001  1400 00001  1500 00001  2500 00003  
HPD02731100HPCPHI19500700310022100 00020  2500 00020  
HPD02731100HPCPHI19500800010020100 00000g 2500 00000  
HPD02731100HPCPHI19500800110030700 00002  0800 00009  2500 00011  
HPD02731100HPCPHI19500800190021900 00004  2500 00004  
HPD02731100HPCPHI19500800250020400 00008  2500 00008  
HPD02731100HPCPHI19500800270021800 00044  2500 00044  
HPD02731100HPCPHI19500900010020100 00000g 2500 00000  
HPD02731100HPCPHI19500900060050900 00030  1000 00003  2200 00002  2300 00008  2500 00043  
HPD02731100HPCPHI19500900070031700 00013  1800 00003  2500 00016  
HPD02731100HPCPHI19501000010020100 00000g 2500 00000  
HPD02731100HPCPHI19501100010020100 00000g 2500 00000  
HPD02731100HPCPHI19501100140070200 00001  0300 00001  0400 00001  0500 00002  0600 00001  1600 00003  2500 00009  
HPD02731100HPCPHI19501100150021500 00001  2500 00001  
HPD02731100HPCPHI19501200010020100 00000g 2500 00000  
HPD02731100HPCPHI19510100010020100 00000g 2500 00000  
HPD02731100HPCPHI19510100110061900 00011  2000 00019  2100 00007  2200 00004  2300 00001  2500 00042  
HPD02731100HPCPHI19510100120060200 00001  0300 00004  0400 00007  0500 00003  0600 00001  2500 00016  
HPD02731100HPCPHI19510100160041300 00001  1400 00001  1500 00002  2500 00004  
HPD02731100HPCPHI19510100290101500 00006  1600 00010  1700 00018  1800 00002  2000 00004  2100 00001  2200 00002  2300 00014  2400 00007  2500 00064  
HPD02731100HPCPHI19510100300050100 00001  0200 00004  0300 00001  0400 00003  2500 00009  
HPD02731100HPCPHI19510200010020100 00000g 2500 00000  
HPD02731100HPCPHI19510200220042000 00003  2100 00001  2200 00001  2500 00005  
HPD02731100HPCPHI19510200230050200 00001  0600 00002  0700 00016  0800 00003  2500 00022  
HPD02731100HPCPHI19510300010020100 00000g 2500 00000  
HPD02731100HPCPHI19510300020030600 00004  0700 00001  2500 00005  
HPD02731100HPCPHI19510300260031500 00001  1600 00002  2500 00003  
HPD02731100HPCPHI19510400010020100 00000g 2500 00000  
HPD02731100HPCPHI19510500010020100 00000g 2500 00000  
HPD02731100HPCPHI19510600010020100 00000g 2500 00000  
HPD02731100HPCPHI19510700010020100 00000g 2500 00000  
HPD02731100HPCPHI19510800010020100 00000g 2500 00000  
HPD02731100HPCPHI19510900010020100 00000g 2500 00000  
HPD02731100HPCPHI19511000010020100 00000g 2500 00000  
HPD02731100HPCPHI19511100010020100 99999[ 2500 00000I 
HPD02731100HPCPHI19511100300022400 99999] 2500 00000I 
HPD02731100HPCPHI19520400010020100 00000g 2500 00000  
HPD02731100HPCPHI19520400190051900 00002  2000 00001  2100 00027  2200 00002  2500 00032  
HPD02731100HPCPHI19520400200061800 00001  1900 00005  2000 00003  2300 00002  2400 00004  2500 00015  
HPD02731100HPCPHI19520400270101400 00003  1500 00012  1600 00022  1700 00015  1800 00013  1900 00010  2000 00010  2100 00008  2200 00001  2500 00094  
HPD02731100HPCPHI19520400280080100 00001  0200 00003  0300 00002  0400 00004  0500 00003  0600 00004  0700 00001  2500 00018  
HPD02731100HPCPHI19520500010020100 00000g 2500 00000  
HPD02731100HPCPHI19520600010020100 00000g 2500 00000  
HPD02731100HPCPHI19520600020131300 00003  1400 00002  1500 00011  1600 00036  1700 00023  1800 00016  1900 00004  2000 00002  2100 00001  2200 00002  2300 00008  2400 00002  2500 00110  
HPD02731100HPCPHI19520600030040100 00001  0300 00001  0400 00001  2500 00003  
HPD02731100HPCPHI19520700010020100 00000g 2500 00000  
HPD02731100HPCPHI19520700080040300 00001  0400 00002  0500 00001  2500 00004  
HPD02731100HPCPHI19520700230080900 00029  1000 00002  1500 00001  1600 00008  1800 00002  1900 00002  2000 00001  2500 00045  
HPD02731100HPCPHI19520700260070900 00001  1000 00002  1100 00002  1600 00002  1700 00002  1800 00001  2500 00010  
HPD02731100HPCPHI19520700270021700 00003  2500 00003  
HPD02731100HPCPHI19520700280021400 00003  2500 00003  
HPD02731100HPCPHI19520700290020900 00005  2500 00005  
HPD02731100HPCPHI19520800010020100 00000g 2500 00000  
HPD02731100HPCPHI19520800120040600 00001  0700 00011  0800 00001  2500 00013  
HPD02731100HPCPHI19520800130020500 00022  2500 00022  
HPD02731100HPCPHI19520800170030800 00008  0900 00028  2500 00036  
HPD02731100HPCPHI19520800260050100 00006  0200 00081  0300 00023  0700 00004  2500 00114  
HPD02731100HPCPHI19520900010020100 00000g 2500 00000  
HPD02731100HPCPHI19520900190130600 00002  0700 00003  0800 00003  0900 00002  1400 00022  1500 00002  1600 00002  1800 00018  1900 00019  2000 00017  2100 00005  2200 00009  2500 00104  
HPD02731100HPCPHI19520900200140100 00011  0200 00001  0300 00002  0800 00004  0900 00013  1000 00009  1100 00011  1200 00010  1300 00030  1400 00021  1500 00026  1600 00023  1700 00003  2500 00164  
HPD02731100HPCPHI19520900210030200 00002  0300 00001  2500 00003  
HPD02731100HPCPHI19521000010020100 00000g 2500 00000  
HPD02731100HPCPHI19521100010020100 00000g 2500 00000  
HPD02731100HPCPHI19521100080050100 00001  0200 00007  0400 00020  0500 00003  2500 00031  
HPD02731100HPCPHI19521100140021800 00006  2500 00006  
HPD02731100HPCPHI19521100150061600 00005  1700 00006  1800 00023  1900 00013  2100 00003  2500 00050  
HPD02731100HPCPHI19521100160070400 00003  0600 00001  1000 00003  1200 00004  1300 00001  1400 00002  2500 00014  
HPD02731100HPCPHI19521100220022300 00003  2500 00003  
HPD02731100HPCPHI19521100230020600 00002  2500 00002  
HPD02731100HPCPHI19521100300030100 99999[ 2400 99999] 2500 00000I 
HPD02731100HPCPHI19521200010020100 00000g 2500 00000  
HPD02731100HPCPHI19521200160061400 00001  1500 00001  1700 00001  2300 00002  2400 00045  2500 00050  
HPD02731100HPCPHI19521200170150100 00012  0200 00005  0300 00001  1100 00002  1200 00002  1300 00001  1400 00004  1500 00005  1600 00004  1700 00001  1900 00005  2100 00003  2300 00001  2400 00003  2500 00049  
HPD02731100HPCPHI19521200180030100 00012  0200 00007  2500 00019  
HPD02731100HPCPHI19521200200051300 00004  1400 00028  1500 00004  1600 00002  2500 00038  
HPD02731100HPCPHI19521200300032200 00009  2300 00005  2500 00014  
HPD02731100HPCPHI19521200310020600 00004  2500 00004  
HPD02731100HPCPHI19530100010020100 00000g 2500 00000  
HPD02731100HPCPHI19530100060051200 00003  2200 00002  2300 00001  2400 00002  2500 00008  
HPD02731100HPCPHI19530100070040100 00002  0200 00002  0300 00001  2500 00005  
HPD02731100HPCPHI19530200010020100 00000g 2500 00000  
HPD02731100HPCPHI19530200230041600 00004  1700 00004  1900 00002  2500 00010  
HPD02731100HPCPHI19530200240020200 00013  2500 00013  
HPD02731100HPCPHI19530300010030100 00000g 2400 00004  2500 00004  
HPD02731100HPCPHI19530300020020100 00008  2500 00008  
HPD02731100HPCPHI19530400010020100 00000g 2500 00000  
HPD02731100HPCPHI19530400220051200 00002  1300 00002  1400 00008  1500 00004  2500 00016  
HPD02731100HPCPHI19530400270061600 00002  1700 00002  1900 00008  2200 00010  2300 00002  2500 00024  
HPD02731100HPCPHI19530400300030100 99999[ 2400 99999] 2500 00000I 
HPD02731100HPCPHI19530500010020100 00000g 2500 00000  
HPD02731100HPCPHI19530500150021200 00004  2500 00004  
HPD02731100HPCPHI19530500310030100 99999[ 2400 99999] 2500 00000I 
HPD02731100HPCPHI19530600010020100 00000g 2500 00000  
HPD02731100HPCPHI19530600300030100 99999[ 2400 99999] 2500 00000I 
HPD02731100HPCPHI19530700010020100 00000g 2500 00000  
HPD02731100HPCPHI19530700070030500 00002  0700 00024  2500 00026  
HPD02731100HPCPHI19530700120030500 00022  0600 00004  2500 00026  
HPD02731100HPCPHI19530700130030300 00002  0400 00002  2500 00004  
HPD02731100HPCPHI19530700140040600 00016  0700 00012  0800 00002  2500 00030  
HPD02731100HPCPHI19530700150020200 00004  2500 00004  
HPD02731100HPCPHI19530700170040200 00020  0500 00012  0600 00002  2500 00034  
HPD02731100HPCPHI19530700260020900 00004  2500 00004  
HPD02731100HPCPHI19530700270022400 00006  2500 00006  
HPD02731100HPCPHI19530700280020700 00006  2500 00006  
HPD02731100HPCPHI19530700290020800 00010  2500 00010  
HPD02731100HPCPHI19530700300021000 00004  2500 00004  
HPD02731100HPCPHI19530700310030100 99999[ 2400 99999] 2500 00000I 
HPD02731100HPCPHI19530800010020100 00000g 2500 00000  
HPD02731100HPCPHI19530800060020700 00004  2500 00004  
HPD02731100HPCPHI19530800070030700 00002  0900 00004  2500 00006  
HPD02731100HPCPHI19530800130030300 00004  1000 00002  2500 00006  
HPD02731100HPCPHI19530800210041800 00028  1900 00020  2400 00002  2500 00050  
HPD02731100HPCPHI19530800220020100 00002  2500 00002  
HPD02731100HPCPHI19530800240042100 00012  2200 00086  2300 00024  2500 00122  
HPD02731100HPCPHI19530800310030100 99999[ 2400 99999] 2500 00000I 
HPD02731100HPCPHI19530900010020100 00000g 2500 00000  
HPD02731100HPCPHI19530900300030100 99999[ 2400 99999] 2500 00000I 
HPD02731100HPCPHI19531000010020100 00000g 2500 00000  
HPD02731100HPCPHI19531000220030600 00002  0700 00004  2500 00006  
HPD02731100HPCPHI19531000310030100 99999[ 2400 99999] 2500 00000I 
HPD02731100HPCPHI19531100010020100 00000g 2500 00000  
HPD02731100HPCPHI19531100170021600 00002  2500 00002  
HPD02731100HPCPHI19531100300030100 99999[ 2400 99999] 2500 00000I 
HPD02731100HPCPHI19531200010020100 00000g 2500 00000  
HPD02731100HPCPHI19531200040021200 00004  2500 00004  
HPD02731100HPCPHI19531200310030100 99999[ 2400 99999] 2500 00000I 
HPD02731100HPCPHI19540100010020100 00000g 2500 00000  
HPD02731100HPCPHI19540100120091400 00006  1500 00002  1600 00002  1700 00004  1800 00010  1900 00010  2000 00004  2100 00002  2500 00040  
HPD02731100HPCPHI19540100130080100 00004  0300 00002  0400 00004  0500 00002  0700 00002  1100 00002  1200 00002  2500 00018  
HPD02731100HPCPHI19540100190120700 00002  0800 00008  0900 00005  1000 00004  1100 00001  1500 00002  1600 00008  1700 00020  1800 00010  1900 00030  2000 00015  2500 00105  
HPD02731100HPCPHI19540100200020100 99999a 2500 00000I 
HPD02731100HPCPHI19540100310022400 99999A 2500 00000I 
HPD02731100HPCPHI19540200010020100 99999, 2500 00000I 
HPD02731100HPCPHI19540200280022400 99999A 2500 00000I 
HPD02731100HPCPHI19540300010020100 99999, 2500 00000I 
HPD02731100HPCPHI19540300310022400 00278A 2500 00278P 
HPD02731100HPCPHI19540400010020100 00000g 2500 00000  
HPD02731100HPCPHI19540400300041500 00001  1600 00003  2100 00004  2500 00008  
HPD02731100HPCPHI19540500010020100 00000g 2500 00000  
HPD02731100HPCPHI19540500180021200 00001  2500 00001  
HPD02731100HPCPHI19540500310030100 99999[ 2400 99999] 2500 00000I 
HPD02731100HPCPHI19540600010020100 00000g 2500 00000  
HPD02731100HPCPHI19540600260021100 00015  2500 00015  
HPD02731100HPCPHI19540600300030100 99999[ 2400 99999] 2500 00000I 
HPD02731100HPCPHI19540700010020100 00000g 2500 00000  
HPD02731100HPCPHI19540700030021200 00016  2500 00016  
HPD02731100HPCPHI19540700040020800 00002  2500 00002  
HPD02731100HPCPHI19540700100021200 00003  2500 00003  
HPD02731100HPCPHI19540700120031700 00001  1800 00002  2500 00003  
HPD02731100HPCPHI19540700150021300 00003  2500 00003  
HPD02731100HPCPHI19540700170030900 00015  1000 00030  2500 00045  
HPD02731100HPCPHI19540700180031100 00009  1200 00011  2500 00020  
HPD02731100HPCPHI19540700230080700 00001  0800 00001  0900 00031  1000 00015  1100 00010  1200 00010  1300 00001  2500 00069  
HPD02731100HPCPHI19540700240020100 00001  2500 00001  
HPD02731100HPCPHI19540700310030100 99999[ 2400 99999] 2500 00000I 
HPD02731100HPCPHI19540800010020100 99999a 2500 00000I 
HPD02731100HPCPHI19540800310022400 99999A 2500 00000I 
HPD02731100HPCPHI19540900010020100 99999, 2500 00000I 
HPD02731100HPCPHI19540900300022400 00138A 2500 00138P 
HPD02731100HPCPHI19541000010020100 00000g 2500 00000  
HPD02731100HPCPHI19541000310030100 99999[ 2400 99999] 2500 00000I 
HPD02731100HPCPHI19541100010030100 00000g 1200 00003  2500 00003  
HPD02731100HPCPHI19541100110080300 00001  0400 00007  0500 00003  0600 00003  0700 00002  0900 00001  1000 00001  2500 00018  
HPD02731100HPCPHI19541100300030100 99999[ 2400 99999] 2500 00000I 
HPD02731100HPCPHI19541200010020100 00000g 2500 00000  
HPD02731100HPCPHI19541200030021400 00001  2500 00001  
HPD02731100HPCPHI19541200090071900 00002  2000 00008  2100 00001  2200 00005  2300 00001  2400 00004  2500 00021  
HPD02731100HPCPHI19541200100020100 00002  2500 00002  
HPD02731100HPCPHI19541200310030100 99999[ 2400 99999] 2500 00000I 
HPD02731100HPCPHI19550100010080100 00000g 1900 00005  2000 00003  2100 00008  2200 00004  2300 00007  2400 00001  2500 00028  
HPD02731100HPCPHI19550100020110100 00005  0200 00003  0400 00001  1600 00008  1700 00003  1800 00005  1900 00002  2000 00001  2100 00001  2200 00006  2500 00035  
HPD02731100HPCPHI19550100030070500 00001  0600 00001  0700 00007  0800 00002  1600 00001  1700 00001  2500 00013  
HPD02731100HPCPHI19550100060071200 00002  1300 00003  2000 00009  2100 00001  2300 00002  2400 00001  2500 00018  
HPD02731100HPCPHI19550100070050100 00001  1200 00001  2300 00001  2400 00001  2500 00004  
HPD02731100HPCPHI19550100090022400 00003  2500 00003  
HPD02731100HPCPHI19550100100140100 00005  0200 00002  0300 00004  0400 00001  0500 00001  0600 00001  0700 00001  0800 00001  0900 00001  1100 00001  1200 00002  1300 00002  2000 00001  2500 00023  
HPD02731100HPCPHI19550100110020200 00001  2500 00001  
HPD02731100HPCPHI19550100150101600 00001  1700 00001  1800 00004  1900 00005  2000 00002  2100 00003  2200 00002  2300 00010  2400 00002  2500 00030  
HPD02731100HPCPHI19550100160020500 00001  2500 00001  
HPD02731100HPCPHI19550100180071000 00002  1100 00007  1200 00007  1300 00003  1400 00001  1500 00001  2500 00021  
HPD02731100HPCPHI19550100310030100 99999[ 2400 99999] 2500 00000I 
HPD02731100HPCPHI19550200010020100 99999a 2500 00000I 
HPD02731100HPCPHI19550200280022400 99999A 2500 00000I 
HPD02731100HPCPHI19550300010020100 99999, 2500 00000I 
HPD02731100HPCPHI19550300310022400 00040A 2500 00040P 
HPD02731100HPCPHI19550400010020100 00000g 2500 00000  
HPD02731100HPCPHI19550400220041200 00008  1400 00003  1500 00001  2500 00012  
HPD02731100HPCPHI19550400300030100 99999[ 2400 99999] 2500 00000I 
HPD02731100HPCPHI19550500010020100 00000g 2500 00000  
HPD02731100HPCPHI19550500310030100 99999[ 2400 99999] 2500 00000I 
HPD02731100HPCPHI19550600010020100 00000g 2500 00000  
HPD02731100HPCPHI19550600130020100 99999a 2500 00000I 
HPD02731100HPCPHI19550600300022400 99999A 2500 00000I 
HPD02731100HPCPHI19550700010020100 99999, 2500 00000I 
HPD02731100HPCPHI19550700310022400 99999A 2500 00000I 
HPD02731100HPCPHI19550800010020100 99999, 2500 00000I 
HPD02731100HPCPHI19550800310022400 00137A 2500 00137P 
HPD02731100HPCPHI19550900010020100 00000g 2500 00000  
HPD02731100HPCPHI19550900300030100 99999[ 2400 99999] 2500 00000I 
HPD02731100HPCPHI19551000010020100 00000g 2500 00000  
HPD02731100HPCPHI19551000310030100 99999[ 2400 99999] 2500 00000I 
HPD02731100HPCPHI19551100010020100 00000g 2500 00000  
HPD02731100HPCPHI19551100140050200 00001  0300 00001  1000 00003  1600 00005  2500 00010  
HPD02731100HPCPHI19551100220030200 00017  0600 00001  2500 00018  
HPD02731100HPCPHI19551100300030100 99999[ 2400 99999] 2500 00000I 
HPD02731100HPCPHI19551200010020100 00000g 2500 00000  
HPD02731100HPCPHI19551200020060700 00008  0800 00017  0900 00005  1700 00003  1800 00005  2500 00038  
HPD02731100HPCPHI19551200310030100 99999[ 2400 99999] 2500 00000I 
HPD02731100HPCPHI19560100010020100 00000g 2500 00000  
HPD02731100HPCPHI19560100160031100 00012  1200 00001  2500 00013  
HPD02731100HPCPHI19560100230021200 00002  2500 00002  
HPD02731100HPCPHI19560100260040400 00001  0700 00002  1000 00003  2500 00006  
HPD02731100HPCPHI19560100280030400 00001  0600 00011  2500 00012  
HPD02731100HPCPHI19560100310030100 99999[ 2400 99999] 2500 00000I 
HPD02731100HPCPHI19560200010020100 00000g 2500 00000  
HPD02731100HPCPHI19560200290030100 99999[ 2400 99999] 2500 00000I 
HPD02731100HPCPHI19560300010020100 00000g 2500 00000  
HPD02731100HPCPHI19560400010020100 00000g 2500 00000  
HPD02731100HPCPHI19560400130042000 00007  2100 00010  2200 00004  2500 00021  
HPD02731100HPCPHI19560400140040400 00008  0500 00001  0600 00002  2500 00011  
HPD02731100HPCPHI19560400300030100 99999[ 2400 99999] 2500 00000I 
HPD02731100HPCPHI19560500010020100 00000g 2500 00000  
HPD02731100HPCPHI19560500310030100 99999[ 2400 99999] 2500 00000I 
HPD02731100HPCPHI19560600010020100 00000g 2500 00000  
HPD02731100HPCPHI19560600280021900 00010  2500 00010  
HPD02731100HPCPHI19560600300030100 99999[ 2400 99999] 2500 00000I 
HPD02731100HPCPHI19560700010020100 00000g 2500 00000  
HPD02731100HPCPHI19560700180040200 00010  2100 00001  2200 00001  2500 00012  
HPD02731100HPCPHI19560700220031800 00009  1900 00002  2500 00011  
HPD02731100HPCPHI19560700270022200 00003  2500 00003  
HPD02731100HPCPHI19560700310030100 99999[ 2400 99999] 2500 00000I 
HPD02731100HPCPHI19560800010020100 00000g 2500 00000  
HPD02731100HPCPHI19560800120041300 00032  1400 00001  1500 00005  2500 00038  
HPD02731100HPCPHI19560900010020100 99999[ 2500 00000I 
HPD02731100HPCPHI19560900300022400 99999] 2500 00000I 
HPD02731100HPCPHI19561000010020100 00000g 2500 00000  
HPD02731100HPCPHI19561000310030100 99999[ 2400 99999] 2500 00000I 
HPD02731100HPCPHI19561100010020100 00000g 2500 00000  
HPD02731100HPCPHI19561100300030100 99999[ 2400 99999] 2500 00000I 
HPD02731100HPCPHI19561200010020100 00000g 2500 00000  
HPD02731100HPCPHI19561200060021800 00002  2500 00002  
HPD02731100HPCPHI19561200310030100 99999[ 2400 99999] 2500 00000I 
HPD02731100HPCPHI19570100010020100 00000g 2500 00000  
HPD02731100HPCPHI19570100040081600 00002  1700 00003  2000 00001  2100 00004  2200 00005  2300 00007  2400 00004  2500 00026  
HPD02731100HPCPHI19570100050050100 00004  0200 00004  0300 00003  0400 00002  2500 00013  
HPD02731100HPCPHI19570100070081300 00001  1400 00001  1500 00011  1700 00002  2200 00005  2300 00001  2400 00001  2500 00022  
HPD02731100HPCPHI19570100080040200 00002  0300 00004  0700 00001  2500 00007  
HPD02731100HPCPHI19570100120020300 99999a 2500 00000I 
HPD02731100HPCPHI19570100130021500 00035A 2500 00035P 
HPD02731100HPCPHI19570100200042200 00001  2300 00001  2400 00001  2500 00003  
HPD02731100HPCPHI19570100210031100 00001  1300 00002  2500 00003  
HPD02731100HPCPHI19570100240021200 00003  2500 00003  
HPD02731100HPCPHI19570100250042200 00007  2300 00003  2400 00001  2500 00011  
HPD02731100HPCPHI19570100260020900 00001  2500 00001  
HPD02731100HPCPHI19570100270031100 00002  1200 00002  2500 00004  
HPD02731100HPCPHI19570100300030900 00008  1000 00037  2500 00045  
HPD02731100HPCPHI19570100310030100 99999[ 2400 99999] 2500 00000I 
HPD02731100HPCPHI19570200010020100 00000g 2500 00000  
HPD02731100HPCPHI19570200170051500 00003  1600 00016  1700 00007  1800 00001  2500 00027  
HPD02731100HPCPHI19570200180050300 00001  0400 00001  0500 00001  1700 00004  2500 00007  
HPD02731100HPCPHI19570200200020600 00002  2500 00002  
HPD02731100HPCPHI19570200210071800 00001  1900 00002  2100 00002  2200 00001  2300 00001  2400 00001  2500 00008  
HPD02731100HPCPHI19570200220040100 00002  0200 00001  0300 00002  2500 00005  
HPD02731100HPCPHI19570200230081100 00001  1200 00002  1300 00001  1800 00001  1900 00001  2000 00001  2100 00004  2500 00011  
HPD02731100HPCPHI19570200270061100 00003  1200 00005  2000 00001  2100 00001  2200 00006  2500 00016  
HPD02731100HPCPHI19570200280032300 00003  2400 00005  2500 00008  
HPD02731100HPCPHI19570300010100100 00000g 0800 00001  0900 00001  1000 00006  1300 00006  1700 00006  1800 00012  1900 00001  2000 00001  2500 00034  
HPD02731100HPCPHI19570300090042200 00003  2300 00003  2400 00012  2500 00018  
HPD02731100HPCPHI19570300100080100 00014  0200 00009  0300 00002  0400 00003  0500 00009  0600 00002  1100 00002  2500 00041  
HPD02731100HPCPHI19570300160022300 00010  2500 00010  
HPD02731100HPCPHI19570300190022100 00003  2500 00003  
HPD02731100HPCPHI19570300200021100 00003  2500 00003  
HPD02731100HPCPHI19570300300031300 00001  1400 00001  2500 00002  
HPD02731100HPCPHI19570400010020100 99999a 2500 00000I 
HPD02731100HPCPHI19570400300022400 99999A 2500 00000I 
HPD02731100HPCPHI19570500010020100 99999, 2500 00000I 
HPD02731100HPCPHI19570500310022400 99999A 2500 00000I 
HPD02731100HPCPHI19570600010020100 99999, 2500 00000I 
HPD02731100HPCPHI19570600300022400 99999A 2500 00000I 
HPD02731100HPCPHI19570700010020100 99999, 2500 00000I 
HPD02731100HPCPHI19570700310022400 99999A 2500 00000I 
HPD02731100HPCPHI19570800010020100 99999, 2500 00000I 
HPD02731100HPCPHI19570800310022400 00300A 2500 00300P 
HPD02731100HPCPHI19570900010020100 00000g 2500 00000  
HPD02731100HPCPHI19571000010020100 00000g 2500 00000  
HPD02731100HPCPHI19571000110021300 99999a 2500 00000I 
HPD02731100HPCPHI19571000310022400 99999A 2500 00000I 
HPD02731100HPCPHI19571100010020100 99999, 2500 00000I 
HPD02731100HPCPHI19571100160021400 00392A 2500 00392P 
HPD02731100HPCPHI19571100300030100 99999[ 2400 99999] 2500 00000I 
HPD02731100HPCPHI19571200010020100 00000g 2500 00000  
HPD02731100HPCPHI19571200040042000 00007  2100 00007  2200 00003  2500 00017  
HPD02731100HPCPHI19571200050070200 00001  0300 00001  0500 00002  0600 00001  0700 00003  0800 00002  2500 00010  
HPD02731100HPCPHI19571200150141000 00004  1100 00004  1200 00001  1300 00007  1400 00011  1500 00003  1600 00002  1700 00002  1800 00005  1900 00004  2000 00009  2100 00001  2200 00001  2500 00054  
HPD02731100HPCPHI19571200160030400 00001  0500 00003  2500 00004  
HPD02731100HPCPHI19571200310030100 99999[ 2400 99999] 2500 00000I 
HPD02731100HPCPHI19580100010020100 00000g 2500 00000  
HPD02731100HPCPHI19580100270060200 00001  0300 00003  0400 00029  0500 00001  1200 00003  2500 00037  
HPD02731100HPCPHI19580200010020100 00000g 2500 00000  
HPD02731100HPCPHI19580200040210100 00001  0200 00001  0300 00001  0400 00010  0500 00008  0600 00005  0700 00001  0800 00003  0900 00011  1000 00013  1100 00014  1200 00002  1300 00001  1400 00001  1500 00001  2000 00003  2100 00009  2200 00033  2300 00024  2400 00010  2500 00152  
HPD02731100HPCPHI19580200050030700 00002  0800 00023  2500 00025  
HPD02731100HPCPHI19580200090020800 00006  2500 00006  
HPD02731100HPCPHI19580200250031000 00005  1100 00010  2500 00015  
HPD02731100HPCPHI19580300010020100 00000g 2500 00000  
HPD02731100HPCPHI19580300060111100 00012  1200 00001  1400 00002  1500 00001  1600 00012  1700 00003  1900 00001  2000 00001  2100 00001  2400 00003  2500 00037  
HPD02731100HPCPHI19580300090030100 00002  0300 00001  2500 00003  
HPD02731100HPCPHI19580300120061100 00005  1200 00011  1300 00002  1500 00004  1600 00001  2500 00023  
HPD02731100HPCPHI19580300150071300 00003  1400 00003  1500 00002  1600 00003  1700 00001  2400 00002  2500 00014  
HPD02731100HPCPHI19580300160040400 00001  1000 00001  1500 00002  2500 00004  
HPD02731100HPCPHI19580300210081800 00002  1900 00007  2000 00004  2100 00002  2200 00003  2300 00001  2400 00005  2500 00024  
HPD02731100HPCPHI19580300220030100 00005  0600 00001  2500 00006  
HPD02731100HPCPHI19580300270022400 00002  2500 00002  
HPD02731100HPCPHI19580300280040100 00008  0200 00006  0300 00001  2500 00015  
HPD02731100HPCPHI19580400010070100 00000g 2000 00002  2100 00007  2200 00016  2300 00020  2400 00018  2500 00063  
HPD02731100HPCPHI19580400030031500 99999[ 2400 99999] 2500 00000I 
HPD02731100HPCPHI19580400040031500 99999[ 2100 99999] 2500 00000I 
HPD02731100HPCPHI19580400070030600 99999[ 2300 99999] 2500 00000I 
HPD02731100HPCPHI19581100010020100 00000g 2500 00000  
HPD02731100HPCPHI19581100150031900 99999a 2400 00773A 2500 00773  
HPD02731100HPCPHI19581200010020100 00000g 2500 00000  
HPD02731100HPCPHI19581200310030100 99999[ 2400 99999] 2500 00000I 
HPD02731100HPCPHI19590100010020100 00000g 2500 00000  
HPD02731100HPCPHI19590200010020100 00000g 2500 00000  
HPD02731100HPCPHI19590200210031300 99999a 2400 00239A 2500 00239  
HPD02731100HPCPHI19590300010020100 00000g 2500 00000  
HPD02731100HPCPHI19590400010020100 00000g 2500 00000  
HPD02731100HPCPHI19590400260080700 00013  0800 00007  0900 00001  1000 00001  1100 00001  1700 00001  1800 00007  2500 00031  
HPD02731100HPCPHI19590500010020100 00000g 2500 00000  
HPD02731100HPCPHI19590500310030100 99999[ 2400 99999] 2500 00000I 
HPD02731100HPCPHI19590600010020100 00000g 2500 00000  
HPD02731100HPCPHI19590600180021400 00004  2500 00004  
HPD02731100HPCPHI19590600300030100 99999[ 2400 99999] 2500 00000I 
HPD02731100HPCPHI19590700010020100 00000g 2500 00000  
HPD02731100HPCPHI19590700110021200 00004  2500 00004  
HPD02731100HPCPHI19590700160030800 00026  0900 00005  2500 00031  
HPD02731100HPCPHI19590700170030700 00020  1000 00003  2500 00023  
HPD02731100HPCPHI19590700200071000 00009  1500 00002  1600 00007  1700 00001  1800 00001  1900 00002  2500 00022  
HPD02731100HPCPHI19590700260020800 00003  2500 00003  
HPD02731100HPCPHI19590700310030100 99999[ 2400 99999] 2500 00000I 
HPD02731100HPCPHI19590800010050100 00000g 0400 00041  0500 00001  0600 00001  2500 00043  
HPD02731100HPCPHI19591100010030100 00000g 2200 99999a 2500 00000I 
HPD02731100HPCPHI19591100020021600 00396A 2500 00396P 
HPD02731100HPCPHI19591200010020100 99999[ 2500 00000I 
HPD02731100HPCPHI19591200310022400 99999] 2500 00000I 
HPD02731100HPCPHI19600100010020100 00000g 2500 00000  
HPD02731100HPCPHI19600100150030400 99999a 2300 00268A 2500 00268  
HPD02731100HPCPHI19600200010020100 99999[ 2500 00000I 
HPD02731100HPCPHI19600200290022400 99999] 2500 00000I 
HPD02731100HPCPHI19600300010020100 99999[ 2500 00000I 
HPD02731100HPCPHI19600300310022400 99999] 2500 00000I 
HPD02731100HPCPHI19600400010020100 99999[ 2500 00000I 
HPD02731100HPCPHI19600400300022400 99999] 2500 00000I 
HPD02731100HPCPHI19600500010020100 99999[ 2500 00000I 
HPD02731100HPCPHI19600500310022400 99999] 2500 00000I 
HPD02731100HPCPHI19600600010020100 00000g 2500 00000  
HPD02731100HPCPHI19600700010020100 00000g 2500 00000  
HPD02731100HPCPHI19600700170022300 00002  2500 00002  
HPD02731100HPCPHI19600700200021800 00010  2500 00010  
HPD02731100HPCPHI19600700220042200 00008  2300 00035  2400 00002  2500 00045  
HPD02731100HPCPHI19600700230020100 00001  2500 00001  
HPD02731100HPCPHI19600700250032300 00009  2400 00001  2500 00010  
HPD02731100HPCPHI19600700270021900 00006  2500 00006  
HPD02731100HPCPHI19600700310030100 99999[ 2400 99999] 2500 00000I 
HPD02731100HPCPHI19600800010020100 00000g 2500 00000  
HPD02731100HPCPHI19600800110022200 00012  2500 00012  
HPD02731100HPCPHI19600800220020300 00015  2500 00015  
HPD02731100HPCPHI19600800310110800 00006  0900 00028  1000 00003  1800 00024  1900 00005  2000 00002  2100 00003  2200 00001  2300 00001  2400 00002  2500 00075  
HPD02731100HPCPHI19600900010070100 00002  0500 00002  0600 00001  0700 00046  0800 00027  0900 00001  2500 00079  
HPD02731100HPCPHI19600900040031800 00048  1900 00010  2500 00058  
HPD02731100HPCPHI19600900050041000 00002  1100 00002  1200 00003  2500 00007  
HPD02731100HPCPHI19600900090051700 00016  1800 00001  1900 00001  2000 00001  2500 00019  
HPD02731100HPCPHI19601000010020100 00000g 2500 00000  
HPD02731100HPCPHI19601000090061900 00020  2000 00002  2200 00002  2300 00007  2400 00002  2500 00033  
HPD02731100HPCPHI19601000100080100 00007  0200 00007  0300 00010  0400 00003  0500 00001  0600 00009  1100 00003  2500 00040  
HPD02731100HPCPHI19601000160031200 00016  1300 00005  2500 00021  
HPD02731100HPCPHI19601000310030100 99999[ 2400 99999] 2500 00000I 
HPD02731100HPCPHI19601100010020100 00000g 2500 00000  
HPD02731100HPCPHI19601100050110600 00002  1200 00004  1300 00010  1400 00002  1500 00008  1600 00001  1800 00008  2200 00005  2300 00004  2400 00018  2500 00062  
HPD02731100HPCPHI19601100060120100 00001  0200 00001  0700 00004  0900 00005  1000 00009  1100 00002  1200 00001  1300 00005  1400 00001  1500 00012  1600 00001  2500 00042  
HPD02731100HPCPHI19601100300030100 99999[ 2400 99999] 2500 00000I 
HPD02731100HPCPHI19610300010020100 99999a 2500 00000I 
HPD02731100HPCPHI19610300310022400 99999A 2500 00000I 
HPD02731100HPCPHI19610400010020100 99999, 2500 00000I 
HPD02731100HPCPHI19610400300022400 00120A 2500 00120P 
HPD02731100HPCPHI19610500010020100 00000g 2500 00000  
HPD02731100HPCPHI19610600010020100 00000g 2500 00000  
HPD02731100HPCPHI19610700010020100 99999[ 2500 00000I 
HPD02731100HPCPHI19610700310022400 99999] 2500 00000I 
HPD02731100HPCPHI19610800010020100 99999[ 2500 00000I 
HPD02731100HPCPHI19610800310022400 99999] 2500 00000I 
HPD02731100HPCPHI19610900010020100 99999[ 2500 00000I 
HPD02731100HPCPHI19610900300022400 99999] 2500 00000I 
HPD02731100HPCPHI19611000010020100 99999[ 2500 00000I 
HPD02731100HPCPHI19611000310022400 99999] 2500 00000I 
HPD02731100HPCPHI19611100010020100 99999[ 2500 00000I 
HPD02731100HPCPHI19611100300022400 99999] 2500 00000I 
HPD02731100HPCPHI19611200010020100 99999[ 2500 00000I 
HPD02731100HPCPHI19611200310022400 99999] 2500 00000I 
HPD02731100HPCPHI19620100010020100 99999[ 2500 00000I 
HPD02731100HPCPHI19620100310022400 99999] 2500 00000I 
HPD02731100HPCPHI19620200010020100 99999[ 2500 00000I 
HPD02731100HPCPHI19620200280022400 99999] 2500 00000I 
HPD02731100HPCPHI19620300010030100 99999[ 1300 99999] 2500 00000I 
HPD02731100HPCPHI19620300060031300 99999[ 2400 99999] 2500 00000I 
HPD02731100HPCPHI19620300090031300 99999[ 2400 99999] 2500 00000I 
HPD02731100HPCPHI19620300200050200 00005  0300 00005  1300 99999[ 2400 99999] 2500 00010I 
HPD02731100HPCPHI19620300210020300 00005  2500 00005  
HPD02731100HPCPHI19620300230030100 99999[ 1300 99999] 2500 00000I 
HPD02731100HPCPHI19620400010030100 00000g 1300 99999[ 2500 00000I 
HPD02731100HPCPHI19620400300022400 99999] 2500 00000I 
HPD02731100HPCPHI19620500010020100 99999[ 2500 00000I 
HPD02731100HPCPHI19620500310022400 99999] 2500 00000I 
HPD02731100HPCPHI19620600010020100 99999[ 2500 00000I 
HPD02731100HPCPHI19620600300022400 99999] 2500 00000I 
HPD02731100HPCPHI19620700010020100 99999[ 2500 00000I 
HPD02731100HPCPHI19620700310022400 99999] 2500 00000I 
HPD02731100HPCPHI19620800010020100 99999[ 2500 00000I 
HPD02731100HPCPHI19620800310022400 99999] 2500 00000I 
HPD02731100HPCPHI19620900010020100 99999a 2500 00000I 
HPD02731100HPCPHI19620900300022400 99999A 2500 00000I 
HPD02731100HPCPHI19621000010020100 99999, 2500 00000I 
HPD02731100HPCPHI19621000310022400 00250A 2500 00250P 
HPD02731100HPCPHI19621100010020100 99999[ 2500 00000I 
HPD02731100HPCPHI19621100300022400 99999] 2500 00000I 
HPD02731100HPCPHI19621200010020100 99999[ 2500 00000I 
HPD02731100HPCPHI19621200310022400 99999] 2500 00000I 
HPD02731100HPCPHI19630100010020100 00000g 2500 00000  
HPD02731100HPCPHI19630100030080600 00004  0700 00001  0800 00002  0900 00003  1300 00001  1400 00002  1900 00002  2500 00015  
HPD02731100HPCPHI19630100310030100 99999[ 2400 99999] 2500 00000I 
HPD02731100HPCPHI19630200010020100 00000g 2500 00000  
HPD02731100HPCPHI19630200100120100 00003  0200 00008  0300 00006  0500 00003  0600 00008  0700 00001  1300 00001  1400 00001  2000 00004  2100 00003  2200 00001  2500 00039  
HPD02731100HPCPHI19630200110050800 00005  0900 00003  1000 00001  1200 00003  2500 00012  
HPD02731100HPCPHI19630300010020100 00000g 2500 00000  
HPD02731100HPCPHI19630300170020900 99999a 2500 00000I 
HPD02731100HPCPHI19630300310022400 99999A 2500 00000I 
HPD02731100HPCPHI19630400010020100 99999, 2500 00000I 
HPD02731100HPCPHI19630400300022400 00113A 2500 00113P 
HPD02731100HPCPHI19630500010020100 00000g 2500 00000  
HPD02731100HPCPHI19630600010020100 00000g 2500 00000  
HPD02731100HPCPHI19630700010020100 99999a 2500 00000I 
HPD02731100HPCPHI19630700310022400 99999A 2500 00000I 
HPD02731100HPCPHI19630800010020100 99999, 2500 00000I 
HPD02731100HPCPHI19630800310022400 99999A 2500 00000I 
HPD02731100HPCPHI19630900010020100 99999, 2500 00000I 
HPD02731100HPCPHI19630900300022400 99999A 2500 00000I 
HPD02731100HPCPHI19631000010020100 99999, 2500 00000I 
HPD02731100HPCPHI19631000310022400 99999A 2500 00000I 
HPD02731100HPCPHI19631100010020100 99999, 2500 00000I 
HPD02731100HPCPHI19631100210020800 00522A 2500 00522P 
HPD02731100HPCPHI19631200010020100 00000g 2500 00000  
HPD02731100HPCPHI19640500010020100 00000g 2500 00000  
HPD02731100HPCPHI19640500040022100 99999a 2500 00000I 
HPD02731100HPCPHI19640500070021000 00143A 2500 00143P 
HPD02731100HPCPHI19641100010020100 00000g 2500 00000  
HPD02731100HPCPHI19641100150020900 99999a 2500 00000I 
HPD02731100HPCPHI19641100160020600 00345A 2500 00345P 
HPD02731100HPCPHI19641200010020100 00000g 2500 00000  
HPD02731100HPCPHI19641200310030100 99999[ 2400 99999] 2500 00000I 
HPD02731100HPCPHI19650100010020100 99999a 2500 00000I 
HPD02731100HPCPHI19650100310022400 99999A 2500 00000I 
HPD02731100HPCPHI19650200010020100 99999, 2500 00000I 
HPD02731100HPCPHI19650200280022400 99999A 2500 00000I 
HPD02731100HPCPHI19650300010020100 99999, 2500 00000I 
HPD02731100HPCPHI19650300310022400 99999A 2500 00000I 
HPD02731100HPCPHI19650400010020100 99999, 2500 00000I 
HPD02731100HPCPHI19650400300022400 99999A 2500 00000I 
HPD02731100HPCPHI19650500010020100 99999, 2500 00000I 
HPD02731100HPCPHI19650500150021900 00622A 2500 00622P 
HPD02731100HPCPHI19650600010020100 99999a 2500 00000I 
HPD02731100HPCPHI19650600300022400 99999A 2500 00000I 
HPD02731100HPCPHI19650700010020100 99999, 2500 00000I 
HPD02731100HPCPHI19650700310022400 00194A 2500 00194P 
HPD02731100HPCPHI19650800010020100 00000g 2500 00000  
HPD02731100HPCPHI19650800100021800 99999a 2500 00000I 
HPD02731100HPCPHI19650800310022400 99999A 2500 00000I 
HPD02731100HPCPHI19650900010020100 99999, 2500 00000I 
HPD02731100HPCPHI19650900180022000 00320A 2500 00320P 
HPD02731100HPCPHI19651000010020100 99999[ 2500 00000I 
HPD02731100HPCPHI19651000310022400 99999] 2500 00000I 
HPD02731100HPCPHI19651100010020100 00000g 2500 00000  
HPD02731100HPCPHI19651100140021100 99999[ 2500 00000I 
HPD02731100HPCPHI19651100150040700 99999] 1900 99999[ 2400 99999] 2500 00000I 
HPD02731100HPCPHI19651100170030100 99999[ 0600 99999] 2500 00000I 
HPD02731100HPCPHI19651200010020100 99999a 2500 00000I 
HPD02731100HPCPHI19651200310022400 99999A 2500 00000I 
HPD02731100HPCPHI19660100010020100 99999, 2500 00000I 
HPD02731100HPCPHI19660100310022400 99999A 2500 00000I 
HPD02731100HPCPHI19660200010020100 99999, 2500 00000I 
HPD02731100HPCPHI19660200280022400 99999A 2500 00000I 
HPD02731100HPCPHI19660300010020100 99999, 2500 00000I 
HPD02731100HPCPHI19660300310022400 00825A 2500 00825P 
HPD02731100HPCPHI19660400010020100 00000g 2500 00000  
HPD02731100HPCPHI19660500010020100 00000g 2500 00000  
HPD02731100HPCPHI19660500200032100 00009  2200 00001  2500 00010  
HPD02731100HPCPHI19660500230031800 00013  1900 00005  2500 00018  
HPD02731100HPCPHI19660600010020100 99999[ 2500 00000I 
HPD02731100HPCPHI19660600300022400 99999] 2500 00000I 
HPD02731100HPCPHI19660700010020100 99999[ 2500 00000I 
HPD02731100HPCPHI19660700310022400 99999] 2500 00000I 
HPD02731100HPCPHI19660800010020100 99999[ 2500 00000I 
HPD02731100HPCPHI19660800310022400 99999] 2500 00000I 
HPD02731100HPCPHI19660900010020100 99999[ 2500 00000I 
HPD02731100HPCPHI19660900300022400 99999] 2500 00000I 
HPD02731100HPCPHI19661000010020100 99999[ 2500 00000I 
HPD02731100HPCPHI19661000310022400 99999] 2500 00000I 
HPD02731100HPCPHI19661100010020100 99999[ 2500 00000I 
HPD02731100HPCPHI19661100300022400 99999] 2500 00000I 
HPD02731100HPCPHI19661200010020100 99999[ 2500 00000I 
HPD02731100HPCPHI19661200310022400 99999] 2500 00000I 
HPD02731100HPCPHI19670100010020100 00000g 2500 00000  
HPD02731100HPCPHI19670100040030700 00005  0800 00012  2500 00017  
HPD02731100HPCPHI19670100230042200 00001  2300 00001  2400 00002  2500 00004  
HPD02731100HPCPHI19670100250080800 00003  0900 00001  1000 00004  1100 00010  1200 00010  1300 00008  1400 00001  2500 00037  
HPD02731100HPCPHI19670200010020100 00000g 2500 00000  
HPD02731100HPCPHI19670300010020100 99999[ 2500 00000I 
HPD02731100HPCPHI19670300310022400 99999] 2500 00000I 
HPD02731100HPCPHI19670400010020100 99999[ 2500 00000I 
HPD02731100HPCPHI19670400300022400 99999] 2500 00000I 
HPD02731100HPCPHI19670500010020100 99999[ 2500 00000I 
HPD02731100HPCPHI19670500310022400 99999] 2500 00000I 
HPD02731100HPCPHI19670600010020100 99999[ 2500 00000I 
HPD02731100HPCPHI19670600300022400 99999] 2500 00000I 
HPD02731100HPCPHI19670700010020100 99999[ 2500 00000I 
HPD02731100HPCPHI19670700310022400 99999] 2500 00000I 
HPD02731100HPCPHI19670800010020100 99999[ 2500 00000I 
HPD02731100HPCPHI19670800310022400 99999] 2500 00000I 
HPD02731100HPCPHI19670900010020100 99999[ 2500 00000I 
HPD02731100HPCPHI19670900300022400 99999] 2500 00000I 
HPD02731100HPCPHI19671000010020100 99999[ 2500 00000I 
HPD02731100HPCPHI19671000310022400 99999] 2500 00000I 
HPD02731100HPCPHI19671100010020100 99999[ 2500 00000I 
HPD02731100HPCPHI19671100300022400 99999] 2500 00000I 
HPD02731100HPCPHI19671200010020100 99999[ 2500 00000I 
HPD02731100HPCPHI19671200310022400 99999] 2500 00000I 
HPD02731100HPCPHI19680100010020100 99999[ 2500 00000I 
HPD02731100HPCPHI19680100310022400 99999] 2500 00000I 
HPD02731100HPCPHI19680200010020100 00000g 2500 00000  
HPD02731100HPCPHI19680200100070800 00015  1200 00005  1300 00010  1900 00001  2000 00002  2100 00001  2500 00034  
HPD02731100HPCPHI19680200110021500 00003  2500 00003  
HPD02731100HPCPHI19680200120020300 00004  2500 00004  
HPD02731100HPCPHI19680300010020100 99999[ 2500 00000I 
HPD02731100HPCPHI19680300310022400 99999] 2500 00000I 
HPD02731100HPCPHI19680400010020100 99999[ 2500 00000I 
HPD02731100HPCPHI19680400300022400 99999] 2500 00000I 
HPD02731100HPCPHI19680500010020100 99999[ 2500 00000I 
HPD02731100HPCPHI19680500310022400 99999] 2500 00000I 
HPD02731100HPCPHI19680600010020100 99999[ 2500 00000I 
HPD02731100HPCPHI19680600300022400 99999] 2500 00000I 
HPD02731100HPCPHI19680700010020100 99999a 2500 00000I 
HPD02731100HPCPHI19680700310022400 99999A 2500 00000I 
HPD02731100HPCPHI19680800010020100 99999, 2500 00000I 
HPD02731100HPCPHI19680800310022400 99999A 2500 00000I 
HPD02731100HPCPHI19680900010020100 99999, 2500 00000I 
HPD02731100HPCPHI19680900300022400 99999A 2500 00000I 
HPD02731100HPCPHI19681000010020100 99999, 2500 00000I 
HPD02731100HPCPHI19681000310022400 99999A 2500 00000I 
HPD02731100HPCPHI19681100010020100 99999, 2500 00000I 
HPD02731100HPCPHI19681100200022400 00293A 2500 00293P 
HPD02731100HPCPHI19681200010020100 99999[ 2500 00000I 
HPD02731100HPCPHI19681200310022400 99999] 2500 00000I 
HPD02731100HPCPHI19690100010020100 99999[ 2500 00000I 
HPD02731100HPCPHI19690100310022400 99999] 2500 00000I 
HPD02731100HPCPHI19690200010020100 99999[ 2500 00000I 
HPD02731100HPCPHI19690200280022400 99999] 2500 00000I 
HPD02731100HPCPHI19690300010020100 99999[ 2500 00000I 
HPD02731100HPCPHI19690300310022400 99999] 2500 00000I 
HPD02731100HPCPHI19690400010020100 99999[ 2500 00000I 
HPD02731100HPCPHI19690400300022400 99999] 2500 00000I 
HPD02731100HPCPHI19690500010020100 99999[ 2500 00000I 
HPD02731100HPCPHI19690500310022400 99999] 2500 00000I 
HPD02731100HPCPHI19690600010020100 99999[ 2500 00000I 
HPD02731100HPCPHI19690600300022400 99999] 2500 00000I 
HPD02731100HPCPHI19690700010020100 99999[ 2500 00000I 
HPD02731100HPCPHI19690700310022400 99999] 2500 00000I 
HPD02731100HPCPHI19690800010020100 99999[ 2500 00000I 
HPD02731100HPCPHI19690800310022400 99999] 2500 00000I 
HPD02731100HPCPHI19690900010020100 99999[ 2500 00000I 
HPD02731100HPCPHI19690900300022400 99999] 2500 00000I 
HPD02731100HPCPHI19691000010020100 99999[ 2500 00000I 
HPD02731100HPCPHI19691000310022400 99999] 2500 00000I 
HPD02731100HPCPHI19691100010020100 99999[ 2500 00000I 
HPD02731100HPCPHI19691100300022400 99999] 2500 00000I 
