HPD02010005HPCPHI20040100010020100 00000g 2500 00000  
HPD02010005HPCPHI20040100030030700 00004  1000 00001  2500 00005  
HPD02010005HPCPHI20040100210031800 00005  1900 00002  2500 00007  
HPD02010005HPCPHI20040100260020900 00001  2500 00001  
HPD02010005HPCPHI20040100280050900 00001  1100 00001  1200 00005  1300 00001  2500 00008  
HPD02010005HPCPHI20040100290021200 00001  2500 00001  
HPD02010005HPCPHI20040200010020100 00000g 2500 00000  
HPD02010005HPCPHI20040200030040800 00005  0900 00001  1000 00001  2500 00007  
HPD02010005HPCPHI20040200190030100 00001  0200 00009  2500 00010  
HPD02010005HPCPHI20040200210030300 00001  1600 00001  2500 00002  
HPD02010005HPCPHI20040200220060700 00002  0800 00001  0900 00001  2200 00003  2300 00002  2500 00009  
HPD02010005HPCPHI20040200230150100 00002  0200 00010  0300 00006  0400 00002  0500 00002  0600 00010  0700 00004  0800 00004  0900 00001  1300 00016  1400 00031  1500 00005  1900 00006  2100 00002  2500 00101  
HPD02010005HPCPHI20040200240030400 00002  0500 00001  2500 00003  
HPD02010005HPCPHI20040200260031200 00001  2200 00002  2500 00003  
HPD02010005HPCPHI20040300010020100 00000g 2500 00000  
HPD02010005HPCPHI20040300030030200 00001  0300 00001  2500 00002  
HPD02010005HPCPHI20040400010020100 00000g 2500 00000  
HPD02010005HPCPHI20040400030030100 99999a 2400 00103A 2500 00103  
HPD02010005HPCPHI20040400090030100 99999a 2400 00002A 2500 00002  
HPD02010005HPCPHT20040500010020100 00000g 2500 00000  
HPD02010005HPCPHI20040600010020100 99999[ 2500 00000I 
HPD02010005HPCPHI20040600300022400 99999] 2500 00000I 
HPD02010005HPCPHI20040700010020100 00000g 2500 00000  
HPD02010005HPCPHI20040700140030700 00001  0800 00005  2500 00006  
HPD02010005HPCPHI20040700150051700 00008  1800 00009  2000 00003  2200 00002  2500 00022  
HPD02010005HPCPHI20040700250022100 00013  2500 00013  
HPD02010005HPCPHI20040800010020100 00000g 2500 00000  
HPD02010005HPCPHI20040800190040800 00003  0900 00008  1000 00001  2500 00012  
HPD02010005HPCPHI20040900010020100 00000g 2500 00000  
HPD02010005HPCPHI20040900080031400 00031  1500 00073  2500 00104  
HPD02010005HPCPHI20040900180031900 00010  2100 00001  2500 00011  
HPD02010005HPCPHI20040900190060300 00031  0400 00034  0500 00002  0700 00001  0800 00005  2500 00073  
HPD02010005HPCPHI20041000010020100 00000g 2500 00000  
HPD02010005HPCPHI20041000200042000 00001  2100 00003  2300 00012  2500 00016  
HPD02010005HPCPHI20041000210180200 00041  0300 00028  0400 00012  0500 00022  0600 00021  0700 00022  0800 00034  0900 00011  1000 00006  1100 00009  1200 00018  1300 00023  1400 00017  1500 00002  1600 00009  1700 00015  1800 00001  2500 00291  
HPD02010005HPCPHI20041000270121400 00009  1500 00003  1600 00001  1700 00002  1800 00012  1900 00048  2000 00024  2100 00022  2200 00007  2300 00010  2400 00006  2500 00144  
HPD02010005HPCPHI20041000280070100 00010  0200 00004  0300 00002  0400 00003  0500 00001  1200 00001  2500 00021  
HPD02010005HPCPHI20041100010020100 00000g 2500 00000  
HPD02010005HPCPHI20041100070180600 00004  0700 00020  0800 00016  0900 00010  1000 00009  1100 00011  1200 00001  1500 00005  1600 00013  1700 00021  1800 00008  1900 00007  2000 00011  2100 00023  2200 00008  2300 00001  2400 00007  2500 00175  
HPD02010005HPCPHI20041100080050100 00002  1300 00001  2000 00002  2100 00001  2500 00006  
HPD02010005HPCPHI20041100090020200 00001  2500 00001  
HPD02010005HPCPHI20041100120041400 00049  1500 00050  2200 00001  2500 00100  
HPD02010005HPCPHI20041100130021700 00002  2500 00002  
HPD02010005HPCPHI20041100150021800 00008  2500 00008  
HPD02010005HPCPHI20041100210190100 00005  0400 00002  0500 00003  0600 00008  0700 00004  0800 00008  0900 00005  1000 00007  1500 00009  1600 00010  1700 00018  1800 00015  1900 00006  2000 00002  2100 00009  2200 00007  2300 00008  2400 00006  2500 00132  
HPD02010005HPCPHI20041100220080100 00004  0200 00006  0300 00008  0400 00017  0500 00004  0600 00002  0700 00003  2500 00044  
HPD02010005HPCPHI20041200010020100 99999[ 2500 00000I 
HPD02010005HPCPHI20041200310022400 99999] 2500 00000I 
