HPD02187007HPCPHT20110100010020100 00000g 2500 00000  
HPD02187007HPCPHT20110100030020900 99999[ 2500 00000I 
HPD02187007HPCPHT20110100310022400 99999] 2500 00000I 
HPD02187007HPCPHT20110200010020100 99999[ 2500 00000I 
HPD02187007HPCPHT20110200280022400 99999] 2500 00000I 
HPD02187007HPCPHT20110300010020100 99999[ 2500 00000I 
HPD02187007HPCPHT20110300030021100 99999] 2500 00000I 
HPD02187007HPCPHT20110300130030200 99999[ 0300 99999] 2500 00000I 
HPD02187007HPCPHT20110300220020100 00010  2500 00010  
HPD02187007HPCPHT20110400010020100 00000g 2500 00000  
HPD02187007HPCPHT20110500010020100 00000g 2500 00000  
HPD02187007HPCPHT20110600010020100 00000g 2500 00000  
HPD02187007HPCPHT20110600290032200 00010  2300 00040  2500 00050  
HPD02187007HPCPHT20110700010020100 00000g 2500 00000  
HPD02187007HPCPHT20110700170031700 00010  1800 00020  2500 00030  
HPD02187007HPCPHT20110700180021400 00010  2500 00010  
HPD02187007HPCPHT20110700200051700 00010  2000 00010  2100 00020  2200 00010  2500 00050  
HPD02187007HPCPHT20110700230031800 00010  2400 00010  2500 00020  
HPD02187007HPCPHT20110700240040400 00080  0500 00010  2200 00010  2500 00100  
HPD02187007HPCPHT20110700260021200 00020  2500 00020  
HPD02187007HPCPHT20110700280022400 00010  2500 00010  
HPD02187007HPCPHT20110700310041900 00040  2000 00050  2200 00010  2500 00100  
HPD02187007HPCPHT20110800010020100 00000g 2500 00000  
HPD02187007HPCPHT20110800030022200 00010  2500 00010  
HPD02187007HPCPHT20110800050021600 00010  2500 00010  
HPD02187007HPCPHT20110800100031600 00060  1700 00010  2500 00070  
HPD02187007HPCPHT20110800110032100 00020  2200 00020  2500 00040  
HPD02187007HPCPHT20110800120022100 00050  2500 00050  
HPD02187007HPCPHT20110800180041700 00010  1800 00010  1900 00010  2500 00030  
HPD02187007HPCPHT20110900010020100 00000g 2500 00000  
HPD02187007HPCPHT20110900070021900 00030  2500 00030  
HPD02187007HPCPHT20110900090051900 00010  2000 00010  2100 00020  2200 00010  2500 00050  
HPD02187007HPCPHT20110900100031800 00020  1900 00010  2500 00030  
HPD02187007HPCPHT20110900130031800 00010  2200 00010  2500 00020  
HPD02187007HPCPHT20110900140022300 00010  2500 00010  
HPD02187007HPCPHT20111000010020100 00000g 2500 00000  
HPD02187007HPCPHT20111000260022400 00010  2500 00010  
HPD02187007HPCPHT20111100010020100 00000g 2500 00000  
HPD02187007HPCPHT20111100050020600 00010  2500 00010  
HPD02187007HPCPHT20111100070021200 00010  2500 00010  
HPD02187007HPCPHT20111100120022000 00010  2500 00010  
HPD02187007HPCPHT20111100130031300 00010  1400 00010  2500 00020  
