HPD02077507HPCPHT20020100010030100 99999[ 0500 99999] 2500 00000I 
HPD02077507HPCPHT20020100290021700 00020  2500 00020  
HPD02077507HPCPHT20020100300031200 00010  1300 00010  2500 00020  
HPD02077507HPCPHT20020100310022300 00010  2500 00010  
HPD02077507HPCPHT20020200010030100 99999[ 0200 99999] 2500 00000I 
HPD02077507HPCPHT20020200030041900 00010  2200 00010  2300 00010  2500 00030  
HPD02077507HPCPHT20020200040060100 00010  0400 00010  0700 00010  1500 00010  2400 00010  2500 00050  
HPD02077507HPCPHT20020200050060400 00010  0700 00010  0900 00010  1200 00010  2000 00010  2500 00050  
HPD02077507HPCPHT20020200110021500 00010  2500 00010  
HPD02077507HPCPHT20020300010030100 99999[ 1000 99999] 2500 00000I 
HPD02077507HPCPHT20020400010020100 00000g 2500 00000  
HPD02077507HPCPHT20020400050031200 99999[ 1300 99999] 2500 00000I 
HPD02077507HPCPHT20020500010020100 00000g 2500 00000  
HPD02077507HPCPHT20020600010020100 00000g 2500 00000  
HPD02077507HPCPHT20020700010020100 00000g 2500 00000  
HPD02077507HPCPHT20020700150021300 00030  2500 00030  
HPD02077507HPCPHT20020700160022200 00010  2500 00010  
HPD02077507HPCPHT20020700180032100 00010  2200 00050  2500 00060  
HPD02077507HPCPHT20020700210061200 00010  1900 00020  2000 00030  2100 00010  2400 00010  2500 00080  
HPD02077507HPCPHT20020700220030900 00010  2300 00020  2500 00030  
HPD02077507HPCPHT20020700230022000 00020  2500 00020  
HPD02077507HPCPHT20020700240021700 99999{ 2500 00000P 
HPD02077507HPCPHT20020700270021600 99999} 2500 00000P 
HPD02077507HPCPHT20020800010030100 00000g 1700 99999{ 2500 00000P 
HPD02077507HPCPHT20020800040021600 99999} 2500 00000P 
HPD02077507HPCPHT20020800100032100 00020  2200 00010  2500 00030  
HPD02077507HPCPHT20020800170021400 00010  2500 00010  
HPD02077507HPCPHT20020800180042100 00010  2200 00010  2400 00030  2500 00050  
HPD02077507HPCPHT20020800190040100 00020  0200 00030  1600 00010  2500 00060  
HPD02077507HPCPHT20020900010020100 00000g 2500 00000  
HPD02077507HPCPHT20020900030021200 00010  2500 00010  
HPD02077507HPCPHT20020900070032100 00010  2200 00010  2500 00020  
HPD02077507HPCPHT20020900090031600 00010  1700 00010  2500 00020  
HPD02077507HPCPHT20020900100021100 00010  2500 00010  
HPD02077507HPCPHT20021000010020100 00000g 2500 00000  
HPD02077507HPCPHT20021000070041000 00010  1600 00030  1700 00010  2500 00050  
HPD02077507HPCPHT20021100010020100 00000g 2500 00000  
HPD02077507HPCPHT20021100300031100 00010  1400 00020  2500 00030  
HPD02077507HPCPHT20021200010030100 00000g 0400 99999{ 2500 00000P 
HPD02077507HPCPHT20021200030020700 99999} 2500 00000P 
HPD02077507HPCPHT20021200170031800 00010  1900 00010  2500 00020  
HPD02077507HPCPHT20021200180040500 00010  0600 00010  0800 00010  2500 00030  
HPD02077507HPCPHT20021200210020800 00010  2500 00010  
HPD02077507HPCPHT20021200220032300 00010  2400 00010  2500 00020  
HPD02077507HPCPHT20021200230031000 00010  1800 99999{ 2500 00010P 
HPD02077507HPCPHT20021200310022400 99999} 2500 00000P 
