HPD02834906HPCPHT20030100010020100 00000g 2500 00000  
HPD02834906HPCPHT20030100020021500 99999{ 2500 00000P 
HPD02834906HPCPHT20030100310022400 99999} 2500 00000P 
HPD02834906HPCPHT20030200010030100 00000g 0200 99999{ 2500 00000P 
HPD02834906HPCPHT20030200040020900 99999} 2500 00000P 
HPD02834906HPCPHT20030200080021100 00010  2500 00010  
HPD02834906HPCPHT20030200130100300 00010  0700 00010  1500 00010  1600 00010  1700 00010  1800 00010  1900 00010  2000 00010  2100 00010  2500 00090  
HPD02834906HPCPHT20030200140060100 00020  0200 00020  0300 00020  0400 00020  2200 00020  2500 00100  
HPD02834906HPCPHT20030200150050100 00010  0200 00020  0300 00010  0400 00010  2500 00050  
HPD02834906HPCPHT20030200250061200 00010  1800 00010  1900 00010  2100 00040  2400 00010  2500 00080  
HPD02834906HPCPHT20030200260110200 00020  0300 00030  0500 00020  0600 00010  0700 00020  0800 00010  0900 00010  1100 00010  1300 00010  1400 00010  2500 00150  
HPD02834906HPCPHT20030200270070600 00010  1500 00010  1700 00010  1800 00010  2300 00010  2400 00010  2500 00060  
HPD02834906HPCPHT20030200280070100 00010  0200 00010  0300 00010  0500 00010  0900 00010  1100 00010  2500 00060  
HPD02834906HPCPHT20030300010030100 00000g 1200 00010  2500 00010  
HPD02834906HPCPHT20030300020030200 00010  0900 00010  2500 00020  
HPD02834906HPCPHT20030300160091200 00010  1300 00010  1400 00010  1500 00010  1600 00010  1700 00020  1800 00020  2000 00010  2500 00100  
HPD02834906HPCPHT20030300170021700 00010  2500 00010  
HPD02834906HPCPHT20030300180030200 00010  0700 00010  2500 00020  
HPD02834906HPCPHT20030400010020100 00000g 2500 00000  
HPD02834906HPCPHT20030400150030500 00030  0600 00020  2500 00050  
HPD02834906HPCPHT20030500010020100 00000g 2500 00000  
HPD02834906HPCPHT20030600010020100 00000g 2500 00000  
HPD02834906HPCPHT20030700010020100 00000g 2500 00000  
HPD02834906HPCPHT20030700210032200 00010  2300 00010  2500 00020  
HPD02834906HPCPHT20030800010040100 00000g 0300 00020  0400 00010  2500 00030  
HPD02834906HPCPHT20030800140032000 00010  2100 00010  2500 00020  
HPD02834906HPCPHT20030800230031900 00010  2200 00010  2500 00020  
HPD02834906HPCPHT20030800260052100 00050  2200 00010  2300 00010  2400 00010  2500 00080  
HPD02834906HPCPHT20030800310022100 00010  2500 00010  
HPD02834906HPCPHT20030900010040100 00000g 2200 00010  2300 00010  2500 00020  
HPD02834906HPCPHT20030900090041400 00020  1500 00010  1700 00010  2500 00040  
HPD02834906HPCPHT20030900100040800 00030  1000 00020  1200 00010  2500 00060  
HPD02834906HPCPHT20030900250041800 00000 q1900 00010 q2000 00010  2500 00020P 
HPD02834906HPCPHT20031000010020100 00000g 2500 00000  
HPD02834906HPCPHT20031000100030300 00010  1000 00010  2500 00020  
HPD02834906HPCPHT20031100010020100 00000g 2500 00000  
HPD02834906HPCPHT20031100120101000 00020  1200 00010  1300 00010  1400 00010  1500 00010  1700 00010  1800 00010  2100 00010  2200 00010  2500 00100  
HPD02834906HPCPHT20031200010020100 00000g 2500 00000  
HPD02834906HPCPHT20031200110032300 00010  2400 00010  2500 00020  
HPD02834906HPCPHT20031200120050300 00010  0400 00010  0700 00010  1000 00010  2500 00040  
HPD02834906HPCPHT20031200260040700 00030  0800 00020  1000 00010  2500 00060  
