HPD02232903HPCPHT20070100010020100 00000g 2500 00000  
HPD02232903HPCPHT20070100080021200 00010  2500 00010  
HPD02232903HPCPHT20070100150021500 00010  2500 00010  
HPD02232903HPCPHT20070100190041200 00010  1700 00010  2100 00010  2500 00030  
HPD02232903HPCPHT20070100200030600 00010  0900 00010  2500 00020  
HPD02232903HPCPHT20070100240021500 00010  2500 00010  
HPD02232903HPCPHT20070100290021500 00010  2500 00010  
HPD02232903HPCPHT20070100300051700 00010  2100 00010  2300 00010  2400 00010  2500 00040  
HPD02232903HPCPHT20070100310100100 00010  0300 00010  0400 00010  0800 00010  1100 00010  1200 00010  1300 00010  1400 00010  2400 00010  2500 00090  
HPD02232903HPCPHT20070200010020100 00000g 2500 00000  
HPD02232903HPCPHT20070200030021500 00010  2500 00010  
HPD02232903HPCPHT20070200100021400 00010  2500 00010  
HPD02232903HPCPHT20070200110021500 00010  2500 00010  
HPD02232903HPCPHT20070200130031900 00010  2000 00010  2500 00020  
HPD02232903HPCPHT20070200150021600 00010  2500 00010  
HPD02232903HPCPHT20070200190071300 00010  1400 00030  1500 00010  1600 00010  1900 00010  2000 00010  2500 00080  
HPD02232903HPCPHT20070200200031100 00010  1500 99999[ 2500 00010I 
HPD02232903HPCPHT20070200280022400 99999] 2500 00000I 
HPD02232903HPCPHT20070300010020100 99999[ 2500 00000I 
HPD02232903HPCPHT20070300020021200 99999] 2500 00000I 
HPD02232903HPCPHT20070300100021700 00010  2500 00010  
HPD02232903HPCPHT20070300130021500 00010  2500 00010  
HPD02232903HPCPHT20070300190021500 00010  2500 00010  
HPD02232903HPCPHT20070300220071100 00010  1200 00010  1700 00030  1800 00030  2300 00020  2400 00020  2500 00120  
HPD02232903HPCPHT20070300230020600 00010  2500 00010  
HPD02232903HPCPHT20070300240021600 00010  2500 00010  
HPD02232903HPCPHT20070300310021400 00010  2500 00010  
HPD02232903HPCPHT20070400010030100 00000g 1300 00010  2500 00010  
HPD02232903HPCPHT20070400090021300 00010  2500 00010  
HPD02232903HPCPHT20070400120021800 00010  2500 00010  
HPD02232903HPCPHT20070400130021200 00010  2500 00010  
HPD02232903HPCPHT20070400180021000 00010  2500 00010  
HPD02232903HPCPHT20070400230021700 00010  2500 00010  
HPD02232903HPCPHT20070500010020100 00000g 2500 00000  
HPD02232903HPCPHT20070500080021200 99999[ 2500 00000I 
HPD02232903HPCPHT20070500310020600 99999] 2500 00000I 
HPD02232903HPCPHT20070600010020100 00000g 2500 00000  
HPD02232903HPCPHT20070600200022000 00010  2500 00010  
HPD02232903HPCPHT20070700010020100 00000g 2500 00000  
HPD02232903HPCPHT20070700160041900 00020  2000 00020  2300 00020  2500 00060  
HPD02232903HPCPHT20070700210031700 00010  2200 00010  2500 00020  
HPD02232903HPCPHT20070700220021600 00010  2500 00010  
HPD02232903HPCPHT20070700250031200 00020  1800 00010  2500 00030  
HPD02232903HPCPHT20070700270031200 00010  1500 00010  2500 00020  
HPD02232903HPCPHT20070700280021700 00010  2500 00010  
HPD02232903HPCPHT20070700300021200 00020  2500 00020  
HPD02232903HPCPHT20070700310041200 00030  2000 00010  2400 00010  2500 00050  
HPD02232903HPCPHT20070800010030100 00000g 1700 00010  2500 00010  
HPD02232903HPCPHT20070800020021400 00010  2500 00010  
HPD02232903HPCPHT20070800030021400 00010  2500 00010  
HPD02232903HPCPHT20070800040022000 00020  2500 00020  
HPD02232903HPCPHT20070800300021800 00010  2500 00010  
HPD02232903HPCPHT20070800310031400 00020  1500 00010  2500 00030  
HPD02232903HPCPHT20070900010030100 00000g 1400 00010  2500 00010  
HPD02232903HPCPHT20070900080021500 00010  2500 00010  
HPD02232903HPCPHT20070900220040800 00030  1000 00010  2200 00010  2500 00050  
HPD02232903HPCPHT20070900230021700 00010  2500 00010  
HPD02232903HPCPHT20070900280021100 00010  2500 00010  
HPD02232903HPCPHT20071000010030100 00000g 0400 00010  2500 00010  
HPD02232903HPCPHT20071000050021600 00010  2500 00010  
HPD02232903HPCPHT20071000310021400 00010  2500 00010  
HPD02232903HPCPHT20071100010030100 00000g 1400 00010  2500 00010  
HPD02232903HPCPHT20071100140021400 00010  2500 00010  
HPD02232903HPCPHT20071100300151100 00010  1200 00010  1300 00010  1400 00010  1500 00030  1600 00040  1700 00010  1800 00010  1900 00010  2000 00020  2100 00020  2200 00030  2300 00040  2400 00060  2500 00310  
HPD02232903HPCPHT20071200010140100 00010  0300 00030  0400 00030  0500 00030  0600 00030  0700 00050  0800 00010  0900 00040  1000 00070  1100 00070  1200 00070  1300 00010  1400 00010  2500 00460  
HPD02232903HPCPHT20071200060020900 99999[ 2500 00000I 
HPD02232903HPCPHT20071200170031000 99999] 1400 00010  2500 00010I 
HPD02232903HPCPHT20071200300021500 00010  2500 00010  
