HPD02632304HPCPHT20090100010020100 00000g 2500 00000  
HPD02632304HPCPHT20090100040021800 00010  2500 00010  
HPD02632304HPCPHT20090100050021400 00010  2500 00010  
HPD02632304HPCPHT20090100220060600 00010  0700 00010  0800 00010  1500 00010  2200 00010  2500 00050  
HPD02632304HPCPHT20090100230020500 00010  2500 00010  
HPD02632304HPCPHT20090100240020500 00010  2500 00010  
HPD02632304HPCPHT20090200010020100 00000g 2500 00000  
HPD02632304HPCPHT20090200080100400 00010  0500 00010  0600 00010  0700 00010  0900 00010  1000 00010  1100 00010  1300 00010  1400 00010  2500 00090  
HPD02632304HPCPHT20090200090100300 00010  0700 00010  1200 00010  1400 00010  1600 00010  1900 00010  2000 00010  2100 00010  2200 00020  2500 00100  
HPD02632304HPCPHT20090200100040100 00010  1200 00010  1300 00010  2500 00030  
HPD02632304HPCPHT20090200170030600 00010  0700 00010  2500 00020  
HPD02632304HPCPHT20090200180021400 00010  2500 00010  
HPD02632304HPCPHT20090300010030100 00000g 1800 99999{ 2500 00000P 
HPD02632304HPCPHT20090300040021700 99999} 2500 00000P 
HPD02632304HPCPHT20090400010020100 00000g 2500 00000  
HPD02632304HPCPHT20090400100020800 99999{ 2500 00000P 
HPD02632304HPCPHT20090400110020800 99999} 2500 00000P 
HPD02632304HPCPHT20090500010020100 00000g 2500 00000  
HPD02632304HPCPHT20090500200021900 00010  2500 00010  
HPD02632304HPCPHT20090500210022000 00010  2500 00010  
HPD02632304HPCPHT20090500220050300 00010  0600 00010  0700 00020  0800 00010  2500 00050  
HPD02632304HPCPHT20090500230040600 00010  0700 00020  0800 00010  2500 00040  
HPD02632304HPCPHT20090500240021000 00010  2500 00010  
HPD02632304HPCPHT20090600010020100 00000g 2500 00000  
HPD02632304HPCPHT20090600100021300 99999[ 2500 00000I 
HPD02632304HPCPHT20090600300022400 99999] 2500 00000I 
