HPD02563500HPCPHI19790700010020100 99999[ 2500 00000I 
HPD02563500HPCPHI19790700190021400 99999] 2500 00000I 
HPD02563500HPCPHT19790700200021700 00010  2500 00010  
HPD02563500HPCPHT19790800010020100 00000g 2500 00000  
HPD02563500HPCPHT19790800050021700 00030  2500 00030  
HPD02563500HPCPHT19790800060020700 00010  2500 00010  
HPD02563500HPCPHT19790800110042000 00030  2100 00030  2200 00010  2500 00070  
HPD02563500HPCPHT19790800120090800 00020  0900 00010  1000 00010  1300 00020  1400 00030  1500 00010  1800 00010  2000 00010  2500 00120  
HPD02563500HPCPHT19790800140040200 00010  1200 00030  1300 00040  2500 00080  
HPD02563500HPCPHT19790800160020700 00010  2500 00010  
HPD02563500HPCPHT19790900010020100 00000g 2500 00000  
HPD02563500HPCPHT19790900140021500 00010  2500 00010  
HPD02563500HPCPHT19791000010020100 00000g 2500 00000  
HPD02563500HPCPHT19791000200032200 00010  2300 00010  2500 00020  
HPD02563500HPCPHT19791000210020100 99999[ 2500 00000I 
HPD02563500HPCPHT19791000260021300 99999] 2500 00000I 
HPD02563500HPCPHT19791100010020100 00000g 2500 00000  
HPD02563500HPCPHT19791100080020400 00010  2500 00010  
HPD02563500HPCPHT19791200010020100 00000g 2500 00000  
HPD02563500HPCPHT19791200210031300 00010  2300 00010  2500 00020  
HPD02563500HPCPHT19791200220020600 00010  2500 00010  
HPD02563500HPCPHT19791200260020900 00020  2500 00020  
HPD02563500HPCPHT19791200280021300 00010  2500 00010  
HPD02563500HPCPHT19800100010020100 00000g 2500 00000  
HPD02563500HPCPHT19800100090071600 00010  1800 00010  2000 00010  2100 00020  2300 00010  2400 00010  2500 00070  
HPD02563500HPCPHT19800100100020200 00010  2500 00010  
HPD02563500HPCPHT19800100110050100 00010  0900 00010  1100 00010  1300 00010  2500 00040  
HPD02563500HPCPHT19800100150030100 00020  0200 00010  2500 00030  
HPD02563500HPCPHT19800100180031700 00030  1900 00010  2500 00040  
HPD02563500HPCPHT19800100190021400 00010  2500 00010  
HPD02563500HPCPHT19800100290140700 00010  0800 00010  0900 00010  1100 00010  1500 00010  1700 00010  1800 00010  1900 00010  2000 00010  2100 00010  2200 00010  2300 00010  2400 00010  2500 00130  
HPD02563500HPCPHT19800100300070100 00010  0200 00010  0300 00010  0400 00010  0500 00010  0700 00010  2500 00060  
HPD02563500HPCPHT19800200010020100 00000g 2500 00000  
HPD02563500HPCPHT19800200130021600 00010  2500 00010  
HPD02563500HPCPHT19800200140080100 00010  0500 00010  1000 00010  1400 00010  2100 00010  2300 00010  2400 00010  2500 00070  
HPD02563500HPCPHT19800200150060700 00010  0900 00010  1200 00010  1400 00010  1600 00010  2500 00050  
HPD02563500HPCPHT19800200170040100 00010  0300 00010  0900 00010  2500 00030  
HPD02563500HPCPHT19800200180021300 00010  2500 00010  
HPD02563500HPCPHT19800200190111300 00010  1500 00010  1700 00010  1800 00010  1900 00010  2000 00020  2100 00020  2200 00010  2300 00010  2400 00020  2500 00130  
HPD02563500HPCPHT19800200200020600 00010  2500 00010  
HPD02563500HPCPHT19800200210040300 00010  0700 00010  1500 00010  2500 00030  
HPD02563500HPCPHT19800200220021200 00010  2500 00010  
HPD02563500HPCPHT19800300010020100 00000g 2500 00000  
HPD02563500HPCPHT19800300030022200 00010  2500 00010  
HPD02563500HPCPHT19800300040021600 00010  2500 00010  
HPD02563500HPCPHT19800300060021800 00010  2500 00010  
HPD02563500HPCPHT19800300100022300 00010  2500 00010  
HPD02563500HPCPHT19800300110030100 00010  0800 00010  2500 00020  
HPD02563500HPCPHT19800300190030500 00010  1800 00010  2500 00020  
HPD02563500HPCPHT19800300220022200 00010  2500 00010  
HPD02563500HPCPHT19800300260021700 00010  2500 00010  
HPD02563500HPCPHT19800400010040100 00000g 1900 00010  2300 00010  2500 00020  
HPD02563500HPCPHT19800400020021500 00010  2500 00010  
HPD02563500HPCPHT19800400230031400 00010  1600 00010  2500 00020  
HPD02563500HPCPHT19800400290040300 00010  1300 00010  1600 00010  2500 00030  
HPD02563500HPCPHT19800400300021200 00010  2500 00010  
HPD02563500HPCPHT19800500010020100 00000g 2500 00000  
HPD02563500HPCPHT19800500150022100 00010  2500 00010  
HPD02563500HPCPHT19800600010020100 00000g 2500 00000  
HPD02563500HPCPHT19800600300022100 00010  2500 00010  
HPD02563500HPCPHT19800700010040100 00000g 0500 00010  1400 00010  2500 00020  
HPD02563500HPCPHT19800700120022400 00020  2500 00020  
HPD02563500HPCPHT19800700130050100 00020  0200 00010  0500 00010  0800 00010  2500 00050  
HPD02563500HPCPHT19800700310021100 00010  2500 00010  
HPD02563500HPCPHT19800800010020100 00000g 2500 00000  
HPD02563500HPCPHT19800800020020800 00010  2500 00010  
HPD02563500HPCPHT19800800120021700 00030  2500 00030  
HPD02563500HPCPHT19800800130021200 00010  2500 00010  
HPD02563500HPCPHT19800800140020400 00010  2500 00010  
HPD02563500HPCPHT19800800240031400 00010  1800 00010  2500 00020  
HPD02563500HPCPHT19800900010020100 00000g 2500 00000  
HPD02563500HPCPHT19800900060021600 00010  2500 00010  
HPD02563500HPCPHT19800900070041200 00020  1300 00040  2200 00010  2500 00070  
HPD02563500HPCPHT19800900090022400 00010  2500 00010  
HPD02563500HPCPHT19800900100020100 00010  2500 00010  
HPD02563500HPCPHT19801000010020100 00000g 2500 00000  
HPD02563500HPCPHT19801000120032300 00010  2400 00010  2500 00020  
HPD02563500HPCPHT19801000130021400 00010  2500 00010  
HPD02563500HPCPHT19801000140031600 00020  1700 00030  2500 00050  
HPD02563500HPCPHT19801000150021400 00010  2500 00010  
HPD02563500HPCPHT19801000160021200 00010  2500 00010  
HPD02563500HPCPHT19801100010020100 00000g 2500 00000  
HPD02563500HPCPHT19801200010020100 00000g 2500 00000  
HPD02563500HPCPHT19801200060050300 00010  0400 00010  0900 00010  1700 00010  2500 00040  
HPD02563500HPCPHT19801200070060200 00020  0300 00010  1000 00010  1500 00010  1600 00010  2500 00060  
HPD02563500HPCPHT19810100010020100 00000g 2500 00000  
HPD02563500HPCPHT19810100110021400 00010  2500 00010  
HPD02563500HPCPHT19810100120020800 00010  2500 00010  
HPD02563500HPCPHT19810100130020900 00010  2500 00010  
HPD02563500HPCPHT19810200010020100 00000g 2500 00000  
HPD02563500HPCPHT19810200080032100 00010  2300 00010  2500 00020  
HPD02563500HPCPHT19810200090070100 00010  0300 00010  0600 00010  1000 00010  1300 00010  1900 00010  2500 00060  
HPD02563500HPCPHT19810200260040400 00010  0500 00010  1000 00010  2500 00030  
HPD02563500HPCPHT19810200280020900 00010  2500 00010  
HPD02563500HPCPHT19810300010030100 00000g 2300 00010  2500 00010  
HPD02563500HPCPHT19810300020060100 00010  0200 00010  0400 00010  0500 00010  1200 00010  2500 00050  
HPD02563500HPCPHT19810300030021900 00010  2500 00010  
HPD02563500HPCPHT19810300050051500 00010  1700 00010  2100 00010  2200 00010  2500 00040  
HPD02563500HPCPHT19810300060020400 00010  2500 00010  
HPD02563500HPCPHT19810300140040100 00010  0200 00010  1300 00010  2500 00030  
HPD02563500HPCPHT19810300200031200 00020  1300 00010  2500 00030  
HPD02563500HPCPHT19810300260022100 00010  2500 00010  
HPD02563500HPCPHT19810300270021800 00010  2500 00010  
HPD02563500HPCPHT19810400010020100 99999[ 2500 00000I 
HPD02563500HPCPHT19810400300022400 99999] 2500 00000I 
HPD02563500HPCPHT19810500010020100 99999[ 2500 00000I 
HPD02563500HPCPHT19810500310022400 99999] 2500 00000I 
HPD02563500HPCPHT19810600010020100 00000g 2500 00000  
HPD02563500HPCPHT19810600260021400 00010  2500 00010  
HPD02563500HPCPHT19810600270022200 00010  2500 00010  
HPD02563500HPCPHT19810700010030100 00000g 1700 00010  2500 00010  
HPD02563500HPCPHT19810700080031800 00010  1900 00020  2500 00030  
HPD02563500HPCPHT19810700090021800 00020  2500 00020  
HPD02563500HPCPHT19810700100021600 00010  2500 00010  
HPD02563500HPCPHT19810700110021300 00010  2500 00010  
HPD02563500HPCPHT19810700130021600 00010  2500 00010  
HPD02563500HPCPHT19810700150030300 00020  1600 00010  2500 00030  
HPD02563500HPCPHT19810700170021500 00010  2500 00010  
HPD02563500HPCPHT19810700180021400 00010  2500 00010  
HPD02563500HPCPHT19810700310031800 00010  1900 00010  2500 00020  
HPD02563500HPCPHT19810800010020100 00000g 2500 00000  
HPD02563500HPCPHT19810800080021800 99999a 2500 00000I 
HPD02563500HPCPHT19810800280021800 00170A 2500 00170P 
HPD02563500HPCPHT19810900010030100 00000g 0300 00010  2500 00010  
HPD02563500HPCPHT19810900040021000 00010  2500 00010  
HPD02563500HPCPHT19810900060030700 00010  1400 00010  2500 00020  
HPD02563500HPCPHT19810900170041200 00010  1600 00010  1700 00020  2500 00040  
HPD02563500HPCPHT19810900230050400 00060  0600 00010  0700 00010  1000 00010  2500 00090  
HPD02563500HPCPHT19811000010070100 00020  1800 00010  1900 00010  2000 00030  2200 00010  2300 00010  2500 00090  
HPD02563500HPCPHT19811000020130100 00020  0200 00010  0600 00010  0700 00030  0800 00030  0900 00010  1000 00020  1200 00010  1400 00010  1600 00030  1700 00010  1800 00010  2500 00200  
HPD02563500HPCPHT19811000110021100 00010  2500 00010  
HPD02563500HPCPHT19811100010020100 00000g 2500 00000  
HPD02563500HPCPHT19811100270021300 00010  2500 00010  
HPD02563500HPCPHT19811100280080300 00010  1300 00010  1800 00010  2000 00010  2100 00010  2300 00010  2400 00010  2500 00070  
HPD02563500HPCPHT19811100290070200 00010  0300 00010  0900 00010  1100 00010  1200 00010  1400 00010  2500 00060  
HPD02563500HPCPHT19811200010020100 00000g 2500 00000  
HPD02563500HPCPHT19811200310021000 00010  2500 00010  
HPD02563500HPCPHT19820100010030100 00000g 1500 00010  2500 00010  
HPD02563500HPCPHT19820100020022100 00010  2500 00010  
HPD02563500HPCPHT19820100100022400 00010  2500 00010  
HPD02563500HPCPHT19820100110020200 00010  2500 00010  
HPD02563500HPCPHT19820100120021600 00020  2500 00020  
HPD02563500HPCPHT19820100210071200 00010  1300 00010  1400 00020  1500 00010  1600 00010  1700 00010  2500 00070  
HPD02563500HPCPHT19820100220021000 00010  2500 00010  
HPD02563500HPCPHT19820100290020400 00010  2500 00010  
HPD02563500HPCPHT19820200010020100 99999a 2500 00000I 
HPD02563500HPCPHT19820200280022400 00280A 2500 00280P 
HPD02563500HPCPHT19820300010020100 00000g 2500 00000  
HPD02563500HPCPHT19820300110041300 00010  2000 00010  2200 00010  2500 00030  
HPD02563500HPCPHT19820300120030100 00010  2100 00010  2500 00020  
HPD02563500HPCPHT19820300130050800 00010  1000 00010  1200 00010  1600 00010  2500 00040  
HPD02563500HPCPHT19820300150020200 00010  2500 00010  
HPD02563500HPCPHT19820300160030900 00010  1200 00010  2500 00020  
HPD02563500HPCPHT19820300180051400 00010  1500 00010  1600 00010  2000 00010  2500 00040  
HPD02563500HPCPHT19820300190021100 00010  2500 00010  
HPD02563500HPCPHT19820300260051000 00010  1400 00010  1700 00010  1900 00010  2500 00040  
HPD02563500HPCPHT19820400010030100 00000g 2200 00010  2500 00010  
HPD02563500HPCPHT19820500010040100 00000g 1800 00010  2300 00010  2500 00020  
HPD02563500HPCPHT19820500020020100 00010  2500 00010  
HPD02563500HPCPHT19820500040030600 00010  1000 00010  2500 00020  
HPD02563500HPCPHT19820500050040400 00010  0700 00010  0800 00010  2500 00030  
HPD02563500HPCPHT19820500120020700 00010  2500 00010  
HPD02563500HPCPHT19820600010020100 00000g 2500 00000  
HPD02563500HPCPHT19820700010020100 00000g 2500 00000  
HPD02563500HPCPHT19820700240021800 00030  2500 00030  
HPD02563500HPCPHT19820800010020100 00000g 2500 00000  
HPD02563500HPCPHT19820800050021200 00010  2500 00010  
HPD02563500HPCPHT19820800060041100 00010  2000 00010  2300 00010  2500 00030  
HPD02563500HPCPHT19820800070030300 00020  1100 00010  2500 00030  
HPD02563500HPCPHT19820800100021600 00010  2500 00010  
HPD02563500HPCPHT19820800110020500 00010  2500 00010  
HPD02563500HPCPHT19820800120020200 00010  2500 00010  
HPD02563500HPCPHT19820800130030700 00010  1500 00010  2500 00020  
HPD02563500HPCPHT19820800190021100 00010  2500 00010  
HPD02563500HPCPHT19820800210021100 00010  2500 00010  
HPD02563500HPCPHT19820800220021600 00010  2500 00010  
HPD02563500HPCPHT19820800230051100 00010  1900 00030  2200 00010  2300 00010  2500 00060  
HPD02563500HPCPHT19820800240022100 00010  2500 00010  
HPD02563500HPCPHT19820800260031300 00010  1400 00020  2500 00030  
HPD02563500HPCPHT19820900010020100 00000g 2500 00000  
HPD02563500HPCPHT19820900060021500 00020  2500 00020  
HPD02563500HPCPHT19820900070022200 00010  2500 00010  
HPD02563500HPCPHT19820900100051400 00020  1700 00010  1800 00010  1900 00010  2500 00050  
HPD02563500HPCPHT19820900110021400 00010  2500 00010  
HPD02563500HPCPHT19820900130022100 00010  2500 00010  
HPD02563500HPCPHT19820900260022400 00030  2500 00030  
HPD02563500HPCPHT19820900270040100 00010  0400 00010  2300 00010  2500 00030  
HPD02563500HPCPHT19821000010020100 00000g 2500 00000  
HPD02563500HPCPHT19821100010020100 99999[ 2500 00000I 
HPD02563500HPCPHT19821100300022400 99999] 2500 00000I 
HPD02563500HPCPHT19821200010020100 99999[ 2500 00000I 
HPD02563500HPCPHT19821200050021200 99999] 2500 00000I 
HPD02563500HPCPHT19821200080022300 00010  2500 00010  
HPD02563500HPCPHT19821200090050100 00010  0900 00010  1200 00010  2400 00010  2500 00040  
HPD02563500HPCPHT19821200100070200 00010  0300 00010  0700 00010  0900 00010  1100 00010  1400 00010  2500 00060  
HPD02563500HPCPHT19821200220022300 00010  2500 00010  
HPD02563500HPCPHT19821200230030600 00010  0700 00010  2500 00020  
HPD02563500HPCPHT19821200290022300 00010  2500 00010  
HPD02563500HPCPHT19821200300030400 00010  0700 00010  2500 00020  
HPD02563500HPCPHT19830100010020100 00000g 2500 00000  
HPD02563500HPCPHT19830100270041600 00010  2000 00010  2200 00010  2500 00030  
HPD02563500HPCPHT19830100280020300 00010  2500 00010  
HPD02563500HPCPHT19830100290041100 00010  1300 00010  1500 00010  2500 00030  
HPD02563500HPCPHT19830200010020100 00000g 2500 00000  
HPD02563500HPCPHT19830200020032100 00010  2300 00010  2500 00020  
HPD02563500HPCPHT19830200030070100 00010  0200 00010  0900 00010  1600 00010  1800 00010  2100 00010  2500 00060  
HPD02563500HPCPHT19830200040031000 00010  1600 00010  2500 00020  
HPD02563500HPCPHT19830200050022000 00010  2500 00010  
HPD02563500HPCPHT19830200060022000 00010  2500 00010  
HPD02563500HPCPHT19830200080031100 00010  1400 00010  2500 00020  
HPD02563500HPCPHT19830200260031600 00010  1700 00010  2500 00020  
HPD02563500HPCPHT19830300010020100 00000g 2500 00000  
HPD02563500HPCPHT19830300020021500 00010  2500 00010  
HPD02563500HPCPHT19830300030080300 00020  0400 00010  0600 00010  1100 00010  1600 00010  1900 00010  2400 00010  2500 00080  
HPD02563500HPCPHT19830300040070100 00010  0700 00010  1000 00010  1500 00010  1600 00010  1800 00010  2500 00060  
HPD02563500HPCPHT19830300050021200 00010  2500 00010  
HPD02563500HPCPHT19830300070021700 00010  2500 00010  
HPD02563500HPCPHT19830300140021600 00040  2500 00040  
HPD02563500HPCPHT19830300180040700 00010  2100 00010  2200 00010  2500 00030  
HPD02563500HPCPHT19830300210031400 00010  1500 00010  2500 00020  
HPD02563500HPCPHT19830300230030500 00010  1000 00010  2500 00020  
HPD02563500HPCPHT19830300240021400 00010  2500 00010  
HPD02563500HPCPHT19830300250020500 00010  2500 00010  
HPD02563500HPCPHT19830400010020100 00000g 2500 00000  
HPD02563500HPCPHT19830400130020300 00010  2500 00010  
HPD02563500HPCPHT19830400200041700 00010  2200 00010  2300 00010  2500 00030  
HPD02563500HPCPHT19830400210070100 00010  0400 00010  1000 00010  1400 00010  1500 00010  1600 00010  2500 00060  
HPD02563500HPCPHT19830500010020100 00000g 2500 00000  
HPD02563500HPCPHT19830600010020100 00000g 2500 00000  
HPD02563500HPCPHT19830700010020100 00000g 2500 00000  
HPD02563500HPCPHT19830700070031000 00010  1600 00010  2500 00020  
HPD02563500HPCPHT19830700090020700 00010  2500 00010  
HPD02563500HPCPHT19830700140021000 00010  2500 00010  
HPD02563500HPCPHT19830700210021600 00010  2500 00010  
HPD02563500HPCPHT19830700220030100 00010  0200 00010  2500 00020  
HPD02563500HPCPHT19830700230032000 00010  2100 00050  2500 00060  
HPD02563500HPCPHT19830700240051500 00010  1600 00010  1800 00030  2000 00010  2500 00060  
HPD02563500HPCPHT19830700310022100 00010  2500 00010  
HPD02563500HPCPHT19830800010040100 00000g 1800 00020  1900 00010  2500 00030  
HPD02563500HPCPHT19830800060022000 00010  2500 00010  
HPD02563500HPCPHT19830800110021600 00040  2500 00040  
HPD02563500HPCPHT19830800150031900 00020  2200 00010  2500 00030  
HPD02563500HPCPHT19830800160050300 00010  1400 00010  1900 00060  2000 00010  2500 00090  
HPD02563500HPCPHT19830800170051200 00030  1300 00010  1400 00020  1600 00010  2500 00070  
HPD02563500HPCPHT19830800290040100 00020  0200 00010  0400 00010  2500 00040  
HPD02563500HPCPHT19830800310050900 99999[ 1400 99999] 1600 00050  1700 00010  2500 00060I 
HPD02563500HPCPHT19830900010020100 00000g 2500 00000  
HPD02563500HPCPHT19830900160021800 00050  2500 00050  
HPD02563500HPCPHT19830900170020900 00010  2500 00010  
HPD02563500HPCPHT19830900230090500 00010  1100 00010  1200 00010  1300 00020  1400 00010  1800 00040  1900 00010  2000 00010  2500 00120  
HPD02563500HPCPHT19830900240060200 00020  0400 00010  0500 00010  0600 00010  1000 00010  2500 00060  
HPD02563500HPCPHT19830900280032100 00010  2200 00010  2500 00020  
HPD02563500HPCPHT19830900290080900 00020  1100 00030  1200 00030  1300 00020  1400 00020  2000 00010  2400 00040  2500 00170  
HPD02563500HPCPHT19830900300040400 00010  0800 00050  0900 00010  2500 00070  
HPD02563500HPCPHT19831000010030100 00000g 0500 00010  2500 00010  
HPD02563500HPCPHT19831000050051300 00010  2000 00010  2100 00010  2200 00010  2500 00040  
HPD02563500HPCPHT19831000080020300 00010  2500 00010  
HPD02563500HPCPHT19831000240021400 00010  2500 00010  
HPD02563500HPCPHT19831100010020100 00000g 2500 00000  
HPD02563500HPCPHT19831100180020800 00010  2500 00010  
HPD02563500HPCPHT19831100210020100 00010  2500 00010  
HPD02563500HPCPHT19831100250030900 00010  1500 00010  2500 00020  
HPD02563500HPCPHT19831200010050100 00000g 1200 00010  2100 00010  2300 00010  2500 00030  
HPD02563500HPCPHT19831200020040800 00010  1100 00010  1800 00010  2500 00030  
HPD02563500HPCPHT19831200040020600 00010  2500 00010  
HPD02563500HPCPHT19831200250070500 00010  0900 00010  1000 00010  1100 00010  1500 00010  1600 00010  2500 00060  
HPD02563500HPCPHT19831200260020700 00010  2500 00010  
HPD02563500HPCPHT19831200270020600 00010  2500 00010  
HPD02563500HPCPHT19840100010020100 00000g 2500 00000  
HPD02563500HPCPHT19840100050032000 00010  2100 00010  2500 00020  
HPD02563500HPCPHT19840100060020900 00010  2500 00010  
HPD02563500HPCPHT19840200010020100 00000g 2500 00000  
HPD02563500HPCPHT19840300010020100 00000g 2500 00000  
HPD02563500HPCPHT19840300260042200 00010  2300 00010  2400 00010  2500 00030  
HPD02563500HPCPHT19840300270020800 00010  2500 00010  
HPD02563500HPCPHT19840400010020100 00000g 2500 00000  
HPD02563500HPCPHT19840400060022000 00010  2500 00010  
HPD02563500HPCPHT19840400070021200 00010  2500 00010  
HPD02563500HPCPHT19840400280022000 00010  2500 00010  
HPD02563500HPCPHT19840400300021500 00010  2500 00010  
HPD02563500HPCPHT19840500010020100 00000g 2500 00000  
HPD02563500HPCPHT19840500300021700 00010  2500 00010  
HPD02563500HPCPHT19840500310021600 00010  2500 00010  
HPD02563500HPCPHT19840600010020100 00000g 2500 00000  
HPD02563500HPCPHT19840600290022200 00010  2500 00010  
HPD02563500HPCPHT19840600300021200 00010  2500 00010  
HPD02563500HPCPHT19840700010030100 00000g 0900 99999a 2500 00000I 
HPD02563500HPCPHT19840700310022400 99999A 2500 00000I 
HPD02563500HPCPHT19840800010040100 99999, 0600 00150A 1500 00010  2500 00160P 
HPD02563500HPCPHT19840800110021600 00010  2500 00010  
HPD02563500HPCPHT19840800120031700 00080  1800 00010  2500 00090  
HPD02563500HPCPHT19840800170022100 00010  2500 00010  
HPD02563500HPCPHT19840800190022300 00010  2500 00010  
HPD02563500HPCPHT19840800200021500 00020  2500 00020  
HPD02563500HPCPHT19840800240032100 00010  2300 00010  2500 00020  
HPD02563500HPCPHT19840900010030100 00000g 2000 00010  2500 00010  
HPD02563500HPCPHT19840900100061500 00010  1900 00010  2000 00010  2100 00010  2200 00010  2500 00050  
HPD02563500HPCPHT19840900110021000 00010  2500 00010  
HPD02563500HPCPHT19840900250021500 00010  2500 00010  
HPD02563500HPCPHT19840900260050700 00010  1000 00010  1100 00010  1300 00010  2500 00040  
HPD02563500HPCPHT19841000010030100 00000g 1200 00010  2500 00010  
HPD02563500HPCPHT19841000030050100 00010  0200 00010  0300 00010  0700 00010  2500 00040  
HPD02563500HPCPHT19841000120030700 00010  1200 00010  2500 00020  
HPD02563500HPCPHT19841100010020100 00000g 2500 00000  
HPD02563500HPCPHT19841100220022400 00010  2500 00010  
HPD02563500HPCPHT19841100230060200 00010  0300 00010  0400 00010  0500 00010  0600 00010  2500 00050  
HPD02563500HPCPHT19841100240032100 00010  2300 00010  2500 00020  
HPD02563500HPCPHT19841100250020700 00010  2500 00010  
HPD02563500HPCPHT19841200010020100 00000g 2500 00000  
HPD02563500HPCPHT19841200080040500 00010  1300 00010  1400 00010  2500 00030  
HPD02563500HPCPHT19841200100041500 00010  1600 00010  1800 00010  2500 00030  
HPD02563500HPCPHT19841200110021000 00010  2500 00010  
HPD02563500HPCPHT19841200120022000 00010  2500 00010  
HPD02563500HPCPHT19841200130100300 00020  0500 00010  0600 00010  1000 00010  1300 00010  1400 00010  1600 00010  1700 00010  2000 00010  2500 00100  
HPD02563500HPCPHT19841200170021300 00010  2500 00010  
HPD02563500HPCPHT19841200270120500 00010  0700 00010  0900 00010  1000 00010  1100 00020  1200 00010  1300 00020  1500 00010  1600 00010  1700 00010  1900 00010  2500 00130  
HPD02563500HPCPHT19841200280051300 00010  1400 00010  1600 00010  1800 00010  2500 00040  
HPD02563500HPCPHT19850100010020100 00000g 2500 00000  
HPD02563500HPCPHT19850100070022000 00010  2500 00010  
HPD02563500HPCPHT19850100080030200 00010  1400 00010  2500 00020  
HPD02563500HPCPHT19850100230030300 00010  1200 00010  2500 00020  
HPD02563500HPCPHT19850100260040300 00010  0400 00010  0600 00010  2500 00030  
HPD02563500HPCPHT19850100270031200 00010  1600 00010  2500 00020  
HPD02563500HPCPHT19850100290020500 00010  2500 00010  
HPD02563500HPCPHT19850200010020100 00000g 2500 00000  
HPD02563500HPCPHT19850200020032100 00010  2400 00010  2500 00020  
HPD02563500HPCPHT19850200030060200 00010  0300 00010  0400 00010  0500 00010  0700 00010  2500 00050  
HPD02563500HPCPHT19850200040020100 00010  2500 00010  
HPD02563500HPCPHT19850200100030100 00010  0200 00010  2500 00020  
HPD02563500HPCPHT19850200210060100 00010  0300 00010  0600 00010  1700 00010  1900 00010  2500 00050  
HPD02563500HPCPHT19850300010020100 00000g 2500 00000  
HPD02563500HPCPHT19850300100020900 00010  2500 00010  
HPD02563500HPCPHT19850300110030900 00010  1600 00010  2500 00020  
HPD02563500HPCPHT19850300150110300 00010  0400 00010  1100 00010  1200 00010  1300 00010  1400 00010  1500 00010  1600 00010  1800 00010  2400 00010  2500 00100  
HPD02563500HPCPHT19850300190020300 00010  2500 00010  
HPD02563500HPCPHT19850300200021000 00010  2500 00010  
HPD02563500HPCPHT19850400010020100 00000g 2500 00000  
HPD02563500HPCPHT19850400030021100 00010  2500 00010  
HPD02563500HPCPHT19850400210040100 00010  0300 00010  0500 00010  2500 00030  
HPD02563500HPCPHT19850400260022200 00010  2500 00010  
HPD02563500HPCPHT19850400270032300 00010  2400 00010  2500 00020  
HPD02563500HPCPHT19850400280030100 00010  0200 00010  2500 00020  
HPD02563500HPCPHT19850500010020100 00000g 2500 00000  
HPD02563500HPCPHT19850500170031500 00010  1700 00010  2500 00020  
HPD02563500HPCPHT19850600010020100 00000g 2500 00000  
HPD02563500HPCPHT19850600030020900 00010  2500 00010  
HPD02563500HPCPHT19850700010020100 00000g 2500 00000  
HPD02563500HPCPHT19850700090031800 00030  1900 00010  2500 00040  
HPD02563500HPCPHT19850700100021500 00010  2500 00010  
HPD02563500HPCPHT19850700120021800 99999{ 2500 00000P 
HPD02563500HPCPHT19850700310022400 99999} 2500 00000P 
HPD02563500HPCPHT19850800010020100 00000g 2500 00000  
HPD02563500HPCPHT19850800130021300 00010  2500 00010  
HPD02563500HPCPHT19850800250021800 00020  2500 00020  
HPD02563500HPCPHT19850800280021800 00010  2500 00010  
HPD02563500HPCPHT19850800310031600 00040  1700 00030  2500 00070  
HPD02563500HPCPHT19850900010020100 00000g 2500 00000  
HPD02563500HPCPHT19850900110050700 00010  0900 00010  1000 00040  1100 00020  2500 00080  
HPD02563500HPCPHT19850900170022400 00010  2500 00010  
HPD02563500HPCPHT19850900180070300 00020  0400 00030  0500 00010  0600 00020  0800 00010  1200 00010  2500 00100  
HPD02563500HPCPHT19851000010020100 00000g 2500 00000  
HPD02563500HPCPHT19851000060022300 00010  2500 00010  
HPD02563500HPCPHT19851000070030100 00030  0200 00020  2500 00050  
HPD02563500HPCPHT19851000100041700 00020  1800 00010  1900 00010  2500 00040  
HPD02563500HPCPHT19851000110020300 00010  2500 00010  
HPD02563500HPCPHT19851000160030100 00020  0200 00030  2500 00050  
HPD02563500HPCPHT19851000310021700 00010  2500 00010  
HPD02563500HPCPHT19851100010020100 00000g 2500 00000  
HPD02563500HPCPHT19851100110030500 00010  1300 00010  2500 00020  
HPD02563500HPCPHT19851100120070300 00020  0400 00040  0600 00020  0700 00010  0800 00010  1600 00010  2500 00110  
HPD02563500HPCPHT19851100240022400 00010  2500 00010  
HPD02563500HPCPHT19851100250120500 00010  0700 00010  1000 00010  1600 00020  1700 00010  1800 00010  2000 00020  2100 00020  2200 00020  2300 00010  2400 00030  2500 00170  
HPD02563500HPCPHT19851100260030100 00010  0500 00010  2500 00020  
HPD02563500HPCPHT19851100290041600 00010  1900 00010  2000 00010  2500 00030  
HPD02563500HPCPHT19851200010030100 00000g 0900 00010  2500 00010  
HPD02563500HPCPHT19860100010020100 00000g 2500 00000  
HPD02563500HPCPHT19860100140022100 00010  2500 00010  
HPD02563500HPCPHT19860200010040100 00000g 0500 00010  0600 00010  2500 00020  
HPD02563500HPCPHT19860200040020200 00010  2500 00010  
HPD02563500HPCPHT19860200080031300 00010  2000 00010  2500 00020  
HPD02563500HPCPHT19860200090041300 00010  1400 00010  2100 00010  2500 00030  
HPD02563500HPCPHT19860200150061500 00010  1600 00010  1700 00010  1800 00010  2000 00010  2500 00050  
HPD02563500HPCPHT19860300010020100 00000g 2500 00000  
HPD02563500HPCPHT19860300080022400 00010  2500 00010  
HPD02563500HPCPHT19860300090030100 00010  0200 00010  2500 00020  
HPD02563500HPCPHT19860300100031300 00010  1600 00010  2500 00020  
HPD02563500HPCPHT19860300110040100 00010  0200 00020  0800 00010  2500 00040  
HPD02563500HPCPHT19860300120031600 00010  2000 00010  2500 00020  
HPD02563500HPCPHT19860300130020900 00010  2500 00010  
HPD02563500HPCPHT19860300140040300 00010  0700 00010  1000 00010  2500 00030  
HPD02563500HPCPHT19860300160051600 00010  2100 00010  2200 00020  2300 00010  2500 00050  
HPD02563500HPCPHT19860300170021300 00010  2500 00010  
HPD02563500HPCPHT19860300180021500 00010  2500 00010  
HPD02563500HPCPHT19860300290020400 00010  2500 00010  
HPD02563500HPCPHT19860400010050100 00000g 0900 00010  1200 00010  1400 00010  2500 00030  
HPD02563500HPCPHT19860400020020300 00010  2500 00010  
HPD02563500HPCPHT19860500010020100 00000g 2500 00000  
HPD02563500HPCPHT19860500300021500 00010  2500 00010  
HPD02563500HPCPHT19860500310051000 00010  1500 00050  1600 00010  1700 00010  2500 00080  
HPD02563500HPCPHT19860600010020100 00000g 2500 00000  
HPD02563500HPCPHT19860600030031700 00070  1800 00010  2500 00080  
HPD02563500HPCPHT19860600040021200 00010  2500 00010  
HPD02563500HPCPHT19860600170031600 00010  1700 00010  2500 00020  
HPD02563500HPCPHT19860600250021800 00030  2500 00030  
HPD02563500HPCPHT19860600290021500 00010  2500 00010  
HPD02563500HPCPHT19860700010020100 00000g 2500 00000  
HPD02563500HPCPHT19860700020041900 00150  2000 00020  2200 00010  2500 00180  
HPD02563500HPCPHT19860700030020400 00010  2500 00010  
HPD02563500HPCPHT19860700040020900 00010  2500 00010  
HPD02563500HPCPHT19860700140041700 00010  1800 00010  1900 00050  2500 00070  
HPD02563500HPCPHT19860700160041500 00040  1600 00010  1700 00010  2500 00060  
HPD02563500HPCPHT19860700190022100 00010  2500 00010  
HPD02563500HPCPHT19860700200021900 00010  2500 00010  
HPD02563500HPCPHT19860700210050900 00010  1200 00010  1700 00010  2300 00010  2500 00040  
HPD02563500HPCPHT19860700220060300 00010  0400 00020  0500 00050  0600 00020  1200 00010  2500 00110  
HPD02563500HPCPHT19860800010020100 00000g 2500 00000  
HPD02563500HPCPHT19860800050022300 00010  2500 00010  
HPD02563500HPCPHT19860800120040500 00010  0600 00010  0700 00010  2500 00030  
HPD02563500HPCPHT19860800140031800 00020  1900 00010  2500 00030  
HPD02563500HPCPHT19860800170031900 00030  2000 00030  2500 00060  
HPD02563500HPCPHT19860800230042100 00010  2200 00010  2300 00010  2500 00030  
HPD02563500HPCPHT19860800270022100 00010  2500 00010  
HPD02563500HPCPHT19860800310021400 00010  2500 00010  
HPD02563500HPCPHT19860900010020100 00000g 2500 00000  
HPD02563500HPCPHT19860900080022400 00010  2500 00010  
HPD02563500HPCPHT19860900090030100 00010  0200 00020  2500 00030  
HPD02563500HPCPHT19860900220041300 00010  1700 00010  1900 00010  2500 00030  
HPD02563500HPCPHT19860900230040600 00010  2100 00010  2200 00010  2500 00030  
HPD02563500HPCPHT19860900240022200 00010  2500 00010  
HPD02563500HPCPHT19860900250030300 00010  1300 00010  2500 00020  
HPD02563500HPCPHT19860900290021200 00010  2500 00010  
HPD02563500HPCPHT19861000010020100 00000g 2500 00000  
HPD02563500HPCPHT19861000050021400 00010  2500 00010  
HPD02563500HPCPHT19861000090052100 00010  2200 00020  2300 00010  2400 00010  2500 00050  
HPD02563500HPCPHT19861000100030100 00010  1300 00010  2500 00020  
HPD02563500HPCPHT19861000110051300 00020  1400 00030  1500 00010  1600 00010  2500 00070  
HPD02563500HPCPHT19861000310022000 00010  2500 00010  
HPD02563500HPCPHT19861100010020100 00000g 2500 00000  
HPD02563500HPCPHT19861100020030100 99999{ 0800 99999} 2500 00000P 
HPD02563500HPCPHT19861100180061100 00010  1500 00010  1600 00010  1900 00010  2100 00010  2500 00050  
HPD02563500HPCPHT19861200010020100 00000g 2500 00000  
HPD02563500HPCPHT19861200060090400 00010  0600 00010  0700 00010  0900 00010  1000 00010  1200 00010  1300 00010  1500 00010  2500 00080  
HPD02563500HPCPHT19861200070030400 00010  1100 00010  2500 00020  
HPD02563500HPCPHT19861200080020100 00010  2500 00010  
HPD02563500HPCPHT19861200160031300 00010  1400 00010  2500 00020  
HPD02563500HPCPHT19861200180021700 00020  2500 00020  
HPD02563500HPCPHT19861200190020500 00010  2500 00010  
HPD02563500HPCPHT19861200260021500 99999{ 2500 00000P 
HPD02563500HPCPHT19861200310022400 99999} 2500 00000P 
HPD02563500HPCPHT19870100010020100 00000g 2500 00000  
HPD02563500HPCPHT19870100050030700 00010  0800 00010  2500 00020  
HPD02563500HPCPHT19870100070021800 00010  2500 00010  
HPD02563500HPCPHT19870100080021200 00010  2500 00010  
HPD02563500HPCPHT19870100100020200 00030  2500 00030  
HPD02563500HPCPHT19870100120020900 00020  2500 00020  
HPD02563500HPCPHT19870100200020400 99999{ 2500 00000P 
HPD02563500HPCPHT19870100310022400 99999} 2500 00000P 
HPD02563500HPCPHT19870200010040100 99999{ 0900 99999} 1000 99999{ 2500 00000P 
HPD02563500HPCPHT19870200050021200 99999} 2500 00000P 
HPD02563500HPCPHT19870200060021300 00010  2500 00010  
HPD02563500HPCPHT19870200240110500 00010  0600 00020  0700 00010  0800 00020  1000 00010  1100 00020  1200 00020  1300 00020  1400 00010  2400 00010  2500 00150  
HPD02563500HPCPHT19870200250021300 00010  2500 00010  
HPD02563500HPCPHT19870200260020500 00010  2500 00010  
HPD02563500HPCPHT19870300010020100 00000g 2500 00000  
HPD02563500HPCPHT19870300070021400 00010  2500 00010  
HPD02563500HPCPHT19870300080031500 00010  1700 00010  2500 00020  
HPD02563500HPCPHT19870300150021100 00020  2500 00020  
HPD02563500HPCPHT19870300160030700 00010  1100 00010  2500 00020  
HPD02563500HPCPHT19870300220020300 00010  2500 00010  
HPD02563500HPCPHT19870400010020100 00000g 2500 00000  
HPD02563500HPCPHT19870400040021500 00010  2500 00010  
HPD02563500HPCPHT19870400070022000 00010  2500 00010  
HPD02563500HPCPHT19870500010020100 00000g 2500 00000  
HPD02563500HPCPHT19870500110021100 00010  2500 00010  
HPD02563500HPCPHT19870600010020100 00000g 2500 00000  
HPD02563500HPCPHT19870700010020100 00000g 2500 00000  
HPD02563500HPCPHT19870700300022000 00010  2500 00010  
HPD02563500HPCPHT19870800010040100 00000g 1700 00020  1800 00010  2500 00030  
HPD02563500HPCPHT19870800020021400 00010  2500 00010  
HPD02563500HPCPHT19870800090021900 00010  2500 00010  
HPD02563500HPCPHT19870800110021300 00010  2500 00010  
HPD02563500HPCPHT19870800120031800 00050  2200 00010  2500 00060  
HPD02563500HPCPHT19870800230021300 00010  2500 00010  
HPD02563500HPCPHT19870800240031400 00060  2300 00010  2500 00070  
HPD02563500HPCPHT19870800250021300 00010  2500 00010  
HPD02563500HPCPHT19870800260040200 00010  0300 00010  0400 00010  2500 00030  
HPD02563500HPCPHT19870900010020100 00000g 2500 00000  
HPD02563500HPCPHT19870900030021600 00020  2500 00020  
HPD02563500HPCPHT19870900220022100 00010  2500 00010  
HPD02563500HPCPHT19870900230022400 00010  2500 00010  
HPD02563500HPCPHT19871000010020100 00000g 2500 00000  
HPD02563500HPCPHT19871000130030700 00010  0800 00010  2500 00020  
HPD02563500HPCPHT19871000220022400 00010  2500 00010  
HPD02563500HPCPHT19871000230040400 00020  1600 00010  1700 00010  2500 00040  
HPD02563500HPCPHT19871000240040700 00010  1000 00010  1200 00020  2500 00040  
HPD02563500HPCPHT19871000280021600 00010  2500 00010  
HPD02563500HPCPHT19871000290100400 00010  0500 00010  0900 00020  1500 00020  1600 00010  1700 00030  1800 00020  1900 00010  2000 00010  2500 00140  
HPD02563500HPCPHT19871000300021000 00010  2500 00010  
HPD02563500HPCPHT19871000310071200 00010  1500 00010  1600 00010  2100 00010  2200 00010  2400 00010  2500 00060  
HPD02563500HPCPHT19871100010100100 00000g 0200 00020  0400 00040  0500 00020  0600 00010  0700 00020  0900 00010  2000 00010  2100 00010  2500 00140  
HPD02563500HPCPHT19871100050041500 00010  2000 00010  2400 00010  2500 00030  
HPD02563500HPCPHT19871100060021000 00010  2500 00010  
HPD02563500HPCPHT19871200010020100 00000g 2500 00000  
HPD02563500HPCPHT19871200050040700 00010  0800 00010  1100 00010  2500 00030  
HPD02563500HPCPHT19871200170061200 00010  1300 00010  1500 00010  2100 00010  2400 00010  2500 00050  
HPD02563500HPCPHT19871200180030200 00010  0400 00010  2500 00020  
HPD02563500HPCPHT19871200190051200 00010  1800 00010  2100 00010  2200 00010  2500 00040  
HPD02563500HPCPHT19871200260021000 00010  2500 00010  
HPD02563500HPCPHT19880100010020100 00000g 2500 00000  
HPD02563500HPCPHT19880100170051600 00010  2000 00010  2100 00020  2300 00010  2500 00050  
HPD02563500HPCPHT19880100180050200 00010  0600 00010  0700 00010  0900 00010  2500 00040  
HPD02563500HPCPHT19880200010020100 00000g 2500 00000  
HPD02563500HPCPHT19880200020091000 00010  1100 00010  1800 00010  2000 00010  2100 00010  2200 00020  2300 00010  2400 00010  2500 00090  
HPD02563500HPCPHT19880200030030100 00010  1300 00010  2500 00020  
HPD02563500HPCPHT19880200260032200 00010  2300 00010  2500 00020  
HPD02563500HPCPHT19880200270020300 00010  2500 00010  
HPD02563500HPCPHT19880300010030100 00000g 2300 00010  2500 00010  
HPD02563500HPCPHT19880400010020100 00000g 2500 00000  
HPD02563500HPCPHT19880400150052000 00010  2100 00010  2200 00010  2400 00010  2500 00040  
HPD02563500HPCPHT19880400160021300 00010  2500 00010  
HPD02563500HPCPHT19880400170060700 00010  0900 00010  1200 00010  1500 00010  2200 00010  2500 00050  
HPD02563500HPCPHT19880400210070800 00010  0900 00030  1000 00020  1200 00010  1800 00020  2200 00010  2500 00100  
HPD02563500HPCPHT19880400220090100 00010  0200 00020  0300 00010  0400 00020  0500 00020  0600 00010  2000 00020  2100 00010  2500 00120  
HPD02563500HPCPHT19880400240020100 00010  2500 00010  
HPD02563500HPCPHT19880500010020100 00000g 2500 00000  
HPD02563500HPCPHT19880600010020100 00000g 2500 00000  
HPD02563500HPCPHT19880600280021600 00010  2500 00010  
HPD02563500HPCPHT19880600290031800 00070  1900 00010  2500 00080  
HPD02563500HPCPHT19880600300031800 00010  2200 00010  2500 00020  
HPD02563500HPCPHT19880700010020100 00000g 2500 00000  
HPD02563500HPCPHT19880700030021500 00020  2500 00020  
HPD02563500HPCPHT19880700040021000 00010  2500 00010  
HPD02563500HPCPHT19880700080021500 00010  2500 00010  
HPD02563500HPCPHT19880700190021800 00010  2500 00010  
HPD02563500HPCPHT19880700290021700 00010  2500 00010  
HPD02563500HPCPHT19880700310030300 00010  0400 00010  2500 00020  
HPD02563500HPCPHT19880800010020100 00000g 2500 00000  
HPD02563500HPCPHT19880800030031600 00010  1900 00010  2500 00020  
HPD02563500HPCPHT19880800060021500 00060  2500 00060  
HPD02563500HPCPHT19880800110022300 00010  2500 00010  
HPD02563500HPCPHT19880800120020100 00020  2500 00020  
HPD02563500HPCPHT19880800190031700 00020  1800 00020  2500 00040  
HPD02563500HPCPHT19880800210070400 00010  0500 00010  0600 00020  0700 00010  1300 00010  1500 00010  2500 00070  
HPD02563500HPCPHT19880800230022100 00010  2500 00010  
HPD02563500HPCPHT19880800260031600 00010  2100 00010  2500 00020  
HPD02563500HPCPHT19880800270051200 00010  1300 00040  1500 00010  1700 00010  2500 00070  
HPD02563500HPCPHT19880800290020900 00010  2500 00010  
HPD02563500HPCPHT19880800300021300 00010  2500 00010  
HPD02563500HPCPHT19880900010020100 00000g 2500 00000  
HPD02563500HPCPHT19881000010020100 00000g 2500 00000  
HPD02563500HPCPHT19881000100022300 00010  2500 00010  
HPD02563500HPCPHT19881000110021100 00010  2500 00010  
HPD02563500HPCPHT19881000140051500 00010  1600 00020  1700 00030  2000 00010  2500 00070  
HPD02563500HPCPHT19881100010020100 00000g 2500 00000  
HPD02563500HPCPHT19881100240041800 00010  2200 00010  2300 00010  2500 00030  
HPD02563500HPCPHT19881100250021300 00010  2500 00010  
HPD02563500HPCPHT19881100260021200 00010  2500 00010  
HPD02563500HPCPHT19881200010020100 00000g 2500 00000  
HPD02563500HPCPHT19881200160020800 99999a 2500 00000I 
HPD02563500HPCPHT19881200190020700 00010A 2500 00010P 
HPD02563500HPCPHT19890100010020100 00000g 2500 00000  
HPD02563500HPCPHT19890100040070800 00020  0900 00030  1000 00020  1200 00010  1300 00010  1400 00010  2500 00100  
HPD02563500HPCPHT19890100050030800 00010  1000 00010  2500 00020  
HPD02563500HPCPHT19890100070021200 00010  2500 00010  
HPD02563500HPCPHT19890100270030200 00010  0300 00020  2500 00030  
HPD02563500HPCPHT19890100310021200 00010  2500 00010  
HPD02563500HPCPHT19890200010020100 00000g 2500 00000  
HPD02563500HPCPHT19890300010020100 00000g 2500 00000  
HPD02563500HPCPHT19890300030021100 00010  2500 00010  
HPD02563500HPCPHT19890300260100100 00010  0200 00020  0300 00010  0400 00020  0500 00020  0600 00020  0700 00010  1200 00010  1400 00010  2500 00130  
HPD02563500HPCPHT19890400010020100 00000g 2500 00000  
HPD02563500HPCPHT19890500010020100 00000g 2500 00000  
HPD02563500HPCPHT19890600010020100 00000g 2500 00000  
HPD02563500HPCPHT19890700010020100 00000g 2500 00000  
HPD02563500HPCPHT19890700200022100 00010  2500 00010  
HPD02563500HPCPHT19890700210020700 00010  2500 00010  
HPD02563500HPCPHT19890700240031600 00020  1700 00010  2500 00030  
HPD02563500HPCPHT19890700250021900 00010  2500 00010  
HPD02563500HPCPHT19890700280022100 00010  2500 00010  
HPD02563500HPCPHT19890700300021800 00010  2500 00010  
HPD02563500HPCPHT19890700310030900 00010  2300 00010  2500 00020  
HPD02563500HPCPHT19890800010020100 00000g 2500 00000  
HPD02563500HPCPHT19890800110021400 00050  2500 00050  
HPD02563500HPCPHT19890800160021800 00020  2500 00020  
HPD02563500HPCPHT19890800170040400 00010  2300 00080  2400 00040  2500 00130  
HPD02563500HPCPHT19890800180030100 00010  0900 00010  2500 00020  
HPD02563500HPCPHT19890900010020100 00000g 2500 00000  
HPD02563500HPCPHT19891000010020100 00000g 2500 00000  
HPD02563500HPCPHT19891000040050200 00010  0300 00010  0500 00010  0600 00010  2500 00040  
HPD02563500HPCPHT19891000050021600 00020  2500 00020  
HPD02563500HPCPHT19891000210041500 00010  1600 00010  1700 00010  2500 00030  
HPD02563500HPCPHT19891100010020100 00000g 2500 00000  
HPD02563500HPCPHT19891200010020100 00000g 2500 00000  
HPD02563500HPCPHT19891200290060200 00010  0300 00010  0400 00010  0600 00020  0700 00010  2500 00060  
HPD02563500HPCPHT19900100010020100 00000g 2500 00000  
HPD02563500HPCPHT19900100020031800 00020  1900 00010  2500 00030  
HPD02563500HPCPHT19900100150030100 00010  0200 00010  2500 00020  
HPD02563500HPCPHT19900100170061900 00010  2000 00010  2100 00010  2200 00010  2300 00010  2500 00050  
HPD02563500HPCPHT19900100180060100 00010  0200 00010  0300 00010  0400 00010  0700 00010  2500 00050  
HPD02563500HPCPHT19900200010040100 00000g 1900 00010  2100 00010  2500 00020  
HPD02563500HPCPHT19900200190080200 00010  0300 00010  0400 00020  0500 00010  0600 00010  1000 00010  1800 00010  2500 00080  
HPD02563500HPCPHT19900300010020100 00000g 2500 00000  
HPD02563500HPCPHT19900300110021900 00010  2500 00010  
HPD02563500HPCPHT19900300120020200 00010  2500 00010  
HPD02563500HPCPHT19900300130030500 00010  1000 00010  2500 00020  
HPD02563500HPCPHT19900300290040900 00010  1000 00010  1600 00010  2500 00030  
HPD02563500HPCPHT19900400010040100 00000g 1500 00010  1800 00010  2500 00020  
HPD02563500HPCPHT19900400050020100 00010  2500 00010  
HPD02563500HPCPHT19900400190020900 00010  2500 00010  
HPD02563500HPCPHT19900400240041400 00010  1900 00010  2000 00010  2500 00030  
HPD02563500HPCPHT19900400250020300 00010  2500 00010  
HPD02563500HPCPHT19900500010020100 00000g 2500 00000  
HPD02563500HPCPHT19900500240020500 00010  2500 00010  
HPD02563500HPCPHT19900500280041900 00010  2200 00010  2300 00010  2500 00030  
HPD02563500HPCPHT19900600010020100 00000g 2500 00000  
HPD02563500HPCPHT19900600100020400 00020  2500 00020  
HPD02563500HPCPHT19900700010020100 00000g 2500 00000  
HPD02563500HPCPHT19900700020020300 00010  2500 00010  
HPD02563500HPCPHT19900700030050200 00050  0300 00070  0400 00020  0500 00010  2500 00150  
HPD02563500HPCPHT19900700060041800 00010  1900 00010  2200 00010  2500 00030  
HPD02563500HPCPHT19900700070021700 00010  2500 00010  
HPD02563500HPCPHT19900700080031400 00090  1500 00010  2500 00100  
HPD02563500HPCPHT19900700130031500 00080  1600 00020  2500 00100  
HPD02563500HPCPHT19900700140021900 00010  2500 00010  
HPD02563500HPCPHT19900700150041600 00020  1700 00020  1900 00010  2500 00050  
HPD02563500HPCPHT19900700210022000 00010  2500 00010  
HPD02563500HPCPHT19900700230042200 00050  2300 00010  2400 00010  2500 00070  
HPD02563500HPCPHT19900700240030100 00010  0200 00010  2500 00020  
HPD02563500HPCPHT19900700310021700 00030  2500 00030  
HPD02563500HPCPHT19900800010040100 00000g 1700 00080  1800 00010  2500 00090  
HPD02563500HPCPHT19900800020030400 00010  1600 00020  2500 00030  
HPD02563500HPCPHT19900800100020300 00010  2500 00010  
HPD02563500HPCPHT19900800140021400 00010  2500 00010  
HPD02563500HPCPHT19900800150031900 00020  2000 00010  2500 00030  
HPD02563500HPCPHT19900800160030800 00010  1300 00010  2500 00020  
HPD02563500HPCPHT19900800300021800 00020  2500 00020  
HPD02563500HPCPHT19900800310021200 00010  2500 00010  
HPD02563500HPCPHT19900900010030100 00000g 1400 00010  2500 00010  
HPD02563500HPCPHT19900900020050600 00010  0700 00020  0800 00010  1200 00010  2500 00050  
HPD02563500HPCPHT19900900030051500 00010  1600 00010  1900 00010  2200 00010  2500 00040  
HPD02563500HPCPHT19900900050040300 00010  0700 00010  1600 00010  2500 00030  
HPD02563500HPCPHT19900900150031700 00130  1900 00010  2500 00140  
HPD02563500HPCPHT19900900160021100 00010  2500 00010  
HPD02563500HPCPHT19900900180050300 00010  1100 00030  1300 00010  1400 00010  2500 00060  
HPD02563500HPCPHT19900900200060900 00010  1200 00010  2000 00010  2200 00010  2300 00010  2500 00050  
HPD02563500HPCPHT19900900210020100 00030  2500 00030  
HPD02563500HPCPHT19901000010050100 00000g 1700 00020  1800 00010  2400 00010  2500 00040  
HPD02563500HPCPHT19901000190031700 00010  1800 00010  2500 00020  
HPD02563500HPCPHT19901100010020100 00000g 2500 00000  
HPD02563500HPCPHT19901100260021100 00020  2500 00020  
HPD02563500HPCPHT19901200010020100 00000g 2500 00000  
HPD02563500HPCPHT19901200120021500 00010  2500 00010  
HPD02563500HPCPHT19901200160021800 00010  2500 00010  
HPD02563500HPCPHT19901200200021100 00010  2500 00010  
HPD02563500HPCPHT19901200280030400 00010  1500 00010  2500 00020  
HPD02563500HPCPHT19910100010020100 00000g 2500 00000  
HPD02563500HPCPHT19910100030051900 00010  2000 00010  2300 00010  2400 00010  2500 00040  
HPD02563500HPCPHT19910100040070300 00010  0400 00010  0600 00010  0700 00010  0900 00010  2100 00010  2500 00060  
HPD02563500HPCPHT19910100050021200 00010  2500 00010  
HPD02563500HPCPHT19910200010020100 00000g 2500 00000  
HPD02563500HPCPHT19910200280160200 00010  0300 00010  0500 00010  0700 00010  1000 00010  1100 00050  1200 00010  1500 00020  1600 00010  1800 00010  2000 00010  2100 00020  2200 00010  2300 00020  2400 00030  2500 00240  
HPD02563500HPCPHT19910300010080100 00000g 0800 00010  1100 00010  1400 00010  1800 00010  1900 00030  2000 00010  2500 00080  
HPD02563500HPCPHT19910300020020100 00010  2500 00010  
HPD02563500HPCPHT19910300150051800 00010  1900 00010  2100 00010  2200 00010  2500 00040  
HPD02563500HPCPHT19910300190041100 00010  1200 00010  1400 00010  2500 00030  
HPD02563500HPCPHT19910300200032000 00010  2100 00020  2500 00030  
HPD02563500HPCPHT19910300210040300 00010  0400 00020  0500 00010  2500 00040  
HPD02563500HPCPHT19910300220021100 00010  2500 00010  
HPD02563500HPCPHT19910300260051000 00010  1100 00020  1200 00010  1500 00010  2500 00050  
HPD02563500HPCPHT19910300270041700 00020  1800 00010  1900 00010  2500 00040  
HPD02563500HPCPHT19910300280020800 00010  2500 00010  
HPD02563500HPCPHT19910400010020100 00000g 2500 00000  
HPD02563500HPCPHT19910500010020100 00000g 2500 00000  
HPD02563500HPCPHT19910600010030100 00000g 1700 00010  2500 00010  
HPD02563500HPCPHT19910700010020100 00000g 2500 00000  
HPD02563500HPCPHT19910700200060900 00010  1000 00040  1100 00020  1200 00020  1300 00020  2500 00110  
HPD02563500HPCPHT19910800010020100 00000g 2500 00000  
HPD02563500HPCPHT19910800030021700 00010  2500 00010  
HPD02563500HPCPHT19910800090031100 00010  2000 00010  2500 00020  
HPD02563500HPCPHT19910800100032200 00010  2400 00020  2500 00030  
HPD02563500HPCPHT19910800110031000 00010  1200 00010  2500 00020  
HPD02563500HPCPHT19910800260041700 00020  1900 00010  2200 00010  2500 00040  
HPD02563500HPCPHT19910900010040100 00000g 1200 00010  1400 00020  2500 00030  
HPD02563500HPCPHT19910900020022100 00010  2500 00010  
HPD02563500HPCPHT19910900060060800 00010  1000 00010  1100 00020  1600 00010  1700 00010  2500 00060  
HPD02563500HPCPHT19910900270031700 00050  1800 00020  2500 00070  
HPD02563500HPCPHT19911000010020100 00000g 2500 00000  
HPD02563500HPCPHT19911000270040900 00020  1000 00010  1200 00010  2500 00040  
HPD02563500HPCPHT19911000300020500 00010  2500 00010  
HPD02563500HPCPHT19911100010020100 00000g 2500 00000  
HPD02563500HPCPHT19911100100040600 00010  0700 00010  0800 00010  2500 00030  
HPD02563500HPCPHT19911100110020900 00010  2500 00010  
HPD02563500HPCPHT19911100140061700 00010  1900 00020  2000 00010  2200 00010  2400 00010  2500 00060  
HPD02563500HPCPHT19911100150040200 00010  0700 00010  1400 00010  2500 00030  
HPD02563500HPCPHT19911100180021600 00010  2500 00010  
HPD02563500HPCPHT19911100290022400 00010  2500 00010  
HPD02563500HPCPHT19911100300100200 00010  0300 00010  0400 00010  0600 00010  0900 00010  1400 00010  1600 00010  1800 00010  2000 00010  2500 00090  
HPD02563500HPCPHT19911200010030100 00000g 0200 00010  2500 00010  
HPD02563500HPCPHT19911200100051700 00010  2100 00010  2300 00010  2400 00010  2500 00040  
HPD02563500HPCPHT19911200110030200 00010  2200 00010  2500 00020  
HPD02563500HPCPHT19911200180040800 00010  1000 00010  1600 00010  2500 00030  
HPD02563500HPCPHT19911200190060500 00010  1200 00010  1400 00010  1500 00010  2000 00010  2500 00050  
HPD02563500HPCPHT19911200210022300 00010  2500 00010  
HPD02563500HPCPHT19911200220020100 00010  2500 00010  
HPD02563500HPCPHT19911200290020200 00010  2500 00010  
HPD02563500HPCPHT19911200300040500 00010  1500 00010  1600 00010  2500 00030  
HPD02563500HPCPHT19920100010020100 00000g 2500 00000  
HPD02563500HPCPHT19920100030032200 00010  2400 00010  2500 00020  
HPD02563500HPCPHT19920100040020100 00010  2500 00010  
HPD02563500HPCPHT19920100050041800 00010  2200 00010  2400 00010  2500 00030  
HPD02563500HPCPHT19920100060040700 00020  0800 00020  0900 00010  2500 00050  
HPD02563500HPCPHT19920100120020200 00010  2500 00010  
HPD02563500HPCPHT19920200010020100 00000g 2500 00000  
HPD02563500HPCPHT19920200070050600 00010  0700 00010  0900 00010  1300 00010  2500 00040  
HPD02563500HPCPHT19920200080020200 00010  2500 00010  
HPD02563500HPCPHT19920200100040900 00010  1000 00010  1100 00010  2500 00030  
HPD02563500HPCPHT19920200120021100 00010  2500 00010  
HPD02563500HPCPHT19920200130021300 00010  2500 00010  
HPD02563500HPCPHT19920200160020100 00010  2500 00010  
HPD02563500HPCPHT19920300010020100 00000g 2500 00000  
HPD02563500HPCPHT19920300020050600 00010  1800 00010  1900 00010  2300 00010  2500 00040  
HPD02563500HPCPHT19920300030030200 00010  1300 00010  2500 00020  
HPD02563500HPCPHT19920300040021400 00010  2500 00010  
HPD02563500HPCPHT19920300070021800 00010  2500 00010  
HPD02563500HPCPHT19920300080022100 00010  2500 00010  
HPD02563500HPCPHT19920300090070200 00010  0300 00010  0400 00010  0500 00010  0700 00010  0800 00010  2500 00060  
HPD02563500HPCPHT19920300210021200 00010  2500 00010  
HPD02563500HPCPHT19920300230021900 00010  2500 00010  
HPD02563500HPCPHT19920300270020600 00010  2500 00010  
HPD02563500HPCPHT19920300280030500 00010  1800 00010  2500 00020  
HPD02563500HPCPHT19920300310020500 00010  2500 00010  
HPD02563500HPCPHT19920400010040100 00000g 1500 00010  1800 00020  2500 00030  
HPD02563500HPCPHT19920400040021700 00010  2500 00010  
HPD02563500HPCPHT19920500010020100 00000g 2500 00000  
HPD02563500HPCPHT19920500050021800 00030  2500 00030  
HPD02563500HPCPHT19920500090062000 00010  2100 00010  2200 00010  2300 00010  2400 00010  2500 00050  
HPD02563500HPCPHT19920500100020600 00010  2500 00010  
HPD02563500HPCPHT19920500200041400 00010  2000 00010  2100 00010  2500 00030  
HPD02563500HPCPHT19920500220021100 00010  2500 00010  
HPD02563500HPCPHT19920500250022300 00010  2500 00010  
HPD02563500HPCPHT19920500270021900 00010  2500 00010  
HPD02563500HPCPHT19920500280021800 00010  2500 00010  
HPD02563500HPCPHT19920500290021400 00010  2500 00010  
HPD02563500HPCPHT19920500300020500 00010  2500 00010  
HPD02563500HPCPHT19920600010020100 00000g 2500 00000  
HPD02563500HPCPHT19920600020021700 00010  2500 00010  
HPD02563500HPCPHT19920600240021900 00010  2500 00010  
HPD02563500HPCPHT19920700010020100 00000g 2500 00000  
HPD02563500HPCPHT19920700070020900 00010  2500 00010  
HPD02563500HPCPHT19920700100032200 00020  2300 00010  2500 00030  
HPD02563500HPCPHT19920700110020100 00010  2500 00010  
HPD02563500HPCPHT19920700120020200 00010  2500 00010  
HPD02563500HPCPHT19920700230021200 99999a 2500 00000I 
HPD02563500HPCPHT19920700240022400 00010A 2500 00010P 
HPD02563500HPCPHT19920700250031600 00020  1700 00010  2500 00030  
HPD02563500HPCPHT19920800010030100 00000g 0900 99999{ 2500 00000P 
HPD02563500HPCPHT19920800310022400 99999} 2500 00000P 
HPD02563500HPCPHT19920900010020100 00000g 2500 00000  
HPD02563500HPCPHT19920900150021700 00010  2500 00010  
HPD02563500HPCPHT19920900190021400 00010  2500 00010  
HPD02563500HPCPHT19920900200020100 00010  2500 00010  
HPD02563500HPCPHT19921000010020100 00000g 2500 00000  
HPD02563500HPCPHT19921000240032000 00010  2400 00010  2500 00020  
HPD02563500HPCPHT19921000270022400 00010  2500 00010  
HPD02563500HPCPHT19921000280040700 00010  1400 00040  1500 00010  2500 00060  
HPD02563500HPCPHT19921100010020100 00000g 2500 00000  
HPD02563500HPCPHT19921100100021500 00010  2500 00010  
HPD02563500HPCPHT19921200010020100 00000g 2500 00000  
HPD02563500HPCPHT19921200030032100 00010  2300 00010  2500 00020  
HPD02563500HPCPHT19921200040160100 00010  0500 00010  0600 00010  0700 00020  0800 00010  0900 00010  1000 00010  1100 00010  1300 00020  1400 00010  1500 00010  1700 00010  1800 00010  1900 00010  2000 00010  2500 00170  
HPD02563500HPCPHT19921200050020800 00010  2500 00010  
HPD02563500HPCPHT19921200080050400 00010  0600 00010  0700 00010  0800 00010  2500 00040  
HPD02563500HPCPHT19921200100021300 00010  2500 00010  
HPD02563500HPCPHT19921200120020800 00010  2500 00010  
HPD02563500HPCPHT19921200270051800 00010  2100 00010  2300 00010  2400 00010  2500 00040  
HPD02563500HPCPHT19921200280070100 00010  0200 00010  0300 00010  0400 00010  0600 00010  0700 00010  2500 00060  
HPD02563500HPCPHT19930100010020100 00000g 2500 00000  
HPD02563500HPCPHT19930100030020400 00010  2500 00010  
HPD02563500HPCPHT19930100060041300 00010  1500 00010  2200 00010  2500 00030  
HPD02563500HPCPHT19930100070050300 00010  1600 00010  1800 00030  1900 00010  2500 00060  
HPD02563500HPCPHT19930100080060100 00010  0200 00010  0400 00010  0600 00020  0700 00010  2500 00060  
HPD02563500HPCPHT19930100100040300 00010  1200 00010  2300 00010  2500 00030  
HPD02563500HPCPHT19930100110021200 00010  2500 00010  
HPD02563500HPCPHT19930100130030200 00010  0300 00010  2500 00020  
HPD02563500HPCPHT19930100140090300 00010  0600 00010  0800 00010  1000 00010  1400 00010  1500 00010  1700 00010  1900 00010  2500 00080  
HPD02563500HPCPHT19930100160061100 00010  1400 00010  2000 00010  2100 00010  2300 00010  2500 00050  
HPD02563500HPCPHT19930100170070200 00030  0300 00020  0400 00030  0500 00010  0900 00010  1000 00010  2500 00110  
HPD02563500HPCPHT19930100180100500 00010  1100 00010  1200 00010  1400 00010  1600 00010  1800 00010  1900 00020  2200 00010  2400 00010  2500 00100  
HPD02563500HPCPHT19930100190030100 00010  0200 00010  2500 00020  
HPD02563500HPCPHT19930100290022300 00010  2500 00010  
HPD02563500HPCPHT19930100300020500 00010  2500 00010  
HPD02563500HPCPHT19930100310040400 00010  1700 00020  1800 00010  2500 00040  
HPD02563500HPCPHT19930200010020100 00000g 2500 00000  
HPD02563500HPCPHT19930200070022300 00010  2500 00010  
HPD02563500HPCPHT19930200080110700 00010  1000 00010  1300 00010  1500 00010  1700 00010  1800 00010  1900 00010  2000 00010  2300 00010  2400 00010  2500 00100  
HPD02563500HPCPHT19930200090040700 00010  1100 00010  1700 00020  2500 00040  
HPD02563500HPCPHT19930200100030100 00010  0500 00010  2500 00020  
HPD02563500HPCPHT19930200140031800 00010  2000 00010  2500 00020  
HPD02563500HPCPHT19930200150021200 00010  2500 00010  
HPD02563500HPCPHT19930200190041200 00010  1600 00010  2300 00010  2500 00030  
HPD02563500HPCPHT19930200200040100 00010  0500 00010  0600 00010  2500 00030  
HPD02563500HPCPHT19930200240022000 00010  2500 00010  
HPD02563500HPCPHT19930200280040700 00010  0900 00010  1800 00010  2500 00030  
HPD02563500HPCPHT19930300010020100 00000g 2500 00000  
HPD02563500HPCPHT19930300030032000 00010  2200 00010  2500 00020  
HPD02563500HPCPHT19930300180021700 00020  2500 00020  
HPD02563500HPCPHT19930300260061400 00010  1500 00010  1800 00020  1900 00010  2000 00010  2500 00060  
HPD02563500HPCPHT19930300270030600 00010  1300 00010  2500 00020  
HPD02563500HPCPHT19930300290020200 00010  2500 00010  
HPD02563500HPCPHT19930400010020100 00000g 2500 00000  
HPD02563500HPCPHT19930500010020100 00000g 2500 00000  
HPD02563500HPCPHT19930500160030500 00010  0600 00010  2500 00020  
HPD02563500HPCPHT19930600010020100 00000g 2500 00000  
HPD02563500HPCPHT19930700010020100 00000g 2500 00000  
HPD02563500HPCPHT19930800010020100 00000g 2500 00000  
HPD02563500HPCPHT19930800060030800 00010  1000 00030  2500 00040  
HPD02563500HPCPHT19930800170020900 99999{ 2500 00000P 
HPD02563500HPCPHT19930800180020800 99999} 2500 00000P 
HPD02563500HPCPHT19930800210030600 00010  0900 99999{ 2500 00010P 
HPD02563500HPCPHT19930800220020800 99999} 2500 00000P 
HPD02563500HPCPHT19930800230020900 99999{ 2500 00000P 
HPD02563500HPCPHT19930800240020800 99999} 2500 00000P 
HPD02563500HPCPHT19930800260022400 00010  2500 00010  
HPD02563500HPCPHT19930800270070200 00010  0600 00010  0800 00010  2100 00010  2300 00010  2400 00010  2500 00060  
HPD02563500HPCPHT19930800280040200 00010  0500 00010  0900 99999{ 2500 00020P 
HPD02563500HPCPHT19930800290020800 99999} 2500 00000P 
HPD02563500HPCPHT19930900010020100 00000g 2500 00000  
HPD02563500HPCPHT19930900130031200 00010  1400 00010  2500 00020  
HPD02563500HPCPHT19931000010020100 00000g 2500 00000  
HPD02563500HPCPHT19931000060090200 00010  0300 00010  0400 00040  0900 00010  1400 00020  1500 00030  1600 00010  1900 00010  2500 00140  
HPD02563500HPCPHT19931000160021800 00010  2500 00010  
HPD02563503HPCPHT19931100010020100 00000g 2500 00000  
HPD02563503HPCPHT19931100110030900 00010  1900 00010  2500 00020  
HPD02563503HPCPHT19931100120022100 00010  2500 00010  
HPD02563503HPCPHT19931100130021300 00010  2500 00010  
HPD02563503HPCPHT19931100140091000 00010  1300 00010  1600 00010  1900 00010  2100 00010  2200 00010  2300 00020  2400 00020  2500 00100  
HPD02563503HPCPHT19931100150040200 00010  0300 00020  0500 00010  2500 00040  
HPD02563503HPCPHT19931200010020100 00000g 2500 00000  
HPD02563503HPCPHT19931200110021200 00010  2500 00010  
HPD02563503HPCPHT19931200150021400 00010  2500 00010  
HPD02563503HPCPHT19940100010020100 00000g 2500 00000  
HPD02563503HPCPHT19940100250021300 00010  2500 00010  
HPD02563503HPCPHT19940100270021400 00010  2500 00010  
HPD02563503HPCPHT19940200010020100 00000g 2500 00000  
HPD02563503HPCPHT19940200070071400 00010  1500 00010  1700 00010  1800 00010  1900 00010  2400 00010  2500 00060  
HPD02563503HPCPHT19940200080020600 00010  2500 00010  
HPD02563503HPCPHT19940200090021100 00010  2500 00010  
HPD02563503HPCPHT19940300010020100 00000g 2500 00000  
HPD02563503HPCPHT19940300070031000 00010  1100 00010  2500 00020  
HPD02563503HPCPHT19940300130021100 00010  2500 00010  
HPD02563503HPCPHT19940300200021600 00010  2500 00010  
HPD02563503HPCPHT19940300250071800 00020  1900 00010  2000 00010  2100 00010  2300 00010  2400 00010  2500 00070  
HPD02563503HPCPHT19940300260030100 00010  1300 00010  2500 00020  
HPD02563503HPCPHT19940400010020100 00000g 2500 00000  
HPD02563503HPCPHT19940400090022100 00010  2500 00010  
HPD02563503HPCPHT19940400100030100 00010  0300 00010  2500 00020  
HPD02563503HPCPHT19940400240022000 00010  2500 00010  
HPD02563503HPCPHT19940400270060100 00020  0200 00010  0300 00010  0700 00010  1300 00010  2500 00060  
HPD02563503HPCPHT19940500010020100 00000g 2500 00000  
HPD02563503HPCPHT19940500090021300 00010  2500 00010  
HPD02563503HPCPHT19940500130022000 00010  2500 00010  
HPD02563503HPCPHT19940500270020900 00010  2500 00010  
HPD02563503HPCPHT19940600010020100 00000g 2500 00000  
HPD02563503HPCPHT19940700010020100 00000g 2500 00000  
HPD02563503HPCPHT19940700250021200 00000  2500 00000  
HPD02563503HPCPHT19940800010020100 00000g 2500 00000  
HPD02563503HPCPHT19940800050021900 00010  2500 00010  
HPD02563503HPCPHT19940800070031500 00010  1600 00060  2500 00070  
HPD02563503HPCPHT19940800120031700 00010  1800 00010  2500 00020  
HPD02563503HPCPHT19940800130021300 00010  2500 00010  
HPD02563503HPCPHT19940800190021400 00010  2500 00010  
HPD02563503HPCPHT19940800270020900 00010  2500 00010  
HPD02563503HPCPHT19940900010020100 00000g 2500 00000  
HPD02563503HPCPHT19940900020091500 00010  1700 00010  1800 00090  1900 00020  2000 00050  2200 00010  2300 00020  2400 00010  2500 00220  
HPD02563503HPCPHT19940900030020100 00010  2500 00010  
HPD02563503HPCPHT19940900100032000 00010  2100 00010  2500 00020  
HPD02563503HPCPHT19940900110032300 00010  2400 00010  2500 00020  
HPD02563503HPCPHT19940900200021600 00020  2500 00020  
HPD02563503HPCPHT19940900210021100 00010  2500 00010  
HPD02563503HPCPHT19941000010020100 00000g 2500 00000  
HPD02563503HPCPHT19941000140021100 00010  2500 00010  
HPD02563503HPCPHT19941000150040800 00010  0900 00010  1400 00010  2500 00030  
HPD02563503HPCPHT19941100010020100 00000g 2500 00000  
HPD02563503HPCPHT19941100040021500 00010  2500 00010  
HPD02563503HPCPHT19941100120050400 00010  0500 00030  0800 00010  1100 00010  2500 00060  
HPD02563503HPCPHT19941200010020100 00000g 2500 00000  
HPD02563503HPCPHT19941200050050400 00010  0800 00010  1800 00010  2100 00010  2500 00040  
HPD02563503HPCPHT19941200060050200 00010  0300 00010  0400 00010  0500 00010  2500 00040  
HPD02563503HPCPHT19941200230050500 00010  1400 00010  1500 00010  1600 00010  2500 00040  
HPD02563503HPCPHT19941200240020300 00010  2500 00010  
HPD02563503HPCPHT19941200250022300 00010  2500 00010  
HPD02563503HPCPHT19941200260020200 00010  2500 00010  
HPD02563503HPCPHT19941200290042200 00010  2300 00010  2400 00020  2500 00040  
HPD02563503HPCPHT19950100010020100 00000g 2500 00000  
HPD02563503HPCPHT19950100040060300 00010  1700 00010  2000 00010  2200 00010  2300 00010  2500 00050  
HPD02563503HPCPHT19950100050050100 00010  0200 00010  0300 00020  0400 00010  2500 00050  
HPD02563503HPCPHT19950100110021000 00010  2500 00010  
HPD02563503HPCPHT19950100120021300 00010  2500 00010  
HPD02563503HPCPHT19950100210021100 00010  2500 00010  
HPD02563503HPCPHT19950100250061500 00010  2000 00010  2100 00010  2300 00010  2400 00010  2500 00050  
HPD02563503HPCPHT19950100260060100 00010  0200 00010  0300 00010  0600 00010  1200 00010  2500 00050  
HPD02563503HPCPHT19950100300021500 00010  2500 00010  
HPD02563503HPCPHT19950200010020100 00000g 2500 00000  
HPD02563503HPCPHT19950200140040300 00010  1000 00010  2300 00010  2500 00030  
HPD02563503HPCPHT19950200150050100 00010  0300 00010  0500 00010  0800 00010  2500 00040  
HPD02563503HPCPHT19950200240031400 00030  1500 00010  2500 00040  
HPD02563503HPCPHT19950200260020900 00010  2500 00010  
HPD02563503HPCPHT19950200280022000 00010  2500 00010  
HPD02563503HPCPHT19950300010030100 00010  1500 00010  2500 00020  
HPD02563503HPCPHT19950300060030500 00020  0600 00010  2500 00030  
HPD02563503HPCPHT19950300110051100 00010  1300 00010  1500 00010  1800 00010  2500 00040  
HPD02563503HPCPHT19950400010020100 00000g 2500 00000  
HPD02563503HPCPHT19950400160032000 00010  2200 00010  2500 00020  
HPD02563503HPCPHT19950400190030100 00010  1100 00010  2500 00020  
HPD02563503HPCPHT19950500010020100 00000g 2500 00000  
HPD02563503HPCPHT19950500050020900 99999{ 2500 00000P 
HPD02563503HPCPHT19950500080020800 99999} 2500 00000P 
HPD02563503HPCPHT19950500250021400 00010  2500 00010  
HPD02563503HPCPHT19950500270022300 00010  2500 00010  
HPD02563503HPCPHT19950600010020100 00000g 2500 00000  
HPD02563503HPCPHT19950600280021800 00010  2500 00010  
HPD02563503HPCPHT19950600290021300 00010  2500 00010  
HPD02563503HPCPHT19950700010030100 00000g 1700 00010  2500 00010  
HPD02563503HPCPHT19950700040021200 00010  2500 00010  
HPD02563503HPCPHT19950800010020100 00000g 2500 00000  
HPD02563503HPCPHT19950800110032300 00010  2400 00010  2500 00020  
HPD02563503HPCPHT19950800120030100 00010  0200 00010  2500 00020  
HPD02563503HPCPHT19950800140021900 00020  2500 00020  
HPD02563503HPCPHT19950800150020500 00040  2500 00040  
HPD02563503HPCPHT19950800190022100 00010  2500 00010  
HPD02563503HPCPHT19950800200030300 00010  2100 00030  2500 00040  
HPD02563503HPCPHT19950800210020100 00010  2500 00010  
HPD02563503HPCPHT19950800230020500 00010  2500 00010  
HPD02563503HPCPHT19950900010020100 00000g 2500 00000  
HPD02563503HPCPHT19950900080051600 00070  1700 00020  1800 00010  1900 00020  2500 00120  
HPD02563503HPCPHT19950900110021000 00010  2500 00010  
HPD02563503HPCPHT19950900120022300 00010  2500 00010  
HPD02563503HPCPHT19950900210031600 00010  1700 00020  2500 00030  
HPD02563503HPCPHT19950900220031100 00010  1800 00010  2500 00020  
HPD02563503HPCPHT19950900280070100 00040  0200 00060  0300 00040  0400 00010  0500 00050  0600 00010  2500 00210  
HPD02563503HPCPHT19951000010020100 00000g 2500 00000  
HPD02563503HPCPHT19951000310022400 00000  2500 00000  
HPD02563503HPCPHT19951100010040100 00000g 1900 00020  2000 00010  2500 00030  
HPD02563503HPCPHT19951100020020400 00010  2500 00010  
HPD02563503HPCPHT19951100060021100 00010  2500 00010  
HPD02563503HPCPHT19951100120022300 00010  2500 00010  
HPD02563503HPCPHT19951100130020900 99999{ 2500 00000P 
HPD02563503HPCPHT19951100300040900 99999} 1000 99999[ 2400 99999] 2500 00000P 
HPD02563503HPCPHT19951200010020100 00000g 2500 00000  
HPD02563503HPCPHT19951200160021700 00010  2500 00010  
HPD02563503HPCPHT19951200170020700 00010  2500 00010  
HPD02563503HPCPHT19960100010020100 00000g 2500 00000  
HPD02563503HPCPHT19960200010040100 00000g 0400 00010  0500 00010  2500 00020  
HPD02563503HPCPHT19960200220020200 00010  2500 00010  
HPD02563503HPCPHT19960200250042100 00010  2200 00010  2300 00010  2500 00030  
HPD02563503HPCPHT19960200260021600 00010  2500 00010  
HPD02563503HPCPHT19960300010020100 00000g 2500 00000  
HPD02563503HPCPHT19960300130070500 00020  0800 00010  1600 00010  1700 00010  1800 00010  1900 00010  2500 00070  
HPD02563503HPCPHT19960400010020100 00000g 2500 00000  
HPD02563503HPCPHT19960500010020100 00000g 2500 00000  
HPD02563503HPCPHT19960600010020100 00000g 2500 00000  
HPD02563503HPCPHT19960600130021700 00010  2500 00010  
HPD02563503HPCPHT19960700010020100 00000g 2500 00000  
HPD02563503HPCPHT19960700060021800 00010  2500 00010  
HPD02563503HPCPHT19960700070041700 00010  1800 00020  1900 00010  2500 00040  
HPD02563503HPCPHT19960700080031300 00010  2000 00010  2500 00020  
HPD02563503HPCPHT19960700090040900 00010  1000 00040  1100 00010  2500 00060  
HPD02563503HPCPHT19960700110021900 00010  2500 00010  
HPD02563503HPCPHT19960700120041900 00010  2000 00020  2100 00010  2500 00040  
HPD02563503HPCPHT19960700140021800 00010  2500 00010  
HPD02563503HPCPHT19960700240031800 00040  1900 00010  2500 00050  
HPD02563503HPCPHT19960700250021900 00010  2500 00010  
HPD02563503HPCPHT19960700260031100 00010  1700 00010  2500 00020  
HPD02563503HPCPHT19960700280030200 00010  0300 00010  2500 00020  
HPD02563503HPCPHT19960800010020100 00000g 2500 00000  
HPD02563503HPCPHT19960800090021600 00040  2500 00040  
HPD02563503HPCPHT19960800150021800 00010  2500 00010  
HPD02563503HPCPHT19960800180022400 00030  2500 00030  
HPD02563503HPCPHT19960800190030100 00010  0200 00010  2500 00020  
HPD02563503HPCPHT19960800210021500 00010  2500 00010  
HPD02563503HPCPHT19960800220021100 00010  2500 00010  
HPD02563503HPCPHT19960900010020100 00000g 2500 00000  
HPD02563503HPCPHT19960900020021000 00010  2500 00010  
HPD02563503HPCPHT19960900040021900 00010  2500 00010  
HPD02563503HPCPHT19960900050050200 00010  0400 00010  0700 00010  0800 00020  2500 00050  
HPD02563503HPCPHT19960900060022100 00010  2500 00010  
HPD02563503HPCPHT19960900100022400 00010  2500 00010  
HPD02563503HPCPHT19960900110060100 00020  0200 00010  0300 00010  0400 00030  0500 00010  2500 00080  
HPD02563503HPCPHT19960900130021900 00020  2500 00020  
HPD02563503HPCPHT19960900140030600 00010  1300 00010  2500 00020  
HPD02563503HPCPHT19961000010020100 00000g 2500 00000  
HPD02563503HPCPHT19961000050021300 99999{ 2500 00000P 
HPD02563503HPCPHT19961000310022400 99999} 2500 00000P 
HPD02563503HPCPHT19961100010020100 99999{ 2500 00000P 
HPD02563503HPCPHT19961100060031400 99999} 1500 99999[ 2500 00000P 
HPD02563503HPCPHT19961100300022400 99999] 2500 00000I 
HPD02563503HPCPHT19961200010020100 99999[ 2500 00000I 
HPD02563503HPCPHT19961200180021500 99999] 2500 00000I 
HPD02563503HPCPHT19970100010020100 00000g 2500 00000  
HPD02563503HPCPHT19970100030021600 00010  2500 00010  
HPD02563503HPCPHT19970100040031000 99999[ 1400 99999] 2500 00000I 
HPD02563503HPCPHT19970100120022400 00010  2500 00010  
HPD02563503HPCPHT19970100130100100 00010  0600 00010  0800 00010  1000 00020  1700 00010  1900 00020  2000 00010  2200 00010  2400 00010  2500 00110  
HPD02563503HPCPHT19970100140031200 00010  1500 00010  2500 00020  
HPD02563503HPCPHT19970100260040700 00010  0900 00010  1500 00010  2500 00030  
HPD02563503HPCPHT19970100270020100 00010  2500 00010  
HPD02563503HPCPHT19970200010020100 00000g 2500 00000  
HPD02563503HPCPHT19970200270130200 00010  0400 00010  0500 00010  0700 00010  0800 00010  0900 00010  1000 00010  1300 00010  1400 00010  1500 00010  1600 00010  2100 00010  2500 00120  
HPD02563503HPCPHT19970300010020100 00000g 2500 00000  
HPD02563503HPCPHT19970300040020200 99999{ 2500 00000P 
HPD02563503HPCPHT19970300050041200 99999} 1300 99999[ 1800 99999] 2500 00000P 
HPD02563503HPCPHT19970400010020100 00000g 2500 00000  
HPD02563503HPCPHT19970400020100300 00010  0400 00010  0500 00020  0600 00010  0700 00010  0800 00010  0900 00010  1900 00010  2000 00010  2500 00100  
HPD02563503HPCPHT19970400030050900 00010  1100 00010  1400 00010  2000 00010  2500 00040  
HPD02563503HPCPHT19970400040040100 00010  0200 00010  0600 00010  2500 00030  
HPD02563503HPCPHT19970400050020900 00010  2500 00010  
HPD02563503HPCPHT19970400110021400 00010  2500 00010  
HPD02563503HPCPHT19970400120021200 00010  2500 00010  
HPD02563503HPCPHT19970500010020100 00000g 2500 00000  
HPD02563503HPCPHT19970500180020500 00010  2500 00010  
HPD02563503HPCPHT19970500190040300 00010  1000 00010  1100 00010  2500 00030  
HPD02563503HPCPHT19970500210030500 00040  0600 00010  2500 00050  
HPD02563503HPCPHT19970500270021200 99999{ 2500 00000P 
HPD02563503HPCPHT19970500310022400 99999} 2500 00000P 
HPD02563503HPCPHT19970600010020100 99999{ 2500 00000P 
HPD02563503HPCPHT19970600080020700 99999} 2500 00000P 
HPD02563503HPCPHT19970600110030600 99999{ 1100 99999} 2500 00000P 
HPD02563503HPCPHT19970700010020100 00000g 2500 00000  
HPD02563503HPCPHT19970700040022200 99999{ 2500 00000P 
HPD02563503HPCPHT19970700060022200 99999} 2500 00000P 
HPD02563503HPCPHT19970700230031000 00010  1400 99999{ 2500 00010P 
HPD02563503HPCPHT19970700310022400 99999} 2500 00000P 
HPD02563503HPCPHT19970800010020100 99999{ 2500 00000P 
HPD02563503HPCPHT19970800050031400 99999} 1500 99999[ 2500 00000P 
HPD02563503HPCPHT19970800280021500 99999] 2500 00000I 
HPD02563503HPCPHT19970800300031400 00010  1500 00040  2500 00050  
HPD02563503HPCPHT19970800310021200 00010  2500 00010  
HPD02563503HPCPHT19970900010030100 00000g 1200 00010  2500 00010  
HPD02563503HPCPHT19970900020032000 00020  2200 00010  2500 00030  
HPD02563503HPCPHT19970900030020300 00010  2500 00010  
HPD02563503HPCPHT19970900040022000 00050  2500 00050  
HPD02563503HPCPHT19970900050051900 00010  2000 00010  2300 00010  2400 00010  2500 00040  
HPD02563503HPCPHT19970900110041000 00010  1300 00030  1500 00010  2500 00050  
HPD02563503HPCPHT19970900150040400 00010  0500 00010  1600 00020  2500 00040  
HPD02563503HPCPHT19970900160021500 00010  2500 00010  
HPD02563503HPCPHT19970900260050700 00010  0800 00010  0900 00010  1300 00010  2500 00040  
HPD02563503HPCPHT19971000010020100 00000g 2500 00000  
HPD02563503HPCPHT19971000070030900 00040  1100 00010  2500 00050  
HPD02563503HPCPHT19971000220020300 00010  2500 00010  
HPD02563503HPCPHT19971100010020100 00000g 2500 00000  
HPD02563503HPCPHT19971100030021100 00010  2500 00010  
HPD02563503HPCPHT19971100040020900 99999a 2500 00000I 
HPD02563503HPCPHT19971100090030900 00010A 1000 00010  2500 00020P 
HPD02563503HPCPHT19971200010050100 00000g 2200 00010  2300 00010  2400 00010  2500 00030  
HPD02563503HPCPHT19971200020040300 00010  1100 00010  1400 99999[ 2500 00020I 
HPD02563503HPCPHT19971200070021400 99999] 2500 00000I 
HPD02563503HPCPHT19971200080020300 00010  2500 00010  
HPD02563503HPCPHT19971200200040100 00010  0400 00010  0600 00010  2500 00030  
HPD02563503HPCPHT19971200210041900 00010  2200 00010  2300 00020  2500 00040  
HPD02563503HPCPHT19971200220080200 00010  0300 00010  0700 00020  1100 00010  1600 00010  1800 00010  2100 00010  2500 00080  
HPD02563503HPCPHT19971200230020100 00010  2500 00010  
HPD02563503HPCPHT19980100010020100 00000g 2500 00000  
HPD02563503HPCPHT19980100030040500 00010  1300 00010  1600 00010  2500 00030  
HPD02563503HPCPHT19980100040041400 00010  2000 00010  2300 00010  2500 00030  
HPD02563503HPCPHT19980100090022200 00010  2500 00010  
HPD02563503HPCPHT19980100100051100 00010  1200 00010  1500 00010  1900 00010  2500 00040  
HPD02563503HPCPHT19980200010020100 00000g 2500 00000  
HPD02563503HPCPHT19980200030031900 00010  2400 00010  2500 00020  
HPD02563503HPCPHT19980200040050200 00010  0600 00010  0700 00010  0900 00010  2500 00040  
HPD02563503HPCPHT19980200050021300 00010  2500 00010  
HPD02563503HPCPHT19980200080031100 00010  1300 00010  2500 00020  
HPD02563503HPCPHT19980200090040400 00010  0900 00010  1400 00010  2500 00030  
HPD02563503HPCPHT19980200150060100 00010  0200 00010  0300 00020  0600 00010  0800 00010  2500 00060  
HPD02563503HPCPHT19980200180020200 00010  2500 00010  
HPD02563503HPCPHT19980200200031000 00010  1400 00010  2500 00020  
HPD02563503HPCPHT19980200210021400 00010  2500 00010  
HPD02563503HPCPHT19980200240071100 00010  1300 00020  1500 00010  1600 00010  1700 00010  2400 00010  2500 00070  
HPD02563503HPCPHT19980200280021100 00010  2500 00010  
HPD02563503HPCPHT19980300010020100 00000g 2500 00000  
HPD02563503HPCPHT19980300060031900 00010  2200 00010  2500 00020  
HPD02563503HPCPHT19980300140041600 00020  1700 00010  2200 00010  2500 00040  
HPD02563503HPCPHT19980300150021200 00010  2500 00010  
HPD02563503HPCPHT19980300170030300 00010  0400 00010  2500 00020  
HPD02563503HPCPHT19980300180030500 00010  0600 00010  2500 00020  
HPD02563503HPCPHT19980300260070600 00010  0800 00010  0900 00010  1000 00010  1800 00010  1900 00020  2500 00070  
HPD02563503HPCPHT19980300270020400 00010  2500 00010  
HPD02563503HPCPHT19980300280070200 00010  1500 00010  1600 00010  1700 00010  1800 00010  2200 00010  2500 00060  
HPD02563503HPCPHT19980400010050100 00000g 1400 00020  1600 00010  2300 00010  2500 00040  
HPD02563503HPCPHT19980400020021300 00010  2500 00010  
HPD02563503HPCPHT19980400110022400 00010  2500 00010  
HPD02563503HPCPHT19980400120020700 00010  2500 00010  
HPD02563503HPCPHT19980400170021000 00010  2500 00010  
HPD02563503HPCPHT19980500010020100 00000g 2500 00000  
HPD02563503HPCPHT19980500080021400 00010  2500 00010  
HPD02563503HPCPHT19980500130031800 00010  2000 00010  2500 00020  
HPD02563503HPCPHT19980500210020900 00010  2500 00010  
HPD02563503HPCPHT19980600010020100 00000g 2500 00000  
HPD02563503HPCPHT19980700010020100 00000g 2500 00000  
HPD02563503HPCPHT19980700060040600 00020  0700 00010  1500 00010  2500 00040  
HPD02563503HPCPHT19980700190022100 00030  2500 00030  
HPD02563503HPCPHT19980700220031800 00030  1900 00050  2500 00080  
HPD02563503HPCPHT19980700230021100 00010  2500 00010  
HPD02563503HPCPHT19980700240021400 00030  2500 00030  
HPD02563503HPCPHT19980700290021900 00020  2500 00020  
HPD02563503HPCPHT19980800010020100 00000g 2500 00000  
HPD02563503HPCPHT19980800110031600 00020  1800 00010  2500 00030  
HPD02563503HPCPHT19980800120021100 00010  2500 00010  
HPD02563503HPCPHT19980800150021200 00010  2500 00010  
HPD02563503HPCPHT19980800160031000 00010  1600 00040  2500 00050  
HPD02563503HPCPHT19980800240031900 00010  2000 00010  2500 00020  
HPD02563503HPCPHT19980800310020600 00010  2500 00010  
HPD02563503HPCPHT19980900010060100 00000g 0200 00010  0300 00010  0400 00010  1100 00010  2500 00040  
HPD02563503HPCPHT19980900040041200 00010  1400 00010  1600 00010  2500 00030  
HPD02563503HPCPHT19980900050022100 00010  2500 00010  
HPD02563503HPCPHT19980900090032200 00010  2300 00010  2500 00020  
HPD02563503HPCPHT19980900110070400 00010  0600 00010  0800 00010  0900 00040  1000 00010  1100 00010  2500 00090  
HPD02563503HPCPHT19980900130021700 00010  2500 00010  
HPD02563503HPCPHT19980900190020400 00010  2500 00010  
HPD02563503HPCPHT19981000010020100 00000g 2500 00000  
HPD02563503HPCPHT19981000210051200 00010  1300 00020  1400 00010  1500 00010  2500 00050  
HPD02563503HPCPHT19981000220020800 00010  2500 00010  
HPD02563503HPCPHT19981000250041400 00020  1500 00010  1600 00020  2500 00050  
HPD02563503HPCPHT19981000260050800 00020  0900 00020  1000 00010  1100 00010  2500 00060  
HPD02563503HPCPHT19981000290021400 00010  2500 00010  
HPD02563503HPCPHT19981000300051000 00010  1200 00010  1500 00010  1800 00010  2500 00040  
HPD02563503HPCPHT19981100010020100 00000g 2500 00000  
HPD02563503HPCPHT19981100080032100 00010  2400 00010  2500 00020  
HPD02563503HPCPHT19981100280021200 00010  2500 00010  
HPD02563503HPCPHT19981100290020400 00010  2500 00010  
HPD02563503HPCPHT19981200010020100 00000g 2500 00000  
HPD02563503HPCPHT19981200060021300 00010  2500 00010  
HPD02563503HPCPHT19981200280021400 00010  2500 00010  
