HPD02458602HPCPHT20040100010020100 00000g 2500 00000  
HPD02458602HPCPHT20040100030021300 00010  2500 00010  
HPD02458602HPCPHT20040100150021400 00010  2500 00010  
HPD02458602HPCPHT20040100200021300 00010  2500 00010  
HPD02458602HPCPHT20040200010040100 00000g 1200 00010  1800 00010  2500 00020  
HPD02458602HPCPHT20040200040031200 00010  1400 00010  2500 00020  
HPD02458602HPCPHT20040200230020800 00010  2500 00010  
HPD02458602HPCPHT20040200270021100 00010  2500 00010  
HPD02458602HPCPHT20040200290021700 00010  2500 00010  
HPD02458602HPCPHT20040300010020100 00000g 2500 00000  
HPD02458602HPCPHT20040300050021000 00010  2500 00010  
HPD02458602HPCPHT20040300230022100 00010  2500 00010  
HPD02458602HPCPHT20040300240021200 00010  2500 00010  
HPD02458602HPCPHT20040300250031300 99999{ 1400 99999} 2500 00000P 
HPD02458602HPCPHT20040400010020100 00000g 2500 00000  
HPD02458602HPCPHT20040400020031800 00010  1900 00010  2500 00020  
HPD02458602HPCPHT20040400030021700 00010  2500 00010  
HPD02458602HPCPHT20040400040031700 00010  2000 00010  2500 00020  
HPD02458602HPCPHT20040400050031100 00010  1300 00010  2500 00020  
HPD02458602HPCPHT20040400060022300 00010  2500 00010  
HPD02458602HPCPHT20040400130031000 99999{ 1100 99999} 2500 00000P 
HPD02458602HPCPHT20040500010020100 00000g 2500 00000  
HPD02458602HPCPHT20040600010040100 00000g 0800 99999[ 1400 99999] 2500 00000I 
HPD02458602HPCPHT20040600290041400 00010  1500 00010  1600 00010  2500 00030  
HPD02458602HPCPHT20040700010020100 00000g 2500 00000  
HPD02458602HPCPHT20040800010040100 00000g 0900 99999[ 1400 99999] 2500 00000I 
HPD02458602HPCPHT20040800020022200 00020  2500 00020  
HPD02458602HPCPHT20040800140021900 00010  2500 00010  
HPD02458602HPCPHT20040800150022200 00010  2500 00010  
HPD02458602HPCPHT20040800160041700 00080  1800 00030  2000 00010  2500 00120  
HPD02458602HPCPHT20040800240030900 99999{ 1000 99999} 2500 00000P 
HPD02458602HPCPHT20040800300021400 00010  2500 00010  
HPD02458602HPCPHT20040900010040100 00000g 0800 99999[ 1400 99999] 2500 00000I 
HPD02458602HPCPHT20040900040021200 00010  2500 00010  
HPD02458602HPCPHT20040900180032000 00010  2400 00010  2500 00020  
HPD02458602HPCPHT20040900190080800 00010  0900 00010  1000 00010  1100 00020  1600 00010  2300 00010  2400 00010  2500 00080  
HPD02458602HPCPHT20040900280022100 00010  2500 00010  
HPD02458602HPCPHT20040900290080100 00030  0200 00010  0600 00010  0700 00010  0900 00030  1000 00010  1700 00010  2500 00110  
HPD02458602HPCPHT20040900300021200 00010  2500 00010  
HPD02458602HPCPHT20041000010020100 00000g 2500 00000  
HPD02458602HPCPHT20041000210022100 00010  2500 00010  
HPD02458602HPCPHT20041000280070900 00010  1200 00010  1300 00010  1600 00010  1900 00010  2400 00010  2500 00060  
HPD02458602HPCPHT20041100010040100 00000g 0900 99999[ 1400 99999] 2500 00000I 
HPD02458602HPCPHT20041100080020700 00010  2500 00010  
HPD02458602HPCPHT20041100100021200 00010  2500 00010  
HPD02458602HPCPHT20041100200031900 00010  2000 00010  2500 00020  
HPD02458602HPCPHT20041100210090200 00010  0400 00010  0700 00010  0800 00010  1000 00010  1700 00010  2200 00010  2300 00010  2500 00080  
HPD02458602HPCPHT20041200010020100 00000g 2500 00000  
HPD02458602HPCPHT20041200050021400 00010  2500 00010  
HPD02458602HPCPHT20041200060021000 00010  2500 00010  
HPD02458602HPCPHT20041200070031400 00010  1700 99999{ 2500 00010P 
HPD02458602HPCPHT20041200310022400 99999} 2500 00000P 
