HPD02834906HPCPHT20040100010030100 00000g 0400 00010  2500 00010  
HPD02834906HPCPHT20040100030021500 00010  2500 00010  
HPD02834906HPCPHT20040100140032100 00010  2300 00010  2500 00020  
HPD02834906HPCPHT20040100150020800 00010  2500 00010  
HPD02834906HPCPHT20040100210021500 00010  2500 00010  
HPD02834906HPCPHT20040100220040200 00010  0800 00010  0900 00010  2500 00030  
HPD02834906HPCPHT20040100240030100 00010  0200 00010  2500 00020  
HPD02834906HPCPHT20040100250070200 00010  1000 00010  1200 00010  1400 00020  1500 00010  1600 00010  2500 00070  
HPD02834906HPCPHT20040200010020100 00000g 2500 00000  
HPD02834906HPCPHT20040200030021700 00010  2500 00010  
HPD02834906HPCPHT20040200230080400 00010  0600 00010  0700 00010  0800 00010  1000 00020  1100 00010  1200 00010  2500 00080  
HPD02834906HPCPHT20040200270040900 00010  1600 00010  1700 00010  2500 00030  
HPD02834906HPCPHT20040300010020100 00000g 2500 00000  
HPD02834906HPCPHT20040300040110400 00010  0500 00010  0600 00020  0800 00010  1300 00010  1500 00010  1700 00010  1800 00020  1900 00010  2400 00020  2500 00130  
HPD02834906HPCPHT20040300050100100 00010  0200 00030  0300 00020  0500 00040  0600 00020  0700 00020  0800 00020  0900 00020  1100 00010  2500 00190  
HPD02834906HPCPHT20040400010030100 00000g 1700 99999{ 2500 00000P 
HPD02834906HPCPHT20040400300022400 99999} 2500 00000P 
HPD02834906HPCPHT20040500010020100 99999{ 2500 00000P 
HPD02834906HPCPHT20040500030040900 99999} 1000 99999[ 1800 99999] 2500 00000P 
HPD02834906HPCPHT20040500310032300 99999{ 2400 99999} 2500 00000P 
HPD02834906HPCPHT20040600010020100 99999{ 2500 00000P 
HPD02834906HPCPHT20040600300022400 99999} 2500 00000P 
HPD02834906HPCPHT20040700010020100 00000g 2500 00000  
HPD02834906HPCPHT20040700110031500 00010  1600 00010  2500 00020  
HPD02834906HPCPHT20040700130022200 00010  2500 00010  
HPD02834906HPCPHT20040700260041600 00020  1700 00010  1800 00010  2500 00040  
HPD02834906HPCPHT20040800010020100 00000g 2500 00000  
HPD02834906HPCPHT20040800100020900 00040  2500 00040  
HPD02834906HPCPHT20040800130060100 99999{ 1200 99999} 2000 00010  2100 00020  2200 00020  2500 00050P 
HPD02834906HPCPHT20040800150022400 00020  2500 00020  
HPD02834906HPCPHT20040800160050100 00010  1800 00020  1900 00010  2100 00010  2500 00050  
HPD02834906HPCPHT20040900010020100 00000g 2500 00000  
HPD02834906HPCPHT20040900180041800 00010  1900 00030  2000 00050  2500 00090  
HPD02834906HPCPHT20040900190020100 00020  2500 00020  
HPD02834906HPCPHT20040900280022200 00020  2500 00020  
HPD02834906HPCPHT20041000010020100 00000g 2500 00000  
HPD02834906HPCPHT20041000070021500 99999{ 2500 00000P 
HPD02834906HPCPHT20041000310022400 99999} 2500 00000P 
HPD02834906HPCPHT20041100010020100 99999{ 2500 00000P 
HPD02834906HPCPHT20041100050020900 99999} 2500 00000P 
HPD02834906HPCPHT20041100210031200 00010  1600 00020  2500 00030  
HPD02834906HPCPHT20041100220031400 00010  1500 00010  2500 00020  
HPD02834906HPCPHT20041100230060100 00010  0300 00010  0400 00010  0500 00010  0700 00010  2500 00050  
HPD02834906HPCPHT20041200010020100 00000g 2500 00000  
HPD02834906HPCPHT20041200040051500 00020  1700 00010  1900 00010  2200 00010  2500 00050  
HPD02834906HPCPHT20041200050022400 00010  2500 00010  
HPD02834906HPCPHT20041200060090100 00010  0200 00010  0400 00010  0500 00010  0800 00010  1100 00010  1300 00010  1600 00010  2500 00080  
HPD02834906HPCPHT20041200280022300 00010  2500 00010  
HPD02834906HPCPHT20041200290120500 00020  0600 00010  0800 00010  0900 00010  1000 00020  1100 00010  1200 00030  1300 00010  1400 00030  1500 00030  1600 00040  2500 00220  
