HPD02157402HPCPHT20070100010020100 00000g 2500 00000  
HPD02157402HPCPHT20070100050021500 00010  2500 00010  
HPD02157402HPCPHT20070100120041200 00010  1500 00010  1800 00010  2500 00030  
HPD02157402HPCPHT20070100130020100 00010  2500 00010  
HPD02157402HPCPHT20070100190031800 00010  1900 00010  2500 00020  
HPD02157402HPCPHT20070100200040100 00010  0200 00010  0900 00010  2500 00030  
HPD02157402HPCPHT20070100210051200 00010  1500 00010  1900 00010  2400 00010  2500 00040  
HPD02157402HPCPHT20070100220020500 00010  2500 00010  
HPD02157402HPCPHT20070100240021500 00010  2500 00010  
HPD02157402HPCPHT20070100310030700 00010  1200 00010  2500 00020  
HPD02157402HPCPHT20070200010020100 00000g 2500 00000  
HPD02157402HPCPHT20070200110031700 00010  1800 00010  2500 00020  
HPD02157402HPCPHT20070200120021300 00010  2500 00010  
HPD02157402HPCPHT20070200130021000 00010  2500 00010  
HPD02157402HPCPHT20070200140030800 00010  2100 00010  2500 00020  
HPD02157402HPCPHT20070200190022000 00010  2500 00010  
HPD02157402HPCPHT20070200230031100 00010  1600 00010  2500 00020  
HPD02157402HPCPHT20070300010020100 00000g 2500 00000  
HPD02157402HPCPHT20070300080021100 00010  2500 00010  
HPD02157402HPCPHT20070300140021000 00010  2500 00010  
HPD02157402HPCPHT20070300150021200 00010  2500 00010  
HPD02157402HPCPHT20070300200030900 00010  1100 00010  2500 00020  
HPD02157402HPCPHT20070300220080200 00010  1000 00010  1100 00010  1300 00010  1400 00010  1800 00010  2200 00010  2500 00070  
HPD02157402HPCPHT20070300230030100 00010  1200 00010  2500 00020  
HPD02157402HPCPHT20070300240021400 00010  2500 00010  
HPD02157402HPCPHT20070300270022400 00010  2500 00010  
HPD02157402HPCPHT20070300290022100 00010  2500 00010  
HPD02157402HPCPHT20070300300020500 00010  2500 00010  
HPD02157402HPCPHT20070400010020100 00000g 2500 00000  
HPD02157402HPCPHT20070400090021300 00010  2500 00010  
HPD02157402HPCPHT20070400130030300 00010  1300 00010  2500 00020  
HPD02157402HPCPHT20070400240031200 00010  1700 00010  2500 00020  
HPD02157402HPCPHT20070400300040700 00010  0800 00010  1100 00010  2500 00030  
HPD02157402HPCPHT20070500010040100 00000g 0900 00010  1500 00010  2500 00020  
HPD02157402HPCPHT20070500020031000 00010  1600 00010  2500 00020  
HPD02157402HPCPHT20070500140021200 00010  2500 00010  
HPD02157402HPCPHT20070500160031700 00010  1800 00010  2500 00020  
HPD02157402HPCPHT20070500170030800 00010  0900 00010  2500 00020  
HPD02157402HPCPHT20070500180050800 00020  1200 00010  1400 00010  1500 00010  2500 00050  
HPD02157402HPCPHT20070500190020900 00010  2500 00010  
HPD02157402HPCPHT20070600010040100 00000g 0800 00010  1200 00010  2500 00020  
HPD02157402HPCPHT20070600070030900 00010  1000 00010  2500 00020  
HPD02157402HPCPHT20070600080020900 00010  2500 00010  
HPD02157402HPCPHT20070600120030800 00010  0900 00010  2500 00020  
HPD02157402HPCPHT20070700010030100 00000g 0900 00010  2500 00010  
HPD02157402HPCPHT20070700040020900 00010  2500 00010  
HPD02157402HPCPHT20070700070030800 00010  0900 00010  2500 00020  
HPD02157402HPCPHT20070700120030900 00020  1000 00010  2500 00030  
HPD02157402HPCPHT20070700130020900 00010  2500 00010  
HPD02157402HPCPHT20070700170020900 00010  2500 00010  
HPD02157402HPCPHT20070700190030800 00020  1000 00010  2500 00030  
HPD02157402HPCPHT20070700210051900 00050  2000 00010  2100 00010  2200 00010  2500 00080  
HPD02157402HPCPHT20070700220030800 00010  0900 00020  2500 00030  
HPD02157402HPCPHT20070700230041300 00100  1400 00030  1500 00010  2500 00140  
HPD02157402HPCPHT20070700240040900 00010  1000 00010  2400 00010  2500 00030  
HPD02157402HPCPHT20070700260021500 00080  2500 00080  
HPD02157402HPCPHT20070700270021500 00020  2500 00020  
HPD02157402HPCPHT20070700280021200 00010  2500 00010  
HPD02157402HPCPHT20070700300031200 00010  1400 00010  2500 00020  
HPD02157402HPCPHT20070800010030100 00000g 1100 00010  2500 00010  
HPD02157402HPCPHT20070800020022200 00020  2500 00020  
HPD02157402HPCPHT20070800030030600 00010  1200 00010  2500 00020  
HPD02157402HPCPHT20070800040041100 00010  2100 00050  2200 00040  2500 00100  
HPD02157402HPCPHT20070800050060200 00010  1000 00010  1100 00010  1400 00010  1500 00010  2500 00050  
HPD02157402HPCPHT20070800060041000 00010  1100 00010  1400 00020  2500 00040  
HPD02157402HPCPHT20070800070031100 00010  1200 00010  2500 00020  
HPD02157402HPCPHT20070800130020800 00010  2500 00010  
HPD02157402HPCPHT20070800140040900 00010  1900 00010  2400 00010  2500 00030  
HPD02157402HPCPHT20070800150040900 00010  1000 00010  1600 00020  2500 00040  
HPD02157402HPCPHT20070800160030900 00010  1000 00010  2500 00020  
HPD02157402HPCPHT20070900010030100 00000g 2100 00010  2500 00010  
HPD02157402HPCPHT20070900020032300 00010  2400 00010  2500 00020  
HPD02157402HPCPHT20070900110031500 00020  1600 00020  2500 00040  
HPD02157402HPCPHT20070900180021000 00010  2500 00010  
HPD02157402HPCPHT20070900210020900 00010  2500 00010  
HPD02157402HPCPHT20070900220022000 00020  2500 00020  
HPD02157402HPCPHT20070900230040700 00010  0800 00010  0900 00010  2500 00030  
HPD02157402HPCPHT20070900250021300 00010  2500 00010  
HPD02157402HPCPHT20070900260021000 00020  2500 00020  
HPD02157402HPCPHT20071000010020100 00000g 2500 00000  
HPD02157402HPCPHT20071000070021100 00010  2500 00010  
HPD02157402HPCPHT20071000080021100 00010  2500 00010  
HPD02157402HPCPHT20071100010040100 00000g 1100 00010  1200 00010  2500 00020  
HPD02157402HPCPHT20071100060021100 00010  2500 00010  
HPD02157402HPCPHT20071100250021300 00010  2500 00010  
HPD02157402HPCPHT20071100300091700 00010  1800 00010  1900 00020  2000 00010  2100 00010  2200 00010  2300 00010  2400 00020  2500 00100  
HPD02157402HPCPHT20071200010190100 00020  0200 00020  0300 00010  0500 00010  0600 00010  0700 00010  0800 00010  0900 00020  1000 00010  1100 00010  1200 00010  1300 00010  1400 00010  1500 00010  1600 00010  1700 00010  1800 00010  2200 00010  2500 00210  
HPD02157402HPCPHT20071200020021300 00010  2500 00010  
HPD02157402HPCPHT20071200040021200 00010  2500 00010  
HPD02157402HPCPHT20071200050021100 00010  2500 00010  
HPD02157402HPCPHT20071200060021200 00010  2500 00010  
HPD02157402HPCPHT20071200070111100 00010  1200 00010  1300 00010  1500 00010  1600 00020  1800 00010  1900 00020  2000 00010  2100 00010  2400 00010  2500 00120  
HPD02157402HPCPHT20071200080090200 00010  0300 00020  0400 00010  0600 00010  0700 00010  0800 00010  1200 00010  1400 00020  2500 00100  
HPD02157402HPCPHT20071200090022300 00010  2500 00010  
HPD02157402HPCPHT20071200100050300 00010  0900 00010  1500 00010  1700 00010  2500 00040  
HPD02157402HPCPHT20071200110030100 00010  1100 99999[ 2500 00010I 
HPD02157402HPCPHT20071200140020800 99999] 2500 00000I 
