HPD02080807HPCPHT20040100010020100 99999[ 2500 00000I 
HPD02080807HPCPHT20040100310022400 99999] 2500 00000I 
HPD02080807HPCPHT20040200010030100 99999[ 1300 99999] 2500 00000I 
HPD02080807HPCPHT20040200030021500 00010  2500 00010  
HPD02080807HPCPHT20040200040040200 00010  0900 00010  1500 00010  2500 00030  
HPD02080807HPCPHT20040200050021600 00010  2500 00010  
HPD02080807HPCPHT20040200230041100 00010  1500 00010  1700 00010  2500 00030  
HPD02080807HPCPHT20040200240022000 00010  2500 00010  
HPD02080807HPCPHT20040200270031800 00010  2400 00010  2500 00020  
HPD02080807HPCPHT20040200280021300 00010  2500 00010  
HPD02080807HPCPHT20040300010030100 00000g 1200 99999{ 2500 00000P 
HPD02080807HPCPHT20040300310040800 99999} 0900 99999[ 2400 99999] 2500 00000P 
HPD02080807HPCPHT20040400010040100 99999[ 1200 99999] 1300 99999{ 2500 00000P 
HPD02080807HPCPHT20040400300022400 99999} 2500 00000P 
HPD02080807HPCPHT20040500010020100 99999{ 2500 00000P 
HPD02080807HPCPHT20040500310022400 99999} 2500 00000P 
HPD02080807HPCPHT20040600010060100 99999{ 0700 99999} 0800 99999[ 1000 99999] 1100 99999{ 2500 00000P 
HPD02080807HPCPHT20040600290030100 99999} 0200 99999[ 2500 00000P 
HPD02080807HPCPHT20040600300022400 99999] 2500 00000I 
HPD02080807HPCPHT20040700010040100 99999[ 0800 99999] 0900 99999{ 2500 00000P 
HPD02080807HPCPHT20040700310022400 99999} 2500 00000P 
HPD02080807HPCPHT20040800010030100 99999{ 2400 99999} 2500 00000P 
HPD02080807HPCPHT20040800020020100 99999{ 2500 00000P 
HPD02080807HPCPHT20040800310041200 99999} 1300 99999[ 2400 99999] 2500 00000P 
HPD02080807HPCPHT20040900010040100 00000g 1600 00010  1800 00010  2500 00020  
HPD02080807HPCPHT20040900030022300 00010  2500 00010  
HPD02080807HPCPHT20040900040060100 00010  0300 00010  0400 00030  0700 00010  1700 00010  2500 00070  
HPD02080807HPCPHT20040900070022200 00010  2500 00010  
HPD02080807HPCPHT20040900180081400 00020  1700 00010  1800 00020  1900 00010  2000 00010  2100 00010  2200 00010  2500 00090  
HPD02080807HPCPHT20040900190020500 00010  2500 00010  
HPD02080807HPCPHT20040900270020200 00010  2500 00010  
HPD02080807HPCPHT20040900290031500 00010  2000 00010  2500 00020  
HPD02080807HPCPHT20041000010040100 00000g 0700 99999{ 1600 99999} 2500 00000P 
HPD02080807HPCPHT20041000100042100 00010  2200 00010  2300 00010  2500 00030  
HPD02080807HPCPHT20041000110030800 00010  0900 00010  2500 00020  
HPD02080807HPCPHT20041000210031900 00010  2200 00010  2500 00020  
HPD02080807HPCPHT20041000220030100 00010  0400 00010  2500 00020  
HPD02080807HPCPHT20041000260022300 00020  2500 00020  
HPD02080807HPCPHT20041000280032000 00010  2200 00010  2500 00020  
HPD02080807HPCPHT20041000310022300 00010  2500 00010  
HPD02080807HPCPHT20041100010040100 00000g 1000 00010  1100 00010  2500 00020  
HPD02080807HPCPHT20041100060022000 00010  2500 00010  
HPD02080807HPCPHT20041100070051800 00010  1900 00010  2000 00010  2200 00010  2500 00040  
HPD02080807HPCPHT20041100080020900 00010  2500 00010  
HPD02080807HPCPHT20041100160050200 00010  0600 00010  1100 00010  1900 00010  2500 00040  
HPD02080807HPCPHT20041100220061400 00020  1500 00010  1800 00010  1900 00010  2100 00010  2500 00060  
HPD02080807HPCPHT20041100230031100 00010  1800 99999{ 2500 00010P 
HPD02080807HPCPHT20041100300040300 99999} 0400 99999[ 2400 99999] 2500 00000P 
HPD02080807HPCPHT20041200010020100 00000g 2500 00000  
HPD02080807HPCPHT20041200050030400 00010  1400 00010  2500 00020  
HPD02080807HPCPHT20041200060040600 00010  1200 00010  1600 00010  2500 00030  
HPD02080807HPCPHT20041200290120300 00010  1200 00010  1300 00010  1400 00010  1600 00010  1700 00010  1800 00010  2000 00010  2100 00010  2200 00020  2300 00020  2500 00130  
HPD02080807HPCPHT20041200300030100 00040  0600 99999{ 2500 00040P 
HPD02080807HPCPHT20041200310022400 99999} 2500 00000P 
