HPD02301002HPCPHI20050100010070100 00000g 0200 00000T 0300 00000T 0400 00000T 1100 00000T 1200 00000T 2500 00000T 
HPD02301002HPCPHI20050100030230100 00000T 0200 00000T 0300 00001  0400 00001  0500 00001  0600 00000T 0700 00000T 0800 00000T 1100 00000T 1200 00001  1300 00004  1400 00011  1500 00011  1600 00005  1700 00013  1800 00017  1900 00007  2000 00009  2100 00014  2200 00008  2300 00012  2400 00008  2500 00123  
HPD02301002HPCPHI20050100040250100 00000T 0200 00002  0300 00002  0400 00000T 0500 00006  0600 00001  0700 00000T 0800 00004  0900 00004  1000 00009  1100 00003  1200 00002  1300 00000T 1400 00002  1500 00001  1600 00003  1700 00000T 1800 00000T 1900 00000T 2000 00004  2100 00001  2200 00003  2300 00003  2400 00001  2500 00051  
HPD02301002HPCPHI20050100050070100 00000T 0200 00001  0300 00001  0400 00000T 0500 00000T 0600 00000T 2500 00002  
HPD02301002HPCPHI20050100070141200 00000T 1300 00003  1400 00001  1500 00000T 1600 00002  1700 00002  1800 00004  1900 00001  2000 00001  2100 00000T 2200 00000T 2300 00001  2400 00000T 2500 00015  
HPD02301002HPCPHI20050100080220100 00001  0200 00000T 0300 00000T 0400 00001  0500 00000T 0600 00000T 0700 00002  0800 00003  0900 00003  1000 00002  1100 00001  1200 00000T 1300 00000T 1600 00000T 1700 00000T 1800 00002  1900 00001  2000 00001  2200 00000T 2300 00003  2400 00001  2500 00021  
HPD02301002HPCPHI20050100090120500 00000T 0600 00001  0700 00001  0800 00000T 0900 00000T 1000 00000T 1700 00001  1800 00003  1900 00000T 2300 00000T 2400 00001  2500 00007  
HPD02301002HPCPHI20050100100180500 00001  0600 00002  1000 00000T 1100 00000T 1200 00001  1300 00002  1400 00000T 1500 00001  1600 00005  1700 00003  1800 00003  1900 00007  2000 00002  2100 00006  2200 00001  2300 00005  2400 00001  2500 00040  
HPD02301002HPCPHI20050100110180100 00010  0200 00000T 0500 00000T 0600 00001  0700 00001  0800 00003  0900 00010  1000 00008  1100 00006  1200 00012  1300 00008  1400 00010  1500 00006  1600 00018  1700 00001  1800 00005  1900 00001  2500 00100  
HPD02301002HPCPHI20050100120040500 00000T 0600 00000T 0700 00000T 2500 00000T 
HPD02301002HPCPHI20050100170021000 00000T 2500 00000T 
HPD02301002HPCPHI20050100240130300 00000T 0400 00004  0500 00001  0600 00000T 0700 00000T 0800 00000T 0900 00000T 1000 00002  1100 00002  1200 00000T 1300 00001  1400 00000T 2500 00010  
HPD02301002HPCPHI20050100260180700 00000T 0800 00000T 0900 00003  1000 00002  1100 00002  1200 00003  1300 00005  1400 00005  1500 00004  1600 00007  1700 00002  1800 00003  1900 00003  2000 00003  2100 00001  2200 00017  2400 00000T 2500 00060  
HPD02301002HPCPHI20050100270170100 00012  0200 00002  0300 00005  0400 00005  0600 00000T 0700 00000T 0900 00001  1000 00001  1300 00000T 1400 00002  1500 00011  1600 00001  1700 00000T 1800 00000T 2000 00001  2100 00001  2500 00042  
HPD02301002HPCPHI20050100290160800 00001  0900 00003  1000 00008  1100 00018  1200 00011  1300 00005  1400 00000T 1500 00000T 1800 00000T 1900 00001  2000 00001  2100 00000T 2200 00001  2300 00001  2400 00000T 2500 00050  
HPD02301002HPCPHI20050100300060100 00000T 0400 00003  0500 00001  0600 00000T 0700 00000T 2500 00004  
HPD02301002HPCPHI20050100310060800 00000T 0900 00000T 1000 00000T 1100 00000T 1200 00000T 2500 00000T 
HPD02301002HPCPHI20050200010020100 00000g 2500 00000  
HPD02301002HPCPHI20050200060042200 00000T 2300 00001  2400 00009  2500 00010  
HPD02301002HPCPHI20050200070250100 00000T 0200 00000T 0300 00000T 0400 00000T 0500 00000T 0600 00000T 0700 00002  0800 00000T 0900 00000T 1000 00001  1100 00003  1200 00000T 1300 00000T 1400 00003  1500 00004  1600 00004  1700 00000T 1800 00000T 1900 00004  2000 00001  2100 00000T 2200 00001  2300 00000T 2400 00002  2500 00025  
HPD02301002HPCPHI20050200080050100 00000T 0200 00001  0300 00003  0400 00000T 2500 00004  
HPD02301002HPCPHI20050200100071900 00000T 2000 00000T 2100 00000T 2200 00004  2300 00005  2400 00005  2500 00014  
HPD02301002HPCPHI20050200110250100 00005  0200 00003  0300 00003  0400 00002  0500 00002  0600 00004  0700 00002  0800 00002  0900 00004  1000 00010  1100 00009  1200 00011  1300 00007  1400 00005  1500 00006  1600 00003  1700 00007  1800 00005  1900 00005  2000 00007  2100 00010  2200 00008  2300 00007  2400 00009  2500 00136  
HPD02301002HPCPHI20050200120230100 00010  0200 00008  0300 00008  0400 00002  0500 00001  0600 00000T 0700 00001  0800 00001  0900 00003  1000 00003  1100 00005  1200 00000T 1300 00000T 1400 00000T 1500 00000T 1600 00002  1700 00000T 1800 00000T 2000 00000T 2200 00000T 2300 00001  2400 00000T 2500 00045  
HPD02301002HPCPHI20050200130020100 00000T 2500 00000T 
HPD02301002HPCPHI20050200150121400 00001  1500 00001  1600 00003  1700 00002  1800 00002  1900 00002  2000 00003  2100 00001  2200 00003  2300 00002  2400 00001  2500 00021  
HPD02301002HPCPHI20050200160050100 00000T 0200 00000T 0300 00000T 0400 00000T 2500 00000T 
HPD02301002HPCPHI20050200170071900 00000T 2000 00000T 2100 00000T 2200 00003  2300 00001  2400 00000T 2500 00004  
HPD02301002HPCPHI20050200180210100 00000T 0200 00002  0300 00002  0400 00000T 0500 00006  0600 00004  0700 00002  0800 00002  0900 00000T 1200 00000T 1300 00001  1400 00004  1500 00005  1600 00008  1700 00007  1800 00005  1900 00006  2000 00000T 2100 00001  2200 00001  2500 00056  
HPD02301002HPCPHI20050200190200200 00000T 0300 00001  0400 00008  0500 00008  0600 00003  0700 00003  0800 00002  0900 00004  1000 00004  1100 00000T 1200 00000T 1300 00000T 1400 00000T 1600 00000T 1700 00003  1800 00001  1900 00000T 2000 00000T 2400 00002  2500 00039  
HPD02301002HPCPHI20050200200220100 00002  0200 00002  0300 00002  0400 00000T 0500 00001  0600 00000T 0700 00000T 0800 00001  0900 00000T 1000 00000T 1100 00000T 1200 00001  1300 00000T 1400 00000T 1500 00004  1600 00000T 1700 00000T 1900 00000T 2100 00002  2200 00001  2300 00000T 2500 00016  
HPD02301002HPCPHI20050200210091200 00000T 1700 00000T 1800 00000T 1900 00003  2000 00004  2100 00003  2200 00000T 2400 00000T 2500 00010  
HPD02301002HPCPHI20050200220210100 00001  0200 00002  0300 00001  0400 00000T 0500 00000T 0600 00000T 0700 00001  0800 00004  0900 00004  1000 00005  1100 00001  1200 00001  1300 00003  1400 00001  1500 00000T 1600 00000T 1700 00000T 2100 00000T 2200 00000T 2300 00001  2500 00025  
HPD02301002HPCPHI20050200230050200 00000T 0600 00007  0700 00001  0800 00001  2500 00009  
HPD02301002HPCPHI20050200240071300 00001  1400 00001  2100 00000T 2200 00001  2300 00000T 2400 00000T 2500 00003  
HPD02301002HPCPHI20050200250090100 00000T 0200 00000T 0300 00000T 1400 00000T 1500 00000T 1700 00000T 1800 00000T 2000 00000T 2500 00000T 
HPD02301002HPCPHI20050200260091200 00000T 1300 00000T 1400 00000T 1600 00000T 1700 00001  1800 00000T 1900 00001  2000 00000T 2500 00002  
HPD02301002HPCPHI20050200280032200 00000T 2300 00000T 2500 00000T 
HPD02301002HPCPHI20050300010020100 00000g 2500 00000  
HPD02301002HPCPHI20050300030080700 00000T 0800 00000T 0900 00000T 1000 00002  1100 00004  1200 00002  1300 00000T 2500 00008  
HPD02301002HPCPHI20050300040031800 00000T 1900 00000T 2500 00000T 
HPD02301002HPCPHI20050300050110200 00002  0300 00012  0400 00014  0500 00001  0600 00001  0700 00000T 0800 00001  0900 00001  1000 00000T 1100 00000T 2500 00032  
HPD02301002HPCPHI20050300060031200 00000T 1300 00000T 2500 00000T 
HPD02301002HPCPHI20050300130061600 00006  1800 00004  1900 00000T 2000 00000T 2200 00003  2500 00013  
HPD02301002HPCPHI20050300140170200 00001  0300 00000T 0400 00004  0500 00019  0600 00009  0700 00012  0800 00011  0900 00015  1000 00012  1100 00002  1200 00004  1300 00001  1400 00000T 1500 00000T 1600 00000T 1700 00000T 2500 00090  
HPD02301002HPCPHI20050300180061900 00000T 2100 00000T 2200 00000T 2300 00000T 2400 00000T 2500 00000T 
HPD02301002HPCPHI20050300190230200 00000T 0300 00000T 0400 00001  0500 00001  0600 00001  0700 00002  0800 00001  0900 00002  1000 00000T 1100 00001  1200 00000T 1300 00000T 1400 00000T 1500 00000T 1600 00000T 1700 00000T 1800 00000T 1900 00000T 2000 00001  2100 00001  2200 00002  2300 00002  2500 00015  
HPD02301002HPCPHI20050300200180100 00000T 0200 00000T 0300 00000T 0400 00007  0500 00006  0600 00005  0700 00001  0800 00002  0900 00000T 1000 00000T 1100 00000T 1400 00000T 1500 00000T 1600 00000T 1700 00000T 1800 00000T 1900 00000T 2500 00021  
HPD02301002HPCPHI20050300230160300 00000T 0400 00003  0500 00008  0600 00004  0700 00003  0800 00000T 1000 00000T 1100 00001  1200 00006  1300 00000T 1800 00000T 1900 00000T 2000 00000T 2100 00000T 2200 00000T 2500 00025  
HPD02301002HPCPHI20050300240150600 00000T 0700 00000T 1200 00000T 1300 00000T 1500 00000T 1600 00000T 1700 00000T 1800 00001  1900 00000T 2000 00001  2100 00001  2200 00000T 2300 00000T 2400 00000T 2500 00003  
HPD02301002HPCPHI20050300250210100 00005  0200 00005  0300 00005  0400 00007  0500 00001  0600 00000T 0700 00000T 0800 00000T 0900 00000T 1000 00001  1100 00001  1200 00000T 1300 00001  1400 00005  1500 00001  1600 00000T 1700 00000T 1800 00000T 1900 00000T 2100 00000T 2500 00032  
HPD02301002HPCPHI20050300280062000 00001  2100 00001  2200 00001  2300 00000T 2400 00001  2500 00004  
HPD02301002HPCPHI20050300290040500 00000T 0600 00000T 0700 00000T 2500 00000T 
HPD02301002HPCPHI20050300300030600 00000T 0700 00000T 2500 00000T 
HPD02301002HPCPHI20050400010020100 00000g 2500 00000  
HPD02301002HPCPHI20050400090190600 00000T 0700 00008  0800 00000T 1000 00000T 1100 00000T 1200 00000T 1300 00001  1400 00003  1500 00001  1600 00000T 1700 00000T 1800 00000T 1900 00000T 2000 00000T 2100 00000T 2200 00000T 2300 00000T 2400 00000T 2500 00013  
HPD02301002HPCPHI20050400100020100 00000T 2500 00000T 
HPD02301002HPCPHI20050400230081700 00000T 1800 00000T 1900 00004  2000 00000T 2200 00001  2300 00006  2400 00016  2500 00027  
HPD02301002HPCPHI20050400240190100 00019  0200 00012  0300 00001  0400 00000T 0600 00011  0700 00019  0800 00002  0900 00000T 1100 00003  1200 00009  1300 00003  1400 00004  1500 00008  1600 00002  1700 00000T 1800 00000T 1900 00000T 2000 00001  2500 00094  
HPD02301002HPCPHI20050400250160200 00000T 1100 00002  1200 00000T 1300 00000T 1400 00006  1500 00001  1600 00002  1700 00000T 1800 00000T 1900 00000T 2000 00002  2100 00004  2200 00000T 2300 00000T 2400 00000T 2500 00017  
HPD02301002HPCPHI20050400260060100 00000T 0200 00000T 0300 00000T 0400 00000T 1700 00001  2500 00001  
HPD02301002HPCPHI20050400280131300 00000T 1400 00008  1500 00012  1600 00011  1700 00007  1800 00006  1900 00000T 2000 00000T 2100 00011  2200 00008  2300 00000T 2400 00000T 2500 00063  
HPD02301002HPCPHI20050400290030100 00000T 0400 00000T 2500 00000T 
HPD02301002HPCPHI20050500010020100 00000g 2500 00000  
HPD02301002HPCPHI20050500030041100 00000T 1200 00000T 1300 00000T 2500 00000T 
HPD02301002HPCPHI20050500060111000 00000T 1100 00001  1300 00000T 1400 00000T 1500 00001  1600 00002  1700 00000T 1800 00001  1900 00002  2000 00000T 2500 00007  
HPD02301002HPCPHI20050500280021400 00001  2500 00001  
HPD02301002HPCPHI20050500300041100 00000T 1400 00000T 1500 00000T 2500 00000T 
HPD02301002HPCPHI20050600010020100 00000g 2500 00000  
HPD02301002HPCPHI20050600090071800 00001  1900 00003  2000 00004  2100 00000T 2200 00000T 2300 00000T 2500 00008  
HPD02301002HPCPHI20050600100021300 00001  2500 00001  
HPD02301002HPCPHI20050600110091300 00000T 1400 00000T 1500 00000T 1600 00000T 1800 00002  1900 00003  2000 00006  2200 00003  2500 00014  
HPD02301002HPCPHI20050600210051600 00000T 1700 00000T 1900 00000T 2300 00000T 2500 00000T 
HPD02301002HPCPHI20050600230140100 00000T 0200 00000T 0300 00000T 0400 00000T 0500 00001  1600 00001  1700 00000T 1800 00002  1900 00000T 2000 00000T 2100 00000T 2200 00005  2400 00002  2500 00011  
HPD02301002HPCPHI20050600240040100 00000T 1700 00001  1800 00005  2500 00006  
HPD02301002HPCPHI20050600280031300 00000T 1400 00000T 2500 00000T 
HPD02301002HPCPHI20050700010020100 00000g 2500 00000  
HPD02301002HPCPHI20050700150041500 00002  1600 00002  1700 00000T 2500 00004  
HPD02301002HPCPHI20050700160041300 00003  1400 00044  1500 00000T 2500 00047  
HPD02301002HPCPHI20050700200031500 00003  2000 00000T 2500 00003  
HPD02301002HPCPHI20050700210051500 00030  1600 00011  2300 00004  2400 00003  2500 00048  
HPD02301002HPCPHI20050700220070100 00001  0200 00003  0300 00000T 1500 00000T 1600 00000T 2000 00000T 2500 00004  
HPD02301002HPCPHI20050700230091200 00003  1300 00001  1500 00000T 1600 00002  1700 00009  1800 00003  2200 00002  2300 00000T 2500 00020  
HPD02301002HPCPHI20050700250021700 00000T 2500 00000T 
HPD02301002HPCPHI20050700260061200 00003  1300 00000T 1400 00000T 1600 00000T 1700 00000T 2500 00003  
HPD02301002HPCPHI20050700290041500 00000T 1600 00001  1700 00000T 2500 00001  
HPD02301002HPCPHI20050700300071300 00003  1400 00000T 1500 00000T 1700 00000T 1800 00003  1900 00001  2500 00007  
HPD02301002HPCPHI20050700310101400 00097  1500 00015  1600 00000T 1800 00000T 1900 00000T 2000 00001  2100 00001  2200 00000T 2400 00000T 2500 00114  
HPD02301002HPCPHI20050800010090100 00000g 0200 00002  0300 00003  0400 00005  0500 00010  0600 00001  1100 00000T 1200 00000T 2500 00021  
HPD02301002HPCPHI20050800020041900 00000T 2300 00004  2400 00000T 2500 00004  
HPD02301002HPCPHI20050800030051000 00000T 1800 00001  1900 00008  2000 00000T 2500 00009  
HPD02301002HPCPHI20050800040031300 00000T 1400 00000T 2500 00000T 
HPD02301002HPCPHI20050800050041500 00004  1600 00005  1700 00000T 2500 00009  
HPD02301002HPCPHI20050800060061100 00000T 1200 00016  1300 00001  1400 00008  1500 00003  2500 00028  
HPD02301002HPCPHI20050800070051300 00000T 1400 00004  1500 00002  1600 00001  2500 00007  
HPD02301002HPCPHI20050800080071100 00001  1500 00001  1700 00003  1800 00005  1900 00004  2000 00000T 2500 00014  
HPD02301002HPCPHI20050800090080800 00001  1800 00003  1900 00028  2000 00017  2100 00004  2200 00007  2300 00000T 2500 00060  
HPD02301002HPCPHI20050800100070600 00000T 0700 00001  0800 00000T 1800 00004  1900 00002  2000 00000T 2500 00007  
HPD02301002HPCPHI20050800110061200 00000T 1300 00009  1400 00002  1500 00002  1600 00000T 2500 00013  
HPD02301002HPCPHI20050800120051200 00000T 1300 00003  1400 00000T 1600 00000T 2500 00003  
HPD02301002HPCPHI20050800130041300 00000T 1400 00042  1500 00000T 2500 00042  
HPD02301002HPCPHI20050800140041300 00000T 1400 00001  1500 00000T 2500 00001  
HPD02301002HPCPHI20050800150020200 00000T 2500 00000T 
HPD02301002HPCPHI20050800190031900 00005  2000 00000T 2500 00005  
HPD02301002HPCPHI20050800230070300 00000T 0400 00000T 0600 00000T 1300 00000T 1700 00005  2000 00000T 2500 00005  
HPD02301002HPCPHI20050800240041300 00043  1400 00063  1500 00007  2500 00113  
HPD02301002HPCPHI20050900010040100 00000g 2000 00002  2100 00002  2500 00004  
HPD02301002HPCPHI20050900020031400 00005  1500 00017  2500 00022  
HPD02301002HPCPHI20050900030050400 00006  0500 00000T 1800 00008  1900 00001  2500 00015  
HPD02301002HPCPHI20050900040041300 00000T 1400 00001  1600 00000T 2500 00001  
HPD02301002HPCPHI20050900080080500 00000T 0600 00000T 0700 00001  0800 00000T 1100 00000T 2000 00001  2100 00000T 2500 00002  
HPD02301002HPCPHI20050900090021300 00000T 2500 00000T 
HPD02301002HPCPHI20050900200020800 00000T 2500 00000T 
HPD02301002HPCPHI20050900210031600 00001  1700 00000T 2500 00001  
HPD02301002HPCPHI20050900260031700 00000T 1900 00000T 2500 00000T 
HPD02301002HPCPHI20050900270071200 00000T 1400 00000T 1500 00000T 1600 00001  1700 00000T 1900 00000T 2500 00001  
HPD02301002HPCPHI20051000010020100 00000g 2500 00000  
HPD02301002HPCPHI20051000080042000 00006  2200 00001  2300 00000T 2500 00007  
HPD02301002HPCPHI20051000090020100 00002  2500 00002  
HPD02301002HPCPHI20051000150021800 00000T 2500 00000T 
HPD02301002HPCPHI20051000160040100 00003  0300 00002  0400 00000T 2500 00005  
HPD02301002HPCPHI20051000170081700 00000T 1900 00005  2000 00003  2100 00012  2200 00003  2300 00003  2400 00001  2500 00027  
HPD02301002HPCPHI20051000180190100 00000T 0300 00005  0400 00007  0500 00003  0600 00000T 0700 00012  0800 00006  0900 00000T 1000 00003  1200 00001  1300 00033  1400 00025  1500 00005  1600 00007  1700 00000T 1800 00000T 2000 00009  2100 00000T 2500 00116  
HPD02301002HPCPHI20051000280041600 00000T 1700 00002  1800 00000T 2500 00002  
HPD02301002HPCPHI20051100010020100 00000g 2500 00000  
HPD02301002HPCPHI20051100110090200 00000T 0300 00000T 0400 00000T 0900 00006  1000 00011  1100 00000T 1200 00000T 1600 00003  2500 00020  
HPD02301002HPCPHI20051100260022000 00000T 2500 00000T 
HPD02301002HPCPHI20051100270050300 00000T 0400 00000T 0500 00000T 0600 00000T 2500 00000T 
HPD02301002HPCPHI20051200010020100 00000g 2500 00000  
HPD02301002HPCPHI20051200020081500 00000T 1700 00000T 1800 00000T 1900 00000T 2000 00000T 2100 00001  2200 00000T 2500 00001  
HPD02301002HPCPHI20051200310022300 00000T 2500 00000T 
