HPD02563503HPCPHT20070100010030100 00000g 1300 00010  2500 00010  
HPD02563503HPCPHT20070100100031400 99999[ 1500 99999] 2500 00000I 
HPD02563503HPCPHT20070100190021800 00020  2500 00020  
HPD02563503HPCPHT20070100200020800 00010  2500 00010  
HPD02563503HPCPHT20070100300032000 00010  2100 00010  2500 00020  
HPD02563503HPCPHT20070100310031100 00010  2400 00010  2500 00020  
HPD02563503HPCPHT20070200010020100 00000g 2500 00000  
HPD02563503HPCPHT20070200110021500 00010  2500 00010  
HPD02563503HPCPHT20070200120020300 00010  2500 00010  
HPD02563503HPCPHT20070200140021600 00010  2500 00010  
HPD02563503HPCPHT20070200190061500 00010  1600 00020  1700 00020  1800 00010  2000 00010  2500 00070  
HPD02563503HPCPHT20070300010020100 00000g 2500 00000  
HPD02563503HPCPHT20070300220051000 00010  1800 00010  1900 00020  2400 00010  2500 00050  
HPD02563503HPCPHT20070300230050200 00010  0500 00010  1400 00010  1800 00010  2500 00040  
HPD02563503HPCPHT20070300290022100 00010  2500 00010  
HPD02563503HPCPHT20070400010020100 00000g 2500 00000  
HPD02563503HPCPHT20070400130021400 00010  2500 00010  
HPD02563503HPCPHT20070400260021100 00010  2500 00010  
HPD02563503HPCPHT20070500010020100 00000g 2500 00000  
HPD02563503HPCPHT20070500170021600 00010  2500 00010  
HPD02563503HPCPHT20070600010020100 00000g 2500 00000  
HPD02563503HPCPHT20070700010020100 00000g 2500 00000  
HPD02563503HPCPHT20070700080031800 00020  1900 00020  2500 00040  
HPD02563503HPCPHT20070700130021600 00010  2500 00010  
HPD02563503HPCPHT20070700190021900 00030  2500 00030  
HPD02563503HPCPHT20070700220021400 00010  2500 00010  
HPD02563503HPCPHT20070700230031500 00010  1700 00010  2500 00020  
HPD02563503HPCPHT20070700270041500 00020  1600 00060  1700 00010  2500 00090  
HPD02563503HPCPHT20070700300031600 00020  1800 00010  2500 00030  
HPD02563503HPCPHT20070800010040100 00000g 1600 00010  1800 00020  2500 00030  
HPD02563503HPCPHT20070800050030100 00010  0300 00010  2500 00020  
HPD02563503HPCPHT20070800060031500 00010  1600 00020  2500 00030  
HPD02563503HPCPHT20070800150021700 00010  2500 00010  
HPD02563503HPCPHT20070800240021700 00020  2500 00020  
HPD02563503HPCPHT20070800270021600 00020  2500 00020  
HPD02563503HPCPHT20070800310021900 00020  2500 00020  
HPD02563503HPCPHT20070900010020100 00000g 2500 00000  
HPD02563503HPCPHT20070900030021700 00010  2500 00010  
HPD02563503HPCPHT20070900220061000 00010  1500 00010  1600 00010  1700 00030  1800 00010  2500 00070  
HPD02563503HPCPHT20070900230030500 00010  1400 00010  2500 00020  
HPD02563503HPCPHT20071000010020100 00000g 2500 00000  
HPD02563503HPCPHT20071000030021000 99999[ 2500 00000I 
HPD02563503HPCPHT20071000100020300 99999] 2500 00000I 
HPD02563503HPCPHT20071100010020100 00000g 2500 00000  
HPD02563503HPCPHT20071100300081500 00010  1700 00010  1900 00010  2100 00010  2200 00020  2300 00010  2400 00010  2500 00080  
HPD02563503HPCPHT20071200010110100 00010  0200 00010  0400 00010  0500 00010  0600 00010  0700 00010  1100 00010  1200 00010  1300 00010  1400 00010  2500 00100  
HPD02563503HPCPHT20071200020020900 99999[ 2500 00000I 
HPD02563503HPCPHT20071200310022400 99999] 2500 00000I 
