HPD02877800HPCPHI19700700010020100 99999[ 2500 00000I 
HPD02877800HPCPHI19700700080021300 99999] 2500 00000I 
HPD02877800HPCPHI19700700100081000 00001  1100 00001  1200 00001  1300 00001  1700 00019  1800 00022  1900 00020  2500 00065  
HPD02877800HPCPHI19700700180032000 00005  2100 00001  2500 00006  
HPD02877800HPCPHI19700700200050400 00004  0600 00008  0700 00003  0800 00001  2500 00016  
HPD02877800HPCPHI19700700210021400 00013  2500 00013  
HPD02877800HPCPHI19700700220021300 00055  2500 00055  
HPD02877800HPCPHI19700700260031500 00005  1600 00001  2500 00006  
HPD02877800HPCPHI19700800010020100 00000g 2500 00000  
HPD02877800HPCPHI19700800040031000 99999a 1500 00007A 2500 00007  
HPD02877800HPCPHI19700800100031500 00017  1600 00005  2500 00022  
HPD02877800HPCPHI19700800110041700 00019  1900 00001  2000 00002  2500 00022  
HPD02877800HPCPHI19700800140050100 00001  0200 00004  0300 00001  2400 00002  2500 00008  
HPD02877800HPCPHI19700800150050100 00007  0200 00001  0500 00001  0800 00002  2500 00011  
HPD02877800HPCPHI19700800170041600 00016  1700 00028  1800 00001  2500 00045  
HPD02877800HPCPHI19700800180022400 00001  2500 00001  
HPD02877800HPCPHI19700800190050100 00002  0300 00001  1700 00047  1800 00001  2500 00051  
HPD02877800HPCPHI19700800200050800 00001  0900 00001  1000 00003  1600 00001  2500 00006  
HPD02877800HPCPHI19700800240041100 00001  1200 00001  1500 00004  2500 00006  
HPD02877800HPCPHI19700900010020100 00000g 2500 00000  
HPD02877800HPCPHI19700900030022400 00002  2500 00002  
HPD02877800HPCPHI19700900040050100 00012  0200 00028  0300 00001  0800 00001  2500 00042  
HPD02877800HPCPHI19700900050040800 00003  0900 00001  1000 00005  2500 00009  
HPD02877800HPCPHI19701000010020100 00000g 2500 00000  
HPD02877800HPCPHI19701000020041300 00001  1500 00009  1600 00005  2500 00015  
HPD02877800HPCPHI19701100010020100 00000g 2500 00000  
HPD02877800HPCPHI19701100260060100 00010  0200 00009  0300 00001  1000 00015  1500 00001  2500 00036  
HPD02877800HPCPHI19701100290110100 00005  0200 00005  0800 00001  0900 00001  1700 00001  1800 00003  1900 00004  2200 00001  2300 00010  2400 00003  2500 00034  
HPD02877800HPCPHI19701100300020100 00003  2500 00003  
HPD02877800HPCPHI19701200010020100 00000g 2500 00000  
HPD02877800HPCPHI19701200170081600 00001  1700 00002  1800 00002  1900 00003  2000 00001  2100 00003  2200 00001  2500 00013  
HPD02877800HPCPHI19701200190060800 00004  1200 00004  1500 00002  1700 00001  1800 00001  2500 00012  
HPD02877800HPCPHI19701200200040800 00002  1000 00002  1100 00001  2500 00005  
HPD02877800HPCPHI19701200210130800 00007  1200 00002  1300 00005  1400 00006  1500 00005  1600 00006  1700 00004  1800 00004  1900 00006  2000 00001  2100 00002  2200 00001  2500 00049  
HPD02877800HPCPHI19701200220020300 00001  2500 00001  
HPD02877800HPCPHI19710100010020100 00000g 2500 00000  
HPD02877800HPCPHI19710200010020100 00000g 2500 00000  
HPD02877800HPCPHI19710200160022400 00001  2500 00001  
HPD02877800HPCPHI19710200170140100 00001  0500 00002  0600 00006  0700 00017  0800 00029  0900 00012  1000 00012  1100 00014  1200 00001  1300 00001  1400 00001  1600 00001  1700 00001  2500 00098  
HPD02877800HPCPHI19710200190031600 00004  1700 00023  2500 00027  
HPD02877800HPCPHI19710200200041300 00007  1400 00008  1500 00004  2500 00019  
HPD02877800HPCPHI19710300010050100 00000g 1100 00001  1200 00001  1300 00003  2500 00005  
HPD02877800HPCPHI19710300130051500 00010  1600 00003  1700 00001  1800 00001  2500 00015  
HPD02877800HPCPHI19710400010020100 00000g 2500 00000  
HPD02877800HPCPHI19710400190050700 00001  0800 00004  0900 00002  1000 00001  2500 00008  
HPD02877800HPCPHI19710400210031800 00006  1900 00001  2500 00007  
HPD02877800HPCPHI19710500010020100 00000g 2500 00000  
HPD02877800HPCPHI19710500060031600 99999a 1800 00005A 2500 00005  
HPD02877800HPCPHI19710500080130100 00003  0200 00002  0300 00006  0400 00002  0500 00003  0600 00005  0700 00010  0800 00007  0900 00001  1100 00006  1200 00001  1300 00001  2500 00047  
HPD02877800HPCPHI19710500280021600 99999a 2500 00000I 
HPD02877800HPCPHI19710500290020600 00040A 2500 00040P 
HPD02877800HPCPHI19710600010020100 00000g 2500 00000  
HPD02877800HPCPHI19710700010020100 00000g 2500 00000  
HPD02877800HPCPHI19710800010040100 00000g 1500 99999a 1600 00038A 2500 00038  
HPD02877800HPCPHI19710800050021400 99999a 2500 00000I 
HPD02877800HPCPHI19710800080022400 00116A 2500 00116P 
HPD02877800HPCPHI19710800100031400 99999a 1600 00086A 2500 00086  
HPD02877800HPCPHI19710800170031700 99999a 1800 00007A 2500 00007  
HPD02877800HPCPHI19710800180022300 99999a 2500 00000I 
HPD02877800HPCPHI19710800230021500 00021A 2500 00021P 
HPD02877800HPCPHI19710800250031600 99999a 1700 00010A 2500 00010  
HPD02877800HPCPHI19710800270021600 99999a 2500 00000I 
HPD02877800HPCPHI19710800300021300 00014A 2500 00014P 
HPD02877800HPCPHI19710900010020100 00000g 2500 00000  
HPD02877800HPCPHI19710900290030900 99999a 1500 00023A 2500 00023  
HPD02877800HPCPHI19711000010020100 00000g 2500 00000  
HPD02877800HPCPHI19711000160040600 00001  0700 00001  1400 00016  2500 00018  
HPD02877800HPCPHI19711000170061000 00001  1100 00012  1200 00007  1300 00005  1400 00010  2500 00035  
HPD02877800HPCPHI19711000180050100 00001  0200 00001  0900 00002  1000 00004  2500 00008  
HPD02877800HPCPHI19711000230022400 99999a 2500 00000I 
HPD02877800HPCPHI19711000240020700 00016A 2500 00016P 
HPD02877800HPCPHI19711000250160300 00001  0400 00001  0700 00003  0900 00002  1400 00005  1500 00001  1600 00010  1700 00010  1800 00008  1900 00001  2000 00003  2100 00002  2200 00002  2300 00001  2400 00001  2500 00051  
HPD02877800HPCPHI19711000260030200 00001  0300 00001  2500 00002  
HPD02877800HPCPHI19711000290031200 00003  1300 00002  2500 00005  
HPD02877800HPCPHI19711100010020100 00000g 2500 00000  
HPD02877800HPCPHI19711100150032000 00004  2200 00001  2500 00005  
HPD02877800HPCPHI19711100210040200 00003  0300 00002  0400 00001  2500 00006  
HPD02877800HPCPHI19711100290032300 00001  2400 00001  2500 00002  
HPD02877800HPCPHI19711100300040100 00001  0200 00001  0300 00001  2500 00003  
HPD02877800HPCPHI19711200010040100 00000g 0800 99999a 1200 00005A 2500 00005  
HPD02877800HPCPHI19711200040031100 00012  1200 00011  2500 00023  
HPD02877800HPCPHI19711200130061200 00001  1300 00002  1400 00010  1500 00005  1600 00001  2500 00019  
HPD02877800HPCPHI19711200220110600 00003  0700 00003  0800 00001  0900 00001  1000 00001  1600 00001  1700 00003  2100 00001  2200 00001  2300 00002  2500 00017  
HPD02877800HPCPHI19711200240052000 00003  2100 00008  2200 00003  2300 00007  2500 00021  
HPD02877800HPCPHI19711200250042200 00002  2300 00002  2400 00001  2500 00005  
HPD02877800HPCPHI19711200260060100 00005  0300 00001  0400 00001  0600 00003  0700 00002  2500 00012  
HPD02877800HPCPHI19711200270042200 00001  2300 00001  2400 00002  2500 00004  
HPD02877800HPCPHI19711200280080100 00002  0200 00004  0300 00003  0400 00003  0500 00004  0600 00004  0700 00001  2500 00021  
HPD02877800HPCPHI19720100010020100 00000g 2500 00000  
HPD02877800HPCPHI19720200010020100 00000g 2500 00000  
HPD02877800HPCPHI19720300010020100 00000g 2500 00000  
HPD02877800HPCPHI19720400010020100 00000g 2500 00000  
HPD02877800HPCPHI19720400110022400 00002  2500 00002  
HPD02877800HPCPHI19720400120020100 00001  2500 00001  
HPD02877800HPCPHI19720400180042000 00001  2100 00001  2400 00001  2500 00003  
HPD02877800HPCPHI19720400190100100 00001  0200 00001  0300 00003  0400 00002  1200 00001  1300 00001  1400 00001  1500 00001  1600 00001  2500 00012  
HPD02877800HPCPHI19720500010020100 00000g 2500 00000  
HPD02877800HPCPHI19720500300021800 00002  2500 00002  
HPD02877800HPCPHI19720600010050100 00000g 1400 00021  1500 00022  1600 00001  2500 00044  
HPD02877800HPCPHI19720600070041800 00046  1900 00048  2000 00007  2500 00101  
HPD02877800HPCPHI19720700010020100 00000g 2500 00000  
HPD02877800HPCPHT19720700080051300 00010  1400 00030  1800 00010  2000 00010  2500 00060  
HPD02877800HPCPHT19720700160022300 00010  2500 00010  
HPD02877800HPCPHT19720800010020100 00000g 2500 00000  
HPD02877800HPCPHT19720800050021800 00020  2500 00020  
HPD02877800HPCPHT19720800090021500 00010  2500 00010  
HPD02877800HPCPHT19720800120042100 00250  2200 00010  2300 00010  2500 00270  
HPD02877800HPCPHT19720800130040400 00030  0500 00040  0600 00010  2500 00080  
HPD02877800HPCPHT19720800140021500 00010  2500 00010  
HPD02877800HPCPHT19720800270022000 00030  2500 00030  
HPD02877800HPCPHT19720900010020100 99999[ 2500 00000I 
HPD02877800HPCPHT19720900300022400 99999] 2500 00000I 
HPD02877800HPCPHT19721000010020100 99999[ 2500 00000I 
HPD02877800HPCPHT19721000310022400 99999] 2500 00000I 
HPD02877800HPCPHT19721100010020100 00000g 2500 00000  
HPD02877800HPCPHT19721100110051500 00010  1600 00020  1800 00010  2200 00010  2500 00050  
HPD02877800HPCPHT19721100120020100 00010  2500 00010  
HPD02877800HPCPHT19721100140021700 00010  2500 00010  
HPD02877800HPCPHT19721100160032300 00010  2400 00030  2500 00040  
HPD02877800HPCPHT19721100170040100 00020  0200 00010  1400 00010  2500 00040  
HPD02877800HPCPHT19721200010020100 00000g 2500 00000  
HPD02877800HPCPHT19721200040042200 00010  2300 00010  2400 00010  2500 00030  
HPD02877800HPCPHT19721200050021400 00010  2500 00010  
HPD02877800HPCPHT19721200090021500 00010  2500 00010  
HPD02877800HPCPHT19721200280021500 00010  2500 00010  
HPD02877800HPCPHT19730100010020100 00000g 2500 00000  
HPD02877800HPCPHT19730100040021000 00010  2500 00010  
HPD02877800HPCPHT19730100090030200 00010  1800 00010  2500 00020  
HPD02877800HPCPHT19730100170030100 00010  0300 00010  2500 00020  
HPD02877800HPCPHT19730100190020500 00010  2500 00010  
HPD02877800HPCPHT19730200010020100 00000g 2500 00000  
HPD02877800HPCPHT19730200060050600 00010  0700 00010  0800 00010  0900 00010  2500 00040  
HPD02877800HPCPHT19730200080021600 00010  2500 00010  
HPD02877800HPCPHT19730200110031300 00010  1400 00010  2500 00020  
HPD02877800HPCPHT19730200130021100 00010  2500 00010  
HPD02877800HPCPHT19730200210060700 00010  0800 00010  0900 00010  1000 00010  1400 00010  2500 00050  
HPD02877800HPCPHT19730200220020300 00010  2500 00010  
HPD02877800HPCPHT19730200280021500 00010  2500 00010  
HPD02877800HPCPHT19730300010020100 00000g 2500 00000  
HPD02877800HPCPHT19730300060051800 00010  2000 00010  2100 00010  2200 00010  2500 00040  
HPD02877800HPCPHT19730300070080200 00010  0300 00010  0500 00010  0700 00010  0800 00020  0900 00020  1000 00010  2500 00090  
HPD02877800HPCPHT19730300080041000 00010  1500 00010  1600 00010  2500 00030  
HPD02877800HPCPHT19730300110071600 00010  1900 00010  2000 00020  2100 00010  2200 00010  2300 00010  2500 00070  
HPD02877800HPCPHT19730300120040700 00020  0800 00020  0900 00030  2500 00070  
HPD02877800HPCPHT19730300130021200 00010  2500 00010  
HPD02877800HPCPHT19730300200050700 00010  1300 00010  1400 00010  1500 00010  2500 00040  
HPD02877800HPCPHT19730300220030300 00010  0700 00010  2500 00020  
HPD02877800HPCPHT19730300260030700 00020  1500 00010  2500 00030  
HPD02877800HPCPHT19730300270031500 00010  1700 00010  2500 00020  
HPD02877800HPCPHT19730300280021500 00010  2500 00010  
HPD02877800HPCPHT19730300290020700 00010  2500 00010  
HPD02877800HPCPHT19730400010020100 00010  2500 00010  
HPD02877800HPCPHT19730400140021800 00010  2500 00010  
HPD02877800HPCPHT19730400180020800 00010  2500 00010  
HPD02877800HPCPHT19730400300031500 00010  1600 00010  2500 00020  
HPD02877800HPCPHT19730500010020100 00000g 2500 00000  
HPD02877800HPCPHT19730500050021600 00010  2500 00010  
HPD02877800HPCPHT19730500060020100 00010  2500 00010  
HPD02877800HPCPHT19730500150021800 00020  2500 00020  
HPD02877800HPCPHT19730500160021300 00010  2500 00010  
HPD02877800HPCPHT19730600010060100 00000g 0600 00010  1600 00010  2100 00020  2400 00010  2500 00050  
HPD02877800HPCPHT19730600130021700 00010  2500 00010  
HPD02877800HPCPHT19730700010020100 00000g 2500 00000  
HPD02877800HPCPHT19730700120021700 00020  2500 00020  
HPD02877800HPCPHT19730700130020900 00010  2500 00010  
HPD02877800HPCPHT19730700290021500 00010  2500 00010  
HPD02877800HPCPHT19730800010040100 00000g 1600 00060  1800 00010  2500 00070  
HPD02877800HPCPHT19730800020021800 00010  2500 00010  
HPD02877800HPCPHT19730800130022000 00010  2500 00010  
HPD02877800HPCPHT19730800150021500 00010  2500 00010  
HPD02877800HPCPHT19730800160041500 00030  1600 00010  1800 00010  2500 00050  
HPD02877800HPCPHT19730800200022000 00010  2500 00010  
HPD02877800HPCPHT19730900010020100 00000g 2500 00000  
HPD02877800HPCPHT19731000010020100 00000g 2500 00000  
HPD02877800HPCPHT19731100010020100 00000g 2500 00000  
HPD02877800HPCPHT19731100180031300 00020  1500 00010  2500 00030  
HPD02877800HPCPHT19731100190021000 00010  2500 00010  
HPD02877800HPCPHT19731100240021900 99999a 2500 00000I 
HPD02877800HPCPHT19731100250021700 00040A 2500 00040P 
HPD02877800HPCPHT19731200010020100 00000g 2500 00000  
HPD02877800HPCPHT19740100010040100 00000g 1300 00010  1400 00010  2500 00020  
HPD02877800HPCPHT19740100020021200 00010  2500 00010  
HPD02877800HPCPHT19740100050050900 00010  1100 00010  1200 00010  1300 00020  2500 00050  
HPD02877800HPCPHT19740100060022200 00010  2500 00010  
HPD02877800HPCPHT19740100070032200 00010  2400 00010  2500 00020  
HPD02877800HPCPHT19740100080041000 00010  1400 00010  2400 00010  2500 00030  
HPD02877800HPCPHT19740100170021000 00010  2500 00010  
HPD02877800HPCPHT19740100210020300 00010  2500 00010  
HPD02877800HPCPHT19740200010020100 00000g 2500 00000  
HPD02877800HPCPHT19740200180021000 00010  2500 00010  
HPD02877800HPCPHT19740300010020100 00000g 2500 00000  
HPD02877800HPCPHT19740300040020900 00010  2500 00010  
HPD02877800HPCPHT19740300080050800 00010  1100 00010  1400 00010  1500 00010  2500 00040  
HPD02877800HPCPHT19740300090031300 00010  1400 00010  2500 00020  
HPD02877800HPCPHT19740300100021000 00010  2500 00010  
HPD02877800HPCPHT19740300200021100 00020  2500 00020  
HPD02877800HPCPHT19740400010020100 00000g 2500 00000  
HPD02877800HPCPHT19740500010020100 00000g 2500 00000  
HPD02877800HPCPHT19740500240021100 00010  2500 00010  
HPD02877800HPCPHT19740600010020100 00000g 2500 00000  
HPD02877800HPCPHT19740700010020100 00000g 2500 00000  
HPD02877800HPCPHT19740700140021400 00010  2500 00010  
HPD02877800HPCPHT19740700190022100 00010  2500 00010  
HPD02877800HPCPHT19740700200021300 00010  2500 00010  
HPD02877800HPCPHT19740700230031400 00020  1500 00050  2500 00070  
HPD02877800HPCPHT19740800010020100 00000g 2500 00000  
HPD02877800HPCPHT19740900010020100 00000g 2500 00000  
HPD02877800HPCPHT19740900030031400 00070  1500 00010  2500 00080  
HPD02877800HPCPHT19740900040031500 00010  1900 00010  2500 00020  
HPD02877800HPCPHT19740900150021200 00010  2500 00010  
HPD02877800HPCPHT19741000010020100 00000g 2500 00000  
HPD02877800HPCPHT19741000240021300 00010  2500 00010  
HPD02877800HPCPHT19741000260032100 00010  2200 00010  2500 00020  
HPD02877800HPCPHT19741000280022000 00010  2500 00010  
HPD02877800HPCPHT19741000290021100 00010  2500 00010  
HPD02877800HPCPHT19741100010020100 00000g 2500 00000  
HPD02877800HPCPHT19741100020020400 00010  2500 00010  
HPD02877800HPCPHT19741100070021400 00010  2500 00010  
HPD02877800HPCPHT19741200010020100 00000g 2500 00000  
HPD02877800HPCPHT19741200040061100 00010  1500 00010  1800 00010  2100 00010  2300 00010  2500 00050  
HPD02877800HPCPHT19741200050020100 00010  2500 00010  
HPD02877800HPCPHT19741200290021300 00020  2500 00020  
HPD02877800HPCPHT19750100010020100 00000g 2500 00000  
HPD02877800HPCPHT19750100080022400 00010  2500 00010  
HPD02877800HPCPHT19750100300021600 00010  2500 00010  
HPD02877800HPCPHT19750100310041100 00010  1200 00010  1300 00010  2500 00030  
HPD02877800HPCPHT19750200010020100 00000g 2500 00000  
HPD02877800HPCPHT19750200040020100 00010  2500 00010  
HPD02877800HPCPHT19750200160021100 00010  2500 00010  
HPD02877800HPCPHT19750300010020100 00000g 2500 00000  
HPD02877800HPCPHT19750300080031800 00010  1900 00010  2500 00020  
HPD02877800HPCPHT19750300100021800 00010  2500 00010  
HPD02877800HPCPHT19750300110030200 00010  1100 00010  2500 00020  
HPD02877800HPCPHT19750300140030600 00010  1100 00010  2500 00020  
HPD02877800HPCPHT19750300260021200 00010  2500 00010  
HPD02877800HPCPHT19750300280021200 00010  2500 00010  
HPD02877800HPCPHT19750400010040100 00000g 0900 00010  1000 00010  2500 00020  
HPD02877800HPCPHT19750400060021100 00010  2500 00010  
HPD02877800HPCPHT19750400090021700 00010  2500 00010  
HPD02877800HPCPHT19750400110021900 00010  2500 00010  
HPD02877800HPCPHT19750500010020100 00000g 2500 00000  
HPD02877800HPCPHT19750500200021400 00010  2500 00010  
HPD02877800HPCPHT19750600010020100 00000g 2500 00000  
HPD02877800HPCPHT19750700010020100 00000g 2500 00000  
HPD02877800HPCPHT19750700030021500 00010  2500 00010  
HPD02877800HPCPHT19750700080022100 00010  2500 00010  
HPD02877800HPCPHT19750700110020100 00010  2500 00010  
HPD02877800HPCPHT19750700250021600 00010  2500 00010  
HPD02877800HPCPHT19750700280021300 00010  2500 00010  
HPD02877800HPCPHT19750700290020900 00010  2500 00010  
HPD02877800HPCPHT19750800010020100 00000g 2500 00000  
HPD02877800HPCPHT19750800110031400 00010  1500 00010  2500 00020  
HPD02877800HPCPHT19750800200032200 00010  2300 00010  2500 00020  
HPD02877800HPCPHT19750800210021300 00010  2500 00010  
HPD02877800HPCPHT19750900010020100 00000g 2500 00000  
HPD02877800HPCPHT19750900080031500 00010  1700 00010  2500 00020  
HPD02877800HPCPHT19750900160032100 00010  2200 00010  2500 00020  
HPD02877800HPCPHT19751000010020100 00000g 2500 00000  
HPD02877800HPCPHT19751000190022300 00010  2500 00010  
HPD02877800HPCPHT19751000300022300 00010  2500 00010  
HPD02877800HPCPHT19751100010020100 00000g 2500 00000  
HPD02877800HPCPHT19751100270021800 99999a 2500 00000I 
HPD02877800HPCPHT19751100290021600 00040A 2500 00040P 
HPD02877800HPCPHT19751200010020100 00000g 2500 00000  
HPD02877800HPCPHT19751200130041900 00010  2000 00010  2100 00010  2500 00030  
HPD02877800HPCPHT19751200200022300 00010  2500 00010  
HPD02877800HPCPHT19751200210020300 00010  2500 00010  
HPD02877800HPCPHT19760100010020100 00000g 2500 00000  
HPD02877800HPCPHT19760200010020100 00000g 2500 00000  
HPD02877800HPCPHT19760200040022300 00010  2500 00010  
HPD02877800HPCPHT19760200050060700 00010  1900 00010  2100 00010  2200 00020  2300 00010  2500 00060  
HPD02877800HPCPHT19760200060030100 00010  0900 00010  2500 00020  
HPD02877800HPCPHT19760200080051800 00010  1900 00010  2100 00010  2300 00010  2500 00040  
HPD02877800HPCPHT19760200090060100 00010  0400 00010  0600 00010  0700 00020  0800 00020  2500 00070  
HPD02877800HPCPHT19760200130021500 00010  2500 00010  
HPD02877800HPCPHT19760300010040100 00000g 2100 00010  2200 00010  2500 00020  
HPD02877800HPCPHT19760300030021300 00010  2500 00010  
HPD02877800HPCPHT19760400010020100 00000g 2500 00000  
HPD02877800HPCPHT19760400130110500 00010  0600 00010  1400 00010  1600 00010  1700 00010  1800 00010  2000 00010  2100 00010  2300 00010  2400 00010  2500 00100  
HPD02877800HPCPHT19760400140040100 00010  0200 00010  0500 00010  2500 00030  
HPD02877800HPCPHT19760400150032200 00010  2400 00010  2500 00020  
HPD02877800HPCPHT19760400160041000 00010  1100 00010  1200 00010  2500 00030  
HPD02877800HPCPHT19760400170020900 00010  2500 00010  
HPD02877800HPCPHT19760500010020100 00000g 2500 00000  
HPD02877800HPCPHT19760500070031300 00010  1400 00010  2500 00020  
HPD02877800HPCPHT19760500190021500 00020  2500 00020  
HPD02877800HPCPHT19760600010020100 00000g 2500 00000  
HPD02877800HPCPHT19760700010020100 00000g 2500 00000  
HPD02877800HPCPHT19760700160021000 00010  2500 00010  
HPD02877800HPCPHT19760700170021100 00010  2500 00010  
HPD02877800HPCPHT19760700180030400 00010  0500 00010  2500 00020  
HPD02877800HPCPHT19760700220021800 00010  2500 00010  
HPD02877800HPCPHT19760700240031500 00120  1600 00030  2500 00150  
HPD02877800HPCPHT19760700290031500 00100  1800 00010  2500 00110  
HPD02877800HPCPHT19760700300031400 00010  1500 00010  2500 00020  
HPD02877800HPCPHT19760800010020100 00000g 2500 00000  
HPD02877800HPCPHT19760900010020100 00000g 2500 00000  
HPD02877800HPCPHT19760900040041400 00010  1600 00010  2000 00030  2500 00050  
HPD02877800HPCPHT19760900050031500 00030  1600 00010  2500 00040  
HPD02877800HPCPHT19760900100041600 00020  1700 00030  1800 00020  2500 00070  
HPD02877800HPCPHT19760900230120600 00010  0700 00020  0800 00010  0900 00020  1000 00010  1100 00010  1300 00010  1500 00030  1600 00010  1700 00010  1900 00010  2500 00150  
HPD02877800HPCPHT19760900240052000 00020  2200 00060  2300 00030  2400 00010  2500 00120  
HPD02877800HPCPHT19760900250071100 00010  1200 00010  1300 00010  1400 00010  2100 00010  2200 00010  2500 00060  
HPD02877800HPCPHT19760900270020900 00010  2500 00010  
HPD02877800HPCPHT19760900280021600 00010  2500 00010  
HPD02877800HPCPHT19760900300022400 00010  2500 00010  
HPD02877800HPCPHT19761000010030100 00000g 1000 00010  2500 00010  
HPD02877800HPCPHT19761000020020100 00010  2500 00010  
HPD02877800HPCPHT19761000220021500 00020  2500 00020  
HPD02877800HPCPHT19761100010020100 00000g 2500 00000  
HPD02877800HPCPHT19761100150030100 00010  0200 00010  2500 00020  
HPD02877800HPCPHT19761200010020100 00000g 2500 00000  
HPD02877800HPCPHT19761200300022400 00020  2500 00020  
HPD02877800HPCPHT19761200310040100 00010  0400 00010  0700 00010  2500 00030  
HPD02877800HPCPHT19770100010030100 00000g 0600 00010  2500 00010  
HPD02877800HPCPHT19770100030030500 00010  0900 00020  2500 00030  
HPD02877800HPCPHT19770100050021600 00010  2500 00010  
HPD02877800HPCPHT19770100210021000 00010  2500 00010  
HPD02877800HPCPHT19770100220030700 00010  1800 00010  2500 00020  
HPD02877800HPCPHT19770200010020100 00000g 2500 00000  
HPD02877800HPCPHT19770300010020100 00000g 2500 00000  
HPD02877800HPCPHT19770300250031500 00010  1600 00010  2500 00020  
HPD02877800HPCPHT19770400010020100 00000g 2500 00000  
HPD02877800HPCPHT19770400020021100 00010  2500 00010  
HPD02877800HPCPHT19770400030021400 00010  2500 00010  
HPD02877800HPCPHT19770500010020100 00000g 2500 00000  
HPD02877800HPCPHT19770500090041000 00020  1100 00020  1200 00010  2500 00050  
HPD02877800HPCPHT19770500100020100 00010  2500 00010  
HPD02877800HPCPHT19770500240050900 00010  1000 00010  1300 00010  1900 00020  2500 00050  
HPD02877800HPCPHT19770600010020100 00000g 2500 00000  
HPD02877800HPCPHT19770600080031800 00010  1900 00030  2500 00040  
HPD02877800HPCPHT19770600240022100 00010  2500 00010  
HPD02877800HPCPHT19770700010020100 00000g 2500 00000  
HPD02877800HPCPHT19770700180020900 00040  2500 00040  
HPD02877800HPCPHT19770700190021800 00010  2500 00010  
HPD02877800HPCPHT19770700230031300 00050  1400 00010  2500 00060  
HPD02877800HPCPHT19770800010030100 00000g 1800 00010  2500 00010  
HPD02877800HPCPHT19770800030022000 00010  2500 00010  
HPD02877800HPCPHT19770800100021600 00030  2500 00030  
HPD02877800HPCPHT19770800130020400 00010  2500 00010  
HPD02877800HPCPHT19770800150021500 00020  2500 00020  
HPD02877800HPCPHT19770800160021800 00030  2500 00030  
HPD02877800HPCPHT19770800170030200 00010  1500 00010  2500 00020  
HPD02877800HPCPHT19770800230020800 00010  2500 00010  
HPD02877800HPCPHT19770900010020100 00000g 2500 00000  
HPD02877800HPCPHT19770900100021800 00010  2500 00010  
HPD02877800HPCPHT19770900110041100 00040  1200 00040  1800 00020  2500 00100  
HPD02877800HPCPHT19770900150020900 00010  2500 00010  
HPD02877800HPCPHT19771000010020100 00000g 2500 00000  
HPD02877800HPCPHT19771000060020200 00010  2500 00010  
HPD02877800HPCPHT19771000190031800 00020  1900 00010  2500 00030  
HPD02877800HPCPHT19771000200021300 00030  2500 00030  
HPD02877800HPCPHT19771100010020100 00000g 2500 00000  
HPD02877800HPCPHT19771100060041700 00010  2100 00010  2300 00010  2500 00030  
HPD02877800HPCPHT19771100070020300 00010  2500 00010  
HPD02877800HPCPHT19771200010020100 00000g 2500 00000  
HPD02877800HPCPHT19771200250021300 00010  2500 00010  
HPD02877800HPCPHT19771200260022000 00010  2500 00010  
HPD02877800HPCPHT19771200270021300 00010  2500 00010  
HPD02877800HPCPHT19771200280041000 00010  1300 00010  1600 00010  2500 00030  
HPD02877800HPCPHT19771200290040300 00010  0800 00010  2300 00010  2500 00030  
HPD02877800HPCPHT19771200300020700 00010  2500 00010  
HPD02877800HPCPHT19780100010020100 00000g 2500 00000  
HPD02877800HPCPHT19780100030022200 00010  2500 00010  
HPD02877800HPCPHT19780100040031200 00010  2300 00010  2500 00020  
HPD02877800HPCPHT19780100090022200 00010  2500 00010  
HPD02877800HPCPHT19780100100080100 00010  0400 00010  1400 00010  1500 00010  1600 00020  1700 00010  1800 00010  2500 00080  
HPD02877800HPCPHT19780100140032200 00010  2300 00010  2500 00020  
HPD02877800HPCPHT19780100150060100 00010  0300 00010  0500 00010  0600 00010  1100 00010  2500 00050  
HPD02877800HPCPHT19780100160032300 00010  2400 00010  2500 00020  
HPD02877800HPCPHT19780100170030600 00010  0700 00010  2500 00020  
HPD02877800HPCPHT19780100190031600 00010  2400 00010  2500 00020  
HPD02877800HPCPHT19780100200020100 00010  2500 00010  
HPD02877800HPCPHT19780100230020700 00010  2500 00010  
HPD02877800HPCPHT19780100300022100 00010  2500 00010  
HPD02877800HPCPHT19780100310050100 00010  0400 00010  0500 00010  2000 00010  2500 00040  
HPD02877800HPCPHT19780200010020100 00000g 2500 00000  
HPD02877800HPCPHT19780200090020800 00010  2500 00010  
HPD02877800HPCPHT19780200100110600 00010  0700 00010  0800 00010  1000 00010  1100 00010  1200 00010  1300 00020  1400 00010  1500 00020  2200 00010  2500 00120  
HPD02877800HPCPHT19780200130050800 00010  1500 00010  1600 00010  1700 00010  2500 00040  
HPD02877800HPCPHT19780200150022300 00010  2500 00010  
HPD02877800HPCPHT19780200270021900 00010  2500 00010  
HPD02877800HPCPHT19780200280080100 00010  0300 00010  0400 00010  0600 00010  0900 00010  1300 00010  2000 00010  2500 00070  
HPD02877800HPCPHT19780300010050100 00000g 0200 00020  0300 00020  1400 00010  2500 00050  
HPD02877800HPCPHT19780300020070600 00010  0700 00010  1500 00010  1800 00010  2000 00010  2400 00010  2500 00060  
HPD02877800HPCPHT19780300040042100 00010  2300 00020  2400 00020  2500 00050  
HPD02877800HPCPHT19780300050020100 00010  2500 00010  
HPD02877800HPCPHT19780300100031600 00020  1700 00010  2500 00030  
HPD02877800HPCPHT19780300110042000 00010  2200 00010  2300 00010  2500 00030  
HPD02877800HPCPHT19780300120070400 00010  0600 00010  1300 00010  1400 00010  1500 00010  1600 00010  2500 00060  
HPD02877800HPCPHT19780300130020900 00010  2500 00010  
HPD02877800HPCPHT19780300310041100 00010  2200 00020  2400 00010  2500 00040  
HPD02877800HPCPHT19780400010060100 00000g 1000 00010  1500 00030  1600 00010  1700 00010  2500 00060  
HPD02877800HPCPHT19780400040032200 00010  2300 00010  2500 00020  
HPD02877800HPCPHT19780400070021200 00020  2500 00020  
HPD02877800HPCPHT19780400080041600 00010  1700 00010  1900 00010  2500 00030  
HPD02877800HPCPHT19780400090021300 00010  2500 00010  
HPD02877800HPCPHT19780400160021300 00010  2500 00010  
HPD02877800HPCPHT19780500010030100 00020  1400 00010  2500 00030  
HPD02877800HPCPHT19780600010020100 00000g 2500 00000  
HPD02877800HPCPHT19780700010020100 00000g 2500 00000  
HPD02877800HPCPHT19780700090021500 00010  2500 00010  
HPD02877800HPCPHT19780700220031500 00090  1600 00040  2500 00130  
HPD02877800HPCPHT19780700240031600 00010  1700 00010  2500 00020  
HPD02877800HPCPHT19780700260021700 00010  2500 00010  
HPD02877800HPCPHT19780800010020100 00000g 2500 00000  
HPD02877800HPCPHT19780800030022200 00010  2500 00010  
HPD02877800HPCPHT19780800060021700 00020  2500 00020  
HPD02877800HPCPHT19780800070021300 00010  2500 00010  
HPD02877800HPCPHT19780800090031900 00020  2000 00020  2500 00040  
HPD02877800HPCPHT19780800120030600 00010  0700 00020  2500 00030  
HPD02877800HPCPHT19780800130020100 00020  2500 00020  
HPD02877800HPCPHT19780900010030100 00000g 1200 00010  2500 00010  
HPD02877800HPCPHT19780900040021700 00040  2500 00040  
HPD02877800HPCPHT19780900140021600 00010  2500 00010  
HPD02877800HPCPHT19781000010020100 00000g 2500 00000  
HPD02877800HPCPHT19781000200040200 00010  0300 00010  0600 00010  2500 00030  
HPD02877800HPCPHT19781000210060700 00030  0800 00020  0900 00010  1000 00010  1800 00010  2500 00080  
HPD02877800HPCPHT19781000240021500 00010  2500 00010  
HPD02877800HPCPHT19781000300031900 00010  2000 00010  2500 00020  
HPD02877800HPCPHT19781000310020800 00010  2500 00010  
HPD02877800HPCPHT19781100010020100 00000g 2500 00000  
HPD02877800HPCPHT19781100110040900 00010  1100 00010  1300 00010  2500 00030  
HPD02877800HPCPHT19781100120020500 00020  2500 00020  
HPD02877800HPCPHT19781100130031900 00010  2300 00010  2500 00020  
HPD02877800HPCPHT19781100140020900 00010  2500 00010  
HPD02877800HPCPHT19781100230031200 00010  2300 00010  2500 00020  
HPD02877800HPCPHT19781100240070500 00010  1200 00020  1300 00010  1500 00010  1600 00010  1700 00010  2500 00070  
HPD02877800HPCPHT19781100250030700 00010  1100 00010  2500 00020  
HPD02877800HPCPHT19781200010030100 00000g 2300 00020  2500 00020  
HPD02877800HPCPHT19781200060021100 00010  2500 00010  
HPD02877800HPCPHT19781200170070700 00010  0800 00010  1100 00010  1300 00010  1800 00010  1900 00010  2500 00060  
HPD02877800HPCPHT19781200180070500 00010  0600 00020  0700 00020  0800 00010  1400 00010  2000 00010  2500 00080  
HPD02877800HPCPHT19781200200031100 00010  1300 00010  2500 00020  
HPD02877800HPCPHT19790100010020100 00000g 2500 00000  
HPD02877800HPCPHT19790100060020400 00010  2500 00010  
HPD02877800HPCPHT19790100090041300 00010  1400 00010  1500 00020  2500 00040  
HPD02877800HPCPHT19790100120021600 00020  2500 00020  
HPD02877800HPCPHT19790100150021500 00010  2500 00010  
HPD02877800HPCPHT19790100160030200 00010  2000 00010  2500 00020  
HPD02877800HPCPHT19790100170070100 00010  0200 00010  0400 00010  0500 00010  0600 00010  0700 00010  2500 00060  
HPD02877800HPCPHT19790100180050100 00010  1200 00010  1600 00010  1800 00010  2500 00040  
HPD02877800HPCPHT19790100250021600 00010  2500 00010  
HPD02877800HPCPHT19790100260021400 00010  2500 00010  
HPD02877800HPCPHT19790100290021500 00010  2500 00010  
HPD02877800HPCPHT19790200010040100 00000g 1100 00010  1200 00010  2500 00020  
HPD02877800HPCPHT19790200020031200 00020  1300 00010  2500 00030  
HPD02877800HPCPHT19790200030021500 00010  2500 00010  
HPD02877800HPCPHT19790200210050100 00010  0800 00010  1100 00020  2300 00010  2500 00050  
HPD02877800HPCPHT19790200260022200 00030  2500 00030  
HPD02877800HPCPHT19790300010030100 00000g 2200 00010  2500 00010  
HPD02877800HPCPHT19790300160021500 00010  2500 00010  
HPD02877800HPCPHT19790300180051200 00010  1900 00010  2000 00010  2200 00010  2500 00040  
HPD02877800HPCPHT19790300190051300 00010  1900 00010  2300 00010  2400 00010  2500 00040  
HPD02877800HPCPHT19790300200030100 00010  1800 00010  2500 00020  
HPD02877800HPCPHT19790300210040600 00010  1500 00010  2100 00010  2500 00030  
HPD02877800HPCPHT19790300270022200 00010  2500 00010  
HPD02877800HPCPHT19790300280080100 00010  0700 00010  0900 00010  1200 00010  1600 00010  1900 00010  2000 00010  2500 00070  
HPD02877800HPCPHT19790400010020100 00000g 2500 00000  
HPD02877800HPCPHT19790500010020100 00000g 2500 00000  
HPD02877800HPCPHT19790500090020500 00010  2500 00010  
HPD02877800HPCPHT19790500200040400 00010  1200 00010  1800 00020  2500 00040  
HPD02877800HPCPHT19790500260031500 00010  1700 00010  2500 00020  
HPD02877800HPCPHT19790600010020100 00000g 2500 00000  
HPD02877800HPCPHT19790600020031500 00020  1600 00010  2500 00030  
HPD02877800HPCPHT19790600070022200 00010  2500 00010  
HPD02877800HPCPHT19790700010020100 00000g 2500 00000  
HPD02877800HPCPHT19790700150021800 00030  2500 00030  
HPD02877800HPCPHT19790700190021800 00030  2500 00030  
HPD02877800HPCPHT19790700200060200 00050  0300 00020  0400 00020  0500 00010  1200 00010  2500 00110  
HPD02877800HPCPHT19790800010020100 00000g 2500 00000  
HPD02877800HPCPHT19790800050021700 99999a 2500 00000I 
HPD02877800HPCPHT19790800170021700 00300A 2500 00300P 
HPD02877800HPCPHT19790900010020100 00000g 2500 00000  
HPD02877800HPCPHT19791000010020100 00000g 2500 00000  
HPD02877800HPCPHT19791000200051300 00010  1400 00010  1600 00010  1700 00010  2500 00040  
HPD02877800HPCPHT19791100010020100 00000g 2500 00000  
HPD02877800HPCPHT19791200010020100 00000g 2500 00000  
HPD02877800HPCPHT19791200260110200 00010  0300 00010  0400 00030  0500 00020  0600 00010  1100 00020  1200 00010  1300 00020  1500 00010  1600 00010  2500 00150  
HPD02877800HPCPHT19800100010020100 00000g 2500 00000  
HPD02877800HPCPHT19800100090061000 00010  1700 00010  1900 00010  2000 00010  2400 00010  2500 00050  
HPD02877800HPCPHT19800100110050400 00010  0600 00010  0900 00010  1000 00010  2500 00040  
HPD02877800HPCPHT19800100140022200 00010  2500 00010  
HPD02877800HPCPHT19800100180030800 00010  1600 00020  2500 00030  
HPD02877800HPCPHT19800100190031000 00010  1500 00010  2500 00020  
HPD02877800HPCPHT19800100280032100 00010  2400 00010  2500 00020  
HPD02877800HPCPHT19800100290050300 00010  0700 00010  1100 00010  2300 00010  2500 00040  
HPD02877800HPCPHT19800100300030300 00010  0400 00010  2500 00020  
HPD02877800HPCPHT19800200010020100 00000g 2500 00000  
HPD02877800HPCPHT19800200130022100 00010  2500 00010  
HPD02877800HPCPHT19800200140060300 00020  0500 00010  0700 00010  0800 00010  1500 00010  2500 00060  
HPD02877800HPCPHT19800200150041200 00010  1300 00010  1400 00020  2500 00040  
HPD02877800HPCPHT19800200160061700 00010  1900 00010  2100 00010  2300 00010  2400 00010  2500 00050  
HPD02877800HPCPHT19800200170020100 00010  2500 00010  
HPD02877800HPCPHT19800200190051300 00010  1800 00010  2000 00020  2100 00010  2500 00050  
HPD02877800HPCPHT19800200200020100 00010  2500 00010  
HPD02877800HPCPHT19800200210040100 00010  0900 00010  1600 00010  2500 00030  
HPD02877800HPCPHT19800300010020100 00000g 2500 00000  
HPD02877800HPCPHT19800300030030500 00010  0600 00010  2500 00020  
HPD02877800HPCPHT19800300060081200 00020  1300 00010  1400 00010  1500 00010  1600 00010  1700 00010  2000 00010  2500 00080  
HPD02877800HPCPHT19800300080021100 00010  2500 00010  
HPD02877800HPCPHT19800300100022300 00010  2500 00010  
HPD02877800HPCPHT19800300110020100 00010  2500 00010  
HPD02877800HPCPHT19800300220040800 00010  1100 00010  1300 00010  2500 00030  
HPD02877800HPCPHT19800300240022100 00010  2500 00010  
HPD02877800HPCPHT19800300260020400 00010  2500 00010  
HPD02877800HPCPHT19800400010040100 00000g 1800 00010  2000 00010  2500 00020  
HPD02877800HPCPHT19800400290021000 00010  2500 00010  
HPD02877800HPCPHT19800400300030200 00010  1100 00010  2500 00020  
HPD02877800HPCPHT19800500010020100 00000g 2500 00000  
HPD02877800HPCPHT19800500100021000 99999[ 2500 00000I 
HPD02877800HPCPHT19800500310022400 99999] 2500 00000I 
HPD02877800HPCPHT19800600010020100 99999[ 2500 00000I 
HPD02877800HPCPHT19800600300022400 99999] 2500 00000I 
HPD02877800HPCPHT19800700010020100 99999[ 2500 00000I 
HPD02877800HPCPHT19800700310022400 99999] 2500 00000I 
HPD02877800HPCPHT19800800010020100 00000g 2500 00000  
HPD02877800HPCPHT19800900010020100 00000g 2500 00000  
HPD02877800HPCPHT19800900040031700 00010  1900 00010  2500 00020  
HPD02877800HPCPHT19800900090031600 00010  2300 00010  2500 00020  
HPD02877800HPCPHT19801000010020100 00000g 2500 00000  
HPD02877800HPCPHT19801000130021000 00010  2500 00010  
HPD02877800HPCPHT19801000150030600 00010  0700 00010  2500 00020  
HPD02877800HPCPHT19801000180020200 00010  2500 00010  
HPD02877800HPCPHT19801000260020900 00020  2500 00020  
HPD02877800HPCPHT19801100010020100 00000g 2500 00000  
HPD02877800HPCPHT19801200010020100 00000g 2500 00000  
HPD02877800HPCPHT19801200050041200 00010  1400 00010  1600 00010  2500 00030  
HPD02877800HPCPHT19801200060022400 00010  2500 00010  
HPD02877800HPCPHT19801200070040500 00010  1500 00010  1600 00010  2500 00030  
HPD02877800HPCPHT19810100010020100 00000g 2500 00000  
HPD02877800HPCPHT19810100110031500 00010  1800 00010  2500 00020  
HPD02877800HPCPHT19810100280022000 00010  2500 00010  
HPD02877800HPCPHT19810200010020100 00000g 2500 00000  
HPD02877800HPCPHT19810200080041800 00010  1900 00010  2200 00010  2500 00030  
HPD02877800HPCPHT19810200090040200 00010  0700 00010  0900 00010  2500 00030  
HPD02877800HPCPHT19810200260040400 00010  0500 00010  1000 00010  2500 00030  
HPD02877800HPCPHT19810300010030100 00000g 2000 99999a 2500 00000I 
HPD02877800HPCPHT19810300030021200 00120A 2500 00120P 
HPD02877800HPCPHT19810300050050900 00010  1500 00010  1600 00010  2100 00010  2500 00040  
HPD02877800HPCPHT19810300060021800 00010  2500 00010  
HPD02877800HPCPHT19810300130022300 00010  2500 00010  
HPD02877800HPCPHT19810300140020500 00010  2500 00010  
HPD02877800HPCPHT19810300200030400 00010  0600 00010  2500 00020  
HPD02877800HPCPHT19810300260021700 00010  2500 00010  
HPD02877800HPCPHT19810400010020100 00000g 2500 00000  
HPD02877800HPCPHT19810400180030600 00010  2200 00010  2500 00020  
HPD02877800HPCPHT19810400280021400 00010  2500 00010  
HPD02877800HPCPHT19810500010020100 00000g 2500 00000  
HPD02877800HPCPHT19810500270031000 00010  2400 00040  2500 00050  
HPD02877800HPCPHT19810500280030100 00010  1700 00020  2500 00030  
HPD02877800HPCPHT19810500300021600 00010  2500 00010  
HPD02877800HPCPHT19810500310030700 00010  0800 00010  2500 00020  
HPD02877800HPCPHT19810600010020100 00000g 2500 00000  
HPD02877800HPCPHT19810600280031000 00010  1300 00070  2500 00080  
HPD02877800HPCPHT19810600290021100 00010  2500 00010  
HPD02877800HPCPHT19810700010030100 00000g 1300 00010  2500 00010  
HPD02877800HPCPHT19810700120031300 00010  1500 00010  2500 00020  
HPD02877800HPCPHT19810700150021000 00010  2500 00010  
HPD02877800HPCPHT19810800010020100 99999[ 2500 00000I 
HPD02877800HPCPHT19810800050021100 99999] 2500 00000I 
HPD02877800HPCPHT19810800080022000 00010  2500 00010  
HPD02877800HPCPHT19810800090022400 00020  2500 00020  
HPD02877800HPCPHT19810800100040700 00020  2100 00030  2300 00010  2500 00060  
HPD02877800HPCPHT19810800110020100 00010  2500 00010  
HPD02877800HPCPHT19810800250031700 00010  2000 00010  2500 00020  
HPD02877800HPCPHT19810900010020100 00000g 2500 00000  
HPD02877800HPCPHT19810900040061400 00010  1500 00050  1600 00020  1700 00010  1900 00010  2500 00100  
HPD02877800HPCPHT19810900050021200 00010  2500 00010  
HPD02877800HPCPHT19810900060080200 00020  0300 00010  0400 00020  0500 00020  0600 00020  0700 00010  1100 00010  2500 00110  
HPD02877800HPCPHT19810900230041600 00020  1700 00020  2000 00010  2500 00050  
HPD02877800HPCPHT19811000010080100 00000g 1300 00030  1400 00020  1600 00020  1800 00010  1900 00020  2000 00020  2500 00120  
HPD02877800HPCPHT19811000020020100 00020  2500 00020  
HPD02877800HPCPHT19811000150021800 00010  2500 00010  
HPD02877800HPCPHT19811100010020100 00000g 2500 00000  
HPD02877800HPCPHT19811100270020900 00010  2500 00010  
HPD02877800HPCPHT19811100280050600 00010  1300 00010  1500 00020  1600 00010  2500 00050  
HPD02877800HPCPHT19811100300021100 00010  2500 00010  
HPD02877800HPCPHT19811200010020100 00000g 2500 00000  
HPD02877800HPCPHT19811200300021000 00010  2500 00010  
HPD02877800HPCPHT19820100010020100 00000g 2500 00000  
HPD02877800HPCPHT19820100050021000 00010  2500 00010  
HPD02877800HPCPHT19820100200022300 00010  2500 00010  
HPD02877800HPCPHT19820100210040400 00010  0600 00010  0800 00010  2500 00030  
HPD02877800HPCPHT19820100280022100 00010  2500 00010  
HPD02877800HPCPHT19820200010020100 00000g 2500 00000  
HPD02877800HPCPHT19820200060020200 00010  2500 00010  
HPD02877800HPCPHT19820200080020900 99999[ 2500 00000I 
HPD02877800HPCPHT19820200280022400 99999] 2500 00000I 
HPD02877800HPCPHT19820300010020100 99999[ 2500 00000I 
HPD02877800HPCPHT19820300020021400 99999] 2500 00000I 
HPD02877800HPCPHT19820300110041300 00010  1400 00020  1700 00010  2500 00040  
HPD02877800HPCPHT19820300130021300 00010  2500 00010  
HPD02877800HPCPHT19820300140042000 00020  2100 00010  2200 00020  2500 00050  
HPD02877800HPCPHT19820300150030100 00010  0600 00010  2500 00020  
HPD02877800HPCPHT19820300180060700 00010  0800 00010  0900 00020  1100 00010  1200 00010  2500 00060  
HPD02877800HPCPHT19820300260030900 00010  1300 00010  2500 00020  
HPD02877800HPCPHT19820400010040100 00000g 1700 00010  1800 00020  2500 00030  
HPD02877800HPCPHT19820400050021300 99999[ 2500 00000I 
HPD02877800HPCPHT19820400300022400 99999] 2500 00000I 
HPD02877800HPCPHT19820500010020100 99999[ 2500 00000I 
HPD02877800HPCPHT19820500310022400 99999] 2500 00000I 
HPD02877800HPCPHT19820600010020100 99999[ 2500 00000I 
HPD02877800HPCPHT19820600020020800 99999] 2500 00000I 
HPD02877800HPCPHT19820600180030800 00010  1500 00020  2500 00030  
HPD02877800HPCPHT19820700010020100 00000g 2500 00000  
HPD02877800HPCPHT19820700080051100 00080  1200 00020  1300 00020  1500 00010  2500 00130  
HPD02877800HPCPHT19820700230021400 00010  2500 00010  
HPD02877800HPCPHT19820700250041500 00010  1600 00030  1800 00010  2500 00050  
HPD02877800HPCPHT19820700260021300 00080  2500 00080  
HPD02877800HPCPHT19820700280031700 00010  1800 00020  2500 00030  
HPD02877800HPCPHT19820800010020100 99999[ 2500 00000I 
HPD02877800HPCPHT19820800120020600 99999] 2500 00000I 
HPD02877800HPCPHT19820800230020500 00010  2500 00010  
HPD02877800HPCPHT19820800250030900 00020  1000 00060  2500 00080  
HPD02877800HPCPHT19820800260021200 00100  2500 00100  
HPD02877800HPCPHT19820900010020100 00000g 2500 00000  
HPD02877800HPCPHT19820900060021600 00040  2500 00040  
HPD02877800HPCPHT19820900070020900 00010  2500 00010  
HPD02877800HPCPHT19820900080031500 00010  2000 00030  2500 00040  
HPD02877800HPCPHT19820900100041200 00010  1300 00070  1400 00010  2500 00090  
HPD02877800HPCPHT19820900110040200 00010  0300 00010  0400 00030  2500 00050  
HPD02877800HPCPHT19821000010020100 00000g 2500 00000  
HPD02877800HPCPHT19821000240021500 00010  2500 00010  
HPD02877800HPCPHT19821000260022000 00010  2500 00010  
HPD02877800HPCPHT19821000300022100 00010  2500 00010  
HPD02877800HPCPHT19821100010020100 00000g 2500 00000  
HPD02877800HPCPHT19821100090022400 00010  2500 00010  
HPD02877800HPCPHT19821100100080200 00010  0300 00010  0500 00010  0600 00010  1200 00010  1600 00010  2300 00010  2500 00070  
HPD02877800HPCPHT19821100180020100 00010  2500 00010  
HPD02877800HPCPHT19821100300061000 00010  1300 00010  1400 00020  1500 00020  1600 00010  2500 00070  
HPD02877800HPCPHT19821200010020100 00000g 2500 00000  
HPD02877800HPCPHT19821200080021000 00010  2500 00010  
HPD02877800HPCPHT19821200090031400 00010  2000 00010  2500 00020  
HPD02877800HPCPHT19821200100020200 00010  2500 00010  
HPD02877800HPCPHT19821200110022300 00010  2500 00010  
HPD02877800HPCPHT19821200230020300 00010  2500 00010  
HPD02877800HPCPHT19821200300021100 00010  2500 00010  
HPD02877800HPCPHT19830100010020100 00000g 2500 00000  
HPD02877800HPCPHT19830100170020900 99999[ 2500 00000I 
HPD02877800HPCPHT19830100310022400 99999] 2500 00000I 
HPD02877800HPCPHT19830200010020100 99999[ 2500 00000I 
HPD02877800HPCPHT19830200280022400 99999] 2500 00000I 
HPD02877800HPCPHT19830300010020100 99999[ 2500 00000I 
HPD02877800HPCPHT19830300310022400 99999] 2500 00000I 
HPD02877800HPCPHT19830400010020100 99999[ 2500 00000I 
HPD02877800HPCPHT19830400300022400 99999] 2500 00000I 
HPD02877800HPCPHT19830500010020100 99999[ 2500 00000I 
HPD02877800HPCPHT19830500310022400 99999] 2500 00000I 
HPD02877800HPCPHT19830600010020100 99999[ 2500 00000I 
HPD02877800HPCPHT19830600030020900 99999] 2500 00000I 
HPD02877800HPCPHT19830700010020100 00000g 2500 00000  
HPD02877800HPCPHT19830700070021000 99999[ 2500 00000I 
HPD02877800HPCPHT19830700310022400 99999] 2500 00000I 
HPD02877800HPCPHT19830800010020100 00000g 2500 00000  
HPD02877800HPCPHT19830800030021300 00010  2500 00010  
HPD02877800HPCPHT19830800040031600 00010  1700 00010  2500 00020  
HPD02877800HPCPHT19830800050021600 00010  2500 00010  
HPD02877800HPCPHT19830800060021600 00010  2500 00010  
HPD02877800HPCPHT19830800150022200 00010  2500 00010  
HPD02877800HPCPHT19830800160061200 00010  1600 00010  2000 00020  2100 00040  2400 00010  2500 00090  
HPD02877800HPCPHT19830800170051000 00010  1100 00030  1200 00020  1800 00010  2500 00070  
HPD02877800HPCPHT19830800180020300 00030  2500 00030  
HPD02877800HPCPHT19830800210021400 00010  2500 00010  
HPD02877800HPCPHT19830800280031400 00030  1500 00090  2500 00120  
HPD02877800HPCPHT19830900010020100 00000g 2500 00000  
HPD02877800HPCPHT19830900020021000 99999[ 2500 00000I 
HPD02877800HPCPHT19830900300022400 99999] 2500 00000I 
HPD02877800HPCPHT19831000010020100 99999[ 2500 00000I 
HPD02877800HPCPHT19831000310022400 99999] 2500 00000I 
HPD02877800HPCPHT19831100010020100 99999[ 2500 00000I 
HPD02877800HPCPHT19831100300022400 99999] 2500 00000I 
HPD02877800HPCPHT19831200010020100 99999[ 2500 00000I 
HPD02877800HPCPHT19831200310022400 99999] 2500 00000I 
HPD02877800HPCPHT19840100010020100 99999{ 2500 00000P 
HPD02877800HPCPHT19840100310022400 99999} 2500 00000P 
HPD02877800HPCPHT19840200010020100 99999{ 2500 00000P 
HPD02877800HPCPHT19840200290022400 99999} 2500 00000P 
HPD02877800HPCPHT19840300010020100 99999{ 2500 00000P 
HPD02877800HPCPHT19840300070031300 99999} 1400 99999a 2500 00000P 
HPD02877800HPCPHT19840300310022400 99999A 2500 00000I 
HPD02877800HPCPHT19840400010020100 99999, 2500 00000I 
HPD02877800HPCPHT19840400020030900 00020A 1000 99999{ 2500 00020P 
HPD02877800HPCPHT19840400300022400 99999} 2500 00000P 
HPD02877800HPCPHT19840500010020100 99999{ 2500 00000P 
HPD02877800HPCPHT19840500080021000 99999} 2500 00000P 
HPD02877800HPCPHT19840500140021000 00010  2500 00010  
HPD02877800HPCPHT19840600010030100 00000g 1500 99999{ 2500 00000P 
HPD02877800HPCPHT19840600300022400 99999} 2500 00000P 
HPD02877800HPCPHT19840700010020100 99999{ 2500 00000P 
HPD02877800HPCPHT19840700310022400 99999} 2500 00000P 
HPD02877800HPCPHT19840800010020100 99999{ 2500 00000P 
HPD02877800HPCPHT19840800310022400 99999} 2500 00000P 
HPD02877800HPCPHT19840900010020100 99999{ 2500 00000P 
HPD02877800HPCPHT19840900110020200 99999} 2500 00000P 
HPD02877800HPCPHT19840900150021700 00010  2500 00010  
HPD02877800HPCPHT19840900160021600 00060  2500 00060  
HPD02877800HPCPHT19840900210021300 00010  2500 00010  
HPD02877800HPCPHT19841000010030100 00000g 1000 99999{ 2500 00000P 
HPD02877800HPCPHT19841000310022400 99999} 2500 00000P 
HPD02877800HPCPHT19841100010020100 99999{ 2500 00000P 
HPD02877800HPCPHT19841100300022400 99999} 2500 00000P 
HPD02877800HPCPHT19841200010020100 99999{ 2500 00000P 
HPD02877800HPCPHT19841200170030900 99999} 1000 99999a 2500 00000P 
HPD02877800HPCPHT19841200310022400 00200A 2500 00200P 
HPD02877800HPCPHT19850100010020100 99999{ 2500 00000P 
HPD02877800HPCPHT19850100020021100 99999} 2500 00000P 
HPD02877800HPCPHT19850100070031100 00010  1600 00010  2500 00020  
HPD02877800HPCPHT19850100080050400 00010  0600 00020  0700 00010  1200 00010  2500 00050  
HPD02877800HPCPHT19850100220041200 00010  1300 00010  1400 00010  2500 00030  
HPD02877800HPCPHT19850100230020300 00010  2500 00010  
HPD02877800HPCPHT19850100280041900 00010  2100 00010  2200 00010  2500 00030  
HPD02877800HPCPHT19850200010040100 00000g 0800 99999{ 0900 99999} 2500 00000P 
HPD02877800HPCPHT19850200020030500 00010  2300 00010  2500 00020  
HPD02877800HPCPHT19850200030022300 00010  2500 00010  
HPD02877800HPCPHT19850200200041700 00020  1900 00010  2300 00010  2500 00040  
HPD02877800HPCPHT19850300010030100 00000g 1200 99999[ 2500 00000I 
HPD02877800HPCPHT19850300190021000 99999] 2500 00000I 
HPD02877800HPCPHT19850300260021900 00010  2500 00010  
HPD02877800HPCPHT19850300280022000 00010  2500 00010  
HPD02877800HPCPHT19850300290020900 00010  2500 00010  
HPD02877800HPCPHT19850400010020100 00000g 2500 00000  
HPD02877800HPCPHT19850400210020200 00010  2500 00010  
HPD02877800HPCPHT19850500010020100 00000g 2500 00000  
HPD02877800HPCPHI19850500170021600 00010  2500 00010  
HPD02877800HPCPHI19850600010020100 00000g 2500 00000  
HPD02877800HPCPHI19850600240030900 00010  1200 00010  2500 00020  
HPD02877800HPCPHI19850700010020100 00000g 2500 00000  
HPD02877800HPCPHT19850700130021700 00010  2500 00010  
HPD02877800HPCPHT19850700180060800 00020  0900 00010  1100 00020  1200 00010  1300 00010  2500 00070  
HPD02877800HPCPHT19850700200051300 00010  1400 00020  1500 00040  1600 00010  2500 00080  
HPD02877800HPCPHT19850700270021000 00010  2500 00010  
HPD02877800HPCPHT19850800010020100 00000g 2500 00000  
HPD02877800HPCPHT19850800210021600 00010  2500 00010  
HPD02877800HPCPHT19850900010020100 00000g 2500 00000  
HPD02877800HPCPHT19850900060020900 00010  2500 00010  
HPD02877800HPCPHT19850900070021000 00010  2500 00010  
HPD02877800HPCPHT19850900180041000 00010  1200 00010  1600 00010  2500 00030  
HPD02877800HPCPHT19850900190022200 00010  2500 00010  
HPD02877800HPCPHT19850900300021500 00010  2500 00010  
HPD02877800HPCPHT19851000010040100 00000g 1600 00010  1700 00040  2500 00050  
HPD02877800HPCPHT19851000090031300 00020  1400 00020  2500 00040  
HPD02877800HPCPHT19851000270021500 00010  2500 00010  
HPD02877800HPCPHT19851100010020100 00000g 2500 00000  
HPD02877800HPCPHT19851100110071000 00010  2000 00010  2100 00010  2200 00010  2300 00010  2400 00010  2500 00060  
HPD02877800HPCPHT19851100120050100 00010  0400 00010  0700 00010  1700 00010  2500 00040  
HPD02877800HPCPHT19851100130021600 00010  2500 00010  
HPD02877800HPCPHT19851100250060500 00010  0600 00010  0800 00010  1300 00010  1400 00010  2500 00050  
HPD02877800HPCPHT19851100290080800 00010  0900 00010  1100 00010  1700 00010  1900 00010  2000 00010  2100 00010  2500 00070  
HPD02877800HPCPHT19851200010020100 00000g 2500 00000  
HPD02877800HPCPHI19851200020021600 00010  2500 00010  
HPD02877800HPCPHI19860100010020100 00000g 2500 00000  
HPD02877800HPCPHT19860100140022400 00010  2500 00010  
HPD02877800HPCPHT19860100300022100 00010  2500 00010  
HPD02877800HPCPHT19860200010020100 00000g 2500 00000  
HPD02877800HPCPHT19860200130021200 00010  2500 00010  
HPD02877800HPCPHT19860200150060800 00020  0900 00020  1000 00010  1100 00010  2200 00010  2500 00070  
HPD02877800HPCPHT19860200250021300 00010  2500 00010  
HPD02877800HPCPHT19860300010020100 00000g 2500 00000  
HPD02877800HPCPHT19860300060020500 00010  2500 00010  
HPD02877800HPCPHT19860300070031600 00010  2300 00010  2500 00020  
HPD02877800HPCPHT19860300080060200 00030  0300 00010  0400 00010  0500 00010  1000 00010  2500 00070  
HPD02877800HPCPHT19860300090032000 00010  2100 00020  2500 00030  
HPD02877800HPCPHT19860300250031300 00010  1600 00010  2500 00020  
HPD02877800HPCPHT19860300260031100 00010  2000 00010  2500 00020  
HPD02877800HPCPHT19860300280021600 00010  2500 00010  
HPD02877800HPCPHT19860400010060100 00000g 0400 00010  0700 00010  0800 00010  1100 00010  2500 00040  
HPD02877800HPCPHT19860400020020500 00010  2500 00010  
HPD02877800HPCPHT19860400060021500 00010  2500 00010  
HPD02877800HPCPHT19860400090020600 00010  2500 00010  
HPD02877800HPCPHT19860400150021700 00010  2500 00010  
HPD02877800HPCPHT19860400250021500 00010  2500 00010  
HPD02877800HPCPHT19860500010020100 00000g 2500 00000  
HPD02877800HPCPHT19860600010020100 99999{ 2500 00000P 
HPD02877800HPCPHT19860600300022400 99999} 2500 00000P 
HPD02877800HPCPHT19860700010020100 00000g 2500 00000  
HPD02877800HPCPHT19860700130021600 00010  2500 00010  
HPD02877800HPCPHT19860700150021800 00010  2500 00010  
HPD02877800HPCPHT19860700160020300 00010  2500 00010  
HPD02877800HPCPHT19860700220040300 00010  0500 00010  1500 00010  2500 00030  
HPD02877800HPCPHT19860700240040600 00090  0700 00080  0800 00010  2500 00180  
HPD02877800HPCPHT19860700260020500 00010  2500 00010  
HPD02877800HPCPHT19860800010020100 00000g 2500 00000  
HPD02877800HPCPHT19860800060030500 00010  0600 00010  2500 00020  
HPD02877800HPCPHT19860800090020600 00010  2500 00010  
HPD02877800HPCPHT19860800210021900 00010  2500 00010  
HPD02877800HPCPHT19860800240030700 00010  1100 00010  2500 00020  
HPD02877800HPCPHT19860800260022400 00010  2500 00010  
HPD02877800HPCPHT19860800280032000 00020  2200 00010  2500 00030  
HPD02877800HPCPHT19860800310031400 00010  1500 00010  2500 00020  
HPD02877800HPCPHT19860900010020100 00000g 2500 00000  
HPD02877800HPCPHT19860900040021200 00010  2500 00010  
HPD02877800HPCPHT19860900230081200 00010  1300 00010  1400 00010  1500 00010  1600 00020  1700 00030  1800 00010  2500 00100  
HPD02877800HPCPHT19860900240020500 00030  2500 00030  
HPD02877800HPCPHT19861000010020100 00000g 2500 00000  
HPD02877800HPCPHT19861000020030200 00010  1700 99999[ 2500 00010I 
HPD02877800HPCPHT19861000180021300 99999] 2500 00000I 
HPD02877800HPCPHT19861100010030100 00000g 2000 00010  2500 00010  
HPD02877800HPCPHT19861100040021400 99999{ 2500 00000P 
HPD02877800HPCPHT19861100300022400 99999} 2500 00000P 
HPD02877800HPCPHT19861200010020100 00000g 2500 00000  
HPD02877800HPCPHT19861200060022300 00010  2500 00010  
HPD02877800HPCPHT19861200070040800 00010  1100 00010  1500 00010  2500 00030  
HPD02877800HPCPHT19861200170020100 00010  2500 00010  
HPD02877800HPCPHT19861200200050800 00010  0900 00010  1000 00020  1200 00010  2500 00050  
HPD02877800HPCPHT19861200210021600 00010  2500 00010  
HPD02877800HPCPHT19870100010020100 00000g 2500 00000  
HPD02877800HPCPHT19870100020021200 99999{ 2500 00000P 
HPD02877800HPCPHT19870100310022400 99999} 2500 00000P 
HPD02877800HPCPHT19870200010020100 99999{ 2500 00000P 
HPD02877800HPCPHT19870200030021100 99999} 2500 00000P 
HPD02877800HPCPHT19870300010020100 00000g 2500 00000  
HPD02877800HPCPHT19870300030021600 99999{ 2500 00000P 
HPD02877800HPCPHT19870300260021900 99999} 2500 00000P 
HPD02877800HPCPHT19870300280021500 00010  2500 00010  
HPD02877800HPCPHT19870300290021100 00010  2500 00010  
HPD02877800HPCPHT19870400010020100 00000g 2500 00000  
HPD02877800HPCPHT19870400020031100 00010  1200 00020  2500 00030  
HPD02877800HPCPHT19870400260021900 99999{ 2500 00000P 
HPD02877800HPCPHT19870400300022400 99999} 2500 00000P 
HPD02877800HPCPHT19870500010020100 00000g 2500 00000  
HPD02877800HPCPHT19870500150031600 00010  1800 00010  2500 00020  
HPD02877800HPCPHT19870500160021400 00010  2500 00010  
HPD02877800HPCPHT19870600010020100 00000g 2500 00000  
HPD02877800HPCPHT19870600040022300 00010  2500 00010  
HPD02877800HPCPHT19870600060022100 00010  2500 00010  
HPD02877800HPCPHT19870600070040100 00010  1600 00010  1700 00010  2500 00030  
HPD02877800HPCPHT19870700010020100 00000g 2500 00000  
HPD02877800HPCPHT19870700140020400 99999{ 2500 00000P 
HPD02877800HPCPHT19870700310022400 99999} 2500 00000P 
HPD02877800HPCPHT19870800010020100 00000g 2500 00000  
HPD02877800HPCPHT19870800030021500 00010  2500 00010  
HPD02877800HPCPHT19870800040021500 00040  2500 00040  
HPD02877800HPCPHT19870800050021600 00010  2500 00010  
HPD02877800HPCPHT19870800100021300 00010  2500 00010  
HPD02877800HPCPHT19870800120021300 00010  2500 00010  
HPD02877800HPCPHT19870800230041600 00010  1700 00010  2000 00010  2500 00030  
HPD02877800HPCPHT19870800250022000 00010  2500 00010  
HPD02877800HPCPHT19870900010020100 00000g 2500 00000  
HPD02877800HPCPHT19870900040032000 00010  2100 00010  2500 00020  
HPD02877800HPCPHT19870900050021500 00010  2500 00010  
HPD02877800HPCPHT19870900150022000 00010  2500 00010  
HPD02877800HPCPHT19870900160021000 99999{ 2500 00000P 
HPD02877800HPCPHT19870900220031600 99999} 1700 00010  2500 00010P 
HPD02877800HPCPHT19870900230031300 00010  1900 00010  2500 00020  
HPD02877800HPCPHT19871000010020100 00000g 2500 00000  
HPD02877800HPCPHT19871000050021500 00010  2500 00010  
HPD02877800HPCPHT19871000130040100 00010  0200 00010  0700 00010  2500 00030  
HPD02877800HPCPHT19871000160021500 00010  2500 00010  
HPD02877800HPCPHT19871000230051500 00010  1600 00050  1700 00040  2000 00010  2500 00110  
HPD02877800HPCPHT19871000240030500 00010  1000 00010  2500 00020  
HPD02877800HPCPHT19871000290041200 00010  1700 00010  1900 00010  2500 00030  
HPD02877800HPCPHT19871000310061300 00010  1800 00010  2200 00010  2300 00040  2400 00020  2500 00090  
HPD02877800HPCPHT19871100010060100 00010  0600 00010  0700 00010  0800 00020  1400 00010  2500 00060  
HPD02877800HPCPHT19871100020071800 00010  1900 00010  2100 00010  2200 00010  2300 00010  2400 00010  2500 00060  
HPD02877800HPCPHT19871100030070100 00010  0300 00010  0400 00010  0500 00010  0600 00010  0700 00010  2500 00060  
HPD02877800HPCPHT19871100050090400 00010  0500 00010  0600 00010  1300 00010  1400 00020  1500 00020  1600 00010  1800 00010  2500 00100  
HPD02877800HPCPHT19871100060030200 00010  0400 00010  2500 00020  
HPD02877800HPCPHT19871100140020800 00020  2500 00020  
HPD02877800HPCPHT19871100150021400 00010  2500 00010  
HPD02877800HPCPHT19871200010020100 00000g 2500 00000  
HPD02877800HPCPHT19871200050040400 00010  0500 00020  0600 00010  2500 00040  
HPD02877800HPCPHT19871200170031000 00010  2100 00010  2500 00020  
HPD02877800HPCPHT19871200190031400 00010  1600 00010  2500 00020  
HPD02877800HPCPHT19871200200021100 00010  2500 00010  
HPD02877800HPCPHT19880100010020100 00000g 2500 00000  
HPD02877800HPCPHT19880100050042000 00010  2100 00010  2200 00010  2500 00030  
HPD02877800HPCPHT19880100170080900 00010  1100 00010  1400 00010  1600 00010  1800 00020  1900 00030  2200 00010  2500 00100  
HPD02877800HPCPHT19880100180020900 00010  2500 00010  
HPD02877800HPCPHT19880200010020100 00000g 2500 00000  
HPD02877800HPCPHI19880200020100600 00010  0800 00010  1000 00010  1100 00010  1400 00010  1500 00010  1600 00010  1900 00010  2100 00010  2500 00090  
HPD02877800HPCPHI19880300010020100 00000g 2500 00000  
HPD02877800HPCPHI19880400010020100 00000g 2500 00000  
HPD02877800HPCPHT19880400150051300 00010  1500 00010  1700 00010  1900 00010  2500 00040  
HPD02877800HPCPHT19880400160021400 00010  2500 00010  
HPD02877800HPCPHT19880400170051000 00010  1300 00010  1400 00010  2300 00010  2500 00040  
HPD02877800HPCPHT19880400200022400 00010  2500 00010  
HPD02877800HPCPHT19880400210110100 00010  0200 00010  0300 00020  0400 00010  0500 00010  0600 00010  0700 00010  1100 00010  1300 00010  1400 99999a 2500 00100I 
HPD02877800HPCPHT19880400270021100 00070A 2500 00070P 
HPD02877800HPCPHT19880500010030100 00000g 0200 00010  2500 00010  
HPD02877800HPCPHT19880600010020100 00000g 2500 00000  
HPD02877800HPCPHT19880600260021300 00010  2500 00010  
HPD02877800HPCPHT19880700010020100 00000g 2500 00000  
HPD02877800HPCPHT19880700200041700 00010  1800 00030  2100 00010  2500 00050  
HPD02877800HPCPHT19880700250031500 00020  1800 00010  2500 00030  
HPD02877800HPCPHT19880700260021100 00010  2500 00010  
HPD02877800HPCPHT19880700270022000 00010  2500 00010  
HPD02877800HPCPHT19880700290021700 00010  2500 00010  
HPD02877800HPCPHT19880800010020100 00000g 2500 00000  
HPD02877800HPCPHT19880800040021900 00010  2500 00010  
HPD02877800HPCPHT19880800190031700 00010  1800 00010  2500 00020  
HPD02877800HPCPHT19880800200040500 00010  2300 00020  2400 00020  2500 00050  
HPD02877800HPCPHT19880800210040100 00010  0200 00010  0300 00010  2500 00030  
HPD02877800HPCPHT19880800220021900 00010  2500 00010  
HPD02877800HPCPHT19880800270080400 00010  0500 00030  0600 00010  0700 00010  1000 00010  1100 00010  1300 00010  2500 00090  
HPD02877800HPCPHT19880800290052000 00010  2100 00020  2300 00010  2400 00010  2500 00050  
HPD02877800HPCPHT19880800310032000 00010  2200 00010  2500 00020  
HPD02877800HPCPHT19880900010020100 00000g 2500 00000  
HPD02877800HPCPHI19880900290021500 00010  2500 00010  
HPD02877800HPCPHI19881000010020100 00000g 2500 00000  
HPD02877800HPCPHI19881100010020100 00000g 2500 00000  
HPD02877800HPCPHI19881100080020600 99999{ 2500 00000P 
HPD02877800HPCPHI19881100300022400 99999} 2500 00000P 
HPD02877800HPCPHI19881200010040100 99999{ 0900 99999} 1100 99999{ 2500 00000P 
HPD02877800HPCPHI19881200310022400 99999} 2500 00000P 
HPD02877800HPCPHI19890100010020100 99999{ 2500 00000P 
HPD02877800HPCPHI19890100310022400 99999} 2500 00000P 
HPD02877800HPCPHI19890200010020100 99999{ 2500 00000P 
HPD02877800HPCPHI19890200060021400 99999} 2500 00000P 
HPD02877800HPCPHT19890200250021200 00010  2500 00010  
HPD02877800HPCPHT19890300010020100 00000g 2500 00000  
HPD02877800HPCPHT19890300250032300 00020  2400 00020  2500 00040  
HPD02877800HPCPHT19890300260021200 00010  2500 00010  
HPD02877800HPCPHT19890400010020100 00000g 2500 00000  
HPD02877800HPCPHT19890500010020100 00000g 2500 00000  
HPD02877800HPCPHI19890500140021900 00010  2500 00010  
HPD02877800HPCPHI19890600010020100 00000g 2500 00000  
HPD02877800HPCPHI19890600110021600 00010  2500 00010  
HPD02877800HPCPHI19890700010020100 00000g 2500 00000  
HPD02877800HPCPHT19890700270031300 00010  1400 00050  2500 00060  
HPD02877800HPCPHT19890700290021500 00010  2500 00010  
HPD02877800HPCPHT19890700300022400 00010  2500 00010  
HPD02877800HPCPHT19890700310020700 00010  2500 00010  
HPD02877800HPCPHT19890800010030100 00000g 1000 00010  2500 00010  
HPD02877800HPCPHT19890800030021000 99999{ 2500 00000P 
HPD02877800HPCPHT19890800310022400 99999} 2500 00000P 
HPD02877800HPCPHT19890900010020100 00000g 2500 00000  
HPD02877800HPCPHI19890900160031500 00010  1600 00010  2500 00020  
HPD02877800HPCPHI19891000010020100 00000g 2500 00000  
HPD02877800HPCPHT19891000210031200 00040  1300 00020  2500 00060  
HPD02877800HPCPHT19891000220020400 99999{ 2500 00000P 
HPD02877800HPCPHT19891000310022400 99999} 2500 00000P 
HPD02877800HPCPHT19891100010020100 00000g 2500 00000  
HPD02877800HPCPHT19891200010020100 00000g 2500 00000  
HPD02877800HPCPHI19891200290060400 00020  0500 00010  0700 00010  1400 00010  1800 00010  2500 00060  
HPD02877800HPCPHI19900100010020100 00000g 2500 00000  
HPD02877800HPCPHT19900100020041600 00010  1800 00010  2400 00010  2500 00030  
HPD02877800HPCPHT19900100140031500 00010  1600 00010  2500 00020  
HPD02877800HPCPHT19900100150030400 00010  1600 00010  2500 00020  
HPD02877800HPCPHT19900100170060900 00010  1100 00010  1300 00010  1500 00010  1600 00020  2500 00060  
HPD02877800HPCPHT19900100180020300 00010  2500 00010  
HPD02877800HPCPHT19900100190021900 00010  2500 00010  
HPD02877800HPCPHT19900200010040100 00000g 1600 00010  2100 00010  2500 00020  
HPD02877800HPCPHT19900200080020300 00010  2500 00010  
HPD02877800HPCPHT19900200140020600 00010  2500 00010  
HPD02877800HPCPHT19900200180031800 00010  1900 00010  2500 00020  
HPD02877800HPCPHT19900200190020700 00010  2500 00010  
HPD02877800HPCPHT19900200200021600 00010  2500 00010  
HPD02877800HPCPHT19900300010020100 00000g 2500 00000  
HPD02877800HPCPHT19900300110041100 00010  1300 00010  1400 00010  2500 00030  
HPD02877800HPCPHT19900300120021300 00010  2500 00010  
HPD02877800HPCPHT19900300280021800 00020  2500 00020  
HPD02877800HPCPHT19900300300022200 00010  2500 00010  
HPD02877800HPCPHT19900300310021900 00010  2500 00010  
HPD02877800HPCPHT19900400010020100 00000g 2500 00000  
HPD02877800HPCPHT19900400040031800 00010  2100 00010  2500 00020  
HPD02877800HPCPHT19900400070021600 00010  2500 00010  
HPD02877800HPCPHT19900400170020100 00010  2500 00010  
HPD02877800HPCPHT19900400240020500 00010  2500 00010  
HPD02877800HPCPHT19900400270021300 00010  2500 00010  
HPD02877800HPCPHT19900500010020100 00000g 2500 00000  
HPD02877800HPCPHT19900500230021600 00010  2500 00010  
HPD02877800HPCPHT19900500280070700 00010  1000 00010  1100 00020  1200 00010  1700 00040  1800 00020  2500 00110  
HPD02877800HPCPHT19900600010020100 00000g 2500 00000  
HPD02877800HPCPHI19900600090041800 00020  1900 00030  2200 00050  2500 00100  
HPD02877800HPCPHI19900700010020100 00000g 2500 00000  
HPD02877800HPCPHT19900700030021400 00040  2500 00040  
HPD02877800HPCPHT19900700050021500 00010  2500 00010  
HPD02877800HPCPHT19900700070040400 00030  0500 00050  0600 00010  2500 00090  
HPD02877800HPCPHT19900700080040800 00020  1100 00010  1200 00010  2500 00040  
HPD02877800HPCPHT19900700120031500 00010  1600 00030  2500 00040  
HPD02877800HPCPHT19900700130052000 00020  2100 00010  2200 00020  2300 00010  2500 00060  
HPD02877800HPCPHT19900700140040100 00010  0200 00010  0300 00010  2500 00030  
HPD02877800HPCPHT19900700150021300 00010  2500 00010  
HPD02877800HPCPHT19900800010020100 00000g 2500 00000  
HPD02877800HPCPHT19900800060021400 00010  2500 00010  
HPD02877800HPCPHT19900800070021400 00010  2500 00010  
HPD02877800HPCPHT19900800090021800 00010  2500 00010  
HPD02877800HPCPHT19900800110021800 00010  2500 00010  
HPD02877800HPCPHT19900800150030600 00010  0800 00010  2500 00020  
HPD02877800HPCPHT19900800160021300 00020  2500 00020  
HPD02877800HPCPHT19900800290032000 00010  2100 00010  2500 00020  
HPD02877800HPCPHT19900900010030100 00000g 1500 00010  2500 00010  
HPD02877800HPCPHT19900900030041700 00030  1900 00020  2300 00010  2500 00060  
HPD02877800HPCPHT19900900180040500 00020  0600 00010  0700 00020  2500 00050  
HPD02877800HPCPHT19900900200021800 00010  2500 00010  
HPD02877800HPCPHT19900900210040600 00010  1700 00020  1900 00010  2500 00040  
HPD02877800HPCPHT19900900220021800 00010  2500 00010  
HPD02877800HPCPHT19900900240021300 00010  2500 00010  
HPD02877800HPCPHI19901000010030100 00000g 2200 00010  2500 00010  
HPD02877800HPCPHI19901100010020100 00000g 2500 00000  
HPD02877800HPCPHI19901100260021000 00010  2500 00010  
HPD02877800HPCPHI19901200010020100 00000g 2500 00000  
HPD02877800HPCPHI19901200200030300 00010  0700 00010  2500 00020  
HPD02877800HPCPHI19910100010020100 00000g 2500 00000  
HPD02877800HPCPHT19910100030041900 00010  2200 00010  2300 00010  2500 00030  
HPD02877800HPCPHT19910100040110100 00020  0200 00010  0300 00010  0400 00020  0500 00010  0700 00010  0900 00010  1500 00010  2100 00010  2200 00010  2500 00120  
HPD02877800HPCPHT19910100050040100 00010  0200 00010  0300 00010  2500 00030  
HPD02877800HPCPHT19910100120021600 00010  2500 00010  
HPD02877800HPCPHT19910200010020100 00000g 2500 00000  
HPD02877800HPCPHI19910200280080100 00010  0200 00010  0300 00010  0500 00010  0700 00010  1300 00010  2200 00010  2500 00070  
HPD02877800HPCPHT19910300010070100 00000g 1000 00010  1200 00010  1400 00010  1500 00040  1800 00020  2500 00090  
HPD02877800HPCPHT19910300140030100 00020  0200 00010  2500 00030  
HPD02877800HPCPHT19910300150021600 00010  2500 00010  
HPD02877800HPCPHT19910300190040900 00010  1000 00010  1500 00010  2500 00030  
HPD02877800HPCPHT19910300200031800 00010  2200 00010  2500 00020  
HPD02877800HPCPHT19910300210040200 00010  1000 00010  1500 00010  2500 00030  
HPD02877800HPCPHT19910300220020100 00010  2500 00010  
HPD02877800HPCPHT19910300250022000 00010  2500 00010  
HPD02877800HPCPHT19910300260070100 00010  0800 00020  1000 00010  1100 00010  1300 00010  1500 00010  2500 00070  
HPD02877800HPCPHT19910300270021300 00010  2500 00010  
HPD02877800HPCPHT19910400010020100 00000g 2500 00000  
HPD02877800HPCPHT19910500010020100 00000g 2500 00000  
HPD02877800HPCPHI19910600010080100 00000g 0200 00010  0300 00010  0500 00020  0600 00010  0700 00010  1300 00010  2500 00070  
HPD02877800HPCPHI19910700010020100 00000g 2500 00000  
HPD02877800HPCPHT19910700090020900 00010  2500 00010  
HPD02877800HPCPHT19910700290021700 00010  2500 00010  
HPD02877800HPCPHT19910800010020100 00000g 2500 00000  
HPD02877800HPCPHT19910800100051600 00050  1700 00020  1900 00010  2400 00010  2500 00090  
HPD02877800HPCPHT19910800110020100 00010  2500 00010  
HPD02877800HPCPHT19910800250031600 00010  1800 00010  2500 00020  
HPD02877800HPCPHT19910800260020800 00010  2500 00010  
HPD02877800HPCPHT19910900010020100 00000g 2500 00000  
HPD02877800HPCPHT19910900060031300 00010  1500 00010  2500 00020  
HPD02877800HPCPHT19910900080021300 00010  2500 00010  
HPD02877800HPCPHT19910900220031700 00040  1800 00020  2500 00060  
HPD02877800HPCPHT19910900230020200 00010  2500 00010  
HPD02877800HPCPHT19910900260021900 00010  2500 00010  
HPD02877800HPCPHT19911000010020100 00000g 2500 00000  
HPD02877800HPCPHI19911000120022300 00010  2500 00010  
HPD02877800HPCPHI19911100010020100 00000g 2500 00000  
HPD02877800HPCPHT19911100070021300 00010  2500 00010  
HPD02877800HPCPHT19911100150041000 00010  1100 00010  1600 00010  2500 00030  
HPD02877800HPCPHT19911100160021100 00010  2500 00010  
HPD02877800HPCPHT19911200010020100 00000g 2500 00000  
HPD02877800HPCPHT19911200070021300 00010  2500 00010  
HPD02877800HPCPHT19911200110020500 00010  2500 00010  
HPD02877800HPCPHT19911200120020100 99999{ 2500 00000P 
HPD02877800HPCPHT19911200310022400 99999} 2500 00000P 
HPD02877800HPCPHT19920100010020100 99999{ 2500 00000P 
HPD02877800HPCPHT19920100310022400 99999} 2500 00000P 
HPD02877800HPCPHT19920200010020100 99999{ 2500 00000P 
HPD02877800HPCPHT19920200070041500 99999} 1700 00010  2000 00010  2500 00020P 
HPD02877800HPCPHT19920200100040800 00010  1000 00010  1400 00010  2500 00030  
HPD02877800HPCPHT19920200110030800 00010  1600 00010  2500 00020  
HPD02877800HPCPHT19920200130100400 00010  0500 00010  0700 00010  0800 00030  0900 00010  1100 00010  1300 00010  1400 00010  2100 00010  2500 00110  
HPD02877800HPCPHT19920200150042100 00030  2200 00010  2400 00010  2500 00050  
HPD02877800HPCPHT19920200160020200 00010  2500 00010  
HPD02877800HPCPHT19920300010020100 00000g 2500 00000  
HPD02877800HPCPHT19920300020031500 00010  2100 00010  2500 00020  
HPD02877800HPCPHT19920300030040300 00010  1300 00010  1500 00010  2500 00030  
HPD02877800HPCPHT19920300040020500 00010  2500 00010  
HPD02877800HPCPHT19920300080080100 00010  0700 00020  1000 00010  1500 00010  1800 00010  2000 00010  2200 00010  2500 00080  
HPD02877800HPCPHT19920300090020100 00010  2500 00010  
HPD02877800HPCPHT19920300210080200 00030  1000 00010  1100 00010  1400 00010  1700 00020  1800 00020  1900 00020  2500 00120  
HPD02877800HPCPHT19920300230021800 00010  2500 00010  
HPD02877800HPCPHT19920300270050100 00010  0400 00010  1300 00010  1600 00010  2500 00040  
HPD02877800HPCPHT19920300280021800 00010  2500 00010  
HPD02877800HPCPHT19920300310020100 00010  2500 00010  
HPD02877800HPCPHI19920400010040100 00000g 1700 00010  1800 00020  2500 00030  
HPD02877800HPCPHI19920500010020100 00000g 2500 00000  
HPD02877800HPCPHT19920500040022000 00010  2500 00010  
HPD02877800HPCPHT19920500050031200 00040  1500 00010  2500 00050  
HPD02877800HPCPHT19920500070021400 00010  2500 00010  
HPD02877800HPCPHT19920500090022100 00020  2500 00020  
HPD02877800HPCPHT19920500210031000 00010  1100 00040  2500 00050  
HPD02877800HPCPHT19920500230021800 00010  2500 00010  
HPD02877800HPCPHT19920500280021400 00010  2500 00010  
HPD02877800HPCPHT19920500290032100 00010  2200 00010  2500 00020  
HPD02877800HPCPHT19920600010020100 00000g 2500 00000  
HPD02877800HPCPHI19920600200021000 00010  2500 00010  
HPD02877800HPCPHI19920700010020100 00000g 2500 00000  
HPD02877800HPCPHI19920700090021600 00010  2500 00010  
HPD02877800HPCPHI19920800010020100 00000g 2500 00000  
HPD02877800HPCPHT19920800020021600 00040  2500 00040  
HPD02877800HPCPHT19920800030021100 00010  2500 00010  
HPD02877800HPCPHT19920800070021900 00010  2500 00010  
HPD02877800HPCPHT19920800090022100 00010  2500 00010  
HPD02877800HPCPHT19920800110022300 00010  2500 00010  
HPD02877800HPCPHT19920800160021500 00010  2500 00010  
HPD02877800HPCPHT19920800220020100 00010  2500 00010  
HPD02877800HPCPHT19920800230020900 00010  2500 00010  
HPD02877800HPCPHT19920900010020100 00000g 2500 00000  
HPD02877800HPCPHT19921000010020100 00000g 2500 00000  
HPD02877800HPCPHT19921000240110300 00020  0500 00010  0700 00020  0900 00010  1000 00010  1100 00030  1200 00010  1500 00020  1800 00010  2000 00010  2500 00150  
HPD02877800HPCPHT19921000280040800 00010  0900 00010  1900 00010  2500 00030  
HPD02877800HPCPHT19921100010020100 00000g 2500 00000  
HPD02877800HPCPHT19921200010020100 00000g 2500 00000  
HPD02877800HPCPHT19921200040031900 00010  2100 00010  2500 00020  
HPD02877800HPCPHT19921200050020200 00010  2500 00010  
HPD02877800HPCPHT19921200080040400 00010  0500 00010  0700 00010  2500 00030  
HPD02877800HPCPHT19921200120021100 00010  2500 00010  
HPD02877800HPCPHT19921200270022400 00020  2500 00020  
HPD02877800HPCPHT19921200280060300 00010  0400 00010  0600 00010  0800 00010  1000 00010  2500 00050  
HPD02877800HPCPHT19921200300020300 99999{ 2500 00000P 
HPD02877800HPCPHT19921200310022400 99999} 2500 00000P 
HPD02877800HPCPHT19930100010020100 99999{ 2500 00000P 
HPD02877800HPCPHT19930100200021500 99999} 2500 00000P 
HPD02877800HPCPHT19930100290021800 00010  2500 00010  
HPD02877800HPCPHT19930100300070700 00020  0800 00010  0900 00010  1000 00010  1100 00010  1400 00010  2500 00070  
HPD02877800HPCPHT19930100310021400 00010  2500 00010  
HPD02877800HPCPHT19930200010020100 00000g 2500 00000  
HPD02877800HPCPHT19930200080160600 00010  0700 00010  0800 00010  0900 00010  1000 00010  1100 00010  1200 00010  1300 00010  1400 00010  1500 00020  1600 00020  1700 00040  1800 00030  2000 00010  2200 00010  2500 00220  
HPD02877800HPCPHT19930200090030400 00010  2300 00010  2500 00020  
HPD02877800HPCPHT19930200180022200 00010  2500 00010  
HPD02877800HPCPHT19930200190040400 00010  0500 00010  1300 00010  2500 00030  
HPD02877800HPCPHT19930200200030200 00010  1500 00010  2500 00020  
HPD02877800HPCPHT19930200240050100 00020  0200 00010  0500 00010  0700 00010  2500 00050  
HPD02877800HPCPHT19930200270051800 00010  2000 00010  2200 00010  2400 00010  2500 00040  
HPD02877800HPCPHT19930200280020400 00010  2500 00010  
HPD02877800HPCPHT19930300010020100 00000g 2500 00000  
HPD02877800HPCPHT19930300250021200 00010  2500 00010  
HPD02877800HPCPHT19930300260031800 00010  2200 00010  2500 00020  
HPD02877800HPCPHT19930300270030200 00010  0700 00010  2500 00020  
HPD02877800HPCPHT19930300280021200 00010  2500 00010  
HPD02877800HPCPHT19930400010020100 00000g 2500 00000  
HPD02877800HPCPHT19930500010020100 00000g 2500 00000  
HPD02877800HPCPHI19930500180041600 00010  1700 00090  1800 00020  2500 00120  
HPD02877800HPCPHI19930600010020100 00000g 2500 00000  
HPD02877800HPCPHT19930600050042200 00010  2300 00010  2400 00010  2500 00030  
HPD02877800HPCPHT19930700010020100 00000g 2500 00000  
HPD02877800HPCPHT19930800010020100 00000g 2500 00000  
HPD02877800HPCPHT19930800060022000 00010  2500 00010  
HPD02877800HPCPHT19930800270022300 00030  2500 00030  
HPD02877800HPCPHT19930800280030100 00060  0300 00010  2500 00070  
HPD02877800HPCPHT19930900010020100 00000g 2500 00000  
HPD02877800HPCPHT19931000010020100 00000g 2500 00000  
HPD02877800HPCPHT19931000060050200 00020  0300 00010  0400 00020  0600 00010  2500 00060  
HPD02877800HPCPHT19931000160022300 00010  2500 00010  
HPD02877800HPCPHT19931000170020100 00010  2500 00010  
HPD02877801HPCPHT19931100010020100 00000g 2500 00000  
HPD02877801HPCPHT19931100040021700 00010  2500 00010  
HPD02877801HPCPHT19931100110021600 00010  2500 00010  
HPD02877801HPCPHT19931100120041100 00010  1300 00010  1400 00010  2500 00030  
HPD02877801HPCPHT19931100140050900 00020  1000 00010  1100 00010  1400 00010  2500 00050  
HPD02877801HPCPHT19931200010020100 00000g 2500 00000  
HPD02877801HPCPHT19940100010020100 00000g 2500 00000  
HPD02877801HPCPHT19940200010020100 00000g 2500 00000  
HPD02877801HPCPHT19940200040021800 00010  2500 00010  
HPD02877801HPCPHT19940200070032000 00010  2200 00010  2500 00020  
HPD02877801HPCPHT19940200080021400 00010  2500 00010  
HPD02877801HPCPHT19940200170021700 00010  2500 00010  
HPD02877801HPCPHT19940200180020900 00010  2500 00010  
HPD02877801HPCPHT19940200190021000 00010  2500 00010  
HPD02877801HPCPHT19940300010020100 00000g 2500 00000  
HPD02877801HPCPHT19940300190061200 00020  1400 00010  1800 00020  1900 00010  2100 00010  2500 00070  
HPD02877801HPCPHT19940300200030100 00010  0800 00010  2500 00020  
HPD02877801HPCPHT19940300270031000 00010  1100 00010  2500 00020  
HPD02877801HPCPHT19940400010020100 00000g 2500 00000  
HPD02877801HPCPHT19940400030021500 00010  2500 00010  
HPD02877801HPCPHT19940400040022000 00010  2500 00010  
HPD02877801HPCPHT19940400110021200 00000  2500 00000  
HPD02877801HPCPHT19940400240021600 00020  2500 00020  
HPD02877801HPCPHT19940400260021700 00010  2500 00010  
HPD02877801HPCPHT19940400270021200 00010  2500 00010  
HPD02877801HPCPHT19940400280030900 00010  1400 00010  2500 00020  
HPD02877801HPCPHT19940500010030100 00000g 1400 00010  2500 00010  
HPD02877801HPCPHT19940500020022000 00010  2500 00010  
HPD02877801HPCPHT19940500060021700 00010  2500 00010  
HPD02877801HPCPHT19940500080021500 00010  2500 00010  
HPD02877801HPCPHT19940500090022300 00010  2500 00010  
HPD02877801HPCPHT19940500100021600 00010  2500 00010  
HPD02877801HPCPHT19940500250050400 00010  0600 00010  0800 00020  0900 00020  2500 00060  
HPD02877801HPCPHT19940600010020100 00000g 2500 00000  
HPD02877801HPCPHT19940700010020100 00000g 2500 00000  
HPD02877801HPCPHT19940700190031400 00010  1600 00030  2500 00040  
HPD02877801HPCPHT19940700200030500 00010  1800 00000  2500 00010  
HPD02877801HPCPHT19940800010020100 00000g 2500 00000  
HPD02877801HPCPHT19940800040021600 99999{ 2500 00000P 
HPD02877801HPCPHT19940800310022400 99999} 2500 00000P 
HPD02877801HPCPHT19940900010020100 99999{ 2500 00000P 
HPD02877801HPCPHT19940900150021100 99999} 2500 00000P 
HPD02877801HPCPHT19940900200031400 00010  1700 00030  2500 00040  
HPD02877801HPCPHT19940900210020100 00010  2500 00010  
HPD02877801HPCPHT19941000010020100 00000g 2500 00000  
HPD02877801HPCPHT19941000050021500 00010  2500 00010  
HPD02877801HPCPHT19941000150030800 00020  0900 00020  2500 00040  
HPD02877801HPCPHT19941100010020100 00000g 2500 00000  
HPD02877801HPCPHT19941100030030200 00040  0400 00010  2500 00050  
HPD02877801HPCPHT19941100060021200 00010  2500 00010  
HPD02877801HPCPHT19941100080030200 00010  1100 99999{ 2500 00010P 
HPD02877801HPCPHT19941100300022400 99999} 2500 00000P 
HPD02877801HPCPHT19941200010020100 99999{ 2500 00000P 
HPD02877801HPCPHT19941200070021300 99999} 2500 00000P 
HPD02877801HPCPHT19941200240021100 00010  2500 00010  
HPD02877801HPCPHT19941200250060200 00020  0300 00010  0400 00010  0600 00010  2000 00010  2500 00060  
HPD02877801HPCPHT19941200260021000 00010  2500 00010  
HPD02877801HPCPHT19941200290021300 99999[ 2500 00000I 
HPD02877801HPCPHT19941200310022400 99999] 2500 00000I 
HPD02877801HPCPHT19950100010020100 99999[ 2500 00000I 
HPD02877801HPCPHT19950100100031300 99999] 2300 00010  2500 00010I 
HPD02877801HPCPHT19950100110041800 00010  2200 00010  2300 00020  2500 00040  
HPD02877801HPCPHT19950100120021100 00010  2500 00010  
HPD02877801HPCPHT19950100150021200 00010  2500 00010  
HPD02877801HPCPHT19950100160022400 00010  2500 00010  
HPD02877801HPCPHT19950100170030100 00010  1000 00030  2500 00040  
HPD02877801HPCPHT19950100210020800 00010  2500 00010  
HPD02877801HPCPHT19950100250051400 00010  1500 00020  1800 00010  1900 00020  2500 00060  
HPD02877801HPCPHT19950100260020800 00010  2500 00010  
HPD02877801HPCPHT19950200010020100 00000g 2500 00000  
HPD02877801HPCPHT19950200130022100 00010  2500 00010  
HPD02877801HPCPHT19950200140071200 00010  1900 00010  2000 00020  2100 00030  2200 00010  2300 00010  2500 00090  
HPD02877801HPCPHT19950200150030100 00010  0300 00010  2500 00020  
HPD02877801HPCPHT19950200210022000 00010  2500 00010  
HPD02877801HPCPHT19950200280031200 00010  2400 00020  2500 00030  
HPD02877801HPCPHT19950300010040100 00010  1400 00010  1500 00010  2500 00030  
HPD02877801HPCPHT19950300050031800 00010  2000 00010  2500 00020  
HPD02877801HPCPHT19950300060040100 00010  0300 00020  0400 00010  2500 00040  
HPD02877801HPCPHT19950300110070900 00010  1000 00010  1100 00010  1300 00010  1700 00010  2200 00010  2500 00060  
HPD02877801HPCPHT19950300210021900 00010  2500 00010  
HPD02877801HPCPHT19950300230021800 00010  2500 00010  
HPD02877801HPCPHT19950400010020100 00000g 2500 00000  
HPD02877801HPCPHT19950400160031500 00020  1800 00010  2500 00030  
HPD02877801HPCPHT19950400180021000 00010  2500 00010  
HPD02877801HPCPHT19950500010020100 00000g 2500 00000  
HPD02877801HPCPHT19950500080021000 99999[ 2500 00000I 
HPD02877801HPCPHT19950500310022400 99999] 2500 00000I 
HPD02877801HPCPHT19950600010020100 99999[ 2500 00000I 
HPD02877801HPCPHT19950600050021500 99999] 2500 00000I 
HPD02877801HPCPHT19950600260021600 00010  2500 00010  
HPD02877801HPCPHT19950700010020100 00000g 2500 00000  
HPD02877801HPCPHT19950700130091100 00010  1200 00030  1300 00010  1400 00120  1500 00070  1600 00010  1700 00010  2000 00010  2500 00270  
HPD02877801HPCPHT19950700310021800 00010  2500 00010  
HPD02877801HPCPHT19950800010020100 00000g 2500 00000  
HPD02877801HPCPHT19950800130021400 00010  2500 00010  
HPD02877801HPCPHT19950800150041500 00020  1900 00010  2000 00010  2500 00040  
HPD02877801HPCPHT19950800160021100 00010  2500 00010  
HPD02877801HPCPHT19950800230021800 00010  2500 00010  
HPD02877801HPCPHT19950900010020100 00000g 2500 00000  
HPD02877801HPCPHT19950900020021200 00010  2500 00010  
HPD02877801HPCPHT19950900060031900 00010  2300 00010  2500 00020  
HPD02877801HPCPHT19951000010020100 00000g 2500 00000  
HPD02877801HPCPHT19951000310022400 00000  2500 00000  
HPD02877801HPCPHT19951100010020100 00000g 2500 00000  
HPD02877801HPCPHT19951100300022400 00000  2500 00000  
HPD02877801HPCPHT19951200010020100 00000g 2500 00000  
HPD02877801HPCPHT19951200140020300 00010  2500 00010  
HPD02877801HPCPHT19960100010020100 00000g 2500 00000  
HPD02877801HPCPHT19960100130030700 99999{ 1200 99999} 2500 00000P 
HPD02877801HPCPHT19960100220021600 00010  2500 00010  
HPD02877801HPCPHT19960100310022300 00010  2500 00010  
HPD02877801HPCPHT19960200010040100 00010  0600 00010  1200 00010  2500 00030  
HPD02877801HPCPHT19960200130020700 00010  2500 00010  
HPD02877801HPCPHT19960200210041900 00010  2000 00010  2100 00010  2500 00030  
HPD02877801HPCPHT19960200220021300 00010  2500 00010  
HPD02877801HPCPHT19960200250041500 00010  1900 00010  2000 00010  2500 00030  
HPD02877801HPCPHT19960200260020100 00010  2500 00010  
HPD02877801HPCPHT19960200280020200 00010  2500 00010  
HPD02877801HPCPHT19960300010020100 00000g 2500 00000  
HPD02877801HPCPHT19960300130030200 00010  0900 00010  2500 00020  
HPD02877801HPCPHT19960400010020100 00000g 2500 00000  
HPD02877801HPCPHT19960500010020100 00000g 2500 00000  
HPD02877801HPCPHT19960600010020100 00000g 2500 00000  
HPD02877801HPCPHT19960600030021100 99999{ 2500 00000P 
HPD02877801HPCPHT19960600300022400 99999} 2500 00000P 
HPD02877801HPCPHT19960700010020100 99999{ 2500 00000P 
HPD02877801HPCPHT19960700070041100 99999} 1300 00040  1400 00020  2500 00060P 
HPD02877801HPCPHT19960700080021000 00010  2500 00010  
HPD02877801HPCPHT19960700110021500 00010  2500 00010  
HPD02877801HPCPHT19960700120021700 00010  2500 00010  
HPD02877801HPCPHT19960700140031800 00010  2000 00060  2500 00070  
HPD02877801HPCPHT19960700250022100 00010  2500 00010  
HPD02877801HPCPHT19960700260020200 99999{ 2500 00000P 
HPD02877801HPCPHT19960700290020100 99999} 2500 00000P 
HPD02877801HPCPHT19960800010020100 00000g 2500 00000  
HPD02877801HPCPHT19960800020021500 00010  2500 00010  
HPD02877801HPCPHT19960800200031400 00050  1500 00030  2500 00080  
HPD02877801HPCPHT19960800250021500 00010  2500 00010  
HPD02877801HPCPHT19960900010020100 00000g 2500 00000  
HPD02877801HPCPHT19960900050031300 00030  1400 00020  2500 00050  
HPD02877801HPCPHT19960900080022400 00010  2500 00010  
HPD02877801HPCPHT19961000010020100 00000g 2500 00000  
HPD02877801HPCPHT19961000140031000 99999[ 1100 99999] 2500 00000I 
HPD02877801HPCPHT19961000250020800 00010  2500 00010  
HPD02877801HPCPHT19961000300032200 00010  2300 00010  2500 00020  
HPD02877801HPCPHT19961100010020100 00000g 2500 00000  
HPD02877801HPCPHT19961100050021000 99999{ 2500 00000P 
HPD02877801HPCPHT19961100300022400 99999} 2500 00000P 
HPD02877801HPCPHT19961200010020100 99999{ 2500 00000P 
HPD02877801HPCPHT19961200050021600 99999} 2500 00000P 
HPD02877801HPCPHT19961200090032300 00010  2400 00010  2500 00020  
HPD02877801HPCPHT19961200100020800 00010  2500 00010  
HPD02877801HPCPHT19970100010020100 00000g 2500 00000  
HPD02877801HPCPHT19970100110021600 00010  2500 00010  
HPD02877801HPCPHT19970100120051900 00010  2000 00010  2100 00010  2200 00010  2500 00040  
HPD02877801HPCPHT19970100130090100 00010  0300 00010  0600 00010  1100 00010  1200 00010  1400 00010  2200 00010  2300 00010  2500 00080  
HPD02877801HPCPHT19970100140020500 00010  2500 00010  
HPD02877801HPCPHT19970100260050400 00010  0900 00010  1200 00010  1400 00010  2500 00040  
HPD02877801HPCPHT19970200010020100 00000g 2500 00000  
HPD02877801HPCPHT19970200170021500 00010  2500 00010  
HPD02877801HPCPHT19970200270071400 00010  1500 00010  1700 00010  1900 00010  2100 00010  2200 00030  2500 00080  
HPD02877801HPCPHT19970200280021100 00010  2500 00010  
HPD02877801HPCPHT19970300010020100 00000g 2500 00000  
HPD02877801HPCPHT19970300310021300 00010  2500 00010  
HPD02877801HPCPHT19970400010020100 00000g 2500 00000  
HPD02877801HPCPHT19970400020021000 00010  2500 00010  
HPD02877801HPCPHT19970400030030900 00010  1100 00010  2500 00020  
HPD02877801HPCPHT19970500010020100 00000g 2500 00000  
HPD02877801HPCPHT19970500100021600 00010  2500 00010  
HPD02877801HPCPHT19970500200021000 00010  2500 00010  
HPD02877801HPCPHT19970600010020100 00000g 2500 00000  
HPD02877801HPCPHT19970600100021600 00010  2500 00010  
HPD02877801HPCPHT19970600150020800 00010  2500 00010  
HPD02877801HPCPHT19970600180021200 00010  2500 00010  
HPD02877801HPCPHT19970700010020100 99999[ 2500 00000I 
HPD02877801HPCPHT19970700070021800 99999] 2500 00000I 
HPD02877801HPCPHT19970700140021500 00010  2500 00010  
HPD02877801HPCPHT19970700200021500 00010  2500 00010  
HPD02877801HPCPHT19970700230021200 00020  2500 00020  
HPD02877801HPCPHT19970700290020900 00010  2500 00010  
HPD02877801HPCPHT19970800010020100 00000g 2500 00000  
HPD02877801HPCPHT19970800030021800 00010  2500 00010  
HPD02877801HPCPHT19970800140031100 99999{ 1200 99999} 2500 00000P 
HPD02877801HPCPHT19970800280021900 00010  2500 00010  
HPD02877801HPCPHT19970900010050100 00000g 1700 00010  2200 00010  2400 00010  2500 00030  
HPD02877801HPCPHT19970900020021700 99999{ 2500 00000P 
HPD02877801HPCPHT19970900300022400 99999} 2500 00000P 
HPD02877801HPCPHT19971000010020100 99999{ 2500 00000P 
HPD02877801HPCPHT19971000310022400 99999} 2500 00000P 
HPD02877801HPCPHT19971100010020100 99999{ 2500 00000P 
HPD02877801HPCPHT19971100180032100 99999} 2200 99999{ 2500 00000P 
HPD02877801HPCPHT19971100300022400 99999} 2500 00000P 
HPD02877801HPCPHT19971200010020100 99999{ 2500 00000P 
HPD02877801HPCPHT19971200110031600 99999} 1700 99999{ 2500 00000P 
HPD02877801HPCPHT19971200310022400 99999} 2500 00000P 
HPD02877801HPCPHT19980100010030100 00000g 0200 99999{ 2500 00000P 
HPD02877801HPCPHT19980100310022400 99999} 2500 00000P 
HPD02877801HPCPHT19980200010020100 99999{ 2500 00000P 
HPD02877801HPCPHT19980200090021700 99999} 2500 00000P 
HPD02877801HPCPHT19980200140071500 00010  1900 00010  2100 00010  2200 00020  2300 00030  2400 00010  2500 00090  
HPD02877801HPCPHT19980200150020300 00020  2500 00020  
HPD02877801HPCPHT19980200170021600 00010  2500 00010  
HPD02877801HPCPHT19980200180020300 00010  2500 00010  
HPD02877801HPCPHT19980200200040600 00010  1100 00010  1300 00010  2500 00030  
HPD02877801HPCPHT19980200220022200 00010  2500 00010  
HPD02877801HPCPHT19980200240060800 00010  1400 00010  1600 00010  1700 00010  1900 00010  2500 00050  
HPD02877801HPCPHT19980300010020100 00000g 2500 00000  
HPD02877801HPCPHT19980300060031700 00010  2400 00010  2500 00020  
HPD02877801HPCPHT19980300070021200 00010  2500 00010  
HPD02877801HPCPHT19980300160041500 00010  2100 00010  2200 00010  2500 00030  
HPD02877801HPCPHT19980300180020200 00010  2500 00010  
HPD02877801HPCPHT19980300260060300 00010  0400 00010  0700 00010  1000 00010  1400 00010  2500 00050  
HPD02877801HPCPHT19980300280051400 00010  1500 00010  1600 00010  1800 00020  2500 00050  
HPD02877801HPCPHT19980300290030300 00010  1700 00010  2500 00020  
HPD02877801HPCPHT19980400010030100 00000g 1100 00010  2500 00010  
HPD02877801HPCPHT19980400020020900 00010  2500 00010  
HPD02877801HPCPHT19980400120030400 00010  1000 00010  2500 00020  
HPD02877801HPCPHT19980400230021100 00010  2500 00010  
HPD02877801HPCPHT19980400250021700 00010  2500 00010  
HPD02877801HPCPHT19980500010020100 00000g 2500 00000  
HPD02877801HPCPHT19980500070022400 00010  2500 00010  
HPD02877801HPCPHT19980500130030500 00010  0600 00010  2500 00020  
HPD02877801HPCPHT19980500170021800 00010  2500 00010  
HPD02877801HPCPHT19980600010020100 00000g 2500 00000  
HPD02877801HPCPHT19980600120022300 00010  2500 00010  
HPD02877801HPCPHT19980700010030100 00000g 0300 00010  2500 00010  
HPD02877801HPCPHT19980700060031800 00020  1900 00020  2500 00040  
HPD02877801HPCPHT19980700070020100 00010  2500 00010  
HPD02877801HPCPHT19980700170021700 00060  2500 00060  
HPD02877801HPCPHT19980700210031700 00110  1900 00010  2500 00120  
HPD02877801HPCPHT19980700230031100 99999{ 1200 99999} 2500 00000P 
HPD02877801HPCPHT19980700240021500 00010  2500 00010  
HPD02877801HPCPHT19980800010020100 00000g 2500 00000  
HPD02877801HPCPHT19980800130031600 00010  1700 00010  2500 00020  
HPD02877801HPCPHT19980800140021600 00010  2500 00010  
HPD02877801HPCPHT19980800150031800 00070  1900 00010  2500 00080  
HPD02877801HPCPHT19980800160020100 00010  2500 00010  
HPD02877801HPCPHT19980800260020800 00010  2500 00010  
HPD02877801HPCPHT19980800300022400 00010  2500 00010  
HPD02877801HPCPHT19980800310040100 00010  0200 00010  0300 00010  2500 00030  
HPD02877801HPCPHT19980900010030100 00000g 1600 00010  2500 00010  
HPD02877801HPCPHT19980900020022300 00010  2500 00010  
HPD02877801HPCPHT19980900050020400 00010  2500 00010  
HPD02877801HPCPHT19980900060030100 00010  1400 00010  2500 00020  
HPD02877801HPCPHT19980900070021800 00010  2500 00010  
HPD02877801HPCPHT19980900080031500 00010  1600 00010  2500 00020  
HPD02877801HPCPHT19980900100022100 00010  2500 00010  
HPD02877801HPCPHT19980900110041100 00010  1700 00030  1900 00010  2500 00050  
HPD02877801HPCPHT19981000010020100 00000g 2500 00000  
HPD02877801HPCPHT19981000020021000 99999[ 2500 00000I 
HPD02877801HPCPHT19981000310022400 99999] 2500 00000I 
HPD02877801HPCPHT19981100010030100 99999[ 2400 99999] 2500 00000I 
HPD02877801HPCPHT19981100020020100 99999{ 2500 00000P 
HPD02877801HPCPHT19981100300022400 99999} 2500 00000P 
HPD02877801HPCPHT19981200010020100 99999[ 2500 00000I 
HPD02877801HPCPHT19981200080022400 99999] 2500 00000I 
HPD02877801HPCPHT19981200090020100 99999{ 2500 00000P 
HPD02877801HPCPHT19981200310022400 99999} 2500 00000P 
