HPD02563503HPCPHT20080100010020100 99999[ 2500 00000I 
HPD02563503HPCPHT20080100080020500 99999] 2500 00000I 
HPD02563503HPCPHT20080100260021600 00010  2500 00010  
HPD02563503HPCPHT20080100270110900 00010  1100 00010  1200 00010  1300 00010  1400 00020  1600 00010  1700 00020  1900 00010  2000 00010  2400 00010  2500 00120  
HPD02563503HPCPHT20080200010020100 00000g 2500 00000  
HPD02563503HPCPHT20080200030022200 00010  2500 00010  
HPD02563503HPCPHT20080200040030100 00010  0400 00010  2500 00020  
HPD02563503HPCPHT20080200060021700 00010  2500 00010  
HPD02563503HPCPHT20080200170021600 00010  2500 00010  
HPD02563503HPCPHT20080200200032300 00010  2400 00010  2500 00020  
HPD02563503HPCPHT20080200220031400 00010  2300 00010  2500 00020  
HPD02563503HPCPHT20080200230020900 00010  2500 00010  
HPD02563503HPCPHT20080200290021700 00010  2500 00010  
HPD02563503HPCPHT20080300010020100 00000g 2500 00000  
HPD02563503HPCPHT20080400010020100 00000g 2500 00000  
HPD02563503HPCPHT20080500010020100 00000g 2500 00000  
HPD02563503HPCPHT20080500090021400 99999[ 2500 00000I 
HPD02563503HPCPHT20080500310022400 99999] 2500 00000I 
HPD02563503HPCPHT20080600010020100 00000g 2500 00000  
HPD02563503HPCPHT20080700010020100 00000g 2500 00000  
HPD02563503HPCPHT20080700040031800 00030  2000 00010  2500 00040  
HPD02563503HPCPHT20080700100021800 00010  2500 00010  
HPD02563503HPCPHT20080700130022200 00010  2500 00010  
HPD02563503HPCPHT20080700190031300 00010  1700 00010  2500 00020  
HPD02563503HPCPHT20080700200032000 00060  2100 00010  2500 00070  
HPD02563503HPCPHT20080700240022300 00010  2500 00010  
HPD02563503HPCPHT20080700260021700 00020  2500 00020  
HPD02563503HPCPHT20080700310021500 00010  2500 00010  
HPD02563503HPCPHT20080800010020100 00000g 2500 00000  
HPD02563503HPCPHT20080800050021800 00010  2500 00010  
HPD02563503HPCPHT20080800080021700 00010  2500 00010  
HPD02563503HPCPHT20080800120021900 00010  2500 00010  
HPD02563503HPCPHT20080800150031900 00010  2000 00030  2500 00040  
HPD02563503HPCPHT20080800160022100 00010  2500 00010  
HPD02563503HPCPHT20080800170031900 00020  2000 00010  2500 00030  
HPD02563503HPCPHT20080800180020800 00010  2500 00010  
HPD02563503HPCPHT20080800250040600 00020  1900 00010  2100 00010  2500 00040  
HPD02563503HPCPHT20080800270022000 00010  2500 00010  
HPD02563503HPCPHT20080800290021500 00010  2500 00010  
HPD02563503HPCPHT20080800310032000 00020  2400 00010  2500 00030  
HPD02563503HPCPHT20080900010020100 00000g 2500 00000  
HPD02563503HPCPHT20080900060021900 00010  2500 00010  
HPD02563503HPCPHT20080900090022300 00010  2500 00010  
HPD02563503HPCPHT20080900100030100 00010  2300 00020  2500 00030  
HPD02563503HPCPHT20080900110021600 00010  2500 00010  
HPD02563503HPCPHT20080900220031200 00010  1500 00010  2500 00020  
HPD02563503HPCPHT20081000010020100 00000g 2500 00000  
HPD02563503HPCPHT20081100010020100 00000g 2500 00000  
HPD02563503HPCPHT20081100070021800 00010  2500 00010  
HPD02563503HPCPHT20081100100020100 00010  2500 00010  
HPD02563503HPCPHT20081100170031200 00010  1400 00010  2500 00020  
HPD02563503HPCPHT20081100240031400 00010  1600 00010  2500 00020  
HPD02563503HPCPHT20081100260022000 00010  2500 00010  
HPD02563503HPCPHT20081100270090200 00010  0300 00010  0400 00010  0500 00010  0700 00010  0800 00010  1000 00010  1300 00010  2500 00080  
HPD02563503HPCPHT20081100280030400 00010  1300 00010  2500 00020  
HPD02563503HPCPHT20081200010020100 00000g 2500 00000  
HPD02563503HPCPHT20081200030021900 00010  2500 00010  
HPD02563503HPCPHT20081200080021100 00010  2500 00010  
HPD02563503HPCPHT20081200150022000 00010  2500 00010  
HPD02563503HPCPHT20081200160050800 00010  1300 00010  1400 00010  1600 00010  2500 00040  
HPD02563503HPCPHT20081200170051000 00010  1400 00010  2200 00010  2400 00010  2500 00040  
HPD02563503HPCPHT20081200180030400 00010  1100 00010  2500 00020  
HPD02563503HPCPHT20081200220020800 00010  2500 00010  
HPD02563503HPCPHT20081200240022400 00010  2500 00010  
HPD02563503HPCPHT20081200250050100 00010  0500 00010  2200 00010  2400 00010  2500 00040  
HPD02563503HPCPHT20081200260030100 00010  0200 00020  2500 00030  
