HPD02787604HPCPHT20060100010020100 00000g 2500 00000  
HPD02787604HPCPHT20060200010020100 00000g 2500 00000  
HPD02787604HPCPHT20060300010020100 00000g 2500 00000  
HPD02787604HPCPHT20060300190031300 00010  2300 00010  2500 00020  
HPD02787604HPCPHT20060300210031500 00010  1900 00020  2500 00030  
HPD02787604HPCPHT20060300280021200 00010  2500 00010  
HPD02787604HPCPHT20060300290021200 00010  2500 00010  
HPD02787604HPCPHT20060300310021400 00010  2500 00010  
HPD02787604HPCPHT20060400010030100 00000g 0300 00010  2500 00010  
HPD02787604HPCPHT20060400050020700 00010  2500 00010  
HPD02787604HPCPHT20060400070021400 00010  2500 00010  
HPD02787604HPCPHT20060500010020100 00000g 2500 00000  
HPD02787604HPCPHT20060500160021600 00050  2500 00050  
HPD02787604HPCPHT20060500180021600 00010  2500 00010  
HPD02787604HPCPHT20060500310021600 00010  2500 00010  
HPD02787604HPCPHT20060600010030100 00000g 1400 00010  2500 00010  
HPD02787604HPCPHT20060600250031600 00010  1700 00020  2500 00030  
HPD02787604HPCPHT20060600270021600 00060  2500 00060  
HPD02787604HPCPHT20060600290031500 00060  1600 00010  2500 00070  
HPD02787604HPCPHT20060600300031800 00030  2400 00010  2500 00040  
HPD02787604HPCPHT20060700010020100 00000g 2500 00000  
HPD02787604HPCPHT20060700020021500 00010  2500 00010  
HPD02787604HPCPHT20060700040022100 00030  2500 00030  
HPD02787604HPCPHT20060700060021400 00010  2500 00010  
HPD02787604HPCPHT20060700120030600 00010  0800 00030  2500 00040  
HPD02787604HPCPHT20060700130020800 00020  2500 00020  
HPD02787604HPCPHT20060700280050200 00020  0300 00040  0400 00020  0800 00010  2500 00090  
HPD02787604HPCPHT20060800010020100 00000g 2500 00000  
HPD02787604HPCPHT20060800030020700 99999{ 2500 00000P 
HPD02787604HPCPHT20060800040022400 99999} 2500 00000P 
HPD02787604HPCPHT20060800080021400 99999[ 2500 00000I 
HPD02787604HPCPHT20060800310022400 99999] 2500 00000I 
HPD02787604HPCPHT20060900010020100 99999[ 2500 00000I 
HPD02787604HPCPHT20060900030030600 99999] 1300 00010  2500 00010I 
HPD02787604HPCPHT20060900070031200 00020  2400 00010  2500 00030  
HPD02787604HPCPHT20060900110031900 00020  2000 00010  2500 00030  
HPD02787604HPCPHT20060900130031000 00020  1200 00010  2500 00030  
HPD02787604HPCPHT20060900140021300 00010  2500 00010  
HPD02787604HPCPHT20061000010030100 00000g 1000 00010  2500 00010  
HPD02787604HPCPHT20061000050031600 00010  2400 00030  2500 00040  
HPD02787604HPCPHT20061000060070500 00010  0600 00010  0700 00020  0800 00010  1000 00010  1200 00010  2500 00070  
HPD02787604HPCPHT20061000080041500 00020  2000 00010  2300 00030  2500 00060  
HPD02787604HPCPHT20061000090020900 00010  2500 00010  
HPD02787604HPCPHT20061000120021500 00010  2500 00010  
HPD02787604HPCPHT20061000150021100 00010  2500 00010  
HPD02787604HPCPHT20061000200021600 00010  2500 00010  
HPD02787604HPCPHT20061000230021400 00010  2500 00010  
HPD02787604HPCPHT20061100010020100 00000g 2500 00000  
HPD02787604HPCPHT20061200010020100 00000g 2500 00000  
HPD02787604HPCPHT20061200220021600 00010  2500 00010  
HPD02787604HPCPHT20061200280021200 00040 Z2500 00040 Z
