HPD02770802HPCPHT20050100010020100 00000g 2500 00000  
HPD02770802HPCPHT20050100030101300 00010  1500 00010  1600 00010  1700 00010  1800 00010  2000 00010  2100 00020  2300 00090  2400 99999{ 2500 00170P 
HPD02770802HPCPHT20050100060031600 99999} 1700 99999[ 2500 00000P 
HPD02770802HPCPHT20050100100031400 99999] 2300 00010  2500 00010I 
HPD02770802HPCPHT20050100110041000 00010  1500 00010  1800 00010  2500 00030  
HPD02770802HPCPHT20050100120021800 99999{ 2500 00000P 
HPD02770802HPCPHT20050100310022400 99999} 2500 00000P 
HPD02770802HPCPHT20050200010020100 99999{ 2500 00000P 
HPD02770802HPCPHT20050200020031200 99999} 1300 99999{ 2500 00000P 
HPD02770802HPCPHT20050200280022400 99999} 2500 00000P 
HPD02770802HPCPHT20050300010020100 99999{ 2500 00000P 
HPD02770802HPCPHT20050300070022000 99999} 2500 00000P 
HPD02770802HPCPHT20050300140040900 00010  1000 00020  1100 00010  2500 00040  
HPD02770802HPCPHT20050300190130500 00010  0600 00010  0700 00010  0800 00010  1000 00010  1100 00010  1200 00010  1300 00010  1500 00010  1600 00010  1800 00010  2100 00010  2500 00120  
HPD02770802HPCPHT20050300250050100 00010  0700 00010  1300 00010  1600 00010  2500 00040  
HPD02770802HPCPHT20050400010020100 00000g 2500 00000  
HPD02770802HPCPHT20050400090040700 00010  1300 00010  1600 00010  2500 00030  
HPD02770802HPCPHT20050400230022400 00020  2500 00020  
HPD02770802HPCPHT20050400240060100 00030  0200 00010  0700 00010  1000 00010  1200 00010  2500 00070  
HPD02770802HPCPHT20050400250040200 00010  1600 00010  2100 00010  2500 00030  
HPD02770802HPCPHT20050400280021600 00010  2500 00010  
HPD02770802HPCPHT20050400290021200 00010  2500 00010  
HPD02770802HPCPHT20050500010020100 00000g 2500 00000  
HPD02770802HPCPHT20050600010020100 00000g 2500 00000  
HPD02770802HPCPHT20050600120020800 00010  2500 00010  
HPD02770802HPCPHT20050600210031100 00010  1700 00010  2500 00020  
HPD02770802HPCPHT20050600220020900 00010  2500 00010  
HPD02770802HPCPHT20050700010020100 00000g 2500 00000  
HPD02770802HPCPHT20050700190021900 00010  2500 00010  
HPD02770802HPCPHT20050700220030100 00020  0200 00010  2500 00030  
HPD02770802HPCPHT20050700230031600 00020  2400 00010  2500 00030  
HPD02770802HPCPHT20050700240040100 00010  0200 00010  0300 00010  2500 00030  
HPD02770802HPCPHT20050700260031700 00010  1800 00010  2500 00020  
HPD02770802HPCPHT20050700270021000 00010  2500 00010  
HPD02770802HPCPHT20050700300041600 00020  1800 00010  2100 00010  2500 00040  
HPD02770802HPCPHT20050800010060100 00000g 1300 00020  1400 00010  2300 00010  2400 00020  2500 00060  
HPD02770802HPCPHT20050800020021700 00020  2500 00020  
HPD02770802HPCPHT20050800060021600 00010  2500 00010  
HPD02770802HPCPHT20050800080031700 00040  1800 00010  2500 00050  
HPD02770802HPCPHT20050800090032000 00010  2100 00040  2500 00050  
HPD02770802HPCPHT20050800100040600 00010  1300 00020  1800 00010  2500 00040  
HPD02770802HPCPHT20050800110031600 00040  1700 00010  2500 00050  
HPD02770802HPCPHT20050800140021700 00010  2500 00010  
HPD02770802HPCPHT20050800190022100 00010  2500 00010  
HPD02770802HPCPHT20050800240021000 00010  2500 00010  
HPD02770802HPCPHT20050800310021300 00010  2500 00010  
HPD02770802HPCPHT20050900010020100 00000g 2500 00000  
HPD02770802HPCPHT20050900020021400 00010  2500 00010  
HPD02770802HPCPHT20051000010020100 00000g 2500 00000  
HPD02770802HPCPHT20051000170022000 00010  2500 00010  
HPD02770802HPCPHT20051000180060300 00040  0700 00040  0800 00010  1300 00020  1400 00020  2500 00130  
HPD02770802HPCPHT20051100010020100 00000g 2500 00000  
HPD02770802HPCPHT20051200010020100 00000g 2500 00000  
