HPD02632304HPCPHT20040100010020100 00000g 2500 00000  
HPD02632304HPCPHT20040100030041000 00010  1100 00010  1300 00010  2500 00030  
HPD02632304HPCPHT20040100040021100 00010  2500 00010  
HPD02632304HPCPHT20040100230021100 00010  2500 00010  
HPD02632304HPCPHT20040100250030700 00010  1500 00010  2500 00020  
HPD02632304HPCPHT20040200010030100 00000g 1300 00010  2500 00010  
HPD02632304HPCPHT20040200040021200 00010  2500 00010  
HPD02632304HPCPHT20040200050021100 00010  2500 00010  
HPD02632304HPCPHT20040200230060700 00020  0800 00010  1000 00010  1200 00010  1700 00010  2500 00060  
HPD02632304HPCPHT20040200250021200 00010  2500 00010  
HPD02632304HPCPHT20040200270031400 00010  1800 00010  2500 00020  
HPD02632304HPCPHT20040200280021100 00010  2500 00010  
HPD02632304HPCPHT20040200290021200 00010  2500 00010  
HPD02632304HPCPHT20040300010020100 00000g 2500 00000  
HPD02632304HPCPHT20040300050020700 00010  2500 00010  
HPD02632304HPCPHT20040300120041200 00010  1900 00020  2100 00010  2500 00040  
HPD02632304HPCPHT20040300130021100 00010  2500 00010  
HPD02632304HPCPHT20040400010040100 00000g 0800 99999[ 1500 99999] 2500 00000I 
HPD02632304HPCPHT20040400020110500 00010  0600 00010  0700 00010  0800 00010  0900 00010  1000 00010  1200 00010  1300 00010  1600 00010  2100 00010  2500 00100  
HPD02632304HPCPHT20040400030030100 00010  1100 00010  2500 00020  
HPD02632304HPCPHT20040400040021100 00010  2500 00010  
HPD02632304HPCPHT20040400050021600 00010  2500 00010  
HPD02632304HPCPHT20040400070021800 00010  2500 00010  
HPD02632304HPCPHT20040400080020900 00010  2500 00010  
HPD02632304HPCPHT20040400100031500 00010  1700 00010  2500 00020  
HPD02632304HPCPHT20040500010040100 00000g 0800 99999[ 1500 99999] 2500 00000I 
HPD02632304HPCPHT20040500260031200 99999{ 1400 99999} 2500 00000P 
HPD02632304HPCPHT20040600010020100 00000g 2500 00000  
HPD02632304HPCPHT20040700010040100 00000g 0800 99999[ 1400 99999] 2500 00000I 
HPD02632304HPCPHT20040700130041900 00070  2000 00080  2300 00010  2500 00160  
HPD02632304HPCPHT20040700140041400 00010  1500 00080  2400 00010  2500 00100  
HPD02632304HPCPHT20040700150021800 00030  2500 00030  
HPD02632304HPCPHT20040700160031600 00050  1700 00070  2500 00120  
HPD02632304HPCPHT20040700170020900 00010  2500 00010  
HPD02632304HPCPHT20040700190021500 00010  2500 00010  
HPD02632304HPCPHT20040700210021900 00010  2500 00010  
HPD02632304HPCPHT20040700220021100 00010  2500 00010  
HPD02632304HPCPHT20040700230051900 00020  2000 00020  2100 00010  2200 00010  2500 00060  
HPD02632304HPCPHT20040700240021300 00010  2500 00010  
HPD02632304HPCPHT20040700250022400 00080  2500 00080  
HPD02632304HPCPHT20040700260030100 00010  0400 00010  2500 00020  
HPD02632304HPCPHT20040700310030900 99999{ 2400 99999} 2500 00000P 
HPD02632304HPCPHT20040800010050100 99999{ 0800 99999} 0900 99999[ 1400 99999] 2500 00000P 
HPD02632304HPCPHT20040800040031600 00010  1900 00010  2500 00020  
HPD02632304HPCPHT20040800050020100 00010  2500 00010  
HPD02632304HPCPHT20040800060021100 00010  2500 00010  
HPD02632304HPCPHT20040800090031900 00010  2200 00010  2500 00020  
HPD02632304HPCPHT20040800100021000 00010  2500 00010  
HPD02632304HPCPHT20040800140031100 00010  2400 00010  2500 00020  
HPD02632304HPCPHT20040800150080100 00010  0200 00010  0900 00010  1900 00020  2100 00010  2200 00010  2300 00010  2500 00080  
HPD02632304HPCPHT20040800180021900 00010  2500 00010  
HPD02632304HPCPHT20040800190021500 00010  2500 00010  
HPD02632304HPCPHT20040900010040100 00000g 0900 99999[ 1400 99999] 2500 00000I 
HPD02632304HPCPHT20040900040030700 00010  1100 00020  2500 00030  
HPD02632304HPCPHT20040900190180400 00040  0500 00020  0700 00010  0800 00030  0900 00010  1000 00010  1100 00010  1200 00010  1300 00020  1400 00030  1500 00010  1600 00010  1700 00020  1800 00010  2000 00010  2300 00020  2400 00010  2500 00280  
HPD02632304HPCPHT20040900280032200 00020  2300 00010  2500 00030  
HPD02632304HPCPHT20040900290020400 00010  2500 00010  
HPD02632304HPCPHT20041000010040100 00000g 0800 99999[ 1300 99999] 2500 00000I 
HPD02632304HPCPHT20041000210061300 00010  1700 00010  1800 00010  1900 00010  2000 00010  2500 00050  
HPD02632304HPCPHT20041000220021400 00010  2500 00010  
HPD02632304HPCPHT20041000270031100 00010  1400 00010  2500 00020  
HPD02632304HPCPHT20041000280120400 00010  0600 00010  0800 00010  0900 00020  1000 00020  1100 00010  1200 00010  1300 00010  1400 00010  1500 00010  1700 00010  2500 00130  
HPD02632304HPCPHT20041100010020100 00000g 2500 00000  
HPD02632304HPCPHT20041100070032300 00010  2400 00010  2500 00020  
HPD02632304HPCPHT20041100080020200 00010  2500 00010  
HPD02632304HPCPHT20041100140021600 00010  2500 00010  
HPD02632304HPCPHT20041100210120200 00010  0300 00020  0400 00010  0600 00010  1000 00010  1200 00020  1300 00010  1400 00010  1500 00010  1600 00010  2300 00010  2500 00130  
HPD02632304HPCPHT20041100220030800 00010  1200 00010  2500 00020  
HPD02632304HPCPHT20041100230020100 00010  2500 00010  
HPD02632304HPCPHT20041200010020100 00000g 2500 00000  
HPD02632304HPCPHT20041200040041700 00010  1800 00010  2000 00010  2500 00030  
HPD02632304HPCPHT20041200050020200 00010  2500 00010  
HPD02632304HPCPHT20041200060050200 00010  0500 00010  1100 00010  1600 00010  2500 00040  
HPD02632304HPCPHT20041200280032200 00010  2300 00010  2500 00020  
HPD02632304HPCPHT20041200290180100 00010  0200 00010  0300 00010  0400 00010  0500 00030  0600 00020  0700 00020  0800 00010  0900 00020  1000 00010  1100 00020  1200 00020  1300 00010  1400 00030  1700 00010  2200 00010  2400 00010  2500 00260  
