HPD02877801HPCPHT19990100010020100 99999{ 2500 00000P 
HPD02877801HPCPHT19990100040030800 99999} 0900 99999[ 2500 00000P 
HPD02877801HPCPHT19990100060021400 99999] 2500 00000I 
HPD02877801HPCPHT19990100100021100 00010  2500 00010  
HPD02877801HPCPHT19990100250031900 00010  2100 00010  2500 00020  
HPD02877801HPCPHT19990100310021600 00010  2500 00010  
HPD02877801HPCPHT19990200010020100 00000g 2500 00000  
HPD02877801HPCPHT19990200020031200 99999[ 1400 99999] 2500 00000I 
HPD02877801HPCPHT19990200040051300 00010  1700 00010  2000 00010  2300 00010  2500 00040  
HPD02877801HPCPHT19990200050020300 00010  2500 00010  
HPD02877801HPCPHT19990200080021300 00010  2500 00010  
HPD02877801HPCPHT19990300010020100 00000g 2500 00000  
HPD02877801HPCPHT19990300040020500 00010  2500 00010  
HPD02877801HPCPHT19990300160030900 00010  1500 00010  2500 00020  
HPD02877801HPCPHT19990400010020100 00000g 2500 00000  
HPD02877801HPCPHT19990400040021200 00010  2500 00010  
HPD02877801HPCPHT19990500010020100 00000g 2500 00000  
HPD02877801HPCPHT19990600010020100 00000g 2500 00000  
HPD02877801HPCPHT19990600020050100 00010  0800 00010  0900 00010  1200 00010  2500 00040  
HPD02877801HPCPHT19990600040020700 00010  2500 00010  
HPD02877801HPCPHT19990600080022400 00010  2500 00010  
HPD02877801HPCPHT19990700010020100 00000g 2500 00000  
HPD02877801HPCPHT19990700080021400 00010  2500 00010  
HPD02877801HPCPHT19990700140021000 00010  2500 00010  
HPD02877801HPCPHT19990700150030200 00010  0300 00010  2500 00020  
HPD02877801HPCPHT19990700160021400 00050  2500 00050  
HPD02877801HPCPHT19990700180041600 00030  1700 00010  1800 00010  2500 00050  
HPD02877801HPCPHT19990700220021500 00010  2500 00010  
HPD02877801HPCPHT19990700250021600 00010  2500 00010  
HPD02877801HPCPHT19990700270031300 00010  1400 00020  2500 00030  
HPD02877801HPCPHT19990700280021100 00010  2500 00010  
HPD02877801HPCPHT19990700290031300 00030  1400 00010  2500 00040  
HPD02877801HPCPHT19990800010020100 00000g 2500 00000  
HPD02877801HPCPHT19990800050022200 00010  2500 00010  
HPD02877801HPCPHT19990800130021600 00010  2500 00010  
HPD02877801HPCPHT19990800150021200 00010  2500 00010  
HPD02877801HPCPHT19990800200022000 00010  2500 00010  
HPD02877801HPCPHT19990800210021100 00010  2500 00010  
HPD02877801HPCPHT19990800280021700 00010  2500 00010  
HPD02877801HPCPHT19990900010020100 00000g 2500 00000  
HPD02877801HPCPHT19990900110031600 00030  1700 00010  2500 00040  
HPD02877801HPCPHT19990900190021000 00010  2500 00010  
HPD02877801HPCPHT19990900220061000 00010  1100 00010  1700 00010  1900 00010  2400 00010  2500 00050  
HPD02877801HPCPHT19990900230020500 00010  2500 00010  
HPD02877801HPCPHT19991000010020100 00000g 2500 00000  
HPD02877801HPCPHT19991100010020100 00000g 2500 00000  
HPD02877801HPCPHT19991200010020100 00000g 2500 00000  
HPD02877801HPCPHT19991200110021200 00010  2500 00010  
