HPD02563503HPCPHT20060100010020100 00000g 2500 00000  
HPD02563503HPCPHT20060100250031300 00010  1700 00010  2500 00020  
HPD02563503HPCPHT20060200010020100 00000g 2500 00000  
HPD02563503HPCPHT20060300010020100 00000g 2500 00000  
HPD02563503HPCPHT20060300090021100 00010  2500 00010  
HPD02563503HPCPHT20060300110022100 00010  2500 00010  
HPD02563503HPCPHT20060300210031500 00010  1700 00010  2500 00020  
HPD02563503HPCPHT20060300280021200 00010  2500 00010  
HPD02563503HPCPHT20060300290021600 00010  2500 00010  
HPD02563503HPCPHT20060400010020100 00000g 2500 00000  
HPD02563503HPCPHT20060400090020800 00010  2500 00010  
HPD02563503HPCPHT20060400140022300 00010  2500 00010  
HPD02563503HPCPHT20060400220021500 00010  2500 00010  
HPD02563503HPCPHT20060400280021800 00010  2500 00010  
HPD02563503HPCPHT20060400300031700 99999[ 2400 99999] 2500 00000I 
HPD02563503HPCPHT20060500010020100 00000g 2500 00000  
HPD02563503HPCPHT20060600010020100 00000g 2500 00000  
HPD02563503HPCPHT20060600130021400 00010  2500 00010  
HPD02563503HPCPHT20060600270021500 00010  2500 00010  
HPD02563503HPCPHT20060700010030100 00000g 2000 00010  2500 00010  
HPD02563503HPCPHT20060700040020900 99999[ 2500 00000I 
HPD02563503HPCPHT20060700080021200 99999] 2500 00000I 
HPD02563503HPCPHT20060700180021800 00010  2500 00010  
HPD02563503HPCPHT20060700250021800 00020  2500 00020  
HPD02563503HPCPHT20060700260020200 00010  2500 00010  
HPD02563503HPCPHT20060700270020600 00010  2500 00010  
HPD02563503HPCPHT20060700290052000 00010  2200 00090  2300 00010  2400 00010  2500 00120  
HPD02563503HPCPHT20060700300050300 00010  0800 00010  2000 00010  2200 00010  2500 00040  
HPD02563503HPCPHT20060700310021500 00010  2500 00010  
HPD02563503HPCPHT20060800010030100 00000g 1400 00010  2500 00010  
HPD02563503HPCPHT20060800030022400 00010  2500 00010  
HPD02563503HPCPHT20060800040031200 00010  1600 00010  2500 00020  
HPD02563503HPCPHT20060800050021700 00010  2500 00010  
HPD02563503HPCPHT20060800090021500 00010  2500 00010  
HPD02563503HPCPHT20060800120021700 00030  2500 00030  
HPD02563503HPCPHT20060800140021600 00010  2500 00010  
HPD02563503HPCPHT20060800150031500 00010  1600 00010  2500 00020  
HPD02563503HPCPHT20060800160021500 00010  2500 00010  
HPD02563503HPCPHT20060800240021600 00010  2500 00010  
HPD02563503HPCPHT20060800250021400 00010  2500 00010  
HPD02563503HPCPHT20060800310030500 00030  1400 00010  2500 00040  
HPD02563503HPCPHT20060900010030100 00000g 1400 00010  2500 00010  
HPD02563503HPCPHT20060900020021600 00020  2500 00020  
HPD02563503HPCPHT20060900060021700 00010  2500 00010  
HPD02563503HPCPHT20060900070022100 00010  2500 00010  
HPD02563503HPCPHT20060900080021800 00060  2500 00060  
HPD02563503HPCPHT20060900090021100 00010  2500 00010  
HPD02563503HPCPHT20060900120041500 00030  1600 00040  2300 00010  2500 00080  
HPD02563503HPCPHT20060900130020900 00010  2500 00010  
HPD02563503HPCPHT20060900140031200 00010  1500 00010  2500 00020  
HPD02563503HPCPHT20061000010020100 00000g 2500 00000  
HPD02563503HPCPHT20061000060040200 00010  0700 00010  0800 00010  2500 00030  
HPD02563503HPCPHT20061000090020100 00020  2500 00020  
HPD02563503HPCPHT20061000140050300 00010  1000 00010  1100 00010  1300 00010  2500 00040  
HPD02563503HPCPHT20061000170021200 99999[ 2500 00000I 
HPD02563503HPCPHT20061000270021100 99999] 2500 00000I 
HPD02563503HPCPHT20061100010020100 00000g 2500 00000  
HPD02563503HPCPHT20061200010020100 00000g 2500 00000  
HPD02563503HPCPHT20061200240021600 00010  2500 00010  
HPD02563503HPCPHT20061200280031700 00010  2200 00010  2500 00020  
HPD02563503HPCPHT20061200290021400 00010  2500 00010  
