HPD02048703HPCPHT20080100010020100 00000g 2500 00000  
HPD02048703HPCPHT20080100050022400 00010  2500 00010  
HPD02048703HPCPHT20080100070060300 00010  0500 00010  0700 00010  0800 00010  1100 00010  2500 00050  
HPD02048703HPCPHT20080100240021600 00010  2500 00010  
HPD02048703HPCPHT20080100270100700 00010  0800 00010  0900 00010  1000 00010  1200 00010  1400 00010  1500 00010  1600 00010  1800 00010  2500 00090  
HPD02048703HPCPHT20080100280030500 00010  2000 00010  2500 00020  
HPD02048703HPCPHT20080200010020100 00000g 2500 00000  
HPD02048703HPCPHT20080200030031900 00010  2200 00010  2500 00020  
HPD02048703HPCPHT20080200040021200 00010  2500 00010  
HPD02048703HPCPHT20080200070021700 00010  2500 00010  
HPD02048703HPCPHT20080200140021500 00010  2500 00010  
HPD02048703HPCPHT20080200200022100 00010  2500 00010  
HPD02048703HPCPHT20080200210021000 00020  2500 00020  
HPD02048703HPCPHT20080200220040900 00010  1300 00010  1600 00010  2500 00030  
HPD02048703HPCPHT20080200230030400 00010  1500 00010  2500 00020  
HPD02048703HPCPHT20080200280021600 00010  2500 00010  
HPD02048703HPCPHI20080300010020100 99999[ 2500 00000I 
HPD02048703HPCPHI20080300310022400 99999] 2500 00000I 
HPD02048703HPCPHT20080400010020100 00000g 2500 00000  
HPD02048703HPCPHT20080500010020100 00000g 2500 00000  
HPD02048703HPCPHT20080500040021500 00010  2500 00010  
HPD02048703HPCPHT20080500100021400 00010  2500 00010  
HPD02048703HPCPHT20080500130030300 00020  0500 00010  2500 00030  
HPD02048703HPCPHT20080500180021500 00010  2500 00010  
HPD02048703HPCPHT20080500230061100 00010  1600 00010  1900 00010  2000 00010  2200 00010  2500 00050  
HPD02048703HPCPHT20080500250021500 00010  2500 00010  
HPD02048703HPCPHT20080600010030100 00000g 1000 00010  2500 00010  
HPD02048703HPCPHT20080600130021000 00010  2500 00010  
HPD02048703HPCPHT20080600290021400 00010  2500 00010  
HPD02048703HPCPHT20080600300021500 00010  2500 00010  
HPD02048703HPCPHT20080700010030100 00000g 1400 00010  2500 00010  
HPD02048703HPCPHT20080700040021700 00010  2500 00010  
HPD02048703HPCPHT20080700060021700 00010  2500 00010  
HPD02048703HPCPHT20080700120021000 00010  2500 00010  
HPD02048703HPCPHT20080700140021800 00010  2500 00010  
HPD02048703HPCPHT20080700160021300 00010  2500 00010  
HPD02048703HPCPHT20080700180021200 00010  2500 00010  
HPD02048703HPCPHT20080700190021800 00010  2500 00010  
HPD02048703HPCPHT20080700200021600 00010  2500 00010  
HPD02048703HPCPHT20080700250021500 00010  2500 00010  
HPD02048703HPCPHT20080800010020100 00000g 2500 00000  
HPD02048703HPCPHT20080800040021600 00010  2500 00010  
HPD02048703HPCPHT20080800060031400 00010  1800 00010  2500 00020  
HPD02048703HPCPHT20080800080021900 00010  2500 00010  
HPD02048703HPCPHT20080800130021500 00010  2500 00010  
HPD02048703HPCPHT20080800150051700 00050  1800 00030  1900 00010  2000 00020  2500 00110  
HPD02048703HPCPHT20080800160021500 00010  2500 00010  
HPD02048703HPCPHT20080800170021700 00010  2500 00010  
HPD02048703HPCPHT20080800210020900 00010  2500 00010  
HPD02048703HPCPHT20080800260021500 00010  2500 00010  
HPD02048703HPCPHT20080800290021600 00020  2500 00020  
HPD02048703HPCPHT20080800300031800 00010  1900 00010  2500 00020  
HPD02048703HPCPHT20080800310050600 00010  0700 00010  0800 00030  1100 00010  2500 00060  
HPD02048703HPCPHT20080900010020100 00000g 2500 00000  
HPD02048703HPCPHT20080900090022300 00010  2500 00010  
HPD02048703HPCPHT20080900100030300 00010  1500 00010  2500 00020  
HPD02048703HPCPHT20080900180020900 00010  2500 00010  
HPD02048703HPCPHT20080900280021400 00010  2500 00010  
HPD02048703HPCPHT20081000010020100 00000g 2500 00000  
HPD02048703HPCPHT20081100010030100 00000g 1200 00010  2500 00010  
HPD02048703HPCPHT20081100080021400 00010  2500 00010  
HPD02048703HPCPHT20081100090021700 00010  2500 00010  
HPD02048703HPCPHT20081100110021700 00010  2500 00010  
HPD02048703HPCPHT20081100180021200 00010  2500 00010  
HPD02048703HPCPHT20081100250021500 00010  2500 00010  
HPD02048703HPCPHT20081100260071500 00010  1600 00010  1900 00010  2000 00030  2100 00010  2400 00010  2500 00080  
HPD02048703HPCPHT20081100270050300 00030  0400 00040  0500 00010  0600 00010  2500 00090  
HPD02048703HPCPHT20081100280021300 00010  2500 00010  
HPD02048703HPCPHT20081100290021300 00010  2500 00010  
HPD02048703HPCPHT20081200010020100 00000g 2500 00000  
HPD02048703HPCPHT20081200150031800 00010  2300 00010  2500 00020  
HPD02048703HPCPHT20081200160040200 00010  1300 00010  1600 00010  2500 00030  
HPD02048703HPCPHT20081200170081200 00010  1400 00010  2000 00010  2100 00010  2200 00010  2300 00010  2400 00020  2500 00080  
HPD02048703HPCPHT20081200180030100 00010  0500 00010  2500 00020  
HPD02048703HPCPHT20081200190021600 00010  2500 00010  
HPD02048703HPCPHT20081200220022400 00010  2500 00010  
HPD02048703HPCPHT20081200230030200 00010  1100 00010  2500 00020  
HPD02048703HPCPHT20081200250050200 00010  1400 00010  2100 00010  2200 00010  2500 00040  
HPD02048703HPCPHT20081200260020400 00010  2500 00010  
