HPD02632304HPCPHT20060100010020100 00000g 2500 00000  
HPD02632304HPCPHT20060100250021400 00010  2500 00010  
HPD02632304HPCPHT20060100260021300 00010  2500 00010  
HPD02632304HPCPHT20060200010020100 00000g 2500 00000  
HPD02632304HPCPHT20060300010020100 00000g 2500 00000  
HPD02632304HPCPHT20060300120031600 00010  1700 00010  2500 00020  
HPD02632304HPCPHT20060300130031200 00040 Z1300 00030 Z2500 00070 Z
HPD02632304HPCPHT20060300200021000 00010  2500 00010  
HPD02632304HPCPHT20060300210031800 00010  1900 00010  2500 00020  
HPD02632304HPCPHT20060300300021100 00010  2500 00010  
HPD02632304HPCPHT20060400010020100 00000g 2500 00000  
HPD02632304HPCPHT20060400050021600 00010  2500 00010  
HPD02632304HPCPHT20060400120021600 00010  2500 00010  
HPD02632304HPCPHT20060500010020100 00000g 2500 00000  
HPD02632304HPCPHT20060600010020100 00000g 2500 00000  
HPD02632304HPCPHT20060600080031100 99999{ 1200 99999} 2500 00000P 
HPD02632304HPCPHT20060600290031500 00020  1900 00010  2500 00030  
HPD02632304HPCPHT20060700010020100 00000g 2500 00000  
HPD02632304HPCPHT20060700150041400 00010  1500 00030  1700 00010  2500 00050  
HPD02632304HPCPHT20060700160022100 00030  2500 00030  
HPD02632304HPCPHT20060700190020300 00010  2500 00010  
HPD02632304HPCPHT20060700200040500 00010  0600 00010  0700 00010  2500 00030  
HPD02632304HPCPHT20060700250020400 00010  2500 00010  
HPD02632304HPCPHT20060700270040500 00010  0600 00030  0700 00010  2500 00050  
HPD02632304HPCPHT20060700280031300 00010  2100 00010  2500 00020  
HPD02632304HPCPHT20060700300020200 00010  2500 00010  
HPD02632304HPCPHT20060800010020100 00000g 2500 00000  
HPD02632304HPCPHT20060800030022300 00010  2500 00010  
HPD02632304HPCPHT20060800040021000 00010  2500 00010  
HPD02632304HPCPHT20060800070032200 00030  2300 00010  2500 00040  
HPD02632304HPCPHT20060800080020100 00010  2500 00010  
HPD02632304HPCPHT20060800110022200 00010  2500 00010  
HPD02632304HPCPHT20060800120030400 00010  1900 00010  2500 00020  
HPD02632304HPCPHT20060800150030100 00010  0700 00010  2500 00020  
HPD02632304HPCPHT20060800170021500 00010  2500 00010  
HPD02632304HPCPHT20060800230031500 00010  1600 00040  2500 00050  
HPD02632304HPCPHT20060800240050900 00010  1200 00040  1300 00010  1500 00010  2500 00070  
HPD02632304HPCPHT20060800300021500 00030  2500 00030  
HPD02632304HPCPHT20060900010040100 00000g 0900 99999[ 1000 99999] 2500 00000I 
HPD02632304HPCPHT20060900030031400 00010  1500 00010  2500 00020  
HPD02632304HPCPHT20060900040031500 00050  1700 00010  2500 00060  
HPD02632304HPCPHT20060900070040400 00010  1600 00010  2100 00040  2500 00060  
HPD02632304HPCPHT20060900080020100 00010  2500 00010  
HPD02632304HPCPHT20060900090031100 00010  1400 00010  2500 00020  
HPD02632304HPCPHT20060900140032100 00010  2200 00020  2500 00030  
HPD02632304HPCPHT20060900150021200 00010  2500 00010  
HPD02632304HPCPHT20061000010040100 00000g 0800 99999[ 1000 99999] 2500 00000I 
HPD02632304HPCPHT20061000050031700 00010  2400 00010  2500 00020  
HPD02632304HPCPHT20061000060050500 00010  0800 00010  0900 00020  1000 00010  2500 00050  
HPD02632304HPCPHT20061000080022100 00010  2500 00010  
HPD02632304HPCPHT20061000090020900 00010  2500 00010  
HPD02632304HPCPHT20061000140030600 00010  0900 00010  2500 00020  
HPD02632304HPCPHT20061000180021300 00010  2500 00010  
HPD02632304HPCPHT20061000240032000 00010  2100 00020  2500 00030  
HPD02632304HPCPHT20061000250020100 00010  2500 00010  
HPD02632304HPCPHT20061100010020100 00000g 2500 00000  
HPD02632304HPCPHT20061200010020100 00000g 2500 00000  
HPD02632304HPCPHT20061200180021300 00010  2500 00010  
HPD02632304HPCPHT20061200280032000 00020  2200 00010  2500 00030  
HPD02632304HPCPHT20061200290020100 00010  2500 00010  
