HPD02458602HPCPHT20090100010020100 00000g 2500 00000  
HPD02458602HPCPHT20090100040022100 00010  2500 00010  
HPD02458602HPCPHT20090100240020800 00010  2500 00010  
HPD02458602HPCPHT20090200010020100 00000g 2500 00000  
HPD02458602HPCPHT20090200080021600 00010  2500 00010  
HPD02458602HPCPHT20090200090061900 00020  2000 00010  2100 00010  2200 00020  2400 00020  2500 00080  
HPD02458602HPCPHT20090200120021900 00010  2500 00010  
HPD02458602HPCPHT20090300010020100 00000g 2500 00000  
HPD02458602HPCPHT20090300120021700 00020  2500 00020  
HPD02458602HPCPHT20090300190031400 99999[ 1500 99999] 2500 00000I 
HPD02458602HPCPHT20090300260021500 00010  2500 00010  
HPD02458602HPCPHT20090400010020100 00000g 2500 00000  
HPD02458602HPCPHT20090400040021000 00010  2500 00010  
HPD02458602HPCPHT20090400120030800 00010  0900 00010  2500 00020  
HPD02458602HPCPHT20090500010030100 00000g 1500 00010  2500 00010  
HPD02458602HPCPHT20090500210041600 00030  1700 00020  1800 00010  2500 00060  
HPD02458602HPCPHT20090500220020100 00010  2500 00010  
HPD02458602HPCPHT20090500230050200 00010  1500 00020  1700 00010  2000 00010  2500 00050  
HPD02458602HPCPHT20090500240030100 00010  0200 00010  2500 00020  
HPD02458602HPCPHT20090600010020100 00000g 2500 00000  
HPD02458602HPCPHT20090600200021400 00010  2500 00010  
HPD02458602HPCPHT20090700010030100 00000g 1200 00010  2500 00010  
HPD02458602HPCPHT20090700020021800 00040  2500 00040  
HPD02458602HPCPHT20090700040021600 00010  2500 00010  
HPD02458602HPCPHT20090700200021700 99999{ 2500 00000P 
HPD02458602HPCPHT20090700210021700 99999} 2500 00000P 
HPD02458602HPCPHT20090700310021700 00010  2500 00010  
HPD02458602HPCPHT20090800010020100 00000g 2500 00000  
HPD02458602HPCPHT20090800230022400 00010  2500 00010  
HPD02458602HPCPHT20090900010030100 00000g 1100 99999[ 2500 00000I 
HPD02458602HPCPHT20090900130020400 99999] 2500 00000I 
HPD02458602HPCPHT20091000010020100 00000g 2500 00000  
HPD02458602HPCPHT20091000070040700 00010  0900 00010  1100 00010  2500 00030  
HPD02458602HPCPHT20091000130020200 00010  2500 00010  
HPD02458602HPCPHT20091000290021200 00010  2500 00010  
HPD02458602HPCPHT20091100010020100 00000g 2500 00000  
HPD02458602HPCPHT20091100130021600 00010  2500 00010  
HPD02458602HPCPHT20091100290040500 00010  0700 00010  0900 00010  2500 00030  
HPD02458602HPCPHT20091200010020100 00000g 2500 00000  
HPD02458602HPCPHT20091200070061300 00010  1500 00010  1700 00010  2000 00010  2400 00010  2500 00050  
HPD02458602HPCPHT20091200080040200 00010  0500 00010  1400 00010  2500 00030  
HPD02458602HPCPHT20091200130021600 00010  2500 00010  
HPD02458602HPCPHT20091200220022100 00010  2500 00010  
HPD02458602HPCPHT20091200230020700 00010  2500 00010  
HPD02458602HPCPHT20091200300041100 00010  1500 00010  1700 00010  2500 00030  
