HPD02915803HPCPHT20050100010020100 99999[ 2500 00000I 
HPD02915803HPCPHT20050100130031500 99999] 1600 99999{ 2500 00000P 
HPD02915803HPCPHT20050100310041100 99999} 1200 99999[ 2400 99999] 2500 00000P 
HPD02915803HPCPHT20050200010040100 00000g 0200 99999[ 1600 99999] 2500 00000I 
HPD02915803HPCPHT20050200070030900 00010  1100 00010  2500 00020  
HPD02915803HPCPHT20050200100022300 00010  2500 00010  
HPD02915803HPCPHT20050200110180200 00010  0400 00010  0500 00010  0600 00010  0700 00010  1000 00010  1100 00010  1200 00010  1300 00010  1500 00010  1600 00020  1700 00010  1800 00010  1900 00010  2000 00020  2100 00010  2300 00010  2500 00190  
HPD02915803HPCPHT20050200120050200 00010  0300 00010  0500 00020  0700 00010  2500 00050  
HPD02915803HPCPHT20050200150021600 00010  2500 00010  
HPD02915803HPCPHT20050200170032100 00010  2300 00010  2500 00020  
HPD02915803HPCPHT20050200180080100 00010  0200 00010  0300 00010  1200 00010  1500 00010  1700 00010  1800 00010  2500 00070  
HPD02915803HPCPHT20050200190060500 00010  0700 00010  1900 00010  2200 00010  2300 00010  2500 00050  
HPD02915803HPCPHT20050200200020900 00010  2500 00010  
HPD02915803HPCPHT20050200210021700 00010  2500 00010  
HPD02915803HPCPHT20050200220070200 00010  0500 00010  0800 00010  0900 00010  1200 00010  1800 00010  2500 00060  
HPD02915803HPCPHT20050200230030600 00010  1700 00010  2500 00020  
HPD02915803HPCPHT20050300010020100 00000g 2500 00000  
HPD02915803HPCPHT20050300060021500 00010  2500 00010  
HPD02915803HPCPHT20050300140021300 00010  2500 00010  
HPD02915803HPCPHT20050300190021400 00010  2500 00010  
HPD02915803HPCPHT20050300200020300 00010  2500 00010  
HPD02915803HPCPHT20050300230030400 00010  0500 00010  2500 00020  
HPD02915803HPCPHT20050300240022300 00010  2500 00010  
HPD02915803HPCPHT20050400010020100 00000g 2500 00000  
HPD02915803HPCPHT20050400230040300 00020  2300 00010  2400 00010  2500 00040  
HPD02915803HPCPHT20050400240050100 00010  0400 00020  0500 00020  1700 00010  2500 00060  
HPD02915803HPCPHT20050400250041600 00010  1800 00020  1900 00010  2500 00040  
HPD02915803HPCPHT20050400280031600 00010  2000 00010  2500 00020  
HPD02915803HPCPHT20050500010040100 00000g 0900 99999[ 1400 99999] 2500 00000I 
HPD02915803HPCPHT20050500310031600 99999[ 2400 99999] 2500 00000I 
HPD02915803HPCPHT20050600010020100 00000g 2500 00000  
HPD02915803HPCPHT20050600230021800 00010  2500 00010  
HPD02915803HPCPHT20050700010020100 00000g 2500 00000  
HPD02915803HPCPHT20050700220030400 00010  1600 00010  2500 00020  
HPD02915803HPCPHT20050700250021900 00010  2500 00010  
HPD02915803HPCPHT20050700260021700 00020  2500 00020  
HPD02915803HPCPHT20050700310020100 00010  2500 00010  
HPD02915803HPCPHT20050800010020100 00000g 2500 00000  
HPD02915803HPCPHT20050800020051700 00020  2000 00040  2100 00010  2200 00010  2500 00080  
HPD02915803HPCPHT20050800070041300 00010  1600 00010  1900 00010  2500 00030  
HPD02915803HPCPHT20050800090040200 00010  1700 00010  1900 00010  2500 00030  
HPD02915803HPCPHT20050800100041400 00010  1500 00010  1700 00010  2500 00030  
HPD02915803HPCPHT20050800110021100 00010  2500 00010  
HPD02915803HPCPHT20050800130041900 00010  2200 00010  2300 00010  2500 00030  
HPD02915803HPCPHT20050800140041700 00020  1800 00010  1900 00020  2500 00050  
HPD02915803HPCPHT20050800240051300 00010  1400 00020  1800 00010  2000 00010  2500 00050  
HPD02915803HPCPHT20050900010020100 00000g 2500 00000  
HPD02915803HPCPHT20050900030031400 00020  2100 00010  2500 00030  
HPD02915803HPCPHT20051000010020100 00000g 2500 00000  
HPD02915803HPCPHT20051000160020100 00010  2500 00010  
HPD02915803HPCPHT20051000170031700 00010  2400 00010  2500 00020  
HPD02915803HPCPHT20051000180090100 00010  0300 00020  0500 00040  0700 00010  1000 00020  1100 00020  1200 00020  1300 00010  2500 00150  
HPD02915803HPCPHT20051100010020100 00000g 2500 00000  
HPD02915803HPCPHT20051200010020100 00000g 2500 00000  
