HPD02534403HPCPHT20030100010030100 99999{ 1100 99999} 2500 00000P 
HPD02534403HPCPHT20030100080040900 00010  1200 00010  1300 00010  2500 00030  
HPD02534403HPCPHT20030100090021100 00010  2500 00010  
HPD02534403HPCPHT20030100260021400 99999{ 2500 00000P 
HPD02534403HPCPHT20030100310022400 99999} 2500 00000P 
HPD02534403HPCPHT20030200010030100 99999{ 0900 99999} 2500 00000P 
HPD02534403HPCPHT20030200120071900 00010  2000 00010  2100 00010  2200 00010  2300 00010  2400 00030  2500 00080  
HPD02534403HPCPHT20030200130120100 00010  0200 00010  0300 00010  0400 00020  0500 00010  0600 00020  0700 00020  0800 00010  0900 00040  1000 00020  1100 99999{ 2500 00170P 
HPD02534403HPCPHT20030200280022400 99999} 2500 00000P 
HPD02534403HPCPHT20030300010060100 99999{ 0900 99999} 1400 00010  2000 00010  2200 00010  2500 00030P 
HPD02534403HPCPHT20030300050021100 00010  2500 00010  
HPD02534403HPCPHT20030300160070500 00010  0900 00010  1100 00010  1300 00010  1500 00010  2100 00010  2500 00060  
HPD02534403HPCPHT20030300170030100 00010  0700 00010  2500 00020  
HPD02534403HPCPHT20030400010020100 00000g 2500 00000  
HPD02534403HPCPHT20030400150030300 00010  0400 00010  2500 00020  
HPD02534403HPCPHT20030400180022200 00010  2500 00010  
HPD02534403HPCPHT20030500010020100 00000g 2500 00000  
HPD02534403HPCPHT20030600010020100 00000g 2500 00000  
HPD02534403HPCPHT20030600300031000 99999{ 2400 99999} 2500 00000P 
HPD02534403HPCPHT20030700010030100 99999{ 1000 99999} 2500 00000P 
HPD02534403HPCPHT20030700200022400 99999{ 2500 00000P 
HPD02534403HPCPHT20030700210031400 99999} 1600 00010  2500 00010P 
HPD02534403HPCPHT20030700280020900 00010  2500 00010  
HPD02534403HPCPHT20030700300020400 00030  2500 00030  
HPD02534403HPCPHT20030800010050100 00000g 0600 00010  0700 00010  1000 00010  2500 00030  
HPD02534403HPCPHT20030800080021900 00020  2500 00020  
HPD02534403HPCPHT20030800140042100 00110  2200 00010  2300 00010  2500 00130  
HPD02534403HPCPHT20030800150020200 00010  2500 00010  
HPD02534403HPCPHT20030800240021800 00030  2500 00030  
HPD02534403HPCPHT20030800270030100 00010  0900 00010  2500 00020  
HPD02534403HPCPHT20030800280021500 00010  2500 00010  
HPD02534403HPCPHT20030800300021200 00010  2500 00010  
HPD02534403HPCPHT20030900010020100 00000g 2500 00000  
HPD02534403HPCPHT20030900020031700 00020  1800 00090  2500 00110  
HPD02534403HPCPHT20030900030020800 00010  2500 00010  
HPD02534403HPCPHT20030900070021300 00010  2500 00010  
HPD02534403HPCPHT20030900090031400 00010  1600 00060  2500 00070  
HPD02534403HPCPHT20030900100020900 00010  2500 00010  
HPD02534403HPCPHT20031000010020100 00000g 2500 00000  
HPD02534403HPCPHT20031000100021500 00010  2500 00010  
HPD02534403HPCPHT20031100010020100 00000g 2500 00000  
HPD02534403HPCPHT20031100120170100 00010  0700 00010  0800 00020  0900 00010  1000 00010  1100 00010  1200 00010  1300 00010  1400 00010  1600 00020  1700 00010  1800 00010  2000 00010  2100 00010  2200 00050  2300 00010  2500 00220  
HPD02534403HPCPHT20031100130030400 99999{ 1200 99999} 2500 00000P 
HPD02534403HPCPHT20031200010020100 00000g 2500 00000  
HPD02534403HPCPHT20031200110021800 00010  2500 00010  
HPD02534403HPCPHT20031200260030300 00010  0400 00010  2500 00020  
