HPD02592407HPCPHT20040100010020100 99999[ 2500 00000I 
HPD02592407HPCPHT20040100310022400 99999] 2500 00000I 
HPD02592407HPCPHT20040200010020100 99999[ 2500 00000I 
HPD02592407HPCPHT20040200040021600 99999] 2500 00000I 
HPD02592407HPCPHT20040200230020600 00010  2500 00010  
HPD02592407HPCPHT20040200270022200 00010  2500 00010  
HPD02592407HPCPHT20040300010030100 00000g 1400 00010  2500 00010  
HPD02592407HPCPHT20040300030041000 00010  1400 00010  1500 00010  2500 00030  
HPD02592407HPCPHT20040300040030300 00010  1500 00010  2500 00020  
HPD02592407HPCPHT20040400010030100 00000g 1700 00010  2500 00010  
HPD02592407HPCPHT20040400020110200 00010  1000 00010  1500 00020  1600 00010  1700 00010  1800 00010  1900 00020  2000 00010  2100 00010  2400 00010  2500 00120  
HPD02592407HPCPHT20040400030030100 00010  0400 00010  2500 00020  
HPD02592407HPCPHT20040500010020100 00000g 2500 00000  
HPD02592407HPCPHT20040600010020100 00000g 2500 00000  
HPD02592407HPCPHT20040600260021600 00010  2500 00010  
HPD02592407HPCPHT20040700010020100 00000g 2500 00000  
HPD02592407HPCPHT20040700090021600 00020  2500 00020  
HPD02592407HPCPHT20040700130021500 00020  2500 00020  
HPD02592407HPCPHT20040700140030400 00030  0900 00020  2500 00050  
HPD02592407HPCPHT20040700150020100 00010  2500 00010  
HPD02592407HPCPHT20040700160020300 00010  2500 00010  
HPD02592407HPCPHT20040700170021800 00010  2500 00010  
HPD02592407HPCPHT20040700190021900 00010  2500 00010  
HPD02592407HPCPHT20040700240020400 00010  2500 00010  
HPD02592407HPCPHT20040700260022300 00010  2500 00010  
HPD02592407HPCPHT20040700280031700 00010  2300 00010  2500 00020  
HPD02592407HPCPHT20040700310021900 00020  2500 00020  
HPD02592407HPCPHT20040800010020100 00000g 2500 00000  
HPD02592407HPCPHT20040800020042000 00010  2100 00040  2200 00010  2500 00060  
HPD02592407HPCPHT20040800030021700 00010  2500 00010  
HPD02592407HPCPHT20040800060031600 00040  1700 00010  2500 00050  
HPD02592407HPCPHT20040800080041600 00010  1900 00010  2400 00010  2500 00030  
HPD02592407HPCPHT20040800130071500 00010  1600 00010  1700 00010  1800 00010  1900 00020  2000 00010  2500 00070  
HPD02592407HPCPHT20040800140020900 00010  2500 00010  
HPD02592407HPCPHT20040800150021600 00010  2500 00010  
HPD02592407HPCPHT20040800160021400 00010  2500 00010  
HPD02592407HPCPHT20040800230021800 00010  2500 00010  
HPD02592407HPCPHT20040800290021200 00010  2500 00010  
HPD02592407HPCPHT20040900010020100 00000g 2500 00000  
HPD02592407HPCPHT20040900070022000 00010  2500 00010  
HPD02592407HPCPHT20040900170021200 00020  2500 00020  
HPD02592407HPCPHT20040900180031400 00020  1500 00020  2500 00040  
HPD02592407HPCPHT20040900190031500 00010  1600 00010  2500 00020  
HPD02592407HPCPHT20040900240031100 00010  1300 00010  2500 00020  
HPD02592407HPCPHT20041000010020100 00000g 2500 00000  
HPD02592407HPCPHT20041000260021100 00010  2500 00010  
HPD02592407HPCPHT20041100010020100 00000g 2500 00000  
HPD02592407HPCPHT20041100220021700 00010  2500 00010  
HPD02592407HPCPHT20041100230020400 00010  2500 00010  
HPD02592407HPCPHT20041200010020100 00000g 2500 00000  
HPD02592407HPCPHT20041200040061300 00010  1400 00010  1500 00010  1600 00010  2300 00010  2500 00050  
HPD02592407HPCPHT20041200050031300 00010  2400 00010  2500 00020  
HPD02592407HPCPHT20041200060050100 00010  0200 00020  0500 00010  0900 00010  2500 00050  
HPD02592407HPCPHT20041200300021100 00010  2500 00010  
