HPD02157402HPCPHT20060100010020100 00000g 2500 00000  
HPD02157402HPCPHT20060100200021300 00010  2500 00010  
HPD02157402HPCPHT20060100250021500 00010  2500 00010  
HPD02157402HPCPHT20060200010020100 00000g 2500 00000  
HPD02157402HPCPHT20060300010020100 00000g 2500 00000  
HPD02157402HPCPHT20060300080021100 00010  2500 00010  
HPD02157402HPCPHT20060300100021200 00010  2500 00010  
HPD02157402HPCPHT20060300130071300 00010  1400 00010  1500 00020  1600 00010  1700 00010  1800 00010  2500 00070  
HPD02157402HPCPHT20060300140041200 00020  1300 00030  1400 00010  2500 00060  
HPD02157402HPCPHT20060300160022400 00010  2500 00010  
HPD02157402HPCPHT20060300220021200 00020  2500 00020  
HPD02157402HPCPHT20060300230021300 00010  2500 00010  
HPD02157402HPCPHT20060300280021600 00010  2500 00010  
HPD02157402HPCPHT20060300290031700 00010  2000 00010  2500 00020  
HPD02157402HPCPHT20060400010020100 00000g 2500 00000  
HPD02157402HPCPHT20060400050070400 00010  0700 00010  0900 00010  1000 00010  1100 00010  1300 00010  2500 00060  
HPD02157402HPCPHT20060400060021000 00010  2500 00010  
HPD02157402HPCPHT20060500010020100 00000g 2500 00000  
HPD02157402HPCPHT20060500170020900 00010  2500 00010  
HPD02157402HPCPHT20060600010020100 00000g 2500 00000  
HPD02157402HPCPHT20060600020020800 00010  2500 00010  
HPD02157402HPCPHT20060600070022000 00010  2500 00010  
HPD02157402HPCPHT20060600080021500 00010  2500 00010  
HPD02157402HPCPHT20060600250021200 00010  2500 00010  
HPD02157402HPCPHT20060700010020100 00000g 2500 00000  
HPD02157402HPCPHT20060700050021400 00010  2500 00010  
HPD02157402HPCPHT20060700070021200 00010  2500 00010  
HPD02157402HPCPHT20060700140021700 00010  2500 00010  
HPD02157402HPCPHT20060700180021700 00030  2500 00030  
HPD02157402HPCPHT20060700190021000 00010  2500 00010  
HPD02157402HPCPHT20060700210021800 00030  2500 00030  
HPD02157402HPCPHT20060700220031000 00010  2200 00010  2500 00020  
HPD02157402HPCPHT20060700230021000 00010  2500 00010  
HPD02157402HPCPHT20060700240022300 00010  2500 00010  
HPD02157402HPCPHT20060700280041000 00010  1900 00010  2000 00010  2500 00030  
HPD02157402HPCPHT20060700290051400 00010  2000 00030  2100 00020  2400 00010  2500 00070  
HPD02157402HPCPHT20060700310080500 00010  0600 00010  0700 00020  0800 00010  0900 00020  1000 00020  1100 00010  2500 00100  
HPD02157402HPCPHT20060800010030100 00000g 0900 00010  2500 00010  
HPD02157402HPCPHT20060800030031400 00010  1800 00010  2500 00020  
HPD02157402HPCPHT20060800040022000 99999[ 2500 00000I 
HPD02157402HPCPHT20060800190040800 99999] 0900 00010 R1300 00010 R2500 00020IR
HPD02157402HPCPHT20060800200021500 00020 R2500 00020 R
HPD02157402HPCPHT20060800210021000 00010 R2500 00010 R
HPD02157402HPCPHT20060800230031100 00010 R1300 00020 R2500 00030 R
HPD02157402HPCPHT20060800240021500 00010 R2500 00010 R
HPD02157402HPCPHT20060800260021000 00010 R2500 00010 R
HPD02157402HPCPHT20060900010040100 00000g 1300 00010  2200 00010  2500 00020  
HPD02157402HPCPHT20060900020021000 00010  2500 00010  
HPD02157402HPCPHT20060900040021100 00010  2500 00010  
HPD02157402HPCPHT20060900070021100 00010  2500 00010  
HPD02157402HPCPHT20060900080021000 00010  2500 00010  
HPD02157402HPCPHT20060900110030800 00010  1000 00010  2500 00020  
HPD02157402HPCPHT20060900120031000 00010  1400 00010  2500 00020  
HPD02157402HPCPHT20060900130021000 00010  2500 00010  
HPD02157402HPCPHT20060900140022200 00010  2500 00010  
HPD02157402HPCPHT20060900150030800 00010  1000 00010  2500 00020  
HPD02157402HPCPHT20061000010030100 00000g 1100 00010  2500 00010  
HPD02157402HPCPHT20061000050041700 00010  1800 00010  2400 00010  2500 00030  
HPD02157402HPCPHT20061000060090100 00040  0400 00010  0600 00010  0800 00010  1000 00010  1100 00020  1200 00010  1300 00010  2500 00120  
HPD02157402HPCPHT20061000080030600 00010  2200 00010  2500 00020  
HPD02157402HPCPHT20061000110031000 00010  1300 99999[ 2500 00010I 
HPD02157402HPCPHT20061000210020900 99999] 2500 00000I 
HPD02157402HPCPHT20061000250021100 00010  2500 00010  
HPD02157402HPCPHT20061000280021100 00010  2500 00010  
HPD02157402HPCPHT20061100010020100 00000g 2500 00000  
HPD02157402HPCPHT20061100290020900 00010  2500 00010  
HPD02157402HPCPHT20061200010030100 00000g 1300 00010  2500 00010  
HPD02157402HPCPHT20061200120021400 00010  2500 00010  
HPD02157402HPCPHT20061200170040600 00010  0800 00010  0900 00010  2500 00030  
HPD02157402HPCPHT20061200180031600 00010  2200 00010  2500 00020  
HPD02157402HPCPHT20061200220021700 00010  2500 00010  
HPD02157402HPCPHT20061200280061800 00010  1900 00010  2000 00020  2200 00010  2400 00010  2500 00060  
HPD02157402HPCPHT20061200290021400 00010  2500 00010  
HPD02157402HPCPHT20061200310021300 00010  2500 00010  
