HPD02721000HPCPHI19550600010020100 99999[ 2500 00000I 
HPD02721000HPCPHI19550600290021600 99999] 2500 00000I 
HPD02721000HPCPHI19550700010020100 00000g 2500 00000  
HPD02721000HPCPHI19550700040021000 00001  2500 00001  
HPD02721000HPCPHI19550700110022400 00018  2500 00018  
HPD02721000HPCPHI19550700120060100 00010  0200 00003  2200 00022  2300 00081  2400 00004  2500 00120  
HPD02721000HPCPHI19550700130050600 00003  1100 00002  1200 00001  1300 00001  2500 00007  
HPD02721000HPCPHI19550700160041500 00005  1600 00005  1700 00005  2500 00015  
HPD02721000HPCPHI19550700170032100 00005  2300 00001  2500 00006  
HPD02721000HPCPHI19550700180080300 00001  0400 00001  0500 00001  0600 00001  1600 00010  1700 00001  1900 00001  2500 00016  
HPD02721000HPCPHI19550700190060400 00001  0500 00002  1100 00001  1200 00001  1500 00001  2500 00006  
HPD02721000HPCPHI19550700200031400 00003  1500 00001  2500 00004  
HPD02721000HPCPHI19550700210031900 00024  2000 00001  2500 00025  
HPD02721000HPCPHI19550700220080400 00002  1700 00025  1800 00002  1900 00006  2000 00001  2200 00008  2300 00002  2500 00046  
HPD02721000HPCPHI19550700230051100 00001  1200 00004  1300 00001  1400 00002  2500 00008  
HPD02721000HPCPHI19550700240070200 00001  0400 00001  0500 00002  1600 00003  1700 00003  1800 00001  2500 00011  
HPD02721000HPCPHI19550700250051100 00036  1200 00002  1300 00003  1800 00003  2500 00044  
HPD02721000HPCPHI19550700290051400 00001  1500 00002  1600 00002  1700 00004  2500 00009  
HPD02721000HPCPHI19550700310051400 00001  1500 00002  1600 00005  1700 00001  2500 00009  
HPD02721000HPCPHI19550800010020100 00000g 2500 00000  
HPD02721000HPCPHI19550800020041200 00001  1300 00010  1400 00001  2500 00012  
HPD02721000HPCPHI19550800030031200 00037  1300 00003  2500 00040  
HPD02721000HPCPHI19550800040021300 00055  2500 00055  
HPD02721000HPCPHI19550800060031300 00001  1400 00002  2500 00003  
HPD02721000HPCPHI19550800070051300 00001  1400 00002  1700 00022  1800 00005  2500 00030  
HPD02721000HPCPHI19550800080041400 00004  1500 00011  1600 00010  2500 00025  
HPD02721000HPCPHI19550800090041300 00001  1400 00036  1500 00001  2500 00038  
HPD02721000HPCPHI19550800100041800 00002  1900 00006  2000 00002  2500 00010  
HPD02721000HPCPHI19550800120031300 00005  1400 00031  2500 00036  
HPD02721000HPCPHI19550800130030200 00005  0300 00003  2500 00008  
HPD02721000HPCPHI19550800150031500 00003  1600 00003  2500 00006  
HPD02721000HPCPHI19550800160031500 00002  1600 00005  2500 00007  
HPD02721000HPCPHI19550800170031400 00002  1500 00005  2500 00007  
HPD02721000HPCPHI19550800180031300 00001  1400 00002  2500 00003  
HPD02721000HPCPHI19550800190041300 00005  1400 00001  1800 00004  2500 00010  
HPD02721000HPCPHI19550800200081300 00023  1400 00004  1500 00002  1600 00001  1900 00004  2000 00004  2100 00002  2500 00040  
HPD02721000HPCPHI19550800210051600 00025  1700 00005  1800 00007  1900 00003  2500 00040  
HPD02721000HPCPHI19550800220031000 00002  1100 00001  2500 00003  
HPD02721000HPCPHI19550800240051300 00001  1400 00041  1600 00003  1700 00002  2500 00047  
HPD02721000HPCPHI19550800250031600 00006  1700 00002  2500 00008  
HPD02721000HPCPHI19550800260031800 00001  1900 00004  2500 00005  
HPD02721000HPCPHI19550800270041700 00004  1800 00003  1900 00001  2500 00008  
HPD02721000HPCPHI19550800280041200 00017  1300 00037  1400 00003  2500 00057  
HPD02721000HPCPHI19550900010020100 00000g 2500 00000  
HPD02721000HPCPHI19550900160031700 00005  1800 00002  2500 00007  
HPD02721000HPCPHI19550900170030700 00004  0800 00004  2500 00008  
HPD02721000HPCPHI19550900180071300 00008  1400 00003  1500 00001  1600 00003  1800 00003  2100 00004  2500 00022  
HPD02721000HPCPHI19551000010020100 00000g 2500 00000  
HPD02721000HPCPHI19551000030071400 00009  1500 00008  1600 00010  1700 00016  1800 00010  1900 00003  2500 00056  
HPD02721000HPCPHI19551000090031500 00005  1600 00001  2500 00006  
HPD02721000HPCPHI19551100010020100 00000g 2500 00000  
HPD02721000HPCPHI19551100120051800 00002  2100 00002  2300 00001  2400 00002  2500 00007  
HPD02721000HPCPHI19551100130050100 00003  0200 00002  1700 00001  1800 00001  2500 00007  
HPD02721000HPCPHI19551100140121100 00002  1200 00002  1300 00004  1400 00015  1500 00010  1600 00005  1800 00005  1900 00012  2100 00001  2300 00002  2400 00001  2500 00059  
HPD02721000HPCPHI19551100150080100 00004  0200 00001  0300 00004  0500 00005  0600 00002  0800 00004  0900 00009  2500 00029  
HPD02721000HPCPHI19551100220030100 99999a 0600 00005A 2500 00005  
HPD02721000HPCPHI19551100300030800 99999[ 1300 99999] 2500 00000I 
HPD02721000HPCPHI19551200010040100 00000g 0900 99999[ 2400 99999] 2500 00000I 
HPD02721000HPCPHI19551200020030400 99999[ 1800 99999] 2500 00000I 
HPD02721000HPCPHI19551200040021500 99999[ 2500 00000I 
HPD02721000HPCPHI19551200050020300 99999] 2500 00000I 
HPD02721000HPCPHI19560100010020100 00000g 2500 00000  
HPD02721000HPCPHI19560100160032000 99999a 2400 00025A 2500 00025  
HPD02721000HPCPHI19560100200022000 99999a 2500 00000I 
HPD02721000HPCPHI19560100210022000 00075A 2500 00075P 
HPD02721000HPCPHI19560100310031000 99999a 2400 99999A 2500 00000I 
HPD02721000HPCPHI19560200010020100 99999, 2500 00000I 
HPD02721000HPCPHI19560200020021100 00195A 2500 00195P 
HPD02721000HPCPHI19560200060022200 99999a 2500 00000I 
HPD02721000HPCPHI19560200070021200 00020A 2500 00020P 
HPD02721000HPCPHI19560200080061000 00002  1100 00002  1200 00003  1300 00001  1400 00001  2500 00009  
HPD02721000HPCPHI19560200090031000 99999a 1400 00058A 2500 00058  
HPD02721000HPCPHI19560200170040200 00001  0300 00001  0400 00013  2500 00015  
HPD02721000HPCPHI19560300010020100 00000g 2500 00000  
HPD02721000HPCPHI19560400010030100 00000g 2100 99999[ 2500 00000I 
HPD02721000HPCPHI19560400020021300 99999] 2500 00000I 
HPD02721000HPCPHI19560400140030900 99999[ 1900 99999] 2500 00000I 
HPD02721000HPCPHI19560400200031700 99999[ 2400 99999] 2500 00000I 
HPD02721000HPCPHI19560500010020100 00000g 2500 00000  
HPD02721000HPCPHI19560600010020100 00000g 2500 00000  
HPD02721000HPCPHI19560600240021800 00007  2500 00007  
HPD02721000HPCPHI19560600270031200 00012  1300 00003  2500 00015  
HPD02721000HPCPHI19560600290051800 00001  1900 00014  2000 00003  2100 00002  2500 00020  
HPD02721000HPCPHI19560700010020100 00000g 2500 00000  
HPD02721000HPCPHI19560700120051500 00010  1600 00019  1700 00001  1800 00005  2500 00035  
HPD02721000HPCPHI19560700140061500 00007  1600 00001  1700 00003  1800 00005  1900 00009  2500 00025  
HPD02721000HPCPHI19560700160031500 00003  1600 00001  2500 00004  
HPD02721000HPCPHI19560700170031300 99999a 2100 00100A 2500 00100  
HPD02721000HPCPHI19560700190071600 00037  1700 00003  1800 00001  1900 00002  2000 00003  2100 00004  2500 00050  
HPD02721000HPCPHI19560700210051300 00005  1400 00015  1500 00004  1700 00001  2500 00025  
HPD02721000HPCPHI19560700250051200 00001  1300 00004  1400 00002  1500 00001  2500 00008  
HPD02721000HPCPHI19560700260051200 00012  1300 00006  1400 00001  1500 00001  2500 00020  
HPD02721000HPCPHI19560700270030300 00002  0400 00008  2500 00010  
HPD02721000HPCPHI19560700280032200 00004  2400 00001  2500 00005  
HPD02721000HPCPHI19560700290031600 00005  1700 00001  2500 00006  
HPD02721000HPCPHI19560700300061300 00015  1400 00002  1500 00001  1600 00001  1700 00001  2500 00020  
HPD02721000HPCPHI19560700310041500 00033  1600 00004  1700 00001  2500 00038  
HPD02721000HPCPHI19560800010020100 00000g 2500 00000  
HPD02721000HPCPHI19560800110021600 00047  2500 00047  
HPD02721000HPCPHI19560800120051400 00001  1500 00089  1600 00014  1700 00005  2500 00109  
HPD02721000HPCPHI19560800130021500 00003  2500 00003  
HPD02721000HPCPHI19560800140041600 00048  1700 00003  1800 00002  2500 00053  
HPD02721000HPCPHI19560800150022400 00002  2500 00002  
HPD02721000HPCPHI19560800160030100 00002  0200 00006  2500 00008  
HPD02721000HPCPHI19560800230021800 00008  2500 00008  
HPD02721000HPCPHI19560900010020100 00000g 2500 00000  
HPD02721000HPCPHI19560900230021600 00022  2500 00022  
HPD02721000HPCPHI19561000010020100 00000g 2500 00000  
HPD02721000HPCPHI19561000170030200 00001  0300 00001  2500 00002  
HPD02721000HPCPHI19561000230051600 00005  1700 00001  1900 00003  2000 00001  2500 00010  
HPD02721000HPCPHI19561000240050200 00001  0300 00001  0400 00006  0500 00002  2500 00010  
HPD02721000HPCPHI19561000290030100 99999a 1600 00130A 2500 00130  
HPD02721000HPCPHI19561100010020100 00000g 2500 00000  
HPD02721000HPCPHI19561200010020100 00000g 2500 00000  
HPD02721000HPCPHI19561200070031700 99999a 2100 00045A 2500 00045  
HPD02721000HPCPHI19561200220030800 99999a 1100 00004A 2500 00004  
HPD02721000HPCPHI19570100010020100 00000g 2500 00000  
HPD02721000HPCPHI19570100030021000 99999a 2500 00000I 
HPD02721000HPCPHI19570100040020800 00045A 2500 00045P 
HPD02721000HPCPHI19570100070061600 00002  1700 00001  2200 00001  2300 00006  2400 00005  2500 00015  
HPD02721000HPCPHI19570100080200100 00015  0200 00015  0300 00010  0400 00009  0500 00007  0600 00008  0700 00002  0800 00001  0900 00006  1000 00005  1200 00002  1300 00003  1400 00001  1500 00001  1800 00021  1900 00001  2100 00002  2200 00001  2400 00005  2500 00115  
HPD02721000HPCPHI19570100090090100 00010  0200 00010  0300 00015  0400 00013  0500 00009  0600 00002  0700 00001  0900 00003  2500 00063  
HPD02721000HPCPHI19570100100190200 00001  0300 00005  0400 00009  0500 00004  0600 00001  0700 00002  0800 00007  0900 00011  1000 00010  1100 00010  1200 00005  1300 00008  1400 00002  1500 00005  1600 00005  2000 00010  2200 00002  2300 00003  2500 00100  
HPD02721000HPCPHI19570100210031000 99999a 1800 00050A 2500 00050  
HPD02721000HPCPHI19570100270131100 00002  1200 00002  1300 00009  1400 00002  1500 00003  1600 00004  1700 00004  1800 00007  1900 00003  2000 00004  2100 00006  2200 00001  2500 00047  
HPD02721000HPCPHI19570100300030100 99999a 1200 00046A 2500 00046  
HPD02721000HPCPHI19570200010020100 00000g 2500 00000  
HPD02721000HPCPHI19570200040060800 00005  0900 00005  1000 00003  1100 99999a 1300 00012A 2500 00025  
HPD02721000HPCPHI19570200170021400 99999a 2500 00000I 
HPD02721000HPCPHI19570200200020300 00072A 2500 00072P 
HPD02721000HPCPHI19570200230021400 99999a 2500 00000I 
HPD02721000HPCPHI19570200240020300 00028A 2500 00028P 
HPD02721000HPCPHI19570300010100100 00000g 0800 00003  0900 00005  1000 00010  1100 00015  1200 00003  1300 00002  1400 00007  1500 00003  2500 00048  
HPD02721000HPCPHI19570300050030800 99999a 1100 00055A 2500 00055  
HPD02721000HPCPHI19570300100120400 00006  0500 00004  0600 00004  0700 00001  0800 00007  0900 00002  1000 00006  1100 00004  1200 00004  1300 00010  1400 00002  2500 00050  
HPD02721000HPCPHI19570300190021300 99999a 2500 00000I 
HPD02721000HPCPHI19570300200060400 00042A 1600 00002  1700 00005  1800 00003  1900 00002  2500 00054P 
HPD02721000HPCPHI19570300210042000 00001  2100 00003  2200 00001  2500 00005  
HPD02721000HPCPHI19570300220050200 00001  0300 00006  0400 00002  0500 00006  2500 00015  
HPD02721000HPCPHI19570400010040100 00000g 0900 00001  1000 00004  2500 00005  
HPD02721000HPCPHI19570400220031200 99999a 1800 00090A 2500 00090  
HPD02721000HPCPHI19570400290032100 00002  2200 00001  2500 00003  
HPD02721000HPCPHI19570500010020100 00000g 2500 00000  
HPD02721000HPCPHI19570500050041700 00005  1800 00006  1900 00002  2500 00013  
HPD02721000HPCPHI19570500060031300 00024  1400 00006  2500 00030  
HPD02721000HPCPHI19570500070091300 00002  1600 00001  1700 00001  1800 00008  1900 00003  2000 00001  2300 00001  2400 00004  2500 00021  
HPD02721000HPCPHI19570500080020300 00001  2500 00001  
HPD02721000HPCPHI19570500100032200 00006  2300 00001  2500 00007  
HPD02721000HPCPHI19570500110061600 00003  1700 00004  1800 00001  2000 00003  2100 00007  2500 00018  
HPD02721000HPCPHI19570500120131000 00006  1100 00004  1200 00001  1300 00014  1400 00001  1500 00001  1600 00001  1700 00001  1800 00002  2000 00006  2100 00004  2200 00003  2500 00044  
HPD02721000HPCPHI19570500190042100 00010  2200 00002  2300 00002  2500 00014  
HPD02721000HPCPHI19570500200040100 00005  0300 00001  0400 00001  2500 00007  
HPD02721000HPCPHI19570600010020100 00000g 2500 00000  
HPD02721000HPCPHI19570600040031500 99999a 1800 00025A 2500 00025  
HPD02721000HPCPHI19570600100071400 00001  1500 00004  1600 00009  1700 00014  1800 00014  1900 00003  2500 00045  
HPD02721000HPCPHI19570600110070800 00001  1000 00008  1100 00001  1200 00004  1600 00004  1700 00003  2500 00021  
HPD02721000HPCPHI19570600190041600 00005  1900 00005  2100 00004  2500 00014  
HPD02721000HPCPHI19570700010020100 00000g 2500 00000  
HPD02721000HPCPHI19570700110031300 00023  1400 00002  2500 00025  
HPD02721000HPCPHI19570700120021900 00003  2500 00003  
HPD02721000HPCPHI19570700130051500 00011  1600 00004  1700 00002  1800 00001  2500 00018  
HPD02721000HPCPHI19570700140051200 00003  1300 00008  1400 00002  1600 00001  2500 00014  
HPD02721000HPCPHI19570700150031600 00003  1700 00001  2500 00004  
HPD02721000HPCPHI19570700160042200 00002  2300 00011  2400 00004  2500 00017  
HPD02721000HPCPHI19570700170060100 00003  1000 00001  1200 00001  1300 00001  1400 00002  2500 00008  
HPD02721000HPCPHI19570700190031500 99999a 1900 00010A 2500 00010  
HPD02721000HPCPHI19570700240031300 00003  1400 00003  2500 00006  
HPD02721000HPCPHI19570700260120400 00002  0600 00001  0700 00002  1000 00001  1100 00004  1200 00005  1300 00009  1400 00026  1500 00007  1600 00005  1700 00001  2500 00063  
HPD02721000HPCPHI19570700270041500 00020  1600 00001  1700 00001  2500 00022  
HPD02721000HPCPHI19570700280061000 00001  1100 00002  1200 00005  1600 00024  1700 00001  2500 00033  
HPD02721000HPCPHI19570800010070100 00000g 1100 00007  1200 00005  1300 00011  1500 00001  1600 00001  2500 00025  
HPD02721000HPCPHI19570800030051500 00001  1600 00001  1700 00001  1800 00002  2500 00005  
HPD02721000HPCPHI19570800050071600 00008  1700 00001  2000 00002  2200 00025  2300 00004  2400 00004  2500 00044  
HPD02721000HPCPHI19570800060050100 00003  0200 00001  1300 99999a 1700 00016A 2500 00020  
HPD02721000HPCPHI19570800100061400 00002  1500 00023  1600 00001  1700 00004  1800 00003  2500 00033  
HPD02721000HPCPHI19570800120031300 00017  1400 00003  2500 00020  
HPD02721000HPCPHI19570800130051300 00003  1500 00002  1600 00002  1700 00001  2500 00008  
HPD02721000HPCPHI19570800150031900 00001  2000 00002  2500 00003  
HPD02721000HPCPHI19570800160031300 00009  1400 00001  2500 00010  
HPD02721000HPCPHI19570800180041500 00027  1600 00008  1700 00002  2500 00037  
HPD02721000HPCPHI19570800190062000 00035  2100 00012  2200 00001  2300 00005  2400 00003  2500 00056  
HPD02721000HPCPHI19570800200040100 00001  0200 00003  0300 00002  2500 00006  
HPD02721000HPCPHI19570800220031700 99999a 2100 00080A 2500 00080  
HPD02721000HPCPHI19570800230032300 00011  2400 00004  2500 00015  
HPD02721000HPCPHI19570800240060100 00006  0200 00010  0300 00004  1200 00020  1300 00003  2500 00043  
HPD02721000HPCPHI19570800250032300 00020  2400 00001  2500 00021  
HPD02721000HPCPHI19570800260030100 00008  0200 00001  2500 00009  
HPD02721000HPCPHI19570800290031800 00001  2100 00001  2500 00002  
HPD02721000HPCPHI19570800300051600 00037  1700 00009  1900 00001  2000 00003  2500 00050  
HPD02721000HPCPHI19570800310022400 00017  2500 00017  
HPD02721000HPCPHI19570900010020100 00003  2500 00003  
HPD02721000HPCPHI19570900060031200 00001  1300 00004  2500 00005  
HPD02721000HPCPHI19570900090041500 00007  1600 00048  1700 00005  2500 00060  
HPD02721000HPCPHI19570900100030200 00003  0300 00002  2500 00005  
HPD02721000HPCPHI19571000010020100 00000g 2500 00000  
HPD02721000HPCPHI19571000110031600 00014  2200 00005  2500 00019  
HPD02721000HPCPHI19571000120150100 00011  0200 00023  0300 00016  0400 00012  0500 00008  0600 00009  0700 00029  0800 00017  0900 00013  1000 00008  1600 00006  1700 00001  1800 00002  1900 00004  2500 00159  
HPD02721000HPCPHI19571000140180100 00006  0400 00004  0500 00001  0600 00001  0700 00001  0800 00003  0900 00002  1000 00003  1100 00002  1200 00001  1400 00001  1500 00001  1900 00002  2000 00001  2100 00002  2200 00004  2300 00001  2500 00036  
HPD02721000HPCPHI19571000150031500 00002  1600 00012  2500 00014  
HPD02721000HPCPHI19571000220041000 00008  1100 00015  1200 00002  2500 00025  
HPD02721000HPCPHI19571000280130400 00002  0500 00007  0600 00001  0800 00001  1200 00015  1300 00001  1400 00002  1500 00004  1600 00028  1700 00005  1800 00005  1900 00010  2500 00081  
HPD02721000HPCPHI19571000310070800 00002  0900 00026  1000 00001  1100 00002  1400 00011  1500 00002  2500 00044  
HPD02721000HPCPHI19571100010040100 00000g 0200 00001  0300 00002  2500 00003  
HPD02721000HPCPHI19571100040041500 00003  2300 00001  2400 00002  2500 00006  
HPD02721000HPCPHI19571100050060100 00003  0200 00002  0300 00002  0800 00001  0900 00004  2500 00012  
HPD02721000HPCPHI19571100060051100 00001  1300 00006  1400 00006  1500 00004  2500 00017  
HPD02721000HPCPHI19571100070031100 00008  1200 00001  2500 00009  
HPD02721000HPCPHI19571100150032300 00007  2400 00003  2500 00010  
HPD02721000HPCPHI19571100160150100 00005  0200 00006  0300 00014  0400 00014  0500 00002  0600 00001  0700 00001  0800 00002  0900 00001  1000 00004  1100 00004  1200 00003  1300 00002  1400 00001  2500 00060  
HPD02721000HPCPHI19571100170041000 00001  1100 00004  1200 00001  2500 00006  
HPD02721000HPCPHI19571200010020100 00000g 2500 00000  
HPD02721000HPCPHI19571200050030600 99999a 2400 00056A 2500 00056  
HPD02721000HPCPHI19571200150041500 00012  1600 00002  1700 00001  2500 00015  
HPD02721000HPCPHI19580100010020100 00000g 2500 00000  
HPD02721000HPCPHI19580100270031100 00005  1200 00010  2500 00015  
HPD02721000HPCPHI19580200010020100 00000g 2500 00000  
HPD02721000HPCPHI19580200030032300 00005  2400 00002  2500 00007  
HPD02721000HPCPHI19580200040210300 00002  0400 00006  0500 00009  0600 00004  0800 00021  0900 00013  1000 00009  1100 00003  1200 00010  1300 00005  1400 00008  1500 00016  1600 00011  1700 00006  1800 00003  1900 00001  2000 00005  2100 00003  2200 00001  2400 00001  2500 00137  
HPD02721000HPCPHI19580200130031300 99999a 1700 00011A 2500 00011  
HPD02721000HPCPHI19580200200091200 00010  1300 00009  1400 00004  1600 00001  1700 00001  1900 00006  2000 00025  2100 00013  2500 00069  
HPD02721000HPCPHI19580200220021800 00005  2500 00005  
HPD02721000HPCPHI19580200240060100 00002  0300 00005  0400 00003  0500 00002  0600 00001  2500 00013  
HPD02721000HPCPHI19580200250091500 00004  1600 00009  1700 00006  1800 00010  1900 00002  2000 00001  2100 00002  2200 00001  2500 00035  
HPD02721000HPCPHI19580200260041100 00002  1200 00003  1300 00013  2500 00018  
HPD02721000HPCPHI19580300010020100 00000g 2500 00000  
HPD02721000HPCPHI19580300030020300 99999a 2500 00000I 
HPD02721000HPCPHI19580300040021700 00054A 2500 00054P 
HPD02721000HPCPHI19580300050041900 00001  2000 00001  2400 00001  2500 00003  
HPD02721000HPCPHI19580300060110100 00002  0200 00001  0300 00001  1000 00010  1100 00006  1200 00014  1300 00010  1400 00010  1500 00004  1600 00001  2500 00059  
HPD02721000HPCPHI19580300070061700 00002  1800 00001  1900 00002  2000 00001  2100 00001  2500 00007  
HPD02721000HPCPHI19580300080031400 00054  1500 00013  2500 00067  
HPD02721000HPCPHI19580300110021600 99999a 2500 00000I 
HPD02721000HPCPHI19580300120021500 00075A 2500 00075P 
HPD02721000HPCPHI19580300160020900 99999a 2500 00000I 
HPD02721000HPCPHI19580300170021500 00087A 2500 00087P 
HPD02721000HPCPHI19580300240030700 99999a 1200 00132A 2500 00132  
HPD02721000HPCPHI19580300270022200 99999a 2500 00000I 
HPD02721000HPCPHI19580300280021200 00030A 2500 00030P 
HPD02721000HPCPHI19580400010020100 00000g 2500 00000  
HPD02721000HPCPHI19580400020030100 99999a 0900 00049A 2500 00049  
HPD02721000HPCPHI19580400040030100 99999a 0600 00020A 2500 00020  
HPD02721000HPCPHI19580400070061700 00017  1900 00009  2000 00001  2200 00001  2300 00002  2500 00030  
HPD02721000HPCPHI19580400080030700 00001  0800 00001  2500 00002  
HPD02721000HPCPHI19580400160090200 99999a 0900 00034A 1000 00001  1100 00004  1300 00001  1500 00002  1600 00007  1700 00001  2500 00050  
HPD02721000HPCPHI19580500010020100 00000g 2500 00000  
HPD02721000HPCPHI19580500020041200 00005  1500 00001  1600 00001  2500 00007  
HPD02721000HPCPHI19580500110060800 00010  0900 00002  1100 00007  1200 00001  1300 00004  2500 00024  
HPD02721000HPCPHI19580600010020100 00000g 2500 00000  
HPD02721000HPCPHI19580600050041700 00001  1800 00004  1900 00001  2500 00006  
HPD02721000HPCPHI19580600060031500 00003  1600 00003  2500 00006  
HPD02721000HPCPHI19580600200041200 00004  1300 00031  1400 00010  2500 00045  
HPD02721000HPCPHI19580600280051600 00005  1800 00001  1900 00001  2000 00001  2500 00008  
HPD02721000HPCPHI19580600290050200 00002  0300 00008  0400 00001  0500 00001  2500 00012  
HPD02721000HPCPHI19580700010020100 00000g 2500 00000  
HPD02721000HPCPHI19580700020031500 00003  1600 00036  2500 00039  
HPD02721000HPCPHI19580700050031500 00004  1600 00001  2500 00005  
HPD02721000HPCPHI19580700160081300 00001  1400 00001  1500 00002  1600 00001  1700 00080  1800 00013  1900 00002  2500 00100  
HPD02721000HPCPHI19580700170031700 00004  1800 00001  2500 00005  
HPD02721000HPCPHI19580700180060200 00002  0300 00004  0400 00010  0500 00005  0600 00005  2500 00026  
HPD02721000HPCPHI19580700250041500 00013  1800 00002  1900 00003  2500 00018  
HPD02721000HPCPHI19580700280051500 00004  1600 00012  1700 00014  1800 00001  2500 00031  
HPD02721000HPCPHI19580700300060300 00005  1600 00003  1700 00002  1800 00001  1900 00007  2500 00018  
HPD02721000HPCPHI19580700310061800 00006  1900 00006  2000 00003  2100 00002  2200 00001  2500 00018  
HPD02721000HPCPHI19580800010020100 00000g 2500 00000  
HPD02721000HPCPHI19580800020041200 00005  1400 00002  1500 00001  2500 00008  
HPD02721000HPCPHI19580800030041500 00003  1700 00003  1800 00002  2500 00008  
HPD02721000HPCPHI19580800040051500 00026  1600 00004  1700 00001  1800 00001  2500 00032  
HPD02721000HPCPHI19580800100041400 00002  1500 00002  1700 00001  2500 00005  
HPD02721000HPCPHI19580800130051600 00014  1700 00001  1800 00002  1900 00003  2500 00020  
HPD02721000HPCPHI19580800140041500 00001  1600 00004  1700 00001  2500 00006  
HPD02721000HPCPHI19580800150021800 00003  2500 00003  
HPD02721000HPCPHI19580800160031600 99999a 1900 00010A 2500 00010  
HPD02721000HPCPHI19580800280031300 00003  1400 00007  2500 00010  
HPD02721000HPCPHI19580900010020100 00000g 2500 00000  
HPD02721000HPCPHI19580900020031600 00021  1700 00002  2500 00023  
HPD02721000HPCPHI19580900040061700 00019  1800 00016  1900 00015  2000 00015  2100 00010  2500 00075  
HPD02721000HPCPHI19580900060071600 00039  1700 00002  2100 00004  2200 00007  2300 00010  2400 00038  2500 00100  
HPD02721000HPCPHI19580900070020100 00004  2500 00004  
HPD02721000HPCPHI19580900080032100 99999a 2400 00023A 2500 00023  
HPD02721000HPCPHI19580900120100300 00002  0400 00001  1500 00027  1600 00002  1700 00001  1800 00017  1900 00001  2300 00007  2400 00030  2500 00088  
HPD02721000HPCPHI19580900130110100 00010  0300 00001  0400 00001  0500 00002  0600 00001  0700 00001  0800 00006  2200 00004  2300 00003  2400 00002  2500 00031  
HPD02721000HPCPHI19580900220031600 00004  1700 00001  2500 00005  
HPD02721000HPCPHI19580900230040900 00009  1000 00001  1100 00002  2500 00012  
HPD02721000HPCPHI19580900240030300 00001  0600 00002  2500 00003  
HPD02721000HPCPHI19580900260100200 00002  0400 00001  0600 00002  0900 00015  1000 00005  1600 00001  1700 00002  1800 00007  2000 00001  2500 00036  
HPD02721000HPCPHI19580900270060100 00004  0300 00005  0500 00003  1100 00001  1200 00001  2500 00014  
HPD02721000HPCPHI19581000010020100 00000g 2500 00000  
HPD02721000HPCPHI19581000050121000 00008  1100 00027  1200 00020  1300 00005  1400 00009  1500 00026  1600 00059  1700 00018  1800 00006  1900 00001  2000 00001  2500 00180  
HPD02721000HPCPHI19581000060080200 00001  0300 00001  0400 00001  0500 00002  0600 00025  0700 00005  1600 00015  2500 00050  
HPD02721000HPCPHI19581000110041200 00028  1300 00024  1400 00001  2500 00053  
HPD02721000HPCPHI19581000270032200 00007  2300 00001  2500 00008  
HPD02721000HPCPHI19581000280031200 00001  1300 00003  2500 00004  
HPD02721000HPCPHI19581000290051400 00002  1500 00006  1600 00005  1700 00002  2500 00015  
HPD02721000HPCPHI19581100010020100 00000g 2500 00000  
HPD02721000HPCPHI19581100110032200 00002  2300 00003  2500 00005  
HPD02721000HPCPHI19581100120050100 00003  0200 00007  0300 00005  0400 00003  2500 00018  
HPD02721000HPCPHI19581100150021400 99999a 2500 00000I 
HPD02721000HPCPHI19581100170020300 00123A 2500 00123P 
HPD02721000HPCPHI19581100270070300 00004  0400 00001  0500 00001  1000 00003  1100 00001  1200 00005  2500 00015  
HPD02721000HPCPHI19581200010020100 00000g 2500 00000  
HPD02721000HPCPHI19581200280041700 00005  1800 00006  1900 00001  2500 00012  
HPD02721000HPCPHI19590100010020100 00000g 2500 00000  
HPD02721000HPCPHI19590100030050600 00002  0700 00001  0800 00001  0900 00001  2500 00005  
HPD02721000HPCPHI19590100060071600 00006  1700 00004  1800 00004  1900 00003  2300 00001  2400 00001  2500 00019  
HPD02721000HPCPHI19590100070050100 00003  0200 00001  0300 00002  0400 00001  2500 00007  
HPD02721000HPCPHI19590100200050600 00001  0700 00001  0800 00001  0900 00002  2500 00005  
HPD02721000HPCPHI19590200010020100 00000g 2500 00000  
HPD02721000HPCPHI19590200020101100 00001  1200 00002  1300 00001  1600 00001  1700 00001  1800 00003  2000 00002  2100 00004  2200 00004  2500 00019  
HPD02721000HPCPHI19590200080021900 99999a 2500 00000I 
HPD02721000HPCPHI19590200090021400 00067A 2500 00067P 
HPD02721000HPCPHI19590200120042200 00001  2300 00002  2400 00002  2500 00005  
HPD02721000HPCPHI19590200130060100 00004  0200 00001  0300 00002  0400 00001  0500 00003  2500 00011  
HPD02721000HPCPHI19590200210071400 00020  1500 00010  1600 00002  1700 00003  2100 00011  2200 00004  2500 00050  
HPD02721000HPCPHI19590200220040300 00003  0400 00001  0700 00001  2500 00005  
HPD02721000HPCPHI19590300010020100 00000g 2500 00000  
HPD02721000HPCPHI19590300240021400 00003  2500 00003  
HPD02721000HPCPHI19590400010020100 00000g 2500 00000  
HPD02721000HPCPHI19590400060071900 00002  2000 00005  2100 00001  2200 00014  2300 00013  2400 00001  2500 00036  
HPD02721000HPCPHI19590400070050200 00001  0300 00014  0400 00001  0500 00005  2500 00021  
HPD02721000HPCPHI19590400080021900 00005  2500 00005  
HPD02721000HPCPHI19590400120051600 00001  1700 00004  1800 00006  1900 00003  2500 00014  
HPD02721000HPCPHI19590400160021600 00005  2500 00005  
HPD02721000HPCPHI19590500010020100 00000g 2500 00000  
HPD02721000HPCPHI19590600010020100 00000g 2500 00000  
HPD02721000HPCPHI19590600130041600 00005  1800 00001  1900 00004  2500 00010  
HPD02721000HPCPHI19590600150032100 00003  2200 00001  2500 00004  
HPD02721000HPCPHI19590600160021700 00002  2500 00002  
HPD02721000HPCPHI19590600170031300 00002  1400 00003  2500 00005  
HPD02721000HPCPHI19590600180021300 00005  2500 00005  
HPD02721000HPCPHI19590600230021200 00014  2500 00014  
HPD02721000HPCPHI19590600300031800 00025  1900 00017  2500 00042  
HPD02721000HPCPHI19590700010020100 00000g 2500 00000  
HPD02721000HPCPHI19590700030060100 00001  0200 00004  2000 00003  2100 00002  2400 00002  2500 00012  
HPD02721000HPCPHI19590700040090100 00004  0200 00007  0300 00001  1600 00012  1700 00008  1800 00006  1900 00002  2000 00015  2500 00055  
HPD02721000HPCPHI19590700090041300 00007  1400 00009  1500 00007  2500 00023  
HPD02721000HPCPHI19590700130041700 00005  1800 00023  1900 00007  2500 00035  
HPD02721000HPCPHI19590700150032000 00003  2100 00018  2500 00021  
HPD02721000HPCPHI19590700220031400 99999a 1600 00088A 2500 00088  
HPD02721000HPCPHI19590700230021900 00003  2500 00003  
HPD02721000HPCPHI19590700240041800 00002  1900 00006  2000 00004  2500 00012  
HPD02721000HPCPHI19590700260031300 00005  1400 00011  2500 00016  
HPD02721000HPCPHI19590700270061400 00003  1500 00006  1600 00003  1900 00002  2000 00010  2500 00024  
HPD02721000HPCPHI19590700280051300 00001  1400 00008  1500 00004  1600 00001  2500 00014  
HPD02721000HPCPHI19590700290041500 00006  1600 00001  1700 00008  2500 00015  
HPD02721000HPCPHI19590700300041700 00012  1800 00002  2300 00001  2500 00015  
HPD02721000HPCPHI19590700310031500 00029  1600 00001  2500 00030  
HPD02721000HPCPHI19590800010080100 00000g 1400 00008  1500 00012  1600 00006  1700 00011  1800 00011  1900 00002  2500 00050  
HPD02721000HPCPHI19590800040030200 99999a 0400 00154A 2500 00154  
HPD02721000HPCPHI19590800060080800 00060  0900 00022  1000 00031  1100 00002  1200 00002  1800 00002  1900 00001  2500 00120  
HPD02721000HPCPHI19590800070050600 00002  0700 00002  1700 00002  1800 00005  2500 00011  
HPD02721000HPCPHI19590800090041300 00018  1400 00005  1500 00001  2500 00024  
HPD02721000HPCPHI19590800100042200 00088  2300 00003  2400 00002  2500 00093  
HPD02721000HPCPHI19590800130031900 00018  2000 00007  2500 00025  
HPD02721000HPCPHI19590800140031800 00002  1900 00001  2500 00003  
HPD02721000HPCPHI19590800160031500 00012  1600 00020  2500 00032  
HPD02721000HPCPHI19590800170061700 00004  1800 00018  1900 00014  2000 00012  2100 00002  2500 00050  
HPD02721000HPCPHI19590800180031300 00005  1700 00007  2500 00012  
HPD02721000HPCPHI19590800190110300 00008  0400 00002  0500 00005  0600 00007  0700 00023  1000 00002  1100 00023  1200 00007  1300 00005  1400 00002  2500 00084  
HPD02721000HPCPHI19590800210061800 00017  1900 00002  2000 00002  2100 00001  2300 00005  2500 00027  
HPD02721000HPCPHI19590800220071200 00005  1300 00015  1400 00013  1500 00004  1600 00002  1700 00001  2500 00040  
HPD02721000HPCPHI19590800230022400 00007  2500 00007  
HPD02721000HPCPHI19590800240061800 00003  1900 00010  2000 00029  2100 00013  2200 00003  2500 00058  
HPD02721000HPCPHI19590800250041200 00002  1300 00037  1400 00003  2500 00042  
HPD02721000HPCPHI19590800260031300 00010  1400 00002  2500 00012  
HPD02721000HPCPHI19590900010020100 00000g 2500 00000  
HPD02721000HPCPHI19590900150080200 00005  0300 00001  0400 00001  0500 00001  1600 00001  1800 00001  2300 00001  2500 00011  
HPD02721000HPCPHI19590900240060700 00001  0800 00005  0900 00006  1000 00009  1100 00005  2500 00026  
HPD02721000HPCPHI19591000010160100 00000g 0900 00001  1000 00003  1100 00001  1300 00001  1400 00003  1500 00003  1600 00008  1700 00007  1800 00023  1900 00008  2000 00003  2100 00004  2200 00005  2300 00005  2500 00075  
HPD02721000HPCPHI19591000020150100 00001  0400 00003  0500 00001  0700 00005  0800 00010  1000 00004  1100 00001  1300 00001  1400 00002  1600 00002  1700 00007  1800 00003  1900 00007  2000 00003  2500 00050  
HPD02721000HPCPHI19591000280022400 00005  2500 00005  
HPD02721000HPCPHI19591000290210200 00001  0300 00009  0400 00002  0500 00002  0600 00001  0700 00012  0800 00003  1100 00010  1200 00020  1300 00005  1500 00002  1600 00003  1700 00015  1800 00015  1900 00015  2000 00004  2100 00004  2200 00005  2300 00004  2400 00001  2500 00133  
HPD02721000HPCPHI19591000300170100 00002  0200 00003  0300 00002  0400 00006  0500 00009  0600 00010  0700 00001  0800 00003  0900 00001  1000 00012  1100 00008  1200 00003  1300 00002  1700 00001  1800 00001  1900 00001  2500 00065  
HPD02721000HPCPHI19591000310180300 00001  0400 00001  0900 00003  1000 00006  1100 00007  1200 00009  1300 00007  1400 00015  1500 00013  1600 00010  1700 00005  1800 00009  1900 00006  2000 00007  2100 00003  2200 00015  2300 00015  2500 00132  
HPD02721000HPCPHI19591100010080100 00000g 0300 00001  0400 00002  0500 00001  0600 00001  0900 00002  1000 00003  2500 00010  
HPD02721000HPCPHI19591100020120200 00001  0300 00002  0400 00006  0500 00005  0600 00005  0700 00016  1000 00010  1100 00030  1200 00005  1300 00008  1400 00007  2500 00095  
HPD02721000HPCPHI19591100030040500 00002  0600 00002  0700 00001  2500 00005  
HPD02721000HPCPHI19591100140042200 00003  2300 00005  2400 00005  2500 00013  
HPD02721000HPCPHI19591100150050700 00002  0800 00004  0900 00001  1000 00001  2500 00008  
HPD02721000HPCPHI19591200010020100 00000g 2500 00000  
HPD02721000HPCPHI19591200090100200 00002  0300 00001  0400 00002  0700 00015  0800 00012  0900 00008  1000 00005  1100 00004  1200 00001  2500 00050  
HPD02721000HPCPHI19591200100130300 00001  0500 00001  0600 00002  1000 00002  1100 00002  1200 00005  1300 00005  1400 00012  1500 00001  1600 00008  1700 00010  1800 00005  2500 00054  
HPD02721000HPCPHI19591200130042200 00002  2300 00003  2400 00005  2500 00010  
HPD02721000HPCPHI19591200140160100 00004  0200 00001  0400 00002  0500 00003  0600 00002  0700 00003  0800 00005  0900 00003  1000 00007  1100 00007  1200 00006  1300 00002  1400 00003  1500 00001  1700 00001  2500 00050  
HPD02721000HPCPHI19591200240021300 99999a 2500 00000I 
HPD02721000HPCPHI19591200260020800 00279A 2500 00279P 
HPD02721000HPCPHI19591200310031100 99999[ 2100 99999] 2500 00000I 
HPD02721000HPCPHI19600100010040100 00000g 0500 99999[ 1600 99999] 2500 00000I 
HPD02721000HPCPHI19600100100061700 00002  1800 00001  1900 00001  2000 00001  2400 00001  2500 00006  
HPD02721000HPCPHI19600100110210100 00001  0200 00003  0300 00008  0400 00002  0800 00001  1000 00001  1100 00001  1200 00007  1300 00008  1400 00007  1500 00005  1600 00009  1700 00007  1800 00004  1900 00001  2000 00002  2100 00008  2200 00002  2300 00003  2400 00001  2500 00081  
HPD02721000HPCPHI19600100120100100 00001  0200 00001  0300 00001  0400 00003  0500 00002  1000 00001  1100 00002  1200 00001  1300 00001  2500 00013  
HPD02721000HPCPHI19600100130120900 00005  1100 00001  1200 00009  1300 00005  1400 00005  1700 00001  1800 00001  1900 00003  2000 00002  2300 00002  2400 00001  2500 00035  
HPD02721000HPCPHI19600100140030100 00001  0200 00001  2500 00002  
HPD02721000HPCPHI19600100150021800 99999a 2500 00000I 
HPD02721000HPCPHI19600100170020900 00285A 2500 00285P 
HPD02721000HPCPHI19600200010020100 00000g 2500 00000  
HPD02721000HPCPHI19600200020100600 00005  0700 00010  0800 00005  0900 00001  1000 00001  1100 00005  1200 00005  1300 00005  1400 00003  2500 00040  
HPD02721000HPCPHI19600200100071400 00002  1500 00001  1600 00001  1700 00001  1800 00003  1900 00001  2500 00009  
HPD02721000HPCPHI19600200190071200 00004  1300 00001  1400 00001  1500 00001  1600 00001  2200 00001  2500 00009  
HPD02721000HPCPHI19600200230031800 00001  1900 00002  2500 00003  
HPD02721000HPCPHI19600200240060200 00010  0300 00008  0400 00006  0500 00001  0800 00002  2500 00027  
HPD02721000HPCPHI19600200270041400 00001  1600 00001  1800 00001  2500 00003  
HPD02721000HPCPHI19600200290071000 00003  1100 00001  1200 00001  1300 00002  1400 00002  2400 00001  2500 00010  
HPD02721000HPCPHI19600300010180100 00001  0300 00001  0400 00002  0500 00005  0600 00003  0700 00003  0800 00001  0900 00003  1000 00006  1100 00002  1200 00002  1300 00001  1400 00006  1500 00005  1800 00002  2200 00001  2300 00006  2500 00050  
HPD02721000HPCPHI19600300020050100 00001  0200 00004  0400 00006  0500 00003  2500 00014  
HPD02721000HPCPHI19600300230041700 00005  1800 00010  1900 00010  2500 00025  
HPD02721000HPCPHI19600300240040800 00002  0900 00001  1000 00001  2500 00004  
HPD02721000HPCPHI19600400010020100 00000g 2500 00000  
HPD02721000HPCPHI19600400120071900 00008  2000 00002  2100 00007  2200 00010  2300 00006  2400 00002  2500 00035  
HPD02721000HPCPHI19600400280032300 00002  2400 00007  2500 00009  
HPD02721000HPCPHI19600400290020100 00005  2500 00005  
HPD02721000HPCPHI19600500010020100 00000g 2500 00000  
HPD02721000HPCPHI19600500030022400 00002  2500 00002  
HPD02721000HPCPHI19600500040090100 00002  0200 00002  0300 00001  1500 00001  1600 00004  2200 00015  2300 00001  2400 00004  2500 00030  
HPD02721000HPCPHI19600500050100100 00024  0200 00016  0300 00005  0400 00017  0700 00003  0900 00001  1000 00002  1100 00001  1200 00001  2500 00070  
HPD02721000HPCPHI19600600010020100 00000g 2500 00000  
HPD02721000HPCPHI19600600050031400 00003  1500 00002  2500 00005  
HPD02721000HPCPHI19600600060031200 00006  1300 00004  2500 00010  
HPD02721000HPCPHI19600600100021800 00003  2500 00003  
HPD02721000HPCPHI19600600110051400 00020  1500 00012  1600 00001  1700 00002  2500 00035  
HPD02721000HPCPHI19600700010020100 00000g 2500 00000  
HPD02721000HPCPHI19600700040040700 00003  0800 00002  0900 00002  2500 00007  
HPD02721000HPCPHI19600700070041300 00002  1400 00002  1500 00001  2500 00005  
HPD02721000HPCPHI19600700080031900 00002  2000 00001  2500 00003  
HPD02721000HPCPHI19600700170031500 00002  1600 00003  2500 00005  
HPD02721000HPCPHI19600700180031400 00002  1500 00001  2500 00003  
HPD02721000HPCPHI19600700200031600 00001  1700 00003  2500 00004  
HPD02721000HPCPHI19600700210031800 00002  1900 00001  2500 00003  
HPD02721000HPCPHI19600700230031500 00063  1600 00023  2500 00086  
HPD02721000HPCPHI19600700240021500 00004  2500 00004  
HPD02721000HPCPHI19600700260041400 00002  1500 00009  1600 00002  2500 00013  
HPD02721000HPCPHI19600700280031700 00020  1800 00001  2500 00021  
HPD02721000HPCPHI19600700290031500 00002  1600 00001  2500 00003  
HPD02721000HPCPHI19600800010020100 00000g 2500 00000  
HPD02721000HPCPHI19600800050021400 00007  2500 00007  
HPD02721000HPCPHI19600800060061300 00002  1400 00004  1500 00001  2200 00004  2300 00008  2500 00019  
HPD02721000HPCPHI19600800070031300 00004  1400 00001  2500 00005  
HPD02721000HPCPHI19600800080041300 00021  1400 00012  1500 00002  2500 00035  
HPD02721000HPCPHI19600800090051300 00002  1400 00006  1700 00001  1800 00001  2500 00010  
HPD02721000HPCPHI19600800100100300 00002  0400 00001  0500 00004  0600 00002  1200 00005  1300 00002  1400 00001  2000 00002  2100 00001  2500 00020  
HPD02721000HPCPHI19600800110031600 00001  1700 00002  2500 00003  
HPD02721000HPCPHI19600800140030500 00002  1500 00003  2500 00005  
HPD02721000HPCPHI19600800150041500 00037  1600 00004  1700 00001  2500 00042  
HPD02721000HPCPHI19600800210032000 00025  2100 00003  2500 00028  
HPD02721000HPCPHI19600800220040200 00001  0300 00001  0400 00009  2500 00011  
HPD02721000HPCPHI19600800230030700 99999a 1100 00023A 2500 00023  
HPD02721000HPCPHI19600800300031300 99999a 1700 00029A 2500 00029  
HPD02721000HPCPHI19600900010020100 00000g 2500 00000  
HPD02721000HPCPHI19600900050031800 00007  1900 00001  2500 00008  
HPD02721000HPCPHI19600900090041500 00060  1600 00004  1700 00002  2500 00066  
HPD02721000HPCPHI19600900100041500 00005  1600 00003  1800 00001  2500 00009  
HPD02721000HPCPHI19600900190051400 00004  1500 00003  1600 00001  1700 00002  2500 00010  
HPD02721000HPCPHI19600900200031200 00003  1400 00003  2500 00006  
HPD02721000HPCPHI19601000010020100 00000g 2500 00000  
HPD02721000HPCPHI19601000030060500 00005  0600 00002  0700 00003  1200 00003  1300 00004  2500 00017  
HPD02721000HPCPHI19601000080052100 00015  2200 00016  2300 00028  2400 00023  2500 00082  
HPD02721000HPCPHI19601000090040100 00022  0200 00002  0300 00003  2500 00027  
HPD02721000HPCPHI19601000140091700 00008  1800 00024  1900 00001  2000 00012  2100 00003  2200 00001  2300 00001  2400 00005  2500 00055  
HPD02721000HPCPHI19601000150090200 00003  0300 00002  0400 00002  0500 00003  0600 00002  0700 00001  0800 00001  0900 00001  2500 00015  
HPD02721000HPCPHI19601000160110400 00013  0500 00005  0800 00001  0900 00001  1000 00001  1100 00001  1200 00001  2000 00002  2300 00006  2400 00005  2500 00036  
HPD02721000HPCPHI19601000170130100 00002  0200 00002  0300 00001  0400 00001  0500 00006  0600 00002  0700 00003  0800 00008  0900 00004  1000 00003  1500 00005  1700 00005  2500 00042  
HPD02721000HPCPHI19601000180100200 00001  0300 00003  0400 00006  0500 00010  0600 00008  0700 00002  0900 00001  1000 00002  1100 00002  2500 00035  
HPD02721000HPCPHI19601100010020100 00000g 2500 00000  
HPD02721000HPCPHI19601100050040400 00001  0500 00002  0600 00005  2500 00008  
HPD02721000HPCPHI19601100060032200 00002  2300 00001  2500 00003  
HPD02721000HPCPHI19601100070070100 00001  0200 00003  0300 00001  0500 00006  0600 00002  0900 00003  2500 00016  
HPD02721000HPCPHI19601100270060300 00002  0400 00003  0500 00005  0600 00004  0800 00001  2500 00015  
HPD02721000HPCPHI19601200010020100 00000g 2500 00000  
HPD02721000HPCPHI19601200030021400 99999a 2500 00000I 
HPD02721000HPCPHI19601200040020400 00067A 2500 00067P 
HPD02721000HPCPHI19601200070120700 00001  0800 00002  0900 00001  1700 00001  1800 00001  1900 00003  2000 00008  2100 00008  2200 00004  2300 00007  2400 00003  2500 00039  
HPD02721000HPCPHI19601200080190100 00005  0200 00004  0300 00006  0400 00006  0500 00005  0600 00005  0700 00004  0800 00005  0900 00001  1000 00002  1100 00001  1200 00001  1400 00001  1500 00002  1600 00001  1700 00001  2300 00001  2400 00001  2500 00052  
HPD02721000HPCPHI19601200090051600 00001  1700 00001  1800 00002  1900 00004  2500 00008  
HPD02721000HPCPHI19601200300070500 00008  0600 00007  0700 00005  0800 00003  0900 00004  1000 00003  2500 00030  
HPD02721000HPCPHI19610100010020100 00000g 2500 00000  
HPD02721000HPCPHI19610100240080800 00004  0900 00001  1600 00001  1700 00002  1800 00001  1900 00001  2000 00005  2500 00015  
HPD02721000HPCPHI19610100260052100 00002  2200 00003  2300 00009  2400 00010  2500 00024  
HPD02721000HPCPHI19610100270130100 00005  0200 00008  0300 00007  0400 00002  0500 00003  0800 00001  0900 00008  1000 00001  1300 00008  1400 00001  1500 00006  1700 00005  2500 00055  
HPD02721000HPCPHI19610100280041400 00001  1500 00002  1700 00002  2500 00005  
HPD02721000HPCPHI19610200010020100 00000g 2500 00000  
HPD02721000HPCPHI19610200030051800 00001  1900 00003  2000 00003  2100 00002  2500 00009  
HPD02721000HPCPHI19610200160022000 99999a 2500 00000I 
HPD02721000HPCPHI19610200170020500 00035A 2500 00035P 
HPD02721000HPCPHI19610200260032300 00004  2400 00001  2500 00005  
HPD02721000HPCPHI19610300010020100 00000g 2500 00000  
HPD02721000HPCPHI19610300040061700 00008  1800 00002  2000 00005  2300 00005  2400 00010  2500 00030  
HPD02721000HPCPHI19610300050070100 00004  0200 00001  0300 00010  0400 00015  1000 00001  1100 00004  2500 00035  
HPD02721000HPCPHI19610300160100100 00005  0200 00005  0300 00010  0400 00001  0500 00002  0800 00001  0900 00001  1000 00005  1200 00010  2500 00040  
HPD02721000HPCPHI19610300180090400 00003  0500 00002  0600 00005  0700 00002  0800 00003  1500 00001  1600 00004  1700 00005  2500 00025  
HPD02721000HPCPHI19610300250032100 00006  2200 00001  2500 00007  
HPD02721000HPCPHI19610300260070100 00002  0200 00003  0300 00005  0400 00010  0800 00001  0900 00004  2500 00025  
HPD02721000HPCPHI19610300290160300 00003  0400 00002  0500 00010  0600 00010  0800 00008  0900 00005  1000 00001  1100 00002  1200 00002  1600 00001  1700 00001  1800 00001  1900 00002  2000 00008  2300 00002  2500 00058  
HPD02721000HPCPHI19610300300070600 00002  0700 00001  0800 00002  1100 00001  1200 00002  1300 00002  2500 00010  
HPD02721000HPCPHI19610400010020100 00000g 2500 00000  
HPD02721000HPCPHI19610400070041900 00001  2000 00004  2300 00003  2500 00008  
HPD02721000HPCPHI19610400080080100 00011  0200 00001  0300 00002  0400 00003  0500 00001  0600 00002  0700 00002  2500 00022  
HPD02721000HPCPHI19610500010020100 00000g 2500 00000  
HPD02721000HPCPHI19610600010020100 00000g 2500 00000  
HPD02721000HPCPHI19610600150031600 00007  1700 00003  2500 00010  
HPD02721000HPCPHI19610600170031300 00002  1400 00022  2500 00024  
HPD02721000HPCPHI19610600290061200 00001  1300 00004  1400 00015  1500 00005  1600 00010  2500 00035  
HPD02721000HPCPHI19610700010020100 00000g 2500 00000  
HPD02721000HPCPHI19610700020091400 00003  1500 00002  1600 00010  1700 00016  1800 00002  1900 00001  2000 00001  2400 00006  2500 00041  
HPD02721000HPCPHI19610700030040100 00004  0200 00015  0300 00011  2500 00030  
HPD02721000HPCPHI19610700050041500 00005  1900 00009  2000 00001  2500 00015  
HPD02721000HPCPHI19610700060032200 00005  2300 00001  2500 00006  
HPD02721000HPCPHI19610700070050300 00003  1300 00005  1800 00020  1900 00026  2500 00054  
HPD02721000HPCPHI19610700120021700 00002  2500 00002  
HPD02721000HPCPHI19610700140041300 00004  1400 99999[ 1500 99999] 2500 00004I 
HPD02721000HPCPHI19610700160031700 00011  1800 00001  2500 00012  
HPD02721000HPCPHI19610700220041200 00001  1300 00006  1400 00044  2500 00051  
HPD02721000HPCPHI19610700230031300 00008  1400 00001  2500 00009  
HPD02721000HPCPHI19610700270041200 00001  1300 00004  1400 00001  2500 00006  
HPD02721000HPCPHI19610700290031600 00004  1700 00005  2500 00009  
HPD02721000HPCPHI19610700300041700 00023  1800 00003  1900 00003  2500 00029  
HPD02721000HPCPHI19610700310051200 00003  1300 00015  1500 00009  1600 00001  2500 00028  
HPD02721000HPCPHI19610800010050100 00000g 1300 00018  1700 00003  1800 00004  2500 00025  
HPD02721000HPCPHI19610800020051300 00005  1400 00005  1700 00045  1800 00005  2500 00060  
HPD02721000HPCPHI19610800030032300 00003  2400 00002  2500 00005  
HPD02721000HPCPHI19610800040031500 00003  1600 00001  2500 00004  
HPD02721000HPCPHI19610800120051400 00010  1500 00004  1600 00003  1700 00003  2500 00020  
HPD02721000HPCPHI19610800140101100 00003  1200 00015  1300 00009  1400 00001  1600 00001  1700 00001  1800 00002  1900 00001  2400 00008  2500 00041  
HPD02721000HPCPHI19610800150030500 99999a 2200 00030A 2500 00030  
HPD02721000HPCPHI19610800170041600 00002  1700 00002  1800 00001  2500 00005  
HPD02721000HPCPHI19610800180051400 00002  1600 00014  1700 00007  2400 00007  2500 00030  
HPD02721000HPCPHI19610800190060100 00006  1500 00001  1600 00015  1700 00002  1800 00001  2500 00025  
HPD02721000HPCPHI19610800200021900 00065  2500 00065  
HPD02721000HPCPHI19610800280061400 00002  1500 00007  1600 00003  1700 00010  1800 00025  2500 00047  
HPD02721000HPCPHI19610800290130700 00023  0800 00021  0900 00001  1000 00001  1400 00001  1500 00003  1600 00010  1700 00010  1800 00010  1900 00005  2000 00005  2100 00005  2500 00095  
HPD02721000HPCPHI19610800300022300 00010  2500 00010  
HPD02721000HPCPHI19610800310030100 00015  0200 00005  2500 00020  
HPD02721000HPCPHI19610900010020100 00000g 2500 00000  
HPD02721000HPCPHI19610900030060100 00002  0200 00001  0300 00007  0400 00002  0500 00003  2500 00015  
HPD02721000HPCPHI19610900080040800 00026  0900 00009  2100 00005  2500 00040  
HPD02721000HPCPHI19610900090060100 00004  0200 00014  0300 00009  0400 00001  0500 00002  2500 00030  
HPD02721000HPCPHI19610900110021400 00002  2500 00002  
HPD02721000HPCPHI19611000010020100 00000g 2500 00000  
HPD02721000HPCPHI19611000080021000 99999a 2500 00000I 
HPD02721000HPCPHI19611000090020600 00095A 2500 00095P 
HPD02721000HPCPHI19611000280091700 00002  1800 00011  1900 00002  2000 00001  2100 00004  2200 00010  2300 00006  2400 00004  2500 00040  
HPD02721000HPCPHI19611000290120100 00003  0200 00002  0400 00002  0500 00003  0600 00004  0700 00001  0800 00005  1600 00004  1700 00002  1800 00004  2000 00003  2500 00033  
HPD02721000HPCPHI19611000300200300 00005  0600 00002  0700 00001  0800 00002  0900 00004  1000 00001  1100 00004  1200 00001  1300 00018  1400 00022  1500 00020  1600 00013  1700 00012  1800 00015  1900 00008  2000 00012  2100 00008  2200 00010  2300 00002  2500 00160  
HPD02721000HPCPHI19611000310090100 00001  0200 00004  0300 00005  0400 00003  0500 00002  0800 00002  0900 00001  1000 00002  2500 00020  
HPD02721000HPCPHI19611100010090100 00000g 0200 00005  0300 00005  0400 00005  0500 00005  0600 00005  1700 00002  1800 00001  2500 00028  
HPD02721000HPCPHI19611100020050100 00001  0200 00001  0300 00002  0400 00001  2500 00005  
HPD02721000HPCPHI19611100070041700 00001  1800 00001  1900 00001  2500 00003  
HPD02721000HPCPHI19611100090050600 00001  0700 00002  0800 00001  0900 00001  2500 00005  
HPD02721000HPCPHI19611100120031800 00004  1900 00001  2500 00005  
HPD02721000HPCPHI19611100130110900 00002  1000 00003  1100 00001  1200 00005  1300 00014  1400 00005  1500 00003  1600 00005  1700 00001  1800 00001  2500 00040  
HPD02721000HPCPHI19611100140060300 00001  0400 00001  0500 00001  1600 00002  1700 00001  2500 00006  
HPD02721000HPCPHI19611100210030200 99999a 2100 00065A 2500 00065  
HPD02721000HPCPHI19611200010020100 00000g 2500 00000  
HPD02721000HPCPHI19611200040110100 00018  0200 00005  0300 00007  0400 00002  0500 00001  0800 00001  0900 00001  1000 00001  1300 00003  1400 00002  2500 00041  
HPD02721000HPCPHI19611200080140700 00002  0800 00003  0900 00005  1000 00005  1100 00003  1200 00001  1300 00001  1800 00004  1900 00005  2100 00001  2200 00002  2300 00003  2400 00005  2500 00040  
HPD02721000HPCPHI19611200090170100 00007  0200 00013  0300 00019  0400 00001  0500 00001  0600 00004  0700 00002  0800 00003  1100 00001  1200 00004  1300 00005  1600 00001  1700 00002  1800 00001  1900 00001  2200 00005  2500 00070  
HPD02721000HPCPHI19611200100140100 00001  0200 00002  0300 00002  0400 00005  0500 00004  0600 00001  0800 00001  0900 00004  1400 00001  1500 00001  1600 00001  1700 00002  2100 99999a 2500 00025I 
HPD02721000HPCPHI19611200110021100 00080A 2500 00080P 
HPD02721000HPCPHI19611200130041100 00002  1200 00002  1300 00001  2500 00005  
HPD02721000HPCPHI19611200140070200 00003  0300 00002  0500 00001  0600 00001  0800 00002  0900 00001  2500 00010  
HPD02721000HPCPHI19611200150020200 99999a 2500 00000I 
HPD02721000HPCPHI19611200160022000 00105A 2500 00105P 
HPD02721000HPCPHI19620100010020100 00000g 2500 00000  
HPD02721000HPCPHI19620100020030200 00002  0300 00001  2500 00003  
HPD02721000HPCPHI19620100100040700 00004  0800 00002  0900 00002  2500 00008  
HPD02721000HPCPHI19620100130061200 00005  1300 00001  1400 00002  1500 00002  1700 00005  2500 00015  
HPD02721000HPCPHI19620100140020400 00005  2500 00005  
HPD02721000HPCPHI19620100170031900 00002  2000 00002  2500 00004  
HPD02721000HPCPHI19620100210021100 99999a 2500 00000I 
HPD02721000HPCPHI19620100220021300 00140A 2500 00140P 
HPD02721000HPCPHI19620100230110100 00002  0200 00006  0300 00004  0400 00002  0500 00001  1100 00002  1200 00003  1400 00001  1500 00004  1600 00005  2500 00030  
HPD02721000HPCPHI19620100240071600 00005  1700 00005  2000 00005  2100 00001  2200 00009  2300 00001  2500 00026  
HPD02721000HPCPHI19620100250170100 00004  0200 00010  0300 00005  0400 00005  0500 00003  0600 00002  0900 00002  1000 00008  1200 00005  1300 00001  1400 00004  1800 00001  1900 00003  2200 00002  2300 00004  2400 00001  2500 00060  
HPD02721000HPCPHI19620200010020100 00000g 2500 00000  
HPD02721000HPCPHI19620200080120100 00005  0200 00005  0300 00005  0400 00005  1100 00001  1200 00002  1300 00001  1400 00001  1500 00004  1600 00002  1700 00004  2500 00035  
HPD02721000HPCPHI19620200120061900 00004  2000 00008  2100 00005  2200 00004  2300 00001  2500 00022  
HPD02721000HPCPHI19620200130061500 00001  1600 00001  1700 00001  1900 00002  2000 00001  2500 00006  
HPD02721000HPCPHI19620200200131000 00015  1200 00001  1300 00002  1400 00002  1500 00001  1600 00007  1700 00007  1800 00001  1900 00002  2000 00002  2300 00001  2400 00001  2500 00042  
HPD02721000HPCPHI19620200210060100 00003  0300 00001  1900 00001  2000 00004  2400 00001  2500 00010  
HPD02721000HPCPHI19620200220040100 00004  0200 00004  0300 00006  2500 00014  
HPD02721000HPCPHI19620200250110600 00003  0700 00001  0800 00001  0900 00005  1000 00005  1100 00010  1200 00001  1300 00003  1400 00001  1600 00001  2500 00031  
HPD02721000HPCPHI19620200260090500 00001  0600 00001  0700 00003  1000 00001  1100 00004  1300 00003  1400 00004  1500 00003  2500 00020  
HPD02721000HPCPHI19620200270170200 00005  0300 00001  0400 00003  0500 00001  0600 00002  0700 00003  0800 00001  0900 00004  1000 00011  1100 00004  1200 00005  1300 00008  1400 00002  1900 00002  2000 00002  2100 00001  2500 00055  
HPD02721000HPCPHI19620300010030100 99999[ 1300 99999] 2500 00000I 
HPD02721000HPCPHI19620300100090200 00002  0300 00002  0400 00020  0500 00010  0800 00003  0900 00007  1300 99999[ 2400 99999] 2500 00044I 
HPD02721000HPCPHI19620300190032300 00002  2400 00001  2500 00003  
HPD02721000HPCPHI19620300200100100 00004  0200 00003  0300 00003  0400 00001  0500 00001  1000 00001  1100 00006  1300 99999[ 2400 99999] 2500 00019I 
HPD02721000HPCPHI19620300300031300 99999[ 2400 99999] 2500 00000I 
HPD02721000HPCPHI19620400010020100 00000g 2500 00000  
HPD02721000HPCPHI19620400260070100 99999[ 1300 99999] 1600 00001  1800 00001  2200 00003  2300 00002  2500 00007I 
HPD02721000HPCPHI19620500010030100 99999[ 1300 99999] 2500 00000I 
HPD02721000HPCPHI19620500280050100 00001  0200 00005  0300 00005  0400 00005  2500 00016  
HPD02721000HPCPHI19620600010020100 00000g 2500 00000  
HPD02721000HPCPHI19620600270070100 99999[ 1300 99999] 1400 00030  1500 00010  1600 00005  1700 00005  2500 00050I 
HPD02721000HPCPHI19620600280061400 00003  1500 00038  1600 00005  2200 00003  2300 00002  2500 00051  
HPD02721000HPCPHI19620600290041600 00002  1700 00018  1800 00002  2500 00022  
HPD02721000HPCPHI19620700010040100 00000g 1300 99999[ 2400 99999] 2500 00000I 
HPD02721000HPCPHI19620700030031300 99999[ 2400 99999] 2500 00000I 
HPD02721000HPCPHI19620700040021700 00015  2500 00015  
HPD02721000HPCPHI19620700170070100 99999[ 1300 99999] 1500 00020  1600 00010  2300 00009  2400 00005  2500 00044I 
HPD02721000HPCPHI19620700210031300 99999[ 2400 99999] 2500 00000I 
HPD02721000HPCPHI19620700220070100 00003  0200 00001  0300 00001  2100 00015  2200 00001  2300 00001  2500 00022  
HPD02721000HPCPHI19620700270050100 99999[ 1300 99999] 1400 00009  1500 00013  2500 00022I 
HPD02721000HPCPHI19620700280040100 00001  0200 00001  1300 99999[ 2500 00002I 
HPD02721000HPCPHI19620700290071300 99999] 1400 00002  1500 00050  1600 00009  1700 00001  1800 00001  2500 00063I 
HPD02721000HPCPHI19620700300050100 99999[ 1300 99999] 1600 00003  1700 00002  2500 00005I 
HPD02721000HPCPHI19620700310040100 99999[ 1300 99999] 1500 00003  2500 00003I 
HPD02721000HPCPHI19620800010020100 00000g 2500 00000  
HPD02721000HPCPHI19620800120061300 00002  1400 00004  1500 00002  1600 00001  1700 00001  2500 00010  
HPD02721000HPCPHI19620800210022300 00004  2500 00004  
HPD02721000HPCPHI19620800220080300 00009  0400 00003  0500 00003  0600 00001  0800 00001  0900 00002  1000 00003  2500 00022  
HPD02721000HPCPHI19620800250051300 00002  1400 00008  1500 00004  1600 00001  2500 00015  
HPD02721000HPCPHI19620800260041600 00006  1700 00005  1800 00006  2500 00017  
HPD02721000HPCPHI19620900010020100 00000g 2500 00000  
HPD02721000HPCPHI19620900050021300 00010  2500 00010  
HPD02721000HPCPHI19620900060060600 00003  0700 00002  0900 00005  1500 00025  1600 00010  2500 00045  
HPD02721000HPCPHI19620900080071000 00015  1100 00009  1200 00001  1300 00008  1400 00037  1500 00020  2500 00090  
HPD02721000HPCPHI19620900130031600 00006  1800 00001  2500 00007  
HPD02721000HPCPHI19620900160051400 00028  1500 00032  1600 00001  1700 00001  2500 00062  
HPD02721000HPCPHI19620900170041300 00001  1400 00012  1500 00003  2500 00016  
HPD02721000HPCPHI19620900220081200 00002  1300 00003  1400 00005  1500 00005  1600 00001  2300 00003  2400 00001  2500 00020  
HPD02721000HPCPHI19620900230110100 00001  0200 00001  0300 00003  0400 00001  0700 00002  0800 00001  1100 00001  1200 00001  1400 00015  1500 00005  2500 00031  
HPD02721000HPCPHI19620900240090500 00010  0600 00003  0700 00005  1300 00001  1400 00041  1500 00019  1600 00005  1700 00001  2500 00085  
HPD02721000HPCPHI19620900250090300 00002  0400 00003  0900 00005  1000 00010  1100 00008  1200 00006  1300 00008  1400 00003  2500 00045  
HPD02721000HPCPHI19620900260080300 00013  0400 00038  0500 00008  0600 00006  0700 00002  2200 00010  2300 00003  2500 00080  
HPD02721000HPCPHI19620900270060200 00001  0300 00001  0400 00001  0500 00034  0600 00021  2500 00058  
HPD02721000HPCPHI19620900280031300 00018  1400 00001  2500 00019  
HPD02721000HPCPHI19621000010020100 00000g 2500 00000  
HPD02721000HPCPHI19621000040051500 00025  1600 00010  1700 00017  1800 00008  2500 00060  
HPD02721000HPCPHI19621000160101300 00001  1400 00005  1600 00001  1700 00003  1800 00001  1900 00001  2000 00009  2100 00005  2400 00010  2500 00036  
HPD02721000HPCPHI19621000170120100 00003  0200 00007  0300 00001  0400 00001  1500 00012  1600 00003  1700 00026  1800 00009  1900 00001  2100 00009  2200 00010  2500 00082  
HPD02721000HPCPHI19621000180060300 00008  0400 00001  0600 00001  1300 00003  1400 00022  2500 00035  
HPD02721000HPCPHI19621000190030800 00002  0900 00008  2500 00010  
HPD02721000HPCPHI19621000260031300 00002  1400 00009  2500 00011  
HPD02721000HPCPHI19621100010020100 00000g 2500 00000  
HPD02721000HPCPHI19621100140131300 00001  1400 00004  1500 00005  1600 00005  1700 00005  1800 00002  1900 00001  2000 00002  2100 00002  2200 00008  2300 00005  2400 00008  2500 00048  
HPD02721000HPCPHI19621100150120100 00012  0200 00015  0300 00045  0400 00023  0500 00006  0800 00006  0900 00015  1000 00001  1100 00001  1200 00001  1300 00008  2500 00133  
HPD02721000HPCPHI19621100170040100 00004  0200 00005  0300 00007  2500 00016  
HPD02721000HPCPHI19621100300080600 00005  0700 00007  0800 00003  1200 00003  1400 00002  1600 00024  1700 00001  2500 00045  
HPD02721000HPCPHI19621200010070100 00000g 1600 00001  1700 00012  1800 00001  1900 00002  2000 00002  2500 00018  
HPD02721000HPCPHI19621200170022200 00004  2500 00004  
HPD02721000HPCPHI19621200180180100 00001  0600 00005  0700 00007  0800 00008  0900 00005  1300 00001  1400 00002  1500 00002  1600 00002  1700 00008  1800 00001  1900 00009  2000 00005  2100 00005  2200 00006  2300 00009  2400 00002  2500 00078  
HPD02721000HPCPHI19621200190050200 00001  0300 00002  0400 00001  0500 00001  2500 00005  
HPD02721000HPCPHI19621200240111000 00002  1100 00004  1200 00001  1400 00005  1500 00004  1600 00001  1700 00006  1800 00003  1900 00001  2300 00001  2500 00028  
HPD02721000HPCPHI19621200250080100 00008  0200 00004  0300 00004  0400 00008  0500 00004  0600 00003  0700 00005  2500 00036  
HPD02721000HPCPHI19621200270042200 00006  2300 00017  2400 00005  2500 00028  
HPD02721000HPCPHI19621200280050100 00001  0200 00003  0300 00003  0400 00002  2500 00009  
HPD02721000HPCPHI19630100010020100 00000g 2500 00000  
HPD02721000HPCPHI19630100030170400 00002  0500 00008  0600 00001  0700 00004  0800 00007  0900 00006  1000 00001  1100 00002  1500 00001  1600 00008  1700 00003  1800 00002  1900 00006  2000 00002  2200 00001  2300 00001  2500 00055  
HPD02721000HPCPHI19630100100140800 00004  0900 00001  1100 00001  1200 00001  1300 00002  1400 00001  1600 00004  1700 00001  2000 00001  2100 00001  2200 00003  2300 00006  2400 00011  2500 00037  
HPD02721000HPCPHI19630100110110100 00008  0200 00002  0300 00003  0500 00004  0600 00001  0800 00004  0900 00002  1000 00001  1300 00002  1400 00001  2500 00028  
HPD02721000HPCPHI19630100190090600 00002  0700 00002  0800 00005  0900 00010  1000 00003  1100 00008  1200 00006  1300 00001  2500 00037  
HPD02721000HPCPHI19630200010020100 00000g 2500 00000  
HPD02721000HPCPHI19630200100020100 99999a 2500 00000I 
HPD02721000HPCPHI19630200110081700 00197A 1800 00001  1900 00004  2000 00010  2100 00003  2200 00001  2300 00001  2500 00217P 
HPD02721000HPCPHI19630200220032000 00004  2100 00001  2500 00005  
HPD02721000HPCPHI19630300010020100 00000g 2500 00000  
HPD02721000HPCPHI19630300030101300 00001  1400 00001  1500 00003  1600 00001  1900 00004  2000 00002  2100 00004  2200 00003  2300 00001  2500 00020  
HPD02721000HPCPHI19630300040081300 00004  1400 00004  1600 00002  1700 00012  1800 00002  2000 00002  2100 00010  2500 00036  
HPD02721000HPCPHI19630300110050300 00003  0800 00001  1500 00004  1600 00001  2500 00009  
HPD02721000HPCPHI19630300170071900 00002  2000 00009  2100 00012  2200 00013  2300 00007  2400 00005  2500 00048  
HPD02721000HPCPHI19630300180140100 00002  0200 00002  0300 00009  0400 00003  0500 00004  0600 00003  0800 00001  0900 00001  1100 00002  1200 00002  1300 00003  1400 00001  1500 00002  2500 00035  
HPD02721000HPCPHI19630300290031600 00002  1700 00002  2500 00004  
HPD02721000HPCPHI19630400010020100 00000g 2500 00000  
HPD02721000HPCPHI19630400250121300 00001  1400 00004  1500 00003  1600 00002  1700 00001  1800 00008  1900 00011  2000 00015  2100 00005  2200 00003  2300 00002  2500 00055  
HPD02721000HPCPHI19630500010020100 00000g 2500 00000  
HPD02721000HPCPHI19630600010020100 00000g 2500 00000  
HPD02721000HPCPHI19630600110021300 00004  2500 00004  
HPD02721000HPCPHI19630700010020100 00000g 2500 00000  
HPD02721000HPCPHI19630700020041600 00041  2000 00001  2100 00002  2500 00044  
HPD02721000HPCPHI19630700030041300 00003  1400 00008  1600 00005  2500 00016  
HPD02721000HPCPHI19630700080042100 00008  2200 00021  2300 00009  2500 00038  
HPD02721000HPCPHI19630700100021800 00012  2500 00012  
HPD02721000HPCPHI19630700170032200 00009  2300 00001  2500 00010  
HPD02721000HPCPHI19630700180042100 00002  2200 00012  2300 00009  2500 00023  
HPD02721000HPCPHI19630700190061300 00007  1400 00004  1500 00008  1600 00001  2000 00002  2500 00022  
HPD02721000HPCPHI19630700220021600 00006  2500 00006  
HPD02721000HPCPHI19630700240041500 00023  1600 00017  1700 00002  2500 00042  
HPD02721000HPCPHI19630700280041400 00013  1500 00007  1600 00002  2500 00022  
HPD02721000HPCPHI19630800010050100 00000g 2000 00002  2100 00008  2200 00001  2500 00011  
HPD02721000HPCPHI19630800020021700 00003  2500 00003  
HPD02721000HPCPHI19630800030041200 00001  1400 00004  1500 00006  2500 00011  
HPD02721000HPCPHI19630800040041500 00003  1700 00002  2100 00005  2500 00010  
HPD02721000HPCPHI19630800050031800 00003  2000 00001  2500 00004  
HPD02721000HPCPHI19630800060022200 00003  2500 00003  
HPD02721000HPCPHI19630800080041900 00001  2000 00003  2100 00001  2500 00005  
HPD02721000HPCPHI19630800090041300 00011  1400 00019  1500 00001  2500 00031  
HPD02721000HPCPHI19630800110041400 00006  1800 00001  2000 00003  2500 00010  
HPD02721000HPCPHI19630800120031300 00013  1400 00037  2500 00050  
HPD02721000HPCPHI19630800130041200 00001  1300 00012  1400 00001  2500 00014  
HPD02721000HPCPHI19630800140071200 00008  1300 00008  1400 00003  1500 00011  1600 00005  1700 00001  2500 00036  
HPD02721000HPCPHI19630800160111200 00001  1300 00009  1400 00050  1500 00003  1600 00005  1800 00001  1900 00001  2000 00001  2100 00001  2300 00001  2500 00073  
HPD02721000HPCPHI19630800170061300 00003  1400 00002  1500 00001  1600 00001  1700 00001  2500 00008  
HPD02721000HPCPHI19630800180051400 00002  1500 00001  1600 00109  1700 00003  2500 00115  
HPD02721000HPCPHI19630800190061300 00015  1400 00017  1600 00001  1700 00007  1800 00003  2500 00043  
HPD02721000HPCPHI19630800200031300 00015  1500 00001  2500 00016  
HPD02721000HPCPHI19630800220070600 00010  0800 00003  1200 00001  1300 00069  1400 00002  1500 00005  2500 00090  
HPD02721000HPCPHI19630800250032300 00008  2400 00008  2500 00016  
HPD02721000HPCPHI19630800260030100 00002  1700 00086  2500 00088  
HPD02721000HPCPHI19630800270031300 99999a 1700 00015A 2500 00015  
HPD02721000HPCPHI19630800290041700 00012  1800 00007  1900 00016  2500 00035  
HPD02721000HPCPHI19630800300041600 00010  1700 00036  1800 00004  2500 00050  
HPD02721000HPCPHI19630800310060500 00005  0600 00002  0700 00018  0800 00015  0900 00002  2500 00042  
HPD02721000HPCPHI19630900010020100 00000g 2500 00000  
HPD02721000HPCPHI19630900030051700 00002  1800 00010  1900 00003  2000 00001  2500 00016  
HPD02721000HPCPHI19630900040041800 00049  1900 00014  2000 00002  2500 00065  
HPD02721000HPCPHI19630900050021100 00005  2500 00005  
HPD02721000HPCPHI19630900090021900 99999a 2500 00000I 
HPD02721000HPCPHI19630900100020500 00040A 2500 00040P 
HPD02721000HPCPHI19630900130052100 00033  2200 00007  2300 00004  2400 00001  2500 00045  
HPD02721000HPCPHI19631000010020100 00000g 2500 00000  
HPD02721000HPCPHI19631000160061800 00003  1900 00003  2000 00002  2100 00002  2200 00003  2500 00013  
HPD02721000HPCPHI19631000180100800 00005  0900 00001  1600 00020  1700 00020  1800 00013  1900 00012  2200 00002  2300 00002  2400 00001  2500 00076  
HPD02721000HPCPHI19631000190130100 00005  0400 00001  0500 00001  0600 00001  0700 00012  0800 00027  0900 00005  1000 00008  1100 00001  1200 00001  1400 00008  1500 00015  2500 00085  
HPD02721000HPCPHI19631000310061100 00005  1200 00002  1300 00005  1400 00001  1500 00002  2500 00015  
HPD02721000HPCPHI19631100010020100 00000g 2500 00000  
HPD02721000HPCPHI19631100020110700 00002  0800 00008  0900 00003  1000 00001  1200 00014  1300 00001  1400 00021  1500 00008  1600 00001  1700 00001  2500 00060  
HPD02721000HPCPHI19631100070120900 00002  1000 00017  1100 00019  1200 00013  1300 00004  1800 00002  2000 00002  2100 00002  2200 00004  2300 00005  2400 00002  2500 00072  
HPD02721000HPCPHI19631100080030100 00001  0200 00002  2500 00003  
HPD02721000HPCPHI19631100160031200 00023  1300 00002  2500 00025  
HPD02721000HPCPHI19631100180060900 00001  1000 00001  1200 00001  1300 00001  1400 00001  2500 00005  
HPD02721000HPCPHI19631100210150400 00001  0500 00005  0600 00008  0700 00001  0800 00005  0900 00005  1000 00002  1100 00003  1500 00004  1600 00003  1700 00003  1800 00001  1900 00002  2000 00002  2500 00045  
HPD02721000HPCPHI19631200010020100 00000g 2500 00000  
HPD02721000HPCPHI19631200100050500 00002  0600 00006  0700 00006  0800 00010  2500 00024  
HPD02721000HPCPHI19640100010020100 99999[ 2500 00000I 
HPD02721000HPCPHI19640100310022400 99999] 2500 00000I 
HPD02721000HPCPHI19640200010020100 00000g 2500 00000  
HPD02721000HPCPHI19640200110042000 00001  2100 00001  2200 00001  2500 00003  
HPD02721000HPCPHI19640200120120100 00001  0200 00001  0300 00001  1300 00002  1400 00010  1500 00002  1700 00003  1800 00003  1900 00002  2000 00001  2100 00002  2500 00028  
HPD02721000HPCPHI19640200230041300 00001  1400 00002  1500 00001  2500 00004  
HPD02721000HPCPHI19640200250022000 99999a 2500 00000I 
HPD02721000HPCPHI19640200260020700 00032A 2500 00032P 
HPD02721000HPCPHI19640300010020100 00000g 2500 00000  
HPD02721000HPCPHI19640300020071900 00002  2000 00002  2100 00001  2200 00004  2300 00018  2400 00003  2500 00030  
HPD02721000HPCPHI19640300030160100 00004  0200 00005  0300 00008  0600 00001  0700 00002  1500 00001  1600 00001  1700 00003  1800 00003  1900 00003  2000 00005  2100 00003  2200 00001  2300 00003  2400 00002  2500 00045  
HPD02721000HPCPHI19640300040040100 00001  0200 00001  0400 00001  2500 00003  
HPD02721000HPCPHI19640300070032300 00001  2400 00003  2500 00004  
HPD02721000HPCPHI19640300080150100 00001  0200 00004  0300 00001  0400 00003  0500 00001  0600 00001  0800 00003  0900 00002  1000 00005  1100 00004  1300 00003  1400 00001  1500 00001  1600 00001  2500 00031  
HPD02721000HPCPHI19640300170032000 00004  2100 00005  2500 00009  
HPD02721000HPCPHI19640300220031100 99999a 1500 00010A 2500 00010  
HPD02721000HPCPHI19640300240150700 00001  0800 00001  0900 00005  1000 00003  1100 00005  1200 00002  1300 00005  1400 00002  1500 00006  1600 00004  1700 00006  1800 00006  1900 00005  2300 00001  2500 00052  
HPD02721000HPCPHI19640300250050100 00002  0200 00003  0500 00001  0600 00001  2500 00007  
HPD02721000HPCPHI19640400010020100 00000g 2500 00000  
HPD02721000HPCPHI19640400020090200 00003  0300 00004  0400 00002  0500 00001  0600 00001  0700 00004  0800 00003  0900 00002  2500 00020  
HPD02721000HPCPHI19640400030110200 00001  0300 00005  0400 00002  0500 00001  0600 00001  0800 00002  0900 00004  1300 00001  1400 00002  1500 00002  2500 00021  
HPD02721000HPCPHI19640400040170300 00001  0400 00001  0500 00001  0600 00004  0700 00005  0800 00006  0900 00006  1000 00007  1100 00001  1200 00002  1300 00003  1400 00010  1500 00002  1600 00003  1800 00003  2400 00001  2500 00056  
HPD02721000HPCPHI19640400050090100 00001  0200 00003  0300 00001  0400 00001  0500 00001  0600 00001  0800 00001  0900 00001  2500 00010  
HPD02721000HPCPHI19640400060050700 00002  0800 00001  0900 00002  1000 00001  2500 00006  
HPD02721000HPCPHI19640400180060600 00001  0700 00002  0800 00001  0900 00002  1000 00001  2500 00007  
HPD02721000HPCPHI19640400290050500 00005  0600 00011  0800 00001  0900 00001  2500 00018  
HPD02721000HPCPHI19640500010020100 00000g 2500 00000  
HPD02721000HPCPHI19640500200031700 00001  1800 00002  2500 00003  
HPD02721000HPCPHI19640600010020100 00000g 2500 00000  
HPD02721000HPCPHI19640600240031700 00001  1800 00002  2500 00003  
HPD02721000HPCPHI19640600280021500 00005  2500 00005  
HPD02721000HPCPHI19640700010020100 00000g 2500 00000  
HPD02721000HPCPHI19640700080071300 00002  1400 00023  1500 00005  1600 00001  1700 00002  1800 00002  2500 00035  
HPD02721000HPCPHI19640700100031300 00025  1400 00005  2500 00030  
HPD02721000HPCPHI19640700110041500 00001  1600 00001  1700 00001  2500 00003  
HPD02721000HPCPHI19640700130021500 00027  2500 00027  
HPD02721000HPCPHI19640700140041400 00001  1500 00033  1600 00002  2500 00036  
HPD02721000HPCPHI19640700150050200 00014  0300 00006  0400 00012  0500 00002  2500 00034  
HPD02721000HPCPHI19640700160051700 00040  1800 00018  1900 00142  2000 00001  2500 00201  
HPD02721000HPCPHI19640700180041500 00001  1600 00001  1700 00001  2500 00003  
HPD02721000HPCPHI19640700190061000 00001  1100 00001  1200 00001  1300 00001  1600 00001  2500 00005  
HPD02721000HPCPHI19640700200051300 00001  1400 00011  1600 00001  1700 00001  2500 00014  
HPD02721000HPCPHI19640700240061200 00023  1300 00002  1800 00001  1900 00004  2200 00020  2500 00050  
HPD02721000HPCPHI19640700260051300 00003  1400 00007  1500 00008  1600 00002  2500 00020  
HPD02721000HPCPHI19640700290041300 00005  1400 00004  1500 00001  2500 00010  
HPD02721000HPCPHI19640700300061300 00027  1400 00003  2000 00015  2100 00013  2200 00007  2500 00065  
HPD02721000HPCPHI19640700310031400 00020  1600 00030  2500 00050  
HPD02721000HPCPHI19640800010150100 00000g 0800 00004  0900 00004  1000 00001  1100 00007  1200 00017  1300 00001  1400 00001  1600 00001  1700 00001  1900 00022  2000 00014  2100 00007  2200 00002  2500 00082  
HPD02721000HPCPHI19640800020051300 00001  1400 00003  1600 00008  2300 00002  2500 00014  
HPD02721000HPCPHI19640800040031200 00029  1400 00001  2500 00030  
HPD02721000HPCPHI19640800070051100 00008  1200 00011  1500 00003  1600 00005  2500 00027  
HPD02721000HPCPHI19640800080032200 00008  2300 00002  2500 00010  
HPD02721000HPCPHI19640800090051300 00001  1400 00069  1500 00018  1600 00002  2500 00090  
HPD02721000HPCPHI19640800110021600 00004  2500 00004  
HPD02721000HPCPHI19640800130041600 00011  2000 00003  2100 00002  2500 00016  
HPD02721000HPCPHI19640800140041400 00009  1500 00001  1600 00004  2500 00014  
HPD02721000HPCPHI19640800170031300 00005  1800 00003  2500 00008  
HPD02721000HPCPHI19640800190022100 00008  2500 00008  
HPD02721000HPCPHI19640800260090400 00002  0500 00008  1700 00002  1800 00053  2000 00003  2100 00006  2200 00020  2300 00001  2500 00095  
HPD02721000HPCPHI19640900010020100 00000g 2500 00000  
HPD02721000HPCPHI19640900040031400 00001  1500 00009  2500 00010  
HPD02721000HPCPHI19640900050052100 00002  2200 00003  2300 00005  2400 00001  2500 00011  
HPD02721000HPCPHI19640900070031700 00011  1800 00003  2500 00014  
HPD02721000HPCPHI19640900080022400 00007  2500 00007  
HPD02721000HPCPHI19640900090080100 00015  0200 00011  0300 00001  0400 00001  0500 00002  0600 00002  0700 00002  2500 00034  
HPD02721000HPCPHI19640900100041400 00034  1500 00004  1600 00001  2500 00039  
HPD02721000HPCPHI19640900110031400 00001  1500 00004  2500 00005  
HPD02721000HPCPHI19640900120041700 00005  1800 00004  1900 00001  2500 00010  
HPD02721000HPCPHI19640900130071300 00001  1400 00001  1900 00010  2000 00027  2100 00001  2400 00005  2500 00045  
HPD02721000HPCPHI19640900140080100 00002  0200 00001  0300 00001  0400 00001  1900 00008  2200 00020  2300 00003  2500 00036  
HPD02721000HPCPHI19640900150120100 00011  0200 00023  0300 00005  0400 00001  0500 00002  0600 00001  0700 00001  0800 00010  1300 00001  1400 00002  1500 00007  2500 00064  
HPD02721000HPCPHI19640900180062000 00004  2100 00001  2200 00001  2300 00004  2400 00002  2500 00012  
HPD02721000HPCPHI19640900190070100 00001  0200 00001  0400 00001  0500 00001  1600 00001  1700 00001  2500 00006  
HPD02721000HPCPHI19640900210051100 00002  2100 00044  2200 00001  2300 00005  2500 00052  
HPD02721000HPCPHI19640900220080100 00001  0200 00004  0400 00001  0900 00003  1000 00002  1100 00004  1200 00001  2500 00016  
HPD02721000HPCPHI19640900230090100 00002  0200 00010  0300 00001  0600 00006  0900 00001  1000 00001  1100 00001  1200 00002  2500 00024  
HPD02721000HPCPHI19640900260041400 00039  1500 00014  1600 00002  2500 00055  
HPD02721000HPCPHI19641000010020100 00000g 2500 00000  
HPD02721000HPCPHI19641000160061600 00001  1700 00001  1800 00008  1900 00005  2000 00005  2500 00020  
HPD02721000HPCPHI19641000170060200 00001  0300 00001  0400 00002  0500 00001  2200 00005  2500 00010  
HPD02721000HPCPHI19641000180031500 00001  1800 00006  2500 00007  
HPD02721000HPCPHI19641100010020100 00000g 2500 00000  
HPD02721000HPCPHI19641100020031800 00004  1900 00001  2500 00005  
HPD02721000HPCPHI19641100110080100 00003  0200 00001  0400 00001  0500 00003  0600 00002  0700 00003  0800 00003  2500 00016  
HPD02721000HPCPHI19641100140120700 00002  0800 00002  0900 00001  1000 00004  1100 00002  1200 00004  1300 00003  1700 00003  1800 00006  1900 00005  2000 00001  2500 00033  
HPD02721000HPCPHI19641100150160400 00004  0500 00005  0600 00002  1300 00005  1400 00004  1500 00011  1600 00005  1700 00010  1800 00009  1900 00016  2000 00015  2100 00010  2200 00015  2300 00008  2400 00006  2500 00125  
HPD02721000HPCPHI19641100160110100 00001  0200 00004  0300 00006  0400 00007  0500 00003  0600 00002  0800 00003  0900 00003  1100 00001  1200 00001  2500 00031  
HPD02721000HPCPHI19641100180081500 00001  1600 00003  1700 00001  1900 00001  2000 00001  2100 00001  2200 00002  2500 00010  
HPD02721000HPCPHI19641200010020100 00000g 2500 00000  
HPD02721000HPCPHI19641200020032200 00010  2400 00013  2500 00023  
HPD02721000HPCPHI19641200030110200 00001  0400 00001  1400 00001  1500 00005  1600 00001  1700 00001  1900 00007  2000 00005  2300 00001  2400 00002  2500 00025  
HPD02721000HPCPHI19641200040100100 00002  0200 00004  0300 00001  0500 00001  0600 00002  0700 00001  0800 00001  1000 00004  1100 00001  2500 00017  
HPD02721000HPCPHI19641200180081100 00010  1200 00032  1300 00005  1400 00001  1500 00001  1700 00001  1800 00002  2500 00052  
HPD02721000HPCPHI19641200280110700 00002  0800 00006  0900 00002  1000 00005  1100 00005  1200 00008  1300 00013  1400 00004  1500 00004  1600 00001  2500 00050  
HPD02721000HPCPHI19641200290060200 00001  0500 00001  0600 00001  0800 00002  0900 00001  2500 00006  
HPD02721000HPCPHI19641200300090100 00002  0200 00002  0300 00001  0500 00001  0600 00001  1400 00001  1500 00001  1600 00001  2500 00010  
HPD02721000HPCPHI19650100010060100 00000g 0400 00005  0500 00010  0600 00004  0700 00001  2500 00020  
HPD02721000HPCPHI19650100060160400 00002  0500 00002  0600 00001  0700 00002  0900 00003  1000 00007  1100 00005  1200 00008  1300 00009  1400 00009  1500 00012  1600 00012  1700 00003  1800 00010  1900 00010  2500 00095  
HPD02721000HPCPHI19650100070200100 00001  0200 00001  0300 00005  0400 00007  0500 00001  0600 00003  0800 00006  0900 00011  1300 00001  1400 00004  1500 00018  1600 00016  1700 00021  1800 00008  1900 00015  2000 00005  2100 00007  2300 00005  2400 00005  2500 00140  
HPD02721000HPCPHI19650100080090100 00002  0200 00007  0300 00011  0400 00010  0500 00010  0600 00003  1100 00004  1200 00001  2500 00048  
HPD02721000HPCPHI19650100200150500 00002  0600 00003  0700 00010  0800 00005  0900 00001  1000 00001  1100 00006  1200 00005  1400 00001  1800 00012  1900 00012  2000 00002  2100 00001  2200 00001  2500 00062  
HPD02721000HPCPHI19650100240081700 00002  1800 00002  1900 00006  2100 00005  2200 00005  2300 00005  2400 00007  2500 00032  
HPD02721000HPCPHI19650100250040100 00005  0200 00001  0300 00003  2500 00009  
HPD02721000HPCPHI19650200010020100 00000g 2500 00000  
HPD02721000HPCPHI19650200060021500 99999a 2500 00000I 
HPD02721000HPCPHI19650200070021200 00100A 2500 00100P 
HPD02721000HPCPHI19650200090210300 00001  0400 00001  0500 00002  0600 00001  0900 00001  1000 00004  1100 00001  1200 00001  1300 00002  1400 00001  1500 00001  1600 00004  1700 00002  1800 00008  1900 00013  2000 00008  2100 00007  2200 00007  2300 00004  2400 00006  2500 00075  
HPD02721000HPCPHI19650200100160100 00015  0200 00005  0300 00004  0400 00001  0500 00002  0600 00002  0900 00002  1000 00001  1300 00001  1700 00001  1900 00002  2000 00001  2100 00001  2200 00001  2400 00002  2500 00041  
HPD02721000HPCPHI19650200110060100 00001  0500 00001  0600 00001  0700 00001  0800 00006  2500 00010  
HPD02721000HPCPHI19650200230030800 00003  0900 00001  2500 00004  
HPD02721000HPCPHI19650200280041700 00002  1900 00001  2000 00002  2500 00005  
HPD02721000HPCPHI19650300010020100 00000g 2500 00000  
HPD02721000HPCPHI19650300100091200 00005  1300 00005  1400 00001  1500 00004  1800 00001  1900 00002  2200 00001  2300 00001  2500 00020  
HPD02721000HPCPHI19650300110170100 00005  0200 00007  0300 00003  0400 00003  0500 00007  0600 00005  0700 00005  0800 00004  0900 00001  1000 00005  1200 00010  1300 00005  1400 00005  1500 00005  2300 00001  2400 00002  2500 00073  
HPD02721000HPCPHI19650300120100100 00001  0200 00001  1300 00001  1400 00008  1500 00001  1600 00005  1700 00004  1800 00001  2400 00003  2500 00025  
HPD02721000HPCPHI19650300130040100 00001  0200 00001  0400 00002  2500 00004  
HPD02721000HPCPHI19650300150042200 00001  2300 00004  2400 00001  2500 00006  
HPD02721000HPCPHI19650300160090100 00001  0200 00002  0300 00001  0900 00001  1000 00002  1100 00002  1200 00002  1300 00003  2500 00014  
HPD02721000HPCPHI19650300250061100 00002  1200 00001  1300 00002  1400 00003  1500 00001  2500 00009  
HPD02721000HPCPHI19650400010040100 00000g 2100 00002  2400 00001  2500 00003  
HPD02721000HPCPHI19650400020100100 00002  0300 00001  0400 00001  0800 00003  0900 00001  1000 00001  1100 00002  1200 00002  1300 00001  2500 00014  
HPD02721000HPCPHI19650400040080300 99999a 0900 00048A 1000 00003  1100 00003  1200 00001  1300 00002  1700 00003  2500 00060  
HPD02721000HPCPHI19650400050060200 00001  0300 00001  0400 00002  0500 00005  0600 00001  2500 00010  
HPD02721000HPCPHI19650400090180600 00003  0700 00007  0800 00005  1000 00005  1100 00003  1300 00002  1400 00005  1500 00004  1600 00006  1700 00005  1800 00006  1900 00004  2000 00001  2100 00002  2200 00001  2300 00001  2400 00002  2500 00062  
HPD02721000HPCPHI19650400100140100 00006  0200 00002  0300 00001  0400 00002  0500 00001  0600 00001  0900 00007  1000 00002  1100 00001  1200 00002  1300 00008  1400 00004  1500 00001  2500 00038  
HPD02721000HPCPHI19650400250031500 00002  1600 00002  2500 00004  
HPD02721000HPCPHI19650400260021400 00005  2500 00005  
HPD02721000HPCPHI19650500010020100 00000g 2500 00000  
HPD02721000HPCPHI19650500120061400 00002  1500 00001  1600 00002  1700 00007  1800 00008  2500 00020  
HPD02721000HPCPHI19650500140022400 00003  2500 00003  
HPD02721000HPCPHI19650500150050100 00013  0200 00002  0300 00001  0400 00001  2500 00017  
HPD02721000HPCPHI19650600010020100 00000g 2500 00000  
HPD02721000HPCPHI19650600050081400 00002  1600 00001  1700 00001  1800 00001  1900 00007  2100 00001  2200 00001  2500 00014  
HPD02721000HPCPHI19650600080042000 00001  2100 00004  2400 00009  2500 00014  
HPD02721000HPCPHI19650600090050100 00006  0200 00001  0300 00002  0400 00001  2500 00010  
HPD02721000HPCPHI19650600100032000 00001  2100 00001  2500 00002  
HPD02721000HPCPHI19650600110050500 00001  0600 00001  0900 00001  1000 00001  2500 00004  
HPD02721000HPCPHI19650600230051000 00001  1700 00017  1800 00008  2200 00001  2500 00027  
HPD02721000HPCPHI19650600240030200 00001  0300 00003  2500 00004  
HPD02721000HPCPHI19650700010040100 00000g 1600 00002  1700 00003  2500 00005  
HPD02721000HPCPHI19650700050031400 00022  1500 00001  2500 00023  
HPD02721000HPCPHI19650700070031400 00019  1500 00001  2500 00020  
HPD02721000HPCPHI19650700090041500 00005  1600 00001  1700 00004  2500 00010  
HPD02721000HPCPHI19650700100051400 00005  1500 00025  1600 00001  1800 00001  2500 00032  
HPD02721000HPCPHI19650700110050200 00002  0300 00003  2100 00008  2200 00026  2500 00039  
HPD02721000HPCPHI19650700120030200 00002  1400 00005  2500 00007  
HPD02721000HPCPHI19650700150031700 00008  1800 00002  2500 00010  
HPD02721000HPCPHI19650700180060300 00007  0400 00011  0500 00013  0600 00004  1500 00046  2500 00081  
HPD02721000HPCPHI19650700210071700 00045  1800 00022  1900 00006  2000 00001  2200 00002  2300 00001  2500 00077  
HPD02721000HPCPHI19650700220041400 00005  1600 00001  1700 00002  2500 00008  
HPD02721000HPCPHI19650700230110100 00001  0200 00006  0300 00005  1500 00001  1600 00009  1700 00002  1800 00001  2200 00001  2300 00001  2400 00002  2500 00029  
HPD02721000HPCPHI19650700240070100 00003  2000 00012  2100 00001  2200 00006  2300 00016  2400 00002  2500 00040  
HPD02721000HPCPHI19650700260031700 00006  1800 00001  2500 00007  
HPD02721000HPCPHI19650700270051300 00059  1400 00010  1500 00001  1600 00001  2500 00071  
HPD02721000HPCPHI19650700280051400 00009  1500 00017  1600 00003  2100 00001  2500 00030  
HPD02721000HPCPHI19650700290050300 00003  0400 00001  0500 00001  0600 00005  2500 00010  
HPD02721000HPCPHI19650700310041700 00061  2200 00008  2300 00001  2500 00070  
HPD02721000HPCPHI19650800010020100 00000g 2500 00000  
HPD02721000HPCPHI19650800020051600 00018  1700 00039  1800 00001  1900 00003  2500 00061  
HPD02721000HPCPHI19650800110031200 00071  1300 00008  2500 00079  
HPD02721000HPCPHI19650800130041100 00004  1200 00031  1400 00002  2500 00037  
HPD02721000HPCPHI19650800140051400 00007  1500 00033  1600 00002  1700 00001  2500 00043  
HPD02721000HPCPHI19650800150050800 00011  0900 00001  1000 00001  1100 00001  2500 00014  
HPD02721000HPCPHI19650800170040200 00002  0300 00003  0400 00002  2500 00007  
HPD02721000HPCPHI19650900010020100 00000g 2500 00000  
HPD02721000HPCPHI19650900030041500 00002  1600 00011  1700 00002  2500 00015  
HPD02721000HPCPHI19650900040051600 00002  1700 00010  1800 00003  1900 00002  2500 00017  
HPD02721000HPCPHI19650900080091400 00005  1500 00003  1700 00001  1800 00001  1900 00040  2000 00023  2100 00002  2200 00002  2500 00077  
HPD02721000HPCPHI19650900180060800 00012  0900 00010  1100 00004  1700 00001  1800 00006  2500 00033  
HPD02721000HPCPHI19650900190022400 00005  2500 00005  
HPD02721000HPCPHI19651000010020100 00000g 2500 00000  
HPD02721000HPCPHI19651000150022100 00007  2500 00007  
HPD02721000HPCPHI19651000160150100 00001  0200 00001  0400 00001  0500 00001  0600 00001  0700 00001  0800 00029  0900 00005  1000 00015  1100 00005  1200 00005  1300 00005  1400 00004  1500 00001  2500 00075  
HPD02721000HPCPHI19651000170030900 99999a 1700 00024A 2500 00024  
HPD02721000HPCPHI19651100010020100 00000g 2500 00000  
HPD02721000HPCPHI19651100220062000 00004  2100 00001  2200 00003  2300 00001  2400 00005  2500 00014  
HPD02721000HPCPHI19651100230160100 00004  0200 00001  0300 00005  0400 00005  0500 00010  0600 00005  0800 00002  0900 00003  1100 00002  1200 00002  1300 00001  1500 00005  1600 00003  1700 00002  1800 00005  2500 00055  
HPD02721000HPCPHI19651100240051600 00004  1700 00015  1800 00001  1900 00007  2500 00027  
HPD02721000HPCPHI19651100250240100 00002  0200 00005  0300 00004  0400 00001  0500 00005  0600 00003  0800 00002  0900 00009  1000 00013  1100 00010  1200 00018  1300 00020  1400 00025  1500 00014  1600 00006  1700 00001  1800 00009  1900 00003  2000 00003  2100 00004  2200 00005  2300 00002  2400 00002  2500 00166  
HPD02721000HPCPHI19651100260070100 00001  0300 00002  0500 00002  0600 00001  1000 00001  1100 00001  2500 00008  
HPD02721000HPCPHI19651200010050100 00001  0300 00002  0400 00001  0500 00001  2500 00005  
HPD02721000HPCPHI19651200090091700 00013  1800 00015  1900 00017  2000 00026  2100 00034  2200 00018  2300 00012  2400 00009  2500 00144  
HPD02721000HPCPHI19651200100220100 00004  0200 00010  0300 00012  0400 00012  0500 00012  0600 00005  0700 00001  0800 00005  0900 00001  1000 00004  1100 00005  1200 00009  1300 00002  1400 00007  1500 00007  1600 00005  2000 00002  2100 00003  2200 00001  2300 00004  2400 00004  2500 00115  
HPD02721000HPCPHI19651200110160100 00001  0200 00002  0300 00002  0400 00001  0500 00002  0600 00001  0900 00003  1000 00002  1100 00009  1200 00010  1300 00007  1400 00010  1500 00008  1600 00003  1700 00001  2500 00062  
HPD02721000HPCPHI19651200120022400 00004  2500 00004  
HPD02721000HPCPHI19651200130090100 00003  0200 00003  0400 00002  0500 00002  0600 00001  1300 00003  1400 00004  1500 00003  2500 00021  
HPD02721000HPCPHI19651200140080200 00001  0300 00001  0400 00002  0500 00001  1400 00017  1500 00008  1600 00001  2500 00031  
HPD02721000HPCPHI19651200150060200 00001  0300 00001  0400 00002  0500 00001  1400 99999a 2500 00005I 
HPD02721000HPCPHI19651200180020600 00050A 2500 00050P 
HPD02721000HPCPHI19651200210022300 99999a 2500 00000I 
HPD02721000HPCPHI19651200220031400 00141A 1500 99999a 2500 00141P 
HPD02721000HPCPHI19651200230021800 00130A 2500 00130P 
HPD02721000HPCPHI19651200290052000 00001  2100 00001  2300 00004  2400 00021  2500 00027  
HPD02721000HPCPHI19651200300190100 00010  0200 00020  0300 00015  0400 00017  0500 00003  0600 00005  0700 00020  0800 00014  0900 00005  1000 00007  1100 00004  1200 00002  1300 00001  1400 00001  1500 00001  2200 00003  2300 00002  2400 00005  2500 00135  
HPD02721000HPCPHI19651200310020100 00006  2500 00006  
HPD02721000HPCPHI19660100010040100 00000g 0200 99999a 1300 00027A 2500 00027  
HPD02721000HPCPHI19660100170021300 99999a 2500 00000I 
HPD02721000HPCPHI19660100190020300 00050A 2500 00050P 
HPD02721000HPCPHI19660100300021900 99999a 2500 00000I 
HPD02721000HPCPHI19660100310020500 00011A 2500 00011P 
HPD02721000HPCPHI19660200010020100 00000g 2500 00000  
HPD02721000HPCPHI19660200070071300 00001  1400 00005  1500 00003  1600 00001  1700 00001  1800 00003  2500 00014  
HPD02721000HPCPHI19660200100030200 99999a 1700 00057A 2500 00057  
HPD02721000HPCPHI19660200260031000 99999a 1700 00030A 2500 00030  
HPD02721000HPCPHI19660300010020100 00000g 2500 00000  
HPD02721000HPCPHI19660300020030300 99999a 1800 00043A 2500 00043  
HPD02721000HPCPHI19660300250031400 99999[ 1900 99999] 2500 00000I 
HPD02721000HPCPHI19660300270021700 99999[ 2500 00000I 
HPD02721000HPCPHI19660300280020400 99999] 2500 00000I 
