HPD02611906HPCPHT19990100010020100 00000g 2500 00000  
HPD02611906HPCPHT19990100260030100 00020  0200 00010  2500 00030  
HPD02611906HPCPHT19990100280022200 00010  2500 00010  
HPD02611906HPCPHT19990200010020100 00000g 2500 00000  
HPD02611906HPCPHT19990300010020100 00000g 2500 00000  
HPD02611906HPCPHT19990300070041800 00010  2000 00010  2200 00010  2500 00030  
HPD02611906HPCPHT19990300120021400 00010  2500 00010  
HPD02611906HPCPHT19990300160021700 00010  2500 00010  
HPD02611906HPCPHT19990400010070100 00000g 0800 00010  0900 00010  1500 00010  2000 00010  2300 00010  2500 00050  
HPD02611906HPCPHT19990400020070200 00010  0400 00020  0900 00010  1000 00010  1200 00010  1500 00010  2500 00070  
HPD02611906HPCPHT19990400040031400 00020  1500 00010  2500 00030  
HPD02611906HPCPHT19990400050021000 00010  2500 00010  
HPD02611906HPCPHT19990400240021100 00010  2500 00010  
HPD02611906HPCPHT19990500010020100 00000g 2500 00000  
HPD02611906HPCPHT19990600010020100 00000g 2500 00000  
HPD02611906HPCPHT19990600170021600 00010  2500 00010  
HPD02611906HPCPHT19990600180021100 00010  2500 00010  
HPD02611906HPCPHT19990700010020100 00000g 2500 00000  
HPD02611906HPCPHT19990700030021800 00010  2500 00010  
HPD02611906HPCPHT19990700060032200 00020  2300 00020  2500 00040  
HPD02611906HPCPHT19990700070021600 00120  2500 00120  
HPD02611906HPCPHT19990700080021300 00010  2500 00010  
HPD02611906HPCPHT19990700100021900 00020  2500 00020  
HPD02611906HPCPHT19990700110020200 00010  2500 00010  
HPD02611906HPCPHT19990700130032200 00180  2300 00010  2500 00190  
HPD02611906HPCPHT19990700140051800 00010  1900 00020  2000 00020  2100 00010  2500 00060  
HPD02611906HPCPHT19990700150031000 00010  1200 00010  2500 00020  
HPD02611906HPCPHT19990700180022000 00010  2500 00010  
HPD02611906HPCPHT19990700200031800 00010  1900 00010  2500 00020  
HPD02611906HPCPHT19990700210041800 00020  1900 00010  2300 00010  2500 00040  
HPD02611906HPCPHT19990700220020400 00010  2500 00010  
HPD02611906HPCPHT19990700230021800 00040  2500 00040  
HPD02611906HPCPHT19990700260021300 00010  2500 00010  
HPD02611906HPCPHT19990700270042000 00010  2100 00220  2300 00020  2500 00250  
HPD02611906HPCPHT19990700280021300 00010  2500 00010  
HPD02611906HPCPHT19990700290060900 00030  1000 00030  1400 00040  1500 00010  1700 00020  2500 00130  
HPD02611906HPCPHT19990800010020100 00000g 2500 00000  
HPD02611906HPCPHT19990800050021300 00010  2500 00010  
HPD02611906HPCPHT19990800060021100 00010  2500 00010  
HPD02611906HPCPHT19990800090071600 00010  1700 00010  2100 00030  2200 00010  2300 00030  2400 00020  2500 00110  
HPD02611906HPCPHT19990800100020200 00010  2500 00010  
HPD02611906HPCPHT19990800140022300 00010  2500 00010  
HPD02611906HPCPHT19990800190031700 00020  1800 00030  2500 00050  
HPD02611906HPCPHT19990800230021800 00010  2500 00010  
HPD02611906HPCPHT19990800270041400 00030  2300 00080  2400 00010  2500 00120  
HPD02611906HPCPHT19990800280040200 00010  0300 00010  2400 00010  2500 00030  
HPD02611906HPCPHT19990800310061200 00010  1500 00010  1700 00020  2100 00010  2200 00010  2500 00060  
HPD02611906HPCPHT19990900010020100 00000g 2500 00000  
HPD02611906HPCPHT19990900090021900 00010  2500 00010  
HPD02611906HPCPHT19990900140022300 00010  2500 00010  
HPD02611906HPCPHT19990900160022400 00010  2500 00010  
HPD02611906HPCPHT19990900190021600 00020  2500 00020  
HPD02611906HPCPHT19990900230020900 00010  2500 00010  
HPD02611906HPCPHT19991000010020100 00000g 2500 00000  
HPD02611906HPCPHT19991100010020100 00000g 2500 00000  
HPD02611906HPCPHT19991200010020100 00000g 2500 00000  
HPD02611906HPCPHT19991200250021400 99999{ 2500 00000P 
HPD02611906HPCPHT19991200310022400 99999} 2500 00000P 
