HPD02770802HPCPHT20030100010020100 00000g 2500 00000  
HPD02770802HPCPHT20030100080031400 00010  1500 00010  2500 00020  
HPD02770802HPCPHT20030100090051000 99999{ 1100 99999} 1200 99999[ 1300 99999] 2500 00000P 
HPD02770802HPCPHT20030200010020100 00000g 2500 00000  
HPD02770802HPCPHT20030200120042200 00010  2300 00010  2400 00010  2500 00030  
HPD02770802HPCPHT20030200130190100 00010  0300 00010  0500 00010  0600 00010  0700 00010  0800 00010  0900 00010  1000 00020  1100 00010  1200 00020  1400 00010  1500 00010  1600 00010  1800 00010  1900 00010  2000 00020  2100 00010  2200 00010  2500 00210  
HPD02770802HPCPHT20030200140030100 00010  1100 00010  2500 00020  
HPD02770802HPCPHT20030200250091200 00010  1300 00010  1400 00010  1800 00010  2000 00010  2100 00010  2200 00010  2400 00010  2500 00080  
HPD02770802HPCPHT20030200260070400 00010  0800 00010  1100 00010  1300 00010  1400 00020  1600 00010  2500 00070  
HPD02770802HPCPHT20030200270041100 00010  1300 00010  1900 00010  2500 00030  
HPD02770802HPCPHT20030200280050400 00010  1200 00010  1600 00010  1900 00010  2500 00040  
HPD02770802HPCPHT20030300010040100 00000g 1800 00010  2200 00010  2500 00020  
HPD02770802HPCPHT20030300020041100 00010  1200 00010  1300 00010  2500 00030  
HPD02770802HPCPHT20030300050020200 00010  2500 00010  
HPD02770802HPCPHT20030300150022300 00010  2500 00010  
HPD02770802HPCPHT20030300160100500 00010  0700 00010  0800 00010  1200 00010  1500 00010  1700 00010  1800 00010  1900 00010  2200 00010  2500 00090  
HPD02770802HPCPHT20030300170120200 00010  0500 00010  0600 00010  0900 00010  1300 00010  1400 00010  1500 00010  1600 00010  1900 00010  2100 00010  2300 00010  2500 00110  
HPD02770802HPCPHT20030400010020100 00000g 2500 00000  
HPD02770802HPCPHT20030400150030400 00010  0500 00010  2500 00020  
HPD02770802HPCPHT20030400190020400 00010  2500 00010  
HPD02770802HPCPHT20030500010020100 00000g 2500 00000  
HPD02770802HPCPHT20030600010020100 00000g 2500 00000  
HPD02770802HPCPHT20030600100021400 99999{ 2500 00000P 
HPD02770802HPCPHT20030600300022400 99999} 2500 00000P 
HPD02770802HPCPHT20030700010030100 99999{ 1500 99999} 2500 00000P 
HPD02770802HPCPHT20030700100031600 00020  1700 00010  2500 00030  
HPD02770802HPCPHT20030700140021300 00010  2500 00010  
HPD02770802HPCPHT20030700180020800 00010  2500 00010  
HPD02770802HPCPHT20030700200020900 00010  2500 00010  
HPD02770802HPCPHT20030700290021300 00010  2500 00010  
HPD02770802HPCPHT20030700300051100 00010  1600 00010  1900 00010  2000 00040  2500 00070  
HPD02770802HPCPHT20030800010020100 00000g 2500 00000  
HPD02770802HPCPHT20030800080021800 00030  2500 00030  
HPD02770802HPCPHT20030800130022100 00030  2500 00030  
HPD02770802HPCPHT20030800140022400 00010  2500 00010  
HPD02770802HPCPHT20030800150030100 00010  0900 00010  2500 00020  
HPD02770802HPCPHT20030800190022100 00030  2500 00030  
HPD02770802HPCPHT20030800230031800 00010  1900 00010  2500 00020  
HPD02770802HPCPHT20030800270031100 00020  1300 00010  2500 00030  
HPD02770802HPCPHT20030900010020100 00000g 2500 00000  
HPD02770802HPCPHT20030900040031800 00010  1900 00050  2500 00060  
HPD02770802HPCPHT20030900060021500 00010  2500 00010  
HPD02770802HPCPHT20030900070030600 00010  0700 00010  2500 00020  
HPD02770802HPCPHT20030900090041100 00010  1200 00010  1600 00040  2500 00060  
HPD02770802HPCPHT20031000010020100 00000g 2500 00000  
HPD02770802HPCPHT20031000090021300 00030  2500 00030  
HPD02770802HPCPHT20031000300020800 99999{ 2500 00000P 
HPD02770802HPCPHT20031000310020800 99999} 2500 00000P 
HPD02770802HPCPHT20031100010040100 00000g 0800 99999[ 1400 99999] 2500 00000I 
HPD02770802HPCPHT20031100120110100 00010  0900 00010  1200 00010  1300 00010  1500 00010  1700 00010  1800 00010  1900 00020  2100 00010  2400 00020  2500 00120  
HPD02770802HPCPHT20031100130050100 00010  0200 00020  0300 00020  0500 00010  2500 00060  
HPD02770802HPCPHT20031200010020100 00000g 2500 00000  
HPD02770802HPCPHT20031200260030400 00010  0500 00010  2500 00020  
HPD02770802HPCPHT20031200290021400 99999[ 2500 00000I 
HPD02770802HPCPHT20031200310022400 99999] 2500 00000I 
