HPD02301002HPCPHI20110100010020100 00000g 2500 00000  
HPD02301002HPCPHI20110100300032200 00000T 2300 00000T 2500 00000T 
HPD02301002HPCPHI20110100310080900 00000T 1000 00004  1100 00000T 1400 00000T 1500 00001  1600 00001  1700 00000T 2500 00006  
HPD02301002HPCPHI20110200010030100 00000g 1200 00000T 2500 00000T 
HPD02301002HPCPHI20110200020020400 00000T 2500 00000T 
HPD02301002HPCPHI20110200080040700 00000T 0800 00000T 0900 00000T 2500 00000T 
HPD02301002HPCPHI20110200180042200 00002  2300 00002  2400 00000T 2500 00004  
HPD02301002HPCPHI20110200190250100 00005  0200 00004  0300 00009  0400 00008  0500 00012  0600 00016  0700 00013  0800 00010  0900 00012  1000 00010  1100 00011  1200 00008  1300 00017  1400 00025  1500 00017  1600 00012  1700 00006  1800 00001  1900 00017  2000 00007  2100 00009  2200 00003  2300 00000T 2400 00001  2500 00233  
HPD02301002HPCPHI20110200200160200 00000T 0500 00001  0600 00004  0700 00004  0800 00004  0900 00001  1000 00002  1100 00007  1200 00001  1300 00003  1400 00000T 1500 00001  1600 00001  1700 00002  1800 00000T 2500 00031  
HPD02301002HPCPHI20110200260031200 00000T 2400 00004  2500 00004  
HPD02301002HPCPHI20110200270140100 00018  0200 00007  0300 00011  0400 00008  0500 00005  0600 00001  0700 00002  0800 00001  0900 00000T 1000 00000T 1100 00000T 1200 00000T 1300 00000T 2500 00053  
HPD02301002HPCPHI20110300010020100 00000g 2500 00000  
HPD02301002HPCPHI20110300070131000 00001  1100 00000T 1200 00004  1300 00000T 1400 00002  1500 00000T 1600 00003  1700 00002  1800 00001  1900 00000T 2300 00000T 2400 00000T 2500 00013  
HPD02301002HPCPHI20110300080030100 00000T 0200 00000T 2500 00000T 
HPD02301002HPCPHI20110300210160800 00001  0900 00005  1000 00010  1100 00008  1200 00007  1300 00009  1400 00008  1500 00003  1600 00004  1700 00005  1800 00006  1900 00002  2000 00000T 2100 00004  2200 00003  2500 00075  
HPD02301002HPCPHI20110300220030200 00002  0300 00000T 2500 00002  
HPD02301002HPCPHI20110300240050400 00000T 0500 00001  0600 00003  0700 00001  2500 00005  
HPD02301002HPCPHI20110300260021800 00000T 2500 00000T 
HPD02301002HPCPHI20110400010020100 00000g 2500 00000  
HPD02301002HPCPHI20110400060071500 00000T 1600 00000T 1700 00000T 2100 00000T 2200 00000T 2300 00000T 2500 00000T 
HPD02301002HPCPHI20110400070100100 00004  0200 00014  0300 00005  0400 00003  1300 00000T 1400 00000T 1500 00000T 1600 00000T 1700 00000T 2500 00026  
HPD02301002HPCPHI20110400080110500 00000T 0600 00001  0700 00000T 0800 00002  0900 00008  1000 00001  1100 00001  1200 00000T 1300 00002  1400 00000T 2500 00015  
HPD02301002HPCPHI20110400090190300 00001  0400 00015  0500 00014  0600 00008  0700 00006  0800 00009  0900 00006  1000 00004  1100 00001  1200 00001  1300 00000T 1400 00000T 1500 00000T 1600 00000T 1700 00000T 1800 00001  1900 00005  2000 00002  2500 00073  
HPD02301002HPCPHI20110400230041500 00000T 1600 00000T 2400 00000T 2500 00000T 
HPD02301002HPCPHI20110400240020100 00000T 2500 00000T 
HPD02301002HPCPHI20110500010020100 00000g 2500 00000  
HPD02301002HPCPHI20110500090130100 00000T 0200 00005  0300 00001  0400 00001  0500 00000T 0600 00000T 0700 00000T 1200 00000T 1300 00001  1400 00002  1500 00001  1600 00000T 2500 00011  
HPD02301002HPCPHI20110500100021400 00000T 2500 00000T 
HPD02301002HPCPHI20110500110031500 00000T 1700 00000T 2500 00000T 
HPD02301002HPCPHI20110500180200500 00000T 0600 00002  0700 00000T 0800 00001  0900 00001  1000 00001  1100 00003  1200 00004  1300 00010  1400 00009  1500 00004  1600 00004  1700 00008  1800 00007  1900 00005  2000 00004  2100 00000T 2200 00002  2300 00000T 2500 00065  
HPD02301002HPCPHI20110500190061400 00000T 1500 00007  1600 00000T 1700 00000T 1800 00000T 2500 00007  
HPD02301002HPCPHI20110500200041400 00000T 1500 00004  1700 00000T 2500 00004  
HPD02301002HPCPHI20110600010020100 99999[ 2500 00000I 
HPD02301002HPCPHI20110600300022400 99999] 2500 00000I 
HPD02301002HPCPHI20110700010020100 00000g 2500 00000  
HPD02301002HPCPHI20110700020021400 00000T 2500 00000T 
HPD02301002HPCPHI20110700030031400 00000T 1500 00004  2500 00004  
HPD02301002HPCPHI20110700040060700 00001  0800 00001  0900 00000T 1400 00000T 1500 00004  2500 00006  
HPD02301002HPCPHI20110700050090300 00000T 0400 00000T 1500 00000T 1600 00000T 1700 00013  1800 00012  1900 00001  2000 00000T 2500 00026  
HPD02301002HPCPHI20110700060030100 00002  0200 00001  2500 00003  
HPD02301002HPCPHI20110700070031500 00003  1600 00001  2500 00004  
HPD02301002HPCPHI20110700080030900 00005  1000 00006  2500 00011  
HPD02301002HPCPHI20110700090052000 00000T 2100 00000T 2300 00001  2400 00002  2500 00003  
HPD02301002HPCPHI20110700100050100 00001  0700 00000T 1300 00000T 1600 00000T 2500 00001  
HPD02301002HPCPHI20110700110070900 00000T 1000 00001  1100 00000T 1800 00002  1900 00001  2000 00002  2500 00006  
HPD02301002HPCPHI20110700120031500 00000T 1600 00000T 2500 00000T 
HPD02301002HPCPHI20110700170050400 00000T 1700 00000T 1800 00005  1900 00000T 2500 00005  
HPD02301002HPCPHI20110700180090400 00000T 1200 00000T 1300 00010  1400 00012  1500 00001  1600 00001  2000 00006  2100 00000T 2500 00030  
HPD02301002HPCPHI20110700190021400 00002  2500 00002  
HPD02301002HPCPHI20110700200021800 00001  2500 00001  
HPD02301002HPCPHI20110700250051200 00000T 1300 00000T 1400 00087  1800 00000T 2500 00087  
HPD02301002HPCPHI20110700260070700 00001  0800 00001  1000 00000T 1400 00002  1800 00000T 1900 00000T 2500 00004  
HPD02301002HPCPHI20110700280061600 00021  1700 00009  1800 00000T 1900 00000T 2000 00000T 2500 00030  
HPD02301002HPCPHI20110700290020100 00001  2500 00001  
HPD02301002HPCPHI20110700300041200 00002  1300 00001  2300 00002  2500 00005  
HPD02301002HPCPHI20110700310081300 00000T 1400 00000T 1700 00000T 1800 00001  2200 00000T 2300 00001  2400 00000T 2500 00002  
HPD02301002HPCPHI20110800010080100 00000g 1300 00000T 1400 00049  1500 00014  1600 00018  1800 00009  1900 00003  2500 00093  
HPD02301002HPCPHI20110800030042100 00000T 2200 00001  2300 00000T 2500 00001  
HPD02301002HPCPHI20110800090051500 00000T 1600 00001  2000 00000T 2200 00000T 2500 00001  
HPD02301002HPCPHI20110800130021400 00000T 2500 00000T 
HPD02301002HPCPHI20110800140131200 00004  1300 00001  1400 00054  1500 00027  1600 00001  1700 00000T 1800 00004  1900 00000T 2100 00010  2200 00002  2300 00005  2400 00000T 2500 00108  
HPD02301002HPCPHI20110800150030100 00000T 1500 00001  2500 00001  
HPD02301002HPCPHI20110800180031900 00001  2000 00000T 2500 00001  
HPD02301002HPCPHI20110800190061500 00033  1600 00024  1700 00000T 1800 00000T 2000 00004  2500 00061  
HPD02301002HPCPHI20110800220021600 00000T 2500 00000T 
HPD02301002HPCPHI20110800240021500 00000T 2500 00000T 
HPD02301002HPCPHI20110800260070600 00000T 0700 00001  0800 00000T 1600 00000T 1700 00000T 1900 00000T 2500 00001  
HPD02301002HPCPHI20110800270021900 00009  2500 00009  
HPD02301002HPCPHI20110800280031200 00000T 1300 00000T 2500 00000T 
HPD02301002HPCPHI20110800310021400 00000T 2500 00000T 
HPD02301002HPCPHI20110900010020100 00000g 2500 00000  
HPD02301002HPCPHI20110900040030700 00000T 0800 00000T 2500 00000T 
HPD02301002HPCPHI20110900050070600 00000T 1800 00003  1900 00005  2000 00002  2100 00001  2200 00000T 2500 00011  
HPD02301002HPCPHI20110900060080100 00007  0200 00000T 0500 00000T 0600 00000T 1000 00000T 1100 00002  1200 00000T 2500 00009  
HPD02301002HPCPHI20110900080111500 00002  1600 00069  1700 00002  1800 00001  1900 00021  2000 00002  2100 00010  2200 00000T 2300 00000T 2400 00000T 2500 00107  
HPD02301002HPCPHI20110900090140100 00000T 0200 00000T 0300 00000T 0400 00000T 0500 00000T 0600 00001  0700 00000T 0800 00000T 0900 00000T 1000 00000T 1100 00000T 1300 00000T 1400 00003  2500 00004  
HPD02301002HPCPHI20110900100032300 00065  2400 00026  2500 00091  
HPD02301002HPCPHI20110900110070100 00001  1900 00006  2000 00001  2100 00000T 2300 00002  2400 00000T 2500 00010  
HPD02301002HPCPHI20110900120110100 00000T 0700 00002  1400 00001  1600 00000T 1900 00004  2000 00006  2100 00001  2200 00005  2300 00003  2400 00006  2500 00028  
HPD02301002HPCPHI20110900130060100 00005  0200 00000T 0400 00001  2000 00018  2100 00003  2500 00027  
HPD02301002HPCPHI20110900140051400 00000T 1500 00004  1600 00042  1700 00000T 2500 00046  
HPD02301002HPCPHI20110900150021300 00000T 2500 00000T 
HPD02301002HPCPHI20110900160031500 00000T 1600 00000T 2500 00000T 
HPD02301002HPCPHI20110900210021400 00001  2500 00001  
HPD02301002HPCPHI20110900300041600 00002  1900 00000T 2000 00000T 2500 00002  
HPD02301002HPCPHI20111000010080100 00000g 1500 00000T 1600 00000T 1700 00000T 1800 00000T 1900 00004  2400 00007  2500 00011  
HPD02301002HPCPHI20111000020040100 00000T 1500 00005  1600 00032  2500 00037  
HPD02301002HPCPHI20111000030031800 00000T 1900 00002  2500 00002  
HPD02301002HPCPHI20111000040110100 00000T 1200 00000T 1300 00010  1400 00012  1500 00002  1600 00002  2000 00003  2100 00013  2200 00003  2300 00001  2500 00046  
HPD02301002HPCPHI20111000050062000 00000T 2100 00002  2200 00002  2300 00004  2400 00017  2500 00025  
HPD02301002HPCPHI20111000060090100 00003  0200 00001  0300 00012  0400 00014  0500 00012  0600 00004  0700 00000T 0800 00000T 2500 00046  
HPD02301002HPCPHI20111000070050200 00000T 1200 00001  1300 00000T 1400 00000T 2500 00001  
HPD02301002HPCPHI20111000250130100 00000T 0200 00000T 0400 00000T 0500 00000T 0600 00000T 1100 00000T 1600 00000T 1700 00001  1900 00000T 2000 00000T 2300 00002  2400 00000T 2500 00003  
HPD02301002HPCPHI20111000260090400 00000T 0500 00000T 0600 00007  1000 00016  1100 00011  1500 00000T 1600 00000T 1700 00000T 2500 00034  
HPD02301002HPCPHI20111100010020100 00000g 2500 00000  
HPD02301002HPCPHI20111100040071900 00003  2000 00018  2100 00015  2200 00006  2300 00006  2400 00017  2500 00065  
HPD02301002HPCPHI20111100050120100 00011  0200 00012  0300 00013  0400 00007  0500 00004  0600 00002  0700 00000T 0800 00000T 0900 00000T 1000 00001  1200 00000T 2500 00050  
HPD02301002HPCPHI20111100060032300 00000T 2400 00002  2500 00002  
HPD02301002HPCPHI20111100070250100 00004  0200 00000T 0300 00002  0400 00002  0500 00007  0600 00007  0700 00002  0800 00002  0900 00002  1000 00001  1100 00004  1200 00000T 1300 00001  1400 00000T 1500 00000T 1600 00000T 1700 00000T 1800 00000T 1900 00000T 2000 00000T 2100 00000T 2200 00000T 2300 00000T 2400 00001  2500 00035  
HPD02301002HPCPHI20111100130170200 00000T 0300 00001  0400 00002  0500 00001  0600 00002  0700 00003  0800 00000T 0900 00001  1000 00000T 1100 00001  1200 00001  1300 00000T 1400 00000T 1500 00001  1600 00002  1700 00000T 2500 00015  
HPD02301002HPCPHI20111100140030300 00000T 0600 00000T 2500 00000T 
HPD02301002HPCPHI20111100200031400 00001  1500 00000T 2500 00001  
HPD02301002HPCPHI20111100210090200 00000T 0300 00001  0400 00004  0600 00000T 0700 00000T 1000 00001  1100 00000T 1200 00001  2500 00007  
HPD02301002HPCPHI20111100240032100 00000T 2200 00001  2500 00001  
