HPD02010005HPCPHI20060100010020100 00000g 2500 00000  
HPD02010005HPCPHI20060100160020700 00001  2500 00001  
HPD02010005HPCPHI20060200010020100 00000g 2500 00000  
HPD02010005HPCPHI20060200280050500 00001  0600 00001  0900 00001  1000 00001  2500 00004  
HPD02010005HPCPHI20060300010020100 00000g 2500 00000  
HPD02010005HPCPHI20060300110070600 00001  0700 00001  0900 00026  1000 00001  2000 00001  2300 00002  2500 00032  
HPD02010005HPCPHI20060300190022300 00001  2500 00001  
HPD02010005HPCPHI20060300210041200 00003  1300 00001  1400 00003  2500 00007  
HPD02010005HPCPHI20060300280021100 00001  2500 00001  
HPD02010005HPCPHI20060300290040500 00001  1200 00001  1400 00001  2500 00003  
HPD02010005HPCPHI20060400010020100 00000g 2500 00000  
HPD02010005HPCPHI20060400050022000 00001  2500 00001  
HPD02010005HPCPHI20060500010020100 00000g 2500 00000  
HPD02010005HPCPHI20060600010020100 00000g 2500 00000  
HPD02010005HPCPHI20060700010020100 00000g 2500 00000  
HPD02010005HPCPHI20060700040022100 00001  2500 00001  
HPD02010005HPCPHI20060700070030100 00004  0600 00005  2500 00009  
HPD02010005HPCPHI20060700250032200 00009  2300 00004  2500 00013  
HPD02010005HPCPHI20060700260030300 00020  0400 00001  2500 00021  
HPD02010005HPCPHI20060700280042000 00008  2100 00028  2300 00002  2500 00038  
HPD02010005HPCPHI20060800010020100 00000g 2500 00000  
HPD02010005HPCPHI20060800090031700 00002  1800 00001  2500 00003  
HPD02010005HPCPHI20060800110022300 00002  2500 00002  
HPD02010005HPCPHI20060900010020100 00000g 2500 00000  
HPD02010005HPCPHI20060900020051800 00046  1900 00032  2000 00006  2100 00002  2500 00086  
HPD02010005HPCPHI20060900060022000 00002  2500 00002  
HPD02010005HPCPHI20060900070020300 00001  2500 00001  
HPD02010005HPCPHI20060900080030100 00011  0200 00001  2500 00012  
HPD02010005HPCPHI20060900090020500 00002  2500 00002  
HPD02010005HPCPHI20060900120032000 00013  2100 00001  2500 00014  
HPD02010005HPCPHI20061000010020100 00000g 2500 00000  
HPD02010005HPCPHI20061000240070800 00002  0900 00006  1000 00001  1100 00003  1200 00013  1300 00006  2500 00031  
HPD02010005HPCPHI20061100010020100 99999[ 2500 00000I 
HPD02010005HPCPHI20061100300022400 99999] 2500 00000I 
HPD02010005HPCPHI20061200010020100 00000g 2500 00000  
HPD02010005HPCPHI20061200210022300 00002  2500 00002  
HPD02010005HPCPHI20061200270021900 00001  2500 00001  
HPD02010005HPCPHI20061200280060300 00002  0700 00001  0800 00002  1000 00001  1100 00002  2500 00008  
