HPD02835100HPCPHI19480900010040100 00000g 1300 99999[ 2400 99999] 2500 00000I 
HPD02835100HPCPHI19480900110021700 00036  2500 00036  
HPD02835100HPCPHI19480900150021900 00001  2500 00001  
HPD02835100HPCPHI19480900160050500 00031  0600 00003  0800 00001  1000 00003  2500 00038  
HPD02835100HPCPHI19480900170020800 00001  2500 00001  
HPD02835100HPCPHI19481000010040100 00000g 1300 99999[ 2400 99999] 2500 00000I 
HPD02835100HPCPHI19481000290042100 00002  2200 00007  2300 00006  2500 00015  
HPD02835100HPCPHI19481000300090300 00001  0500 00019  0600 00002  1400 00003  1500 00001  2100 00001  2200 00003  2300 00001  2500 00031  
HPD02835100HPCPHI19481000310040300 00010  0400 00012  0500 00001  2500 00023  
HPD02835100HPCPHI19481100010040100 00000g 1300 99999[ 2400 99999] 2500 00000I 
HPD02835100HPCPHI19481200010040100 00000g 1300 99999[ 2400 99999] 2500 00000I 
HPD02835100HPCPHI19481200140052000 00005  2100 00001  2200 00004  2300 00004  2500 00014  
HPD02835100HPCPHI19481200150040200 00003  0300 00002  0800 00001  2500 00006  
HPD02835100HPCPHI19481200220190600 00001  0700 00003  0800 00007  0900 00011  1000 00009  1100 00011  1200 00012  1300 00010  1400 00010  1500 00006  1600 00005  1700 00001  1800 00017  1900 00001  2000 00001  2200 00001  2300 00002  2400 00001  2500 00109  
HPD02835100HPCPHI19481200230090100 00012  0200 00003  0300 00007  1000 00001  1300 00009  1400 00005  1500 00004  1600 00002  2500 00043  
HPD02835100HPCPHI19481200260070300 00003  0400 00009  0500 00007  0600 00004  0700 00001  0800 00002  2500 00026  
HPD02835100HPCPHI19481200270061100 00003  1200 00024  1300 00008  1400 00015  1500 00004  2500 00054  
HPD02835100HPCPHI19490100010040100 00000g 1300 99999[ 2400 99999] 2500 00000I 
HPD02835100HPCPHI19490100020031100 00006  1200 00004  2500 00010  
HPD02835100HPCPHI19490100030030800 00001  1200 00001  2500 00002  
HPD02835100HPCPHI19490100080081700 00001  1800 00003  2000 00001  2100 00001  2200 00001  2300 00002  2400 00004  2500 00013  
HPD02835100HPCPHI19490100090200100 00002  0200 00007  0300 00002  0400 00004  0500 00008  0600 00004  0700 00003  0800 00013  0900 00008  1000 00005  1200 00007  1300 00007  1400 00001  1800 00001  1900 00002  2000 00002  2100 00002  2200 00001  2300 00001  2500 00080  
HPD02835100HPCPHI19490100100030100 00001  0700 00001  2500 00002  
HPD02835100HPCPHI19490100110030400 00001  0700 00001  2500 00002  
HPD02835100HPCPHI19490100130180100 00008  0200 00004  0400 00011  0500 00004  0600 00001  0800 00003  0900 00006  1000 00003  1100 00004  1200 00001  1300 00002  1400 00001  1500 00001  1600 00001  2000 00001  2100 00001  2200 00001  2500 00053  
HPD02835100HPCPHI19490100150070100 00001  0200 00001  0300 00003  1500 00001  1600 99999[ 2400 99999] 2500 00006I 
HPD02835100HPCPHI19490100230060900 00001  1000 00001  1100 00002  1200 00002  1400 00001  2500 00007  
HPD02835100HPCPHI19490100240130100 00003  0400 00003  0500 00001  0700 00008  0800 00003  1000 00003  1100 00005  1200 00002  1300 00001  1400 00005  1700 00003  1800 00004  2500 00041  
HPD02835100HPCPHI19490100250090700 00008  0800 00019  0900 00013  1000 00002  1100 00005  1200 00009  1300 00012  1400 00005  2500 00073  
HPD02835100HPCPHI19490100260030200 00001  1400 00001  2500 00002  
HPD02835100HPCPHI19490100270031000 00001  1300 00002  2500 00003  
HPD02835100HPCPHI19490200010040100 00000g 1300 99999[ 2400 99999] 2500 00000I 
HPD02835100HPCPHI19490200080100100 00002  0200 00011  0300 00016  0400 00004  0500 00005  0600 00010  0700 00009  0800 00001  1700 00004  2500 00062  
HPD02835100HPCPHI19490200120062000 00003  2100 00002  2200 00004  2300 00003  2400 00002  2500 00014  
HPD02835100HPCPHI19490200130110100 00003  0200 00004  0300 00002  0400 00001  0500 00001  0600 00001  0700 00002  0800 00001  1000 00002  1300 00001  2500 00018  
HPD02835100HPCPHI19490200270032100 00002  2200 00001  2500 00003  
HPD02835100HPCPHI19490300010040100 00000g 1300 99999[ 2400 99999] 2500 00000I 
HPD02835100HPCPHI19490300070030400 00001  0500 00003  2500 00004  
HPD02835100HPCPHI19490300150021400 00001  2500 00001  
HPD02835100HPCPHI19490300200050300 00002  0400 00001  0500 00001  0600 00002  2500 00006  
HPD02835100HPCPHI19490300240022300 99999a 2500 00000I 
HPD02835100HPCPHI19490300250060700 00028A 0900 00004  1000 00007  1100 00002  1200 00001  2500 00042P 
HPD02835100HPCPHI19490300290060700 00001  0800 00005  0900 00003  1000 00001  1100 00006  2500 00016  
HPD02835100HPCPHI19490300310041500 00004  1600 99999a 1800 00019A 2500 00023  
HPD02835100HPCPHI19490400010100100 99999[ 1000 00009] 1100 00014  1200 00011  1300 00010  1400 00008  1500 00012  1600 00009  1700 00002  2500 00075I 
HPD02835100HPCPHI19490400070021500 00002  2500 00002  
HPD02835100HPCPHI19490500010040100 00000g 1300 99999[ 2400 99999] 2500 00000I 
HPD02835100HPCPHI19490500160040100 00004  1700 00001  1900 00001  2500 00006  
HPD02835100HPCPHI19490600010040100 00000g 1300 99999[ 2400 99999] 2500 00000I 
HPD02835100HPCPHI19490600110020200 00001  2500 00001  
HPD02835100HPCPHI19490600170031800 99999a 2300 00011A 2500 00011  
HPD02835100HPCPHI19490600180021700 00012  2500 00012  
HPD02835100HPCPHI19490700010040100 00000g 1300 99999[ 2400 99999] 2500 00000I 
HPD02835100HPCPHI19490700050031900 00006  2000 00001  2500 00007  
HPD02835100HPCPHI19490700060020800 00001  2500 00001  
HPD02835100HPCPHI19490700110090100 00001  0200 00002  0300 00004  0400 00003  0500 00003  0600 00002  0800 00002  0900 00001  2500 00018  
HPD02835100HPCPHI19490700190051300 00001  2000 00020  2100 00077  2400 00001  2500 00099  
HPD02835100HPCPHI19490700200030200 00001  0700 00001  2500 00002  
HPD02835100HPCPHI19490700210051000 00002  1100 00002  1200 00001  1300 00004  2500 00009  
HPD02835100HPCPHI19490700220041700 00087  1800 00001  1900 00001  2500 00089  
HPD02835100HPCPHI19490700230021500 00001  2500 00001  
HPD02835100HPCPHI19490700240020900 00001  2500 00001  
HPD02835100HPCPHI19490700300042100 00002  2200 00001  2300 00001  2500 00004  
HPD02835100HPCPHI19490800010020100 00000g 2500 00000  
HPD02835100HPCPHI19490800040021100 00001  2500 00001  
HPD02835100HPCPHI19490800060031700 00003  1800 00003  2500 00006  
HPD02835100HPCPHI19490800080050900 00004  1000 00001  1400 00006  1500 00002  2500 00013  
HPD02835100HPCPHI19490800090021300 00001  2500 00001  
HPD02835100HPCPHI19490800130020700 00001  2500 00001  
HPD02835100HPCPHI19490800220050200 99999[ 1300 99999] 1700 00001  1800 00001  2500 00002I 
HPD02835100HPCPHI19490900010040100 00000g 1300 99999[ 2400 99999] 2500 00000I 
HPD02835100HPCPHI19490900050021800 00011  2500 00011  
HPD02835100HPCPHI19490900090041700 00007  1800 00001  2100 00004  2500 00012  
HPD02835100HPCPHI19490900100022100 00001  2500 00001  
HPD02835100HPCPHI19490900110040800 00001  2000 00001  2100 00001  2500 00003  
HPD02835100HPCPHI19490900130050800 00014  0900 00030  1000 00020  1200 00011  2500 00075  
HPD02835100HPCPHI19490900140050900 00009  1100 00002  1400 00001  1500 00001  2500 00013  
HPD02835100HPCPHI19490900280032200 00001  2300 00028  2500 00029  
HPD02835100HPCPHI19491000010040100 00000g 1300 99999[ 2400 99999] 2500 00000I 
HPD02835100HPCPHI19491000040030800 00001  1700 00004  2500 00005  
HPD02835100HPCPHI19491000090020500 00004  2500 00004  
HPD02835100HPCPHI19491000160022400 00025  2500 00025  
HPD02835100HPCPHI19491000170070100 00005  0200 00003  0300 00010  0400 00002  0500 00002  1300 00002  2500 00024  
HPD02835100HPCPHI19491000190110100 00006  0300 00001  0400 00001  0500 00001  1000 00004  1100 00001  1200 00002  1300 00004  1400 00006  1500 00002  2500 00028  
HPD02835100HPCPHI19491100010040100 00000g 1300 99999[ 2400 99999] 2500 00000I 
HPD02835100HPCPHI19491100100042200 00019  2300 00020  2400 00014  2500 00053  
HPD02835100HPCPHI19491100110040100 00001  0200 00001  0400 00001  2500 00003  
HPD02835100HPCPHI19491100300041900 00001  2100 00002  2200 00001  2500 00004  
HPD02835100HPCPHI19491200010040100 00000g 1300 99999[ 2400 99999] 2500 00000I 
HPD02835100HPCPHI19491200090081700 00016  1800 00013  1900 00019  2000 00004  2100 00001  2200 00002  2300 00003  2500 00058  
HPD02835100HPCPHI19491200100130400 00001  0500 00015  0600 00003  1300 00006  1600 00002  1700 00002  1800 00001  1900 00001  2000 00001  2100 00001  2200 00001  2400 00001  2500 00035  
HPD02835100HPCPHI19491200110051300 00005  1400 00002  1500 00001  1600 00001  2500 00009  
HPD02835100HPCPHI19491200170060100 00001  0200 00001  0300 00002  0400 00001  1200 99999[ 2500 00005I 
HPD02835100HPCPHI19491200180021300 99999] 2500 00000I 
HPD02835100HPCPHI19491200190062000 00003  2100 00016  2200 00020  2300 00018  2400 00012  2500 00069  
HPD02835100HPCPHI19491200200070100 00017  0200 00003  0300 00002  1500 00001  1600 00001  1700 00001  2500 00025  
HPD02835100HPCPHI19491200210021100 00002  2500 00002  
HPD02835100HPCPHI19500100010040100 00000g 1300 99999[ 2400 99999] 2500 00000I 
HPD02835100HPCPHI19500100090021100 00001  2500 00001  
HPD02835100HPCPHI19500100120051700 00006  1800 00014  1900 00011  2100 00001  2500 00032  
HPD02835100HPCPHI19500100130060100 00017  0200 00002  0300 00002  0400 00001  0500 00001  2500 00023  
HPD02835100HPCPHI19500100290081800 00008  1900 00006  2000 00010  2100 00006  2200 00009  2300 00006  2400 00007  2500 00052  
HPD02835100HPCPHI19500100300020100 00002  2500 00002  
HPD02835100HPCPHI19500200010040100 00000g 1300 99999[ 2400 99999] 2500 00000I 
HPD02835100HPCPHI19500200070020800 00001  2500 00001  
HPD02835100HPCPHI19500200100020800 00001  2500 00001  
HPD02835100HPCPHI19500200110110200 00001  0400 00001  0800 00003  0900 00007  1000 00005  1100 00008  1200 00002  1800 00020  1900 00009  2000 00001  2500 00057  
HPD02835100HPCPHI19500200260021500 99999[ 2500 00000I 
HPD02835100HPCPHI19500200270021300 99999] 2500 00000I 
HPD02835100HPCPHI19500300010030100 00000g 0700 00001  2500 00001  
HPD02835100HPCPHI19500300020030200 00001  0600 00001  2500 00002  
HPD02835100HPCPHI19500300140020800 00001  2500 00001  
HPD02835100HPCPHI19500300250041300 00007  1400 00017  1500 00002  2500 00026  
HPD02835100HPCPHI19500400010040100 00000g 1300 99999[ 2400 99999] 2500 00000I 
HPD02835100HPCPHI19500500010040100 00000g 1300 99999[ 2400 99999] 2500 00000I 
HPD02835100HPCPHI19500600010040100 00000g 1300 99999[ 2400 99999] 2500 00000I 
HPD02835100HPCPHI19500600210042000 00004  2100 00001  2200 00002  2500 00007  
HPD02835100HPCPHI19500600220020800 00001  2500 00001  
HPD02835100HPCPHI19500700010040100 00000g 1300 99999[ 2400 99999] 2500 00000I 
HPD02835100HPCPHI19500700050021300 00003  2500 00003  
HPD02835100HPCPHI19500700060051400 00006  1500 00036  1600 00012  1800 00002  2500 00056  
HPD02835100HPCPHI19500700070050200 00001  1600 00020  1700 00023  1800 00003  2500 00047  
HPD02835100HPCPHI19500700080040200 00006  1000 00012  1200 00001  2500 00019  
HPD02835100HPCPHI19500700160030700 99999a 1100 00017A 2500 00017  
HPD02835100HPCPHI19500700170030800 99999a 1200 00165A 2500 00165  
HPD02835100HPCPHI19500700180030100 99999a 0400 00041A 2500 00041  
HPD02835100HPCPHI19500700210031800 00004  1900 00004  2500 00008  
HPD02835100HPCPHI19500700300021000 00002  2500 00002  
HPD02835100HPCPHI19500800010020100 00000g 2500 00000  
HPD02835100HPCPHI19500800050030400 99999[ 1200 99999] 2500 00000I 
HPD02835100HPCPHI19500800110021600 00008  2500 00008  
HPD02835100HPCPHI19500800180031800 00021  1900 00002  2500 00023  
HPD02835100HPCPHI19500900010020100 00000g 2500 00000  
HPD02835100HPCPHI19500900170021700 00002  2500 00002  
HPD02835100HPCPHI19500900180021600 00002  2500 00002  
HPD02835100HPCPHI19500900210081500 00001  1600 00005  1700 00008  1800 00006  1900 00001  2000 00001  2100 00001  2500 00023  
HPD02835100HPCPHI19501000010040100 00000g 1300 99999[ 2400 99999] 2500 00000I 
HPD02835100HPCPHI19501100010020100 00000g 2500 00000  
HPD02835100HPCPHI19501100140021700 99999a 2500 00000I 
HPD02835100HPCPHI19501100150020500 00042A 2500 00042P 
HPD02835100HPCPHI19501200010020100 00000g 2500 00000  
HPD02835100HPCPHI19501200310071700 00006  1800 00001  2100 00001  2200 00002  2300 00001  2400 00001  2500 00012  
HPD02835100HPCPHI19510100010050100 00001  0200 00003  0400 00001  0800 00001  2500 00006  
HPD02835100HPCPHI19510100120140300 00006  0400 00008  0500 00001  0600 00005  0800 00001  0900 00004  1000 00006  1100 00011  1200 00010  1300 00010  1400 00008  1500 00009  1600 00001  2500 00080  
HPD02835100HPCPHI19510100160031700 00009  1800 00009  2500 00018  
HPD02835100HPCPHI19510100290062000 00001  2100 00007  2200 00013  2300 00007  2400 00006  2500 00034  
HPD02835100HPCPHI19510100300240100 00002  0200 00003  0300 00019  0400 00002  0500 00001  0600 00017  0700 00013  0800 00012  0900 00023  1000 00022  1100 00023  1200 00016  1300 00020  1400 00001  1500 00003  1600 00010  1700 00004  1800 00010  1900 00010  2100 00004  2200 00005  2300 00007  2400 00006  2500 00233  
HPD02835100HPCPHI19510100310040100 00004  0200 00013  0300 00002  2500 00019  
HPD02835100HPCPHI19510200010040100 00000g 1300 99999[ 2400 99999] 2500 00000I 
HPD02835100HPCPHI19510200190060300 00004  0400 00009  0500 00014  0600 00002  1000 00002  2500 00031  
HPD02835100HPCPHI19510200230042200 00004  2300 00001  2400 00008  2500 00013  
HPD02835100HPCPHI19510200240040100 00004  0300 00002  1500 00001  2500 00007  
HPD02835100HPCPHI19510200250041400 00003  1600 00003  1700 00001  2500 00007  
HPD02835100HPCPHI19510200260020300 00005  2500 00005  
HPD02835100HPCPHI19510200270031100 00004  1200 00009  2500 00013  
HPD02835100HPCPHI19510300010040100 00000g 2300 00005  2400 00011  2500 00016  
HPD02835100HPCPHI19510300020060100 00003  0300 00001  0500 00003  0600 00003  1200 00004  2500 00014  
HPD02835100HPCPHI19510300260071500 00001  1700 00002  1800 00012  2000 00005  2100 00009  2200 00007  2500 00036  
HPD02835100HPCPHI19510300270020100 00001  2500 00001  
HPD02835100HPCPHI19510400010040100 00000g 1300 99999[ 2400 99999] 2500 00000I 
HPD02835100HPCPHI19510400040071300 00001  1600 00025  1700 00004  1800 00001  1900 00001  2000 00001  2500 00033  
HPD02835100HPCPHI19510400050060100 00001  0200 00004  0600 00006  2300 00009  2400 00015  2500 00035  
HPD02835100HPCPHI19510400060040300 00001  0400 00013  0500 00001  2500 00015  
HPD02835100HPCPHI19510400070031500 00002  1600 00011  2500 00013  
HPD02835100HPCPHI19510400170022400 00001  2500 00001  
HPD02835100HPCPHI19510400180080100 00001  0200 00005  0300 00003  0400 00001  2200 00007  2300 00009  2400 00010  2500 00036  
HPD02835100HPCPHI19510400190060100 00003  0200 00001  0400 00001  0900 00001  1400 00007  2500 00013  
HPD02835100HPCPHI19510400260050300 00006  0400 00005  0500 00005  0600 00001  2500 00017  
HPD02835100HPCPHI19510400290130600 00004  0700 00004  0800 00025  0900 00002  1000 00013  1100 00008  1500 00002  1600 00006  1800 00003  1900 00003  2000 00006  2200 00001  2500 00077  
HPD02835100HPCPHI19510400300031500 00001  2100 00001  2500 00002  
HPD02835100HPCPHI19510500010020100 00000g 2500 00000  
HPD02835100HPCPHI19510500140051400 00001  1500 00002  1600 00004  1800 00001  2500 00008  
HPD02835100HPCPHI19510500150040800 00002  0900 00005  1000 00002  2500 00009  
HPD02835100HPCPHI19510600010020100 00000g 2500 00000  
HPD02835100HPCPHI19510700010020100 00000g 2500 00000  
HPD02835100HPCPHI19510700160021600 99999[ 2500 00000I 
HPD02835100HPCPHI19510700180041300 99999] 1400 00001  2200 00047  2500 00048I 
HPD02835100HPCPHI19510700260020600 00001  2500 00001  
HPD02835100HPCPHI19510700270031700 00006  2200 00001  2500 00007  
HPD02835100HPCPHI19510700280040100 00005  0300 00001  0800 00001  2500 00007  
HPD02835100HPCPHI19510800010030100 00000g 2300 00003  2500 00003  
HPD02835100HPCPHI19510800020040400 00001  2300 00047  2400 00007  2500 00055  
HPD02835100HPCPHI19510800200042000 00001  2100 00001  2200 00009  2500 00011  
HPD02835100HPCPHI19510800260081700 00001  1800 00001  1900 00031  2000 00017  2100 00030  2200 00005  2400 00006  2500 00091  
HPD02835100HPCPHI19510800270160100 00002  0700 00005  0800 00012  0900 00002  1000 00005  1100 00013  1200 00023  1300 00008  1400 00007  1500 00005  1600 00013  1700 00002  1900 00004  2100 00003  2400 00014  2500 00118  
HPD02835100HPCPHI19510800280150100 00001  0200 00002  0300 00002  0400 00001  0500 00001  0600 00001  0700 00006  0800 00004  0900 00005  1000 00002  1200 00005  1900 00003  2200 00001  2300 00002  2500 00036  
HPD02835100HPCPHI19510800290070100 00003  0200 00001  0700 00001  0800 00009  0900 00006  1000 00003  2500 00023  
HPD02835100HPCPHI19510900010020100 00000g 2500 00000  
HPD02835100HPCPHI19510900060021900 00020  2500 00020  
HPD02835100HPCPHI19510900290090200 00001  0300 00003  0400 00008  0500 00004  0700 00009  0800 00003  1600 00010  1700 00002  2500 00040  
HPD02835100HPCPHI19511000010020100 00000g 2500 00000  
HPD02835100HPCPHI19511000250041200 00017  1300 00003  1400 00001  2500 00021  
HPD02835100HPCPHI19511000260030600 00009  0700 00003  2500 00012  
HPD02835100HPCPHI19511000300120100 00004  0200 00003  0300 00001  0500 00003  1100 00005  1200 00007  1300 00007  1400 00005  1500 00004  1600 00001  2100 00012  2500 00052  
HPD02835100HPCPHI19511000310070100 00001  0300 00002  0500 00001  0600 00019  0700 00005  0800 00001  2500 00029  
HPD02835100HPCPHI19511100010020100 00000g 2500 00000  
HPD02835100HPCPHI19511100100032300 00001  2400 00001  2500 00002  
HPD02835100HPCPHI19511100110090200 00001  0300 00002  0400 00002  0500 00011  0600 00015  0700 00004  0800 00006  0900 00004  2500 00045  
HPD02835100HPCPHI19511100230131300 00001  1400 00001  1500 00006  1600 00009  1700 00008  1800 00004  1900 00006  2000 00010  2100 00006  2200 00012  2300 00013  2400 00014  2500 00090  
HPD02835100HPCPHI19511100240020100 00002  2500 00002  
HPD02835100HPCPHI19511100300030100 99999[ 2400 99999] 2500 00000I 
HPD02835100HPCPHI19511200010020100 00000g 2500 00000  
HPD02835100HPCPHI19511200050071300 00011  1400 00020  1500 00005  1600 00003  1900 00001  2100 00001  2500 00041  
HPD02835100HPCPHI19511200120031500 00001  2000 00001  2500 00002  
HPD02835100HPCPHI19511200130040400 00002  0600 00005  0800 00001  2500 00008  
HPD02835100HPCPHI19511200190061700 00004  1800 00003  1900 00008  2000 00001  2400 00028  2500 00044  
HPD02835100HPCPHI19511200200020100 00003  2500 00003  
HPD02835100HPCPHI19511200280022200 99999[ 2500 00000I 
HPD02835100HPCPHI19511200290021300 99999] 2500 00000I 
HPD02835100HPCPHI19511200300101600 00002  1700 00001  1800 00003  1900 00015  2000 00020  2100 00016  2200 00027  2300 00022  2400 00001  2500 00107  
HPD02835100HPCPHI19511200310060300 00001  0400 00003  0500 00005  0800 00005  0900 00002  2500 00016  
HPD02835100HPCPHI19520100010020100 00000g 2500 00000  
HPD02835100HPCPHI19520100070020900 99999[ 2500 00000I 
HPD02835100HPCPHI19520100080020900 99999] 2500 00000I 
HPD02835100HPCPHI19520100130091100 00019  1200 00015  1300 00016  1400 00012  1500 00009  1600 00001  2000 00010  2100 00002  2500 00084  
HPD02835100HPCPHI19520100170071900 00002  2000 00001  2100 00001  2200 00004  2300 00003  2400 00002  2500 00013  
HPD02835100HPCPHI19520100180170100 00005  0500 00002  0600 00007  0800 00008  0900 00010  1000 00003  1100 00002  1400 00034  1500 00004  1600 00019  1700 00001  1800 00007  1900 00012  2000 00003  2100 00002  2200 00002  2500 00121  
HPD02835100HPCPHI19520100190030200 00001  0800 00001  2500 00002  
HPD02835100HPCPHI19520100310030100 99999[ 2400 99999] 2500 00000I 
HPD02835100HPCPHI19520200010020100 00000g 2500 00000  
HPD02835100HPCPHI19520200080020800 00001  2500 00001  
HPD02835100HPCPHI19520200090040800 00001  1600 00001  1700 00002  2500 00004  
HPD02835100HPCPHI19520200100080200 00001  0500 00016  0600 00002  0900 00001  1000 00002  1700 00001  1900 00001  2500 00024  
HPD02835100HPCPHI19520200290030100 99999[ 2400 99999] 2500 00000I 
HPD02835100HPCPHI19520300010100100 00000g 0500 00001  0600 00003  0700 00009  0800 00015  0900 00015  1000 00003  1900 00002  2400 00018  2500 00066  
HPD02835100HPCPHI19520300020090100 00015  0200 00002  0300 00001  0400 00003  0500 00004  0600 00002  0700 00001  0800 00002  2500 00030  
HPD02835100HPCPHI19520300090020800 99999[ 2500 00000I 
HPD02835100HPCPHI19520300120020800 99999] 2500 00000I 
HPD02835100HPCPHI19520300130041700 00002  1800 00014  1900 00004  2500 00020  
HPD02835100HPCPHI19520300140020800 00002  2500 00002  
HPD02835100HPCPHI19520300160071400 00010  1500 00009  1600 00006  1700 00006  1800 00005  2100 00001  2500 00037  
HPD02835100HPCPHI19520300170140300 00006  0400 00012  0500 00011  0600 00004  0700 00002  0800 00001  0900 00003  1000 00003  1100 00002  1200 00001  1300 00001  1600 00001  1900 00001  2500 00048  
HPD02835100HPCPHI19520300310030100 99999[ 2400 99999] 2500 00000I 
HPD02835100HPCPHI19520400010020100 00000g 2500 00000  
HPD02835100HPCPHI19520400110080700 00001  1000 00018  1100 00014  1200 00020  1300 00011  1400 00003  1500 00002  2500 00069  
HPD02835100HPCPHI19520400190071800 00005  1900 00007  2000 00003  2200 00009  2300 00001  2400 00002  2500 00027  
HPD02835100HPCPHI19520400200100100 00002  0200 00004  0300 00005  0400 00006  0900 00006  1000 00004  1100 00011  1200 00001  1500 00002  2500 00041  
HPD02835100HPCPHI19520400240020800 99999[ 2500 00000I 
HPD02835100HPCPHI19520400250020800 99999] 2500 00000I 
HPD02835100HPCPHI19520400270031700 00044  1800 00004  2500 00048  
HPD02835100HPCPHI19520400280131000 00005  1100 00007  1200 00007  1300 00003  1400 00003  1500 00004  1600 00004  1700 00005  1800 00011  1900 00007  2000 00001  2100 00001  2500 00058  
HPD02835100HPCPHI19520400300030100 99999[ 2400 99999] 2500 00000I 
HPD02835100HPCPHI19520500010020100 00000g 2500 00000  
HPD02835100HPCPHI19520500050021400 00001  2500 00001  
HPD02835100HPCPHI19520500160020100 00001  2500 00001  
HPD02835100HPCPHI19520500170020100 00001  2500 00001  
HPD02835100HPCPHI19520600010030100 00000g 2300 00016  2500 00016  
HPD02835100HPCPHI19520600020040100 00009  0200 00005  1800 00010  2500 00024  
HPD02835100HPCPHI19520700010020100 00000g 2500 00000  
HPD02835100HPCPHI19520700040050500 00001  0600 00002  1800 00010  1900 00001  2500 00014  
HPD02835100HPCPHI19520700090041400 00001  1500 00031  1600 00001  2500 00033  
HPD02835100HPCPHI19520700220021800 00013  2500 00013  
HPD02835100HPCPHI19520700230041600 00020  1700 00003  1800 00001  2500 00024  
HPD02835100HPCPHI19520700240020100 00001  2500 00001  
HPD02835100HPCPHI19520700250022400 00002  2500 00002  
HPD02835100HPCPHI19520700260030100 00008  1400 00001  2500 00009  
HPD02835100HPCPHI19520700280021600 00004  2500 00004  
HPD02835100HPCPHI19520700300030200 00007  0300 00004  2500 00011  
HPD02835100HPCPHI19520800010020100 00000g 2500 00000  
HPD02835100HPCPHI19520800020021600 00001  2500 00001  
HPD02835100HPCPHI19520800120021500 00001  2500 00001  
HPD02835100HPCPHI19520800150061800 00020  1900 00001  2100 00001  2200 00002  2300 00002  2500 00026  
HPD02835100HPCPHI19520800160030800 00001  0900 00001  2500 00002  
HPD02835100HPCPHI19520800230022300 00003  2500 00003  
HPD02835100HPCPHI19520800270030100 00008  0200 00004  2500 00012  
HPD02835100HPCPHI19520900010020100 00000g 2500 00000  
HPD02835100HPCPHI19520900060031700 00051  1800 00007  2500 00058  
HPD02835100HPCPHI19520900200051900 00033  2000 00015  2100 00004  2200 00009  2500 00061  
HPD02835100HPCPHI19520900210020800 00001  2500 00001  
HPD02835100HPCPHI19520900220020200 00002  2500 00002  
HPD02835100HPCPHI19520900230030700 00015  0800 00001  2500 00016  
HPD02835100HPCPHI19521000010020100 00000g 2500 00000  
HPD02835100HPCPHI19521100010020100 00000g 2500 00000  
HPD02835100HPCPHI19521100090041000 00001  1100 00002  1200 00001  2500 00004  
HPD02835100HPCPHI19521100140020700 00001  2500 00001  
HPD02835100HPCPHI19521100150060700 00004  0800 00004  0900 00006  1000 00011  1600 00004  2500 00029  
HPD02835100HPCPHI19521100160140100 00002  0200 00007  0300 00008  0400 00020  0500 00013  0600 00009  0700 00007  0800 00006  0900 00006  1000 00007  1100 00005  1200 00001  1400 00001  2500 00092  
HPD02835100HPCPHI19521100170020800 00001  2500 00001  
HPD02835100HPCPHI19521100230041600 00001  1700 00005  1900 00002  2500 00008  
HPD02835100HPCPHI19521100240180100 00005  0200 00006  0300 00006  0400 00016  0500 00006  0700 00004  0800 00008  0900 00009  1000 00002  1100 00006  1200 00003  1300 00003  1400 00004  1500 00007  1600 00003  1700 00003  1800 00002  2500 00093  
HPD02835100HPCPHI19521100300091300 00007  1400 00011  1500 00007  1600 00003  1700 00010  1800 00003  1900 00001  2000 00010  2500 00052  
HPD02835100HPCPHI19521200010020100 00000g 2500 00000  
HPD02835100HPCPHI19521200170081400 00018  1500 00010  1600 00002  1700 00003  1900 00003  2000 00004  2200 00001  2500 00041  
HPD02835100HPCPHI19521200200032200 00012  2300 00008  2500 00020  
HPD02835100HPCPHI19521200210030500 00001  0700 00001  2500 00002  
HPD02835100HPCPHI19521200310020900 00001  2500 00001  
HPD02835100HPCPHI19530100010020100 00000g 2500 00000  
HPD02835100HPCPHI19530100060021900 99999[ 2500 00000I 
HPD02835100HPCPHI19530100070021900 99999] 2500 00000I 
HPD02835100HPCPHI19530200010020100 00000g 2500 00000  
HPD02835100HPCPHI19530200230021900 99999[ 2500 00000I 
HPD02835100HPCPHI19530200240021900 99999] 2500 00000I 
HPD02835100HPCPHI19530200280030800 99999[ 2400 99999] 2500 00000I 
HPD02835100HPCPHI19530300010020100 99999[ 2500 00000I 
HPD02835100HPCPHI19530300030020900 99999] 2500 00000I 
HPD02835100HPCPHI19530300100020100 00002  2500 00002  
HPD02835100HPCPHI19530400010020100 00000g 2500 00000  
HPD02835100HPCPHI19530400270022100 00001  2500 00001  
HPD02835100HPCPHI19530500010020100 00000g 2500 00000  
HPD02835100HPCPHI19530600010020100 00000g 2500 00000  
HPD02835100HPCPHI19530700010020100 00000g 2500 00000  
HPD02835100HPCPHI19530700080031400 00001  1600 00001  2500 00002  
HPD02835100HPCPHI19530700090021600 00001  2500 00001  
HPD02835100HPCPHI19530700100021600 00001  2500 00001  
HPD02835100HPCPHI19530700130031500 99999[ 2200 99999] 2500 00000I 
HPD02835100HPCPHI19530700140022100 00001  2500 00001  
HPD02835100HPCPHI19530700160062000 00002  2100 00003  2200 00030  2300 00001  2400 00003  2500 00039  
HPD02835100HPCPHI19530700170060100 00006  0200 00002  0300 00002  0400 99999[ 0900 00003] 2500 00013I 
HPD02835100HPCPHI19530700280040300 00001  0400 00001  0500 00001  2500 00003  
HPD02835100HPCPHI19530700290022000 00007  2500 00007  
HPD02835100HPCPHI19530800010020100 00000g 2500 00000  
HPD02835100HPCPHI19530800180031600 00003  1700 00009  2500 00012  
HPD02835100HPCPHI19530800200041800 00002  1900 00005  2000 00002  2500 00009  
HPD02835100HPCPHI19530800220030500 00001  0800 00002  2500 00003  
HPD02835100HPCPHI19530800250031700 00041  1800 00002  2500 00043  
HPD02835100HPCPHI19530800260021600 00020  2500 00020  
HPD02835100HPCPHI19530800270021700 00005  2500 00005  
HPD02835100HPCPHI19530900010020100 00000g 2500 00000  
HPD02835100HPCPHI19531000010020100 00000g 2500 00000  
HPD02835100HPCPHI19531100010020100 00000g 2500 00000  
HPD02835100HPCPHI19531100180030100 99999[ 0900 99999] 2500 00000I 
HPD02835100HPCPHI19531200010020100 00000g 2500 00000  
HPD02835100HPCPHI19531200040031400 99999[ 2200 99999] 2500 00000I 
HPD02835100HPCPHI19540100010020100 99999[ 2500 00000I 
HPD02835100HPCPHI19540100310022400 99999] 2500 00000I 
HPD02835100HPCPHI19540200010020100 00000g 2500 00000  
HPD02835100HPCPHI19540200140021000 99999[ 2500 00000I 
HPD02835100HPCPHI19540200150020700 99999] 2500 00000I 
HPD02835100HPCPHI19540300010020100 00000g 2500 00000  
HPD02835100HPCPHI19540300040030400 99999[ 1000 99999] 2500 00000I 
HPD02835100HPCPHI19540300170031000 99999[ 1700 99999] 2500 00000I 
HPD02835100HPCPHI19540300210021900 99999[ 2500 00000I 
HPD02835100HPCPHI19540300230021100 99999] 2500 00000I 
HPD02835100HPCPHI19540400010020100 00000g 2500 00000  
HPD02835100HPCPHI19540500010020100 00000g 2500 00000  
HPD02835100HPCPHI19540600010020100 00000g 2500 00000  
HPD02835100HPCPHI19540600270021300 00002  2500 00002  
HPD02835100HPCPHI19540700010020100 99999[ 2500 00000I 
HPD02835100HPCPHI19540700310022400 99999] 2500 00000I 
HPD02835100HPCPHI19540800010020100 99999[ 2500 00000I 
HPD02835100HPCPHI19540800310022400 99999] 2500 00000I 
HPD02835100HPCPHI19540900010020100 99999[ 2500 00000I 
HPD02835100HPCPHI19540900300022400 99999] 2500 00000I 
HPD02835100HPCPHI19541000010020100 99999[ 2500 00000I 
HPD02835100HPCPHI19541000310022400 99999] 2500 00000I 
HPD02835100HPCPHI19541100010020100 99999[ 2500 00000I 
HPD02835100HPCPHI19541100300022400 99999] 2500 00000I 
HPD02835100HPCPHI19541200010020100 99999[ 2500 00000I 
HPD02835100HPCPHI19541200310022400 99999] 2500 00000I 
HPD02835100HPCPHI19550100010020100 99999[ 2500 00000I 
HPD02835100HPCPHI19550100310022400 99999] 2500 00000I 
HPD02835100HPCPHI19550200010020100 99999[ 2500 00000I 
HPD02835100HPCPHI19550200280022400 99999] 2500 00000I 
HPD02835100HPCPHI19550300010020100 99999[ 2500 00000I 
HPD02835100HPCPHI19550300310022400 99999] 2500 00000I 
HPD02835100HPCPHI19550400010020100 99999[ 2500 00000I 
HPD02835100HPCPHI19550400300022400 99999] 2500 00000I 
HPD02835100HPCPHI19550500010020100 99999[ 2500 00000I 
HPD02835100HPCPHI19550500310022400 99999] 2500 00000I 
HPD02835100HPCPHI19550600010020100 99999[ 2500 00000I 
HPD02835100HPCPHI19550600300022400 99999] 2500 00000I 
HPD02835100HPCPHI19550700010020100 99999[ 2500 00000I 
HPD02835100HPCPHI19550700310022400 99999] 2500 00000I 
HPD02835100HPCPHI19550800010020100 99999[ 2500 00000I 
HPD02835100HPCPHI19550800310022400 99999] 2500 00000I 
HPD02835100HPCPHI19550900010020100 99999[ 2500 00000I 
HPD02835100HPCPHI19550900300022400 99999] 2500 00000I 
HPD02835100HPCPHI19551000010020100 99999[ 2500 00000I 
HPD02835100HPCPHI19551000310022400 99999] 2500 00000I 
HPD02835100HPCPHI19551100010020100 99999[ 2500 00000I 
HPD02835100HPCPHI19551100300022400 99999] 2500 00000I 
HPD02835100HPCPHI19551200010020100 99999[ 2500 00000I 
HPD02835100HPCPHI19551200310022400 99999] 2500 00000I 
HPD02835100HPCPHI19560100010020100 99999[ 2500 00000I 
HPD02835100HPCPHI19560100310022400 99999] 2500 00000I 
HPD02835100HPCPHI19560200010020100 99999[ 2500 00000I 
HPD02835100HPCPHI19560200290022400 99999] 2500 00000I 
HPD02835100HPCPHI19560300010020100 99999[ 2500 00000I 
HPD02835100HPCPHI19560300310022400 99999] 2500 00000I 
HPD02835100HPCPHI19560400010020100 99999[ 2500 00000I 
HPD02835100HPCPHI19560400300022400 99999] 2500 00000I 
HPD02835100HPCPHI19560500010020100 99999[ 2500 00000I 
HPD02835100HPCPHI19560500310022400 99999] 2500 00000I 
HPD02835100HPCPHI19560600010020100 99999[ 2500 00000I 
HPD02835100HPCPHI19560600300022400 99999] 2500 00000I 
HPD02835100HPCPHI19560700010020100 99999[ 2500 00000I 
HPD02835100HPCPHI19560700310022400 99999] 2500 00000I 
HPD02835100HPCPHI19560800010020100 99999[ 2500 00000I 
HPD02835100HPCPHI19560800310022400 99999] 2500 00000I 
HPD02835100HPCPHI19560900010020100 99999[ 2500 00000I 
HPD02835100HPCPHI19560900300022400 99999] 2500 00000I 
HPD02835100HPCPHI19561000010020100 99999[ 2500 00000I 
HPD02835100HPCPHI19561000310022400 99999] 2500 00000I 
HPD02835100HPCPHI19561100010020100 99999[ 2500 00000I 
HPD02835100HPCPHI19561100300022400 99999] 2500 00000I 
HPD02835100HPCPHI19561200010020100 99999[ 2500 00000I 
HPD02835100HPCPHI19561200310022400 99999] 2500 00000I 
HPD02835100HPCPHI19570100010020100 99999[ 2500 00000I 
HPD02835100HPCPHI19570100310022400 99999] 2500 00000I 
HPD02835100HPCPHI19570200010020100 99999[ 2500 00000I 
HPD02835100HPCPHI19570200280022400 99999] 2500 00000I 
HPD02835100HPCPHI19570300010020100 99999[ 2500 00000I 
HPD02835100HPCPHI19570300310022400 99999] 2500 00000I 
HPD02835100HPCPHI19570400010020100 99999[ 2500 00000I 
HPD02835100HPCPHI19570400300022400 99999] 2500 00000I 
HPD02835100HPCPHI19570500010020100 99999[ 2500 00000I 
HPD02835100HPCPHI19570500310022400 99999] 2500 00000I 
HPD02835100HPCPHI19570600010020100 99999[ 2500 00000I 
HPD02835100HPCPHI19570600300022400 99999] 2500 00000I 
HPD02835100HPCPHI19570700010020100 99999[ 2500 00000I 
HPD02835100HPCPHI19570700310022400 99999] 2500 00000I 
HPD02835100HPCPHI19570800010020100 99999[ 2500 00000I 
HPD02835100HPCPHI19570800310022400 99999] 2500 00000I 
HPD02835100HPCPHI19570900010020100 99999[ 2500 00000I 
HPD02835100HPCPHI19570900300022400 99999] 2500 00000I 
HPD02835100HPCPHI19571000010020100 99999[ 2500 00000I 
HPD02835100HPCPHI19571000310022400 99999] 2500 00000I 
HPD02835100HPCPHI19571100010020100 99999[ 2500 00000I 
HPD02835100HPCPHI19571100300022400 99999] 2500 00000I 
HPD02835100HPCPHI19571200010020100 99999[ 2500 00000I 
HPD02835100HPCPHI19571200310022400 99999] 2500 00000I 
HPD02835100HPCPHI19580100010020100 99999[ 2500 00000I 
HPD02835100HPCPHI19580100310022400 99999] 2500 00000I 
HPD02835100HPCPHI19580200010020100 99999[ 2500 00000I 
HPD02835100HPCPHI19580200280022400 99999] 2500 00000I 
