HPD02463900HPCPHI19480700010020100 00000g 2500 00000  
HPD02463900HPCPHI19480700220051800 00038  1900 00009  2000 00010  2100 00001  2500 00058  
HPD02463900HPCPHI19480700230040200 00001  0400 00001  0600 00001  2500 00003  
HPD02463900HPCPHI19480800010040100 00000g 1300 99999[ 2400 99999] 2500 00000I 
HPD02463900HPCPHI19480800040071400 00014  1500 00001  1800 00015  1900 00013  2200 00002  2300 00001  2500 00046  
HPD02463900HPCPHI19480800060061900 00063  2100 00012  2200 00018  2300 00003  2400 00004  2500 00100  
HPD02463900HPCPHI19480800070020100 00001  2500 00001  
HPD02463900HPCPHI19480800160020900 00001  2500 00001  
HPD02463900HPCPHI19480900010040100 00000g 1300 99999[ 2400 99999] 2500 00000I 
HPD02463900HPCPHI19480900150022400 00001  2500 00001  
HPD02463900HPCPHI19480900160110100 00004  0200 00001  0300 00008  0400 00011  0700 00003  0800 00007  0900 00002  1000 00017  1100 00004  1600 00001  2500 00058  
HPD02463900HPCPHI19481000010040100 00000g 1300 99999[ 2400 99999] 2500 00000I 
HPD02463900HPCPHI19481000180080500 00004  0600 00003  0700 00001  0800 00001  1300 00027  1400 00025  1500 00006  2500 00067  
HPD02463900HPCPHI19481000300130800 00001  0900 00003  1000 00008  1100 00003  1200 00004  1300 00001  1400 00005  1500 00007  2000 00001  2100 00004  2200 00005  2300 00002  2500 00044  
HPD02463900HPCPHI19481000310030100 00001  0200 00001  2500 00002  
HPD02463900HPCPHI19481100010040100 00000g 1300 99999[ 2400 99999] 2500 00000I 
HPD02463900HPCPHI19481200010040100 00000g 1300 99999[ 2400 99999] 2500 00000I 
HPD02463900HPCPHI19481200040030200 00005  0300 00001  2500 00006  
HPD02463900HPCPHI19481200170130200 00001  0700 00001  0800 00003  0900 00002  1000 00009  1100 00004  1200 00005  1300 00002  1400 00003  1500 00001  1600 00001  1700 00001  2500 00033  
HPD02463900HPCPHI19481200180030400 00001  0700 00001  2500 00002  
HPD02463900HPCPHI19481200220131200 00002  1300 00005  1400 00001  1500 00001  1700 00004  1800 00008  1900 00004  2000 00001  2100 00002  2200 00005  2300 00005  2400 00010  2500 00048  
HPD02463900HPCPHI19481200230140100 00010  0200 00008  0300 00011  0400 00001  0600 00001  0700 00001  0800 00009  0900 00001  1000 00004  1100 00002  1200 00001  1400 00001  1800 00001  2500 00051  
HPD02463900HPCPHI19481200270090400 00004  0500 00003  0600 00005  0700 00005  0800 00030  0900 00014  1000 00011  1100 00001  2500 00073  
HPD02463900HPCPHI19490100010040100 00000g 1300 99999[ 2400 99999] 2500 00000I 
HPD02463900HPCPHI19490100020070600 00001  0700 00002  0800 00001  1000 00002  1100 00002  1300 00001  2500 00009  
HPD02463900HPCPHI19490100090061000 00001  1100 00001  1200 00004  1300 00004  1400 00001  2500 00011  
HPD02463900HPCPHI19490100100041400 00001  1500 00001  2100 00001  2500 00003  
HPD02463900HPCPHI19490100110051200 00001  1300 00004  1400 00006  1500 00007  2500 00018  
HPD02463900HPCPHI19490100120160400 00001  0500 00003  0600 00001  1100 00001  1200 00002  1300 00003  1400 00006  1500 00007  1600 00003  1700 00002  1800 00001  2000 00001  2100 00001  2300 00001  2400 00002  2500 00035  
HPD02463900HPCPHI19490100130150100 00005  0200 00013  0300 00011  0400 00024  0500 00002  0600 00001  0900 00001  1000 00008  1100 00015  1200 00017  1300 00018  1400 00007  1600 00002  1700 00003  2500 00127  
HPD02463900HPCPHI19490100140090300 00001  0400 00001  0500 00001  0600 00001  0900 00001  1000 00001  1100 00001  1200 00003  2500 00010  
HPD02463900HPCPHI19490100200080900 00001  1000 00006  1100 00001  1200 00001  1300 00001  1400 00001  2400 00002  2500 00013  
HPD02463900HPCPHI19490100210060200 00001  0300 00001  0600 00001  0800 00001  1100 00001  2500 00005  
HPD02463900HPCPHI19490100230050300 00001  0700 00001  1100 00007  1200 00014  2500 00023  
HPD02463900HPCPHI19490100240031300 00006  1400 00004  2500 00010  
HPD02463900HPCPHI19490100250090800 00001  1200 00001  1300 00001  1400 00003  1500 00001  1600 00001  1700 00001  1800 00001  2500 00010  
HPD02463900HPCPHI19490100260031100 00016  1300 00001  2500 00017  
HPD02463900HPCPHI19490200010040100 00000g 1300 99999[ 2400 99999] 2500 00000I 
HPD02463900HPCPHI19490200020031800 99999a 2100 00005A 2500 00005  
HPD02463900HPCPHI19490200030031500 99999a 1800 00003A 2500 00003  
HPD02463900HPCPHI19490200070032000 99999a 2400 00003A 2500 00003  
HPD02463900HPCPHI19490200120021700 00002  2500 00002  
HPD02463900HPCPHI19490200250040300 00006  0400 00017  0500 00003  2500 00026  
HPD02463900HPCPHI19490200270061400 00001  1500 00015  1600 00011  1700 00007  1800 00002  2500 00036  
HPD02463900HPCPHI19490200280060800 00003  0900 00003  1000 00001  1100 00002  1600 00004  2500 00013  
HPD02463900HPCPHI19490300010040100 00000g 1300 99999[ 2400 99999] 2500 00000I 
HPD02463900HPCPHI19490300180021800 99999[ 2500 00000I 
HPD02463900HPCPHI19490300260021100 99999] 2500 00000I 
HPD02463900HPCPHI19490300280091500 00005  1800 00011  1900 00023  2000 00007  2100 00005  2200 00002  2300 00004  2400 00004  2500 00061  
HPD02463900HPCPHI19490300290070300 00001  0400 00001  0500 00001  0600 00001  1000 00010  1500 00002  2500 00016  
HPD02463900HPCPHI19490300310150300 00001  0400 00008  0500 00002  0600 00007  0700 00006  0800 00002  1000 00002  1100 00001  1500 00001  1600 00001  1700 00006  1800 00001  2300 00005  2400 00006  2500 00049  
HPD02463900HPCPHI19490400010110100 00000g 0300 00001  0500 00001  0700 00001  0800 00004  0900 00003  1000 00008  1100 00014  1200 00007  1400 00001  2500 00040  
HPD02463900HPCPHI19490400070051600 00001  1700 00003  1800 00001  1900 00001  2500 00006  
HPD02463900HPCPHI19490500010040100 00000g 1300 99999[ 2400 99999] 2500 00000I 
HPD02463900HPCPHI19490500150022300 00002  2500 00002  
HPD02463900HPCPHI19490500160030100 00003  0600 00002  2500 00005  
HPD02463900HPCPHI19490500170081600 00003  1700 00001  1800 00002  1900 00005  2000 00034  2100 00004  2200 00001  2500 00050  
HPD02463900HPCPHI19490600010040100 00000g 1300 99999[ 2400 99999] 2500 00000I 
HPD02463900HPCPHI19490600040061000 00001  1100 00001  1200 00004  1300 00003  1400 00001  2500 00010  
HPD02463900HPCPHI19490600050031700 00005  1900 00001  2500 00006  
HPD02463900HPCPHI19490600060020600 00002  2500 00002  
HPD02463900HPCPHI19490700010020100 00000g 2500 00000  
HPD02463900HPCPHI19490700040041700 00004  1900 00001  2000 00004  2500 00009  
HPD02463900HPCPHI19490700110032100 00001  2200 00001  2500 00002  
HPD02463900HPCPHI19490700310041700 00015  1800 00016  2300 00003  2500 00034  
HPD02463900HPCPHI19490800010030100 00000g 1800 00022  2500 00022  
HPD02463900HPCPHI19490800220051900 00007  2100 00015  2200 00008  2300 00005  2500 00035  
HPD02463900HPCPHI19490800230020400 00005  2500 00005  
HPD02463900HPCPHI19490900010040100 00000g 1300 99999[ 2400 99999] 2500 00000I 
HPD02463900HPCPHI19490900080021100 00001  2500 00001  
HPD02463900HPCPHI19490900090041300 00001  2100 00008  2300 00001  2500 00010  
HPD02463900HPCPHI19490900250032200 00003  2300 00017  2500 00020  
HPD02463900HPCPHI19490900260021800 00001  2500 00001  
HPD02463900HPCPHI19491000010040100 00000g 1300 99999[ 2400 99999] 2500 00000I 
HPD02463900HPCPHI19491000040031000 00001  1100 00001  2500 00002  
HPD02463900HPCPHI19491000080052100 00001  2200 00005  2300 00004  2400 00001  2500 00011  
HPD02463900HPCPHI19491000150021100 00001  2500 00001  
HPD02463900HPCPHI19491000160041200 00001  1300 00004  1400 00001  2500 00006  
HPD02463900HPCPHI19491000170022000 00002  2500 00002  
HPD02463900HPCPHI19491000190030600 00001  0700 00005  2500 00006  
HPD02463900HPCPHI19491100010040100 00000g 1300 99999[ 2400 99999] 2500 00000I 
HPD02463900HPCPHI19491100100081300 00001  1400 00009  1500 00016  1600 00032  1700 00006  1800 00001  2200 00010  2500 00075  
HPD02463900HPCPHI19491200010040100 00000g 1300 99999[ 2400 99999] 2500 00000I 
HPD02463900HPCPHI19491200090130500 00001  0600 00001  0700 00002  0800 00007  0900 00001  1000 00002  1100 00006  1300 00001  1500 00002  1900 00001  2200 00001  2300 00002  2500 00027  
HPD02463900HPCPHI19491200100090200 00001  0500 00001  0600 00001  0700 00006  0800 00004  1400 00002  1500 00002  1600 00001  2500 00018  
HPD02463900HPCPHI19491200110031100 00005  1200 00001  2500 00006  
HPD02463900HPCPHI19491200160041500 00001  1600 00001  1700 00002  2500 00004  
HPD02463900HPCPHI19491200180021900 00001  2500 00001  
HPD02463900HPCPHI19491200190081300 00004  1400 00002  2000 00007  2100 00005  2200 00003  2300 00001  2400 00001  2500 00023  
HPD02463900HPCPHI19491200200040700 00001  0800 00001  1100 00001  2500 00003  
HPD02463900HPCPHI19500100010040100 00000g 1300 99999[ 2400 99999] 2500 00000I 
HPD02463900HPCPHI19500100090060200 00004  0300 00001  0400 00005  0500 00001  0600 00001  2500 00012  
HPD02463900HPCPHI19500100290061200 00005  1500 00001  1600 00006  1700 00005  1800 00003  2500 00020  
HPD02463900HPCPHI19500200010040100 00000g 1300 99999[ 2400 99999] 2500 00000I 
HPD02463900HPCPHI19500200060021100 00001  2500 00001  
HPD02463900HPCPHI19500200070050600 00002  0700 00001  0800 00001  0900 00001  2500 00005  
HPD02463900HPCPHI19500200100021300 00001  2500 00001  
HPD02463900HPCPHI19500200110100200 00001  0300 00009  0400 00006  0500 00005  0600 00004  0700 00002  0800 00002  1000 00001  1100 00005  2500 00035  
HPD02463900HPCPHI19500200260032300 00001  2400 00001  2500 00002  
HPD02463900HPCPHI19500200270020500 00001  2500 00001  
HPD02463900HPCPHI19500300010050100 00000g 1500 00020  1900 00005  2000 00003  2500 00028  
HPD02463900HPCPHI19500300250110300 00005  0400 00014  0500 00011  0600 00010  0700 00005  0800 00002  0900 00001  1000 00008  1100 00009  1200 00002  2500 00067  
HPD02463900HPCPHI19500400010040100 00000g 1300 99999[ 2400 99999] 2500 00000I 
HPD02463900HPCPHI19500500010040100 00000g 1300 99999[ 2400 99999] 2500 00000I 
HPD02463900HPCPHI19500600010040100 00000g 1300 99999[ 2400 99999] 2500 00000I 
HPD02463900HPCPHI19500700010040100 00000g 1300 99999[ 2400 99999] 2500 00000I 
HPD02463900HPCPHI19500700050052100 00002  2200 00016  2300 00009  2400 00012  2500 00039  
HPD02463900HPCPHI19500700060070100 00007  0200 00003  0300 00002  1900 00006  2000 00020  2100 00010  2500 00048  
HPD02463900HPCPHI19500700070031200 00002  1300 00002  2500 00004  
HPD02463900HPCPHI19500700090041500 00001  1600 00009  1700 00002  2500 00012  
HPD02463900HPCPHI19500700210042200 00012  2300 00001  2400 00001  2500 00014  
HPD02463900HPCPHI19500700220050100 00001  1900 00002  2000 00001  2100 00001  2500 00005  
HPD02463900HPCPHI19500700230040200 00001  2100 00064  2200 00001  2500 00066  
HPD02463900HPCPHI19500800010020100 00000g 2500 00000  
HPD02463900HPCPHI19500800110030300 00005  0400 00006  2500 00011  
HPD02463900HPCPHI19500800200021900 00005  2500 00005  
HPD02463900HPCPHI19500800250050600 00026  0700 00002  0800 00005  0900 00003  2500 00036  
HPD02463900HPCPHI19500900010020100 00000g 2500 00000  
HPD02463900HPCPHI19500900020021600 00005  2500 00005  
HPD02463900HPCPHI19500900030021600 00004  2500 00004  
HPD02463900HPCPHI19500900040021700 00005  2500 00005  
HPD02463900HPCPHI19500900060061000 00007  1200 00001  2100 00001  2200 00003  2300 00004  2500 00016  
HPD02463900HPCPHI19500900070051500 00005  1600 00012  1700 00003  1800 00001  2500 00021  
HPD02463900HPCPHI19501000010040100 00000g 1300 99999[ 2400 99999] 2500 00000I 
HPD02463900HPCPHI19501100010020100 00000g 2500 00000  
HPD02463900HPCPHI19501100140060300 00005  0500 00002  0700 00001  1500 00001  1600 00006  2500 00015  
HPD02463900HPCPHI19501200010020100 00000g 2500 00000  
HPD02463900HPCPHI19501200310050900 00001  1000 00004  1100 00001  1500 00001  2500 00007  
HPD02463900HPCPHI19510100010020100 00000g 2500 00000  
HPD02463900HPCPHI19510100110052100 00012  2200 00010  2300 00001  2400 00001  2500 00024  
HPD02463900HPCPHI19510100120120100 00002  0200 00004  0300 00001  0400 00003  0500 00002  0600 00003  0700 00001  1000 00003  1100 00001  1200 00001  1500 00005  2500 00026  
HPD02463900HPCPHI19510100160031400 00001  1500 00001  2500 00002  
HPD02463900HPCPHI19510100290051700 00003  1800 00027  1900 00010  2400 00002  2500 00042  
HPD02463900HPCPHI19510100300050100 00004  0200 00007  0300 00001  0400 00001  2500 00013  
HPD02463900HPCPHI19510200010040100 00000g 1300 99999[ 2400 99999] 2500 00000I 
HPD02463900HPCPHI19510200230030900 00008  1000 00006  2500 00014  
HPD02463900HPCPHI19510200240031500 00005  1600 00001  2500 00006  
HPD02463900HPCPHI19510200250031300 00001  1400 00001  2500 00002  
HPD02463900HPCPHI19510200270040600 00004  0700 00001  0800 00001  2500 00006  
HPD02463900HPCPHI19510300010040100 00000g 1700 00003  1800 00002  2500 00005  
HPD02463900HPCPHI19510300020031100 00006  1200 00004  2500 00010  
HPD02463900HPCPHI19510400010040100 00000g 1300 99999[ 2400 99999] 2500 00000I 
HPD02463900HPCPHI19510400050021900 00001  2500 00001  
HPD02463900HPCPHI19510400060030700 00001  1600 00001  2500 00002  
HPD02463900HPCPHI19510400190080500 00002  0600 00001  0700 00005  0800 00002  0900 00002  1000 00001  1500 00004  2500 00017  
HPD02463900HPCPHI19510400250071600 00002  1700 00002  1800 00001  1900 00006  2300 00001  2400 00006  2500 00018  
HPD02463900HPCPHI19510400260050200 00001  0300 00001  0700 00001  0900 00004  2500 00007  
HPD02463900HPCPHI19510400290061000 00001  1100 00026  1200 00004  2300 00001  2400 00005  2500 00037  
HPD02463900HPCPHI19510400300040100 00003  0200 00001  0300 00003  2500 00007  
HPD02463900HPCPHI19510500010020100 00000g 2500 00000  
HPD02463900HPCPHI19510500140131100 00005  1200 00001  1300 00007  1400 00009  1500 00009  1600 00006  1700 00003  2000 00001  2100 00009  2200 00006  2300 00009  2400 00007  2500 00072  
HPD02463900HPCPHI19510500150090100 00013  0200 00005  0300 00001  0500 00001  0900 00001  1000 00002  1700 00002  1800 00002  2500 00027  
HPD02463900HPCPHI19510600010020100 00000g 2500 00000  
HPD02463900HPCPHI19510700010020100 00000g 2500 00000  
HPD02463900HPCPHI19510700150042100 00011  2300 00001  2400 00001  2500 00013  
HPD02463900HPCPHI19510700170021700 00009  2500 00009  
HPD02463900HPCPHI19510700180051700 00008  1800 00007  1900 00001  2000 00002  2500 00018  
HPD02463900HPCPHI19510700200021200 00010  2500 00010  
HPD02463900HPCPHI19510700210021800 00003  2500 00003  
HPD02463900HPCPHI19510700250051000 00001  1100 00002  1500 00001  1600 00004  2500 00008  
HPD02463900HPCPHI19510700260020400 00005  2500 00005  
HPD02463900HPCPHI19510700270042200 00001  2300 00011  2400 00002  2500 00014  
HPD02463900HPCPHI19510700310031400 99999a 1600 00024A 2500 00024  
HPD02463900HPCPHI19510800010030100 00000g 1800 00002  2500 00002  
HPD02463900HPCPHI19510800020061600 00001  1700 00001  2000 00008  2300 00004  2400 00002  2500 00016  
HPD02463900HPCPHI19510800030030100 99999a 2000 00010A 2500 00010  
HPD02463900HPCPHI19510800150021800 00009  2500 00009  
HPD02463900HPCPHI19510800160021700 00015  2500 00015  
HPD02463900HPCPHI19510800190020500 99999a 2500 00000I 
HPD02463900HPCPHI19510800200022400 00030A 2500 00030P 
HPD02463900HPCPHI19510800280020900 99999[ 2500 00000I 
HPD02463900HPCPHI19510800290021800 99999] 2500 00000I 
HPD02463900HPCPHI19510900010020100 00000g 2500 00000  
HPD02463900HPCPHI19510900280080400 00004  0500 00001  1000 00003  1100 00004  1200 00003  1400 00013  1600 00002  2500 00030  
HPD02463900HPCPHI19511000010030100 00000g 0800 00002  2500 00002  
HPD02463900HPCPHI19511000250110900 00002  1000 00005  1100 00008  1200 00002  1400 00006  1500 00012  1600 00022  1700 00019  1800 00019  1900 00005  2500 00100  
HPD02463900HPCPHI19511000300091100 00010  1200 00015  1300 00015  1400 00020  1500 00001  1600 00001  1700 00003  2400 00003  2500 00068  
HPD02463900HPCPHI19511000310020400 00002  2500 00002  
HPD02463900HPCPHI19511100010020100 00000g 2500 00000  
HPD02463900HPCPHI19511100220022400 00018  2500 00018  
HPD02463900HPCPHI19511100230130100 00010  0200 00012  0300 00020  0400 00018  0500 00026  0600 00001  0700 00002  0800 00012  0900 00003  1100 00001  1400 00001  1500 00001  2500 00107  
HPD02463900HPCPHI19511100240030200 00008  0300 00004  2500 00012  
HPD02463900HPCPHI19511200010020100 00000g 2500 00000  
HPD02463900HPCPHI19511200050060600 00015  0700 00050  0800 00020  0900 00005  1800 00002  2500 00092  
HPD02463900HPCPHI19511200120041200 00005  1300 00007  1400 00003  2500 00015  
HPD02463900HPCPHI19511200130070600 00005  0700 00008  0800 00005  1400 00001  1500 00013  1700 00003  2500 00035  
HPD02463900HPCPHI19511200190051500 00002  1600 00005  1700 00006  1800 00002  2500 00015  
HPD02463900HPCPHI19511200200021000 00002  2500 00002  
HPD02463900HPCPHI19511200290071600 00003  1700 00003  1800 00004  1900 00010  2000 00002  2100 00003  2500 00025  
HPD02463900HPCPHI19511200300130300 00005  0400 00005  0500 00008  0600 00002  0800 00005  0900 00014  1000 00021  1100 00015  1200 00005  1300 00012  1400 00011  1800 00022  2500 00125  
HPD02463900HPCPHI19511200310050100 00005  0200 00003  0300 00001  0400 00001  2500 00010  
HPD02463900HPCPHI19520100010020100 00000g 2500 00000  
HPD02463900HPCPHI19520100060062000 00003  2100 00002  2200 00006  2300 00004  2400 00005  2500 00020  
HPD02463900HPCPHI19520100070090100 00005  0200 00005  0300 00001  0400 00003  0500 00001  0600 00001  0800 00003  0900 00001  2500 00020  
HPD02463900HPCPHI19520100130051300 00011  1400 00022  1500 00007  1600 00003  2500 00043  
HPD02463900HPCPHI19520100140030300 00001  1100 00001  2500 00002  
HPD02463900HPCPHI19520100170041200 00001  1300 00001  2400 00001  2500 00003  
HPD02463900HPCPHI19520100180150100 00002  0200 00001  0300 00001  0400 00004  0500 00006  0600 00012  0700 00005  0800 00008  0900 00015  1000 00015  1100 00005  1200 00005  1400 00003  1500 00007  2500 00089  
HPD02463900HPCPHI19520100250040700 00002  0900 00001  1000 00001  2500 00004  
HPD02463900HPCPHI19520200010020100 00000g 2500 00000  
HPD02463900HPCPHI19520200290032300 00003  2400 00011  2500 00014  
HPD02463900HPCPHI19520300010160100 00016  0200 00013  0300 00002  0400 00005  0500 00001  0700 00004  0800 00001  0900 00001  1000 00003  1100 00003  1200 00001  1400 00001  1800 00025  1900 00009  2000 00001  2500 00086  
HPD02463900HPCPHI19520300080130700 00007  0800 00005  0900 00005  1000 00003  1300 00011  1400 00004  1500 00005  1600 00005  1700 00004  1800 00002  1900 00002  2000 00001  2500 00054  
HPD02463900HPCPHI19520300090060700 00001  0800 00001  0900 00003  1000 00004  1100 00001  2500 00010  
HPD02463900HPCPHI19520300100071900 00001  2000 00001  2100 00001  2200 00002  2300 00002  2400 00001  2500 00008  
HPD02463900HPCPHI19520300110090100 00008  0200 00001  0800 00001  1000 00002  1100 00012  1200 00025  1300 00014  1400 00013  2500 00076  
HPD02463900HPCPHI19520300160130600 00012  0700 00022  0800 00001  0900 00008  1000 00013  1100 00015  1500 00001  1600 00001  1700 00001  1800 00010  1900 00003  2000 00002  2500 00089  
HPD02463900HPCPHI19520400010020100 00000g 2500 00000  
HPD02463900HPCPHI19520400080050500 00001  0600 00001  0800 00001  0900 00001  2500 00004  
HPD02463900HPCPHI19520400100031900 00001  2000 00001  2500 00002  
HPD02463900HPCPHI19520400190052100 00004  2200 00012  2300 00010  2400 00004  2500 00030  
HPD02463900HPCPHI19520400200100500 00001  0600 00001  0800 00001  0900 00002  1800 00002  1900 00003  2000 00001  2200 00003  2300 00001  2500 00015  
HPD02463900HPCPHI19520400270091300 00002  1400 00001  1900 00003  2000 00008  2100 00001  2200 00007  2300 00004  2400 00008  2500 00034  
HPD02463900HPCPHI19520400280080100 00006  0200 00002  0300 00003  0400 00002  0500 00003  0600 00001  0700 00001  2500 00018  
HPD02463900HPCPHI19520400290041000 00001  1100 00002  1200 00001  2500 00004  
HPD02463900HPCPHI19520500010020100 00000g 2500 00000  
HPD02463900HPCPHI19520600010020100 00000g 2500 00000  
HPD02463900HPCPHI19520600020051900 00001  2000 00006  2100 00002  2200 00011  2500 00020  
HPD02463900HPCPHI19520600030070200 00003  0300 00002  0400 00007  0500 00005  0600 00002  0800 00005  2500 00024  
HPD02463900HPCPHI19520600040021500 00002  2500 00002  
HPD02463900HPCPHI19520700010020100 00000g 2500 00000  
HPD02463900HPCPHI19520700230031700 00013  1800 00001  2500 00014  
HPD02463900HPCPHI19520700240020400 00005  2500 00005  
HPD02463900HPCPHI19520700280022100 00007  2500 00007  
HPD02463900HPCPHI19520800010020100 00000g 2500 00000  
HPD02463900HPCPHI19520800250041400 00042  1600 00001  1700 00001  2500 00044  
HPD02463900HPCPHI19520900010020100 00000g 2500 00000  
HPD02463900HPCPHI19520900200022400 00004  2500 00004  
HPD02463900HPCPHI19520900210040100 00006  0700 00001  0800 00001  2500 00008  
HPD02463900HPCPHI19521000010020100 00000g 2500 00000  
HPD02463900HPCPHI19521100010020100 00000g 2500 00000  
HPD02463900HPCPHI19521100080060500 00006  0600 00010  0700 00004  1400 00002  1800 00003  2500 00025  
HPD02463900HPCPHI19521100140041900 00002  2000 00015  2100 00002  2500 00019  
HPD02463900HPCPHI19521100150061800 00005  1900 00015  2000 00025  2100 00004  2200 00001  2500 00050  
HPD02463900HPCPHI19521100160071100 00002  1300 00002  1600 00002  1700 00009  1800 00002  1900 00003  2500 00020  
HPD02463900HPCPHI19521100230021300 00001  2500 00001  
HPD02463900HPCPHI19521200010020100 00000g 2500 00000  
HPD02463900HPCPHI19521200160051900 00002  2000 00003  2300 00002  2400 00001  2500 00008  
HPD02463900HPCPHI19521200170090200 00001  0400 00005  0500 00001  2000 00001  2100 00001  2200 00001  2300 00001  2400 00001  2500 00012  
HPD02463900HPCPHI19521200180060200 00001  0300 00001  0400 00002  0500 00005  0600 00001  2500 00010  
HPD02463900HPCPHI19521200200091700 00020  1800 00022  1900 00002  2000 00005  2100 00002  2200 00002  2300 00001  2400 00005  2500 00059  
HPD02463900HPCPHI19521200210050100 00005  0200 00007  0300 00005  0400 00003  2500 00020  
HPD02463900HPCPHI19521200310080200 00010  0500 00001  0600 00007  0700 00008  0800 00004  1000 00004  1100 00006  2500 00040  
HPD02463900HPCPHI19530100010020100 00000g 2500 00000  
HPD02463900HPCPHI19530100070030500 00001  0600 00004  2500 00005  
HPD02463900HPCPHI19530100130022100 00003  2500 00003  
HPD02463900HPCPHI19530200010020100 00000g 2500 00000  
HPD02463900HPCPHI19530200240080100 00005  0200 00003  0500 00002  0800 00001  1200 00012  1300 00004  1700 00002  2500 00029  
HPD02463900HPCPHI19530300010020100 00000g 2500 00000  
HPD02463900HPCPHI19530300020070800 00001  0900 00001  1000 00001  1100 00003  1200 00009  1300 00005  2500 00020  
HPD02463900HPCPHI19530300290031300 00004  1400 00005  2500 00009  
HPD02463900HPCPHI19530400010020100 00000g 2500 00000  
HPD02463900HPCPHI19530400220021900 00005  2500 00005  
HPD02463900HPCPHI19530400270061900 00001  2000 00001  2100 00029  2200 00005  2300 00030  2500 00066  
HPD02463900HPCPHI19530500010020100 00000g 2500 00000  
HPD02463900HPCPHI19530600010020100 00000g 2500 00000  
HPD02463900HPCPHI19530600120020800 00012  2500 00012  
HPD02463900HPCPHI19530700010020100 00000g 2500 00000  
HPD02463900HPCPHI19530700110031300 00013  1400 00009  2500 00022  
HPD02463900HPCPHI19530700150020500 00046  2500 00046  
HPD02463900HPCPHI19530700300060400 00002  0500 00003  0600 00008  0700 00010  0800 00002  2500 00025  
HPD02463900HPCPHI19530800010030100 00000g 1700 00002  2500 00002  
HPD02463900HPCPHI19530800080031900 00022  2000 00003  2500 00025  
HPD02463900HPCPHI19530800100021800 00170  2500 00170  
HPD02463900HPCPHI19530800120031400 00026  1600 00001  2500 00027  
HPD02463900HPCPHI19530800130032000 00003  2100 00008  2500 00011  
HPD02463900HPCPHI19530800150031700 00001  1800 00012  2500 00013  
HPD02463900HPCPHI19530800260120100 00014  0200 00001  0300 00010  0700 00050  0800 00048  0900 00001  1600 00001  1700 00002  1800 00018  1900 00039  2000 00013  2500 00197  
HPD02463900HPCPHI19530900010020100 00000g 2500 00000  
HPD02463900HPCPHI19531000010020100 00000g 2500 00000  
HPD02463900HPCPHI19531000220040900 00004  1000 00004  1100 00005  2500 00013  
HPD02463900HPCPHI19531100010020100 00000g 2500 00000  
HPD02463900HPCPHI19531100200051500 00001  1700 00002  1800 00001  1900 00001  2500 00005  
HPD02463900HPCPHI19531200010020100 00000g 2500 00000  
HPD02463900HPCPHI19531200040031500 00001  1600 00001  2500 00002  
HPD02463900HPCPHI19540100010020100 00000g 2500 00000  
HPD02463900HPCPHI19540100120042200 00001  2300 00011  2400 00013  2500 00025  
HPD02463900HPCPHI19540100130060100 00010  0200 00004  0300 00001  1000 00002  1100 00001  2500 00018  
HPD02463900HPCPHI19540100190100700 00005  1300 00005  1400 00005  1500 00003  2000 00002  2100 00002  2200 00003  2300 00012  2400 00013  2500 00050  
HPD02463900HPCPHI19540100200070100 00007  0200 00021  0300 00018  0400 00021  0500 00022  0600 00006  2500 00095  
HPD02463900HPCPHI19540100250030200 99999a 1900 00060A 2500 00060  
HPD02463900HPCPHI19540200010020100 00000g 2500 00000  
HPD02463900HPCPHI19540200130071900 00004  2000 00011  2100 00003  2200 00001  2300 00005  2400 00014  2500 00038  
HPD02463900HPCPHI19540200140150100 00005  0200 00001  0300 00002  0400 00001  0700 00001  0800 00001  1000 00027  1100 00066  1200 00021  1300 00006  1800 00001  1900 00008  2000 00016  2100 00001  2500 00157  
HPD02463900HPCPHI19540200150030100 00001  0800 00006  2500 00007  
HPD02463900HPCPHI19540300010020100 00000g 2500 00000  
HPD02463900HPCPHI19540300170040400 00003  0500 00022  0600 00005  2500 00030  
HPD02463900HPCPHI19540300210021300 99999a 2500 00000I 
HPD02463900HPCPHI19540300220101400 00077A 1500 00003  1600 00015  1700 00020  1800 00009  1900 00001  2000 00005  2200 00005  2400 00002  2500 00137P 
HPD02463900HPCPHI19540300230110100 00003  0500 00020  0600 00009  0700 00001  1000 00016  1100 00022  1200 00010  1300 00010  1600 00012  1700 00003  2500 00106  
HPD02463900HPCPHI19540300250090500 00001  0800 00009  0900 00002  1000 00013  1100 00015  1200 00005  1900 00006  2000 00004  2500 00055  
HPD02463900HPCPHI19540300300021200 00005  2500 00005  
HPD02463900HPCPHI19540400010020100 00000g 2500 00000  
HPD02463900HPCPHI19540400300031800 99999[ 2400 99999] 2500 00000I 
HPD02463900HPCPHI19540500010020100 00000g 2500 00000  
HPD02463900HPCPHI19540500200031800 00001  1900 00001  2500 00002  
HPD02463900HPCPHI19540600010020100 00000g 2500 00000  
HPD02463900HPCPHI19540600250061100 00024  1200 00008  1300 00004  1400 00005  1500 00001  2500 00042  
HPD02463900HPCPHI19540600260031000 00003  1100 00016  2500 00019  
HPD02463900HPCPHI19540700010020100 00000g 2500 00000  
HPD02463900HPCPHI19540700030031700 00001  1800 00024  2500 00025  
HPD02463900HPCPHI19540700040021300 00004  2500 00004  
HPD02463900HPCPHI19540700120022000 00025  2500 00025  
HPD02463900HPCPHI19540700230051800 00044  1900 00005  2000 00002  2100 00003  2500 00054  
HPD02463900HPCPHI19540700240110400 00001  0600 00001  0700 00009  0800 00002  1600 00031  1700 00003  1900 00001  2000 00002  2100 00001  2300 00001  2500 00052  
HPD02463900HPCPHI19540700250022100 00010  2500 00010  
HPD02463900HPCPHI19540800010020100 00000g 2500 00000  
HPD02463900HPCPHI19540800090031600 00003  1700 00005  2500 00008  
HPD02463900HPCPHI19540800310041500 00002  1600 00002  2000 00001  2500 00005  
HPD02463900HPCPHI19540900010020100 00000g 2500 00000  
HPD02463900HPCPHI19540900110041500 00026  1600 00001  1700 00002  2500 00029  
HPD02463900HPCPHI19540900230021700 00002  2500 00002  
HPD02463900HPCPHI19541000010020100 00000g 2500 00000  
HPD02463900HPCPHI19541100010020100 00000g 2500 00000  
HPD02463900HPCPHI19541100110050800 00006  0900 00001  1100 00008  1400 00001  2500 00016  
HPD02463900HPCPHI19541200010020100 00000g 2500 00000  
HPD02463900HPCPHI19541200030032100 00001  2300 00001  2500 00002  
HPD02463900HPCPHI19541200040060300 00002  0400 00006  0500 00008  0600 00001  0800 00001  2500 00018  
HPD02463900HPCPHI19541200100060500 00004  0600 00001  0800 00008  0900 00016  1100 00001  2500 00030  
HPD02463900HPCPHI19550100010020100 00000g 2500 00000  
HPD02463900HPCPHI19550100020081200 00001  1300 00002  1400 00004  1500 00003  1600 00002  2200 00001  2400 00001  2500 00014  
HPD02463900HPCPHI19550100030030200 99999a 1000 00020A 2500 00020  
HPD02463900HPCPHI19550100070100600 00001  0700 00001  0800 00003  1100 00004  1200 00002  1300 00001  1700 00001  2100 00001  2400 00001  2500 00015  
HPD02463900HPCPHI19550100100061600 00002  1700 00003  1800 00001  2300 00001  2400 00002  2500 00009  
HPD02463900HPCPHI19550100110020100 00001  2500 00001  
HPD02463900HPCPHI19550100160030100 99999a 2200 00083A 2500 00083  
HPD02463900HPCPHI19550100190060200 00003  0300 00008  0400 00005  0500 00004  0600 00001  2500 00021  
HPD02463900HPCPHI19550200010020100 00000g 2500 00000  
HPD02463900HPCPHI19550200170031100 00001  1200 00001  2500 00002  
HPD02463900HPCPHI19550300010020100 00000g 2500 00000  
HPD02463900HPCPHI19550400010020100 00000g 2500 00000  
HPD02463900HPCPHI19550400220080800 00005  0900 00025  1000 00013  1100 00010  1200 00001  1500 00011  1600 00004  2500 00069  
HPD02463900HPCPHI19550500010040100 00000g 0700 99999a 0800 00006A 2500 00006  
HPD02463900HPCPHI19550600010020100 00000g 2500 00000  
HPD02463900HPCPHI19550700010020100 00000g 2500 00000  
HPD02463900HPCPHI19550700130021600 00004  2500 00004  
HPD02463900HPCPHI19550700210021900 00010  2500 00010  
HPD02463900HPCPHI19550700230061700 00016  1800 00001  2000 00001  2100 00006  2200 00006  2500 00030  
HPD02463900HPCPHI19550700240041600 00084  1700 00015  1800 00005  2500 00104  
HPD02463900HPCPHI19550700310041600 00004  1800 00001  2000 00001  2500 00006  
HPD02463900HPCPHI19550800010020100 00000g 2500 00000  
HPD02463900HPCPHI19550800020032200 00003  2300 00001  2500 00004  
HPD02463900HPCPHI19550800040030300 00023  0400 00012  2500 00035  
HPD02463900HPCPHI19550800110041700 00063  1800 00002  1900 00002  2500 00067  
HPD02463900HPCPHI19550800120041600 00025  2300 00007  2400 00009  2500 00041  
HPD02463900HPCPHI19550800130020100 00004  2500 00004  
HPD02463900HPCPHI19550800160051500 00017  1600 00007  1700 00013  1800 00001  2500 00038  
HPD02463900HPCPHI19550800170061600 00006  1700 00028  1800 00004  1900 00004  2000 00001  2500 00043  
HPD02463900HPCPHI19550800240031600 00005  1700 00009  2500 00014  
HPD02463900HPCPHI19550900010020100 00000g 2500 00000  
HPD02463900HPCPHI19551000010020100 00000g 2500 00000  
HPD02463900HPCPHI19551100010020100 00000g 2500 00000  
HPD02463900HPCPHI19551100140070600 00010  0700 00005  0800 00009  1100 00001  1200 00009  1300 00002  2500 00036  
HPD02463900HPCPHI19551100210032100 00015  2200 00018  2500 00033  
HPD02463900HPCPHI19551100220020100 00002  2500 00002  
HPD02463900HPCPHI19551200010020100 00000g 2500 00000  
HPD02463900HPCPHI19551200020080100 00003  0200 00004  0900 00008  1000 00002  1100 00004  1200 00005  1300 00001  2500 00027  
HPD02463900HPCPHI19560100010020100 00000g 2500 00000  
HPD02463900HPCPHI19560100160041200 00007  1300 00015  1600 00002  2500 00024  
HPD02463900HPCPHI19560100260080700 00001  0800 00002  0900 00001  1000 00003  1100 00002  2000 00001  2100 00002  2500 00012  
HPD02463900HPCPHI19560100270110400 00001  0500 00002  0700 00002  0800 00002  0900 00001  1300 00023  1400 00016  1500 00005  1600 00002  1700 00003  2500 00057  
HPD02463900HPCPHI19560200010020100 00000g 2500 00000  
HPD02463900HPCPHI19560200160030700 99999[ 1300 99999] 2500 00000I 
HPD02463900HPCPHI19560300010020100 00000g 2500 00000  
HPD02463900HPCPHI19560400010020100 00000g 2500 00000  
HPD02463900HPCPHI19560400130050400 00007  0500 00003  1900 00004  2000 00001  2500 00015  
HPD02463900HPCPHI19560400140030300 00001  0400 00002  2500 00003  
HPD02463900HPCPHI19560500010020100 00000g 2500 00000  
HPD02463900HPCPHI19560600010020100 00000g 2500 00000  
HPD02463900HPCPHI19560700010020100 00000g 2500 00000  
HPD02463900HPCPHI19560700190031600 99999a 2100 00060A 2500 00060  
HPD02463900HPCPHI19560700230031100 00001  1200 00003  2500 00004  
HPD02463900HPCPHI19560700250051600 00011  1700 00200  1800 00006  1900 00001  2500 00218  
HPD02463900HPCPHI19560700300031700 00004  1800 00002  2500 00006  
HPD02463900HPCPHI19560800010020100 00000g 2500 00000  
HPD02463900HPCPHI19560800130021600 00010  2500 00010  
HPD02463900HPCPHI19560900010020100 00000g 2500 00000  
HPD02463900HPCPHI19561000010020100 00000g 2500 00000  
HPD02463900HPCPHI19561000020032300 00001  2400 00001  2500 00002  
HPD02463900HPCPHI19561000030030500 00001  0600 00001  2500 00002  
HPD02463900HPCPHI19561100010020100 00000g 2500 00000  
HPD02463900HPCPHI19561200010020100 00000g 2500 00000  
HPD02463900HPCPHI19570100010020100 00000g 2500 00000  
HPD02463900HPCPHI19570100030031100 00001  1200 00002  2500 00003  
HPD02463900HPCPHI19570100040022400 00003  2500 00003  
HPD02463900HPCPHI19570100050080100 00003  0200 00032  0300 00006  0400 00004  1900 00001  2000 00001  2400 00004  2500 00051  
HPD02463900HPCPHI19570100070161000 00001  1100 00002  1200 00003  1300 00001  1400 00001  1500 00007  1600 00009  1700 00001  1800 00001  1900 00001  2000 00005  2100 00005  2200 00005  2300 00008  2400 00002  2500 00052  
HPD02463900HPCPHI19570100080040100 00003  0200 00002  0300 00003  2500 00008  
HPD02463900HPCPHI19570100090020300 00003  2500 00003  
HPD02463900HPCPHI19570100100050600 00002  0700 00002  0800 00001  0900 00001  2500 00006  
HPD02463900HPCPHI19570100130030500 00001  0600 00002  2500 00003  
HPD02463900HPCPHI19570100260030200 00004  0300 00003  2500 00007  
HPD02463900HPCPHI19570100280040100 00002  2100 99999a 2400 00004A 2500 00006  
HPD02463900HPCPHI19570100290021800 99999a 2500 00000I 
HPD02463900HPCPHI19570100300021200 00040A 2500 00040P 
HPD02463900HPCPHI19570200010020100 00000g 2500 00000  
HPD02463900HPCPHI19570200170031700 00002  1800 00001  2500 00003  
HPD02463900HPCPHI19570200180061400 00001  1700 00003  1800 00011  1900 00008  2000 00001  2500 00024  
HPD02463900HPCPHI19570200230080800 00004  0900 00010  1000 00004  1800 00001  1900 00001  2000 00001  2100 00002  2500 00023  
HPD02463900HPCPHI19570200280062000 00004  2100 00004  2200 00028  2300 00007  2400 00001  2500 00044  
HPD02463900HPCPHI19570300010040100 00000g 1600 00016  1700 00001  2500 00017  
HPD02463900HPCPHI19570300160031500 00005  1600 00001  2500 00006  
HPD02463900HPCPHI19570300200031300 00001  1400 00001  2500 00002  
HPD02463900HPCPHI19570400010020100 00000g 2500 00000  
HPD02463900HPCPHI19570400220031000 99999a 1300 00051A 2500 00051  
HPD02463900HPCPHI19570500010020100 00000g 2500 00000  
HPD02463900HPCPHI19570500110080300 00004  0400 00001  1300 00001  1700 00001  1800 00002  2300 00002  2400 00003  2500 00014  
HPD02463900HPCPHI19570500140032200 00005  2300 00005  2500 00010  
HPD02463900HPCPHI19570500150050300 00002  0400 00003  0800 00001  0900 00001  2500 00007  
HPD02463900HPCPHI19570500210031700 00003  1800 00001  2500 00004  
HPD02463900HPCPHI19570600010020100 00000g 2500 00000  
HPD02463900HPCPHI19570600090022400 00001  2500 00001  
HPD02463900HPCPHI19570600100050100 00001  0200 00003  0300 00005  0400 00001  2500 00010  
HPD02463900HPCPHI19570700010020100 00000g 2500 00000  
HPD02463900HPCPHI19570700090081500 00002  1600 00033  1700 00003  1800 00002  1900 00007  2000 00001  2100 00001  2500 00049  
HPD02463900HPCPHI19570700170031500 00012  1600 00001  2500 00013  
HPD02463900HPCPHI19570700260022200 00015  2500 00015  
HPD02463900HPCPHI19570800010020100 00000g 2500 00000  
HPD02463900HPCPHI19570800100022100 00006  2500 00006  
HPD02463900HPCPHI19570800130031600 00004  1700 00009  2500 00013  
HPD02463900HPCPHI19570800160021600 00004  2500 00004  
HPD02463900HPCPHI19570800170031700 00042  1800 00002  2500 00044  
HPD02463900HPCPHI19570800180051900 00019  2000 00005  2300 00004  2400 00011  2500 00039  
HPD02463900HPCPHI19570800190040100 00007  0200 00010  0300 00001  2500 00018  
HPD02463900HPCPHI19570800200060700 00031  0800 00032  0900 00010  1000 00005  1100 00002  2500 00080  
HPD02463900HPCPHI19570800210021500 00004  2500 00004  
HPD02463900HPCPHI19570800290031200 00005  1300 00003  2500 00008  
HPD02463900HPCPHI19570900010020100 00000g 2500 00000  
HPD02463900HPCPHI19571000010020100 00000g 2500 00000  
HPD02463900HPCPHI19571000110031600 99999a 2400 00027A 2500 00027  
HPD02463900HPCPHI19571000130031800 00002  1900 00002  2500 00004  
HPD02463900HPCPHI19571000200050300 00012  0400 00027  0500 00010  0600 00019  2500 00068  
HPD02463900HPCPHI19571000280080700 00002  0800 00008  0900 00002  1000 00008  1100 00005  1200 00005  1300 00002  2500 00032  
HPD02463900HPCPHI19571000300022400 00010  2500 00010  
HPD02463900HPCPHI19571000310180100 00005  0200 00002  0300 00003  0500 00018  0600 00002  0700 00010  0800 00015  0900 00016  1000 00006  1100 00007  1200 00009  1300 00004  1400 00013  1500 00015  1600 00010  1700 00004  1800 00001  2500 00140  
HPD02463900HPCPHI19571100010020100 00000g 2500 00000  
HPD02463900HPCPHI19571100030030600 99999a 1100 00027A 2500 00027  
HPD02463900HPCPHI19571100050021700 99999a 2500 00000I 
HPD02463900HPCPHI19571100060020700 00025A 2500 00025P 
HPD02463900HPCPHI19571100150032100 99999a 2400 00004A 2500 00004  
HPD02463900HPCPHI19571200010020100 00000g 2500 00000  
HPD02463900HPCPHI19571200050100200 00002  0300 00002  0400 00001  0900 00002  1000 00001  1100 00001  1200 00001  1700 00004  1800 00001  2500 00015  
HPD02463900HPCPHI19571200150130800 00002  0900 00003  1000 00009  1100 00005  1200 00001  1300 00013  1400 00006  1500 00001  1800 00003  1900 00002  2000 00001  2100 00002  2500 00048  
HPD02463900HPCPHI19571200170040800 00001  0900 00010  1000 00001  2500 00012  
HPD02463900HPCPHI19580100010020100 00000g 2500 00000  
HPD02463900HPCPHI19580100260071200 00002  1300 00013  1400 00042  1500 00003  2200 00014  2300 00011  2500 00085  
HPD02463900HPCPHI19580100270040100 00001  0300 00001  0400 00001  2500 00003  
HPD02463900HPCPHI19580200010020100 00000g 2500 00000  
HPD02463900HPCPHI19580200030101200 00001  1300 00004  1400 00001  1500 00001  1800 00001  1900 00016  2000 00006  2100 00007  2400 00003  2500 00040  
HPD02463900HPCPHI19580200040180100 00012  0200 00010  0500 00001  0600 00004  0900 00004  1000 00006  1100 00010  1200 00005  1300 00005  1400 00005  1500 00010  1600 00001  1700 00002  1800 00001  2000 00001  2200 00015  2300 00014  2500 00106  
HPD02463900HPCPHI19580200080022400 00003  2500 00003  
HPD02463900HPCPHI19580200090020100 00005  2500 00005  
HPD02463900HPCPHI19580200250031300 00003  1400 00029  2500 00032  
HPD02463900HPCPHI19580300010020100 00000g 2500 00000  
HPD02463900HPCPHI19580300060051900 00018  2000 00002  2200 00005  2400 00012  2500 00037  
HPD02463900HPCPHI19580300070040800 00008  0900 00010  1000 00005  2500 00023  
HPD02463900HPCPHI19580300080022400 00003  2500 00003  
HPD02463900HPCPHI19580300110071400 00001  1600 00001  1700 00003  1800 00010  1900 00003  2000 00002  2500 00020  
HPD02463900HPCPHI19580300120071800 00001  2000 00001  2100 00001  2200 00002  2300 00010  2400 00005  2500 00020  
HPD02463900HPCPHI19580300130050100 00001  0200 00001  0300 00001  0400 00002  2500 00005  
HPD02463900HPCPHI19580300150071200 00003  1300 00002  1400 00006  1500 00005  1600 00002  1700 00005  2500 00023  
HPD02463900HPCPHI19580300160100100 00002  0200 00001  0400 00001  0500 00001  1200 00007  1900 00010  2000 00007  2100 00023  2200 00002  2500 00054  
HPD02463900HPCPHI19580300210022400 00001  2500 00001  
HPD02463900HPCPHI19580300220070100 00008  0200 00001  0400 00001  0500 00031  0600 00004  0800 00002  2500 00047  
HPD02463900HPCPHI19580300270081700 00005  1800 00008  1900 00032  2000 00028  2100 00009  2200 00001  2300 00002  2500 00085  
HPD02463900HPCPHI19580400010070100 00000g 2000 00016  2100 00023  2200 00031  2300 00010  2400 00017  2500 00097  
HPD02463900HPCPHI19580400020020100 00008  2500 00008  
HPD02463900HPCPHI19580400030051500 00010  1600 00019  1700 00005  2100 00001  2500 00035  
HPD02463900HPCPHI19580400040051500 00005  1600 00001  1800 00001  1900 00001  2500 00008  
HPD02463900HPCPHI19580400070120600 00005  0700 00002  0800 00001  0900 00001  1000 00006  1200 00014  1300 00006  1400 00001  1600 00002  1700 00001  2000 00001  2500 00040  
HPD02463900HPCPHI19580500010020100 00000g 2500 00000  
HPD02463900HPCPHI19580500100041800 00002  1900 00003  2400 00005  2500 00010  
HPD02463900HPCPHI19580500110080500 00001  0600 00004  0700 00006  0800 00004  0900 00032  1000 00023  1100 00010  2500 00080  
HPD02463900HPCPHI19580600010020100 00000g 2500 00000  
HPD02463900HPCPHI19580600210031800 00008  1900 00001  2500 00009  
HPD02463900HPCPHI19580700010020100 00000g 2500 00000  
HPD02463900HPCPHI19580700230030800 00002  0900 00001  2500 00003  
HPD02463900HPCPHI19580700280042000 00001  2100 00002  2200 00001  2500 00004  
HPD02463900HPCPHI19580700290042000 00016  2100 00013  2200 00005  2500 00034  
HPD02463900HPCPHI19580800010020100 00000g 2500 00000  
HPD02463900HPCPHI19580800050031200 00003  1300 00002  2500 00005  
HPD02463900HPCPHI19580800060031600 00012  1700 00002  2500 00014  
HPD02463900HPCPHI19580800070050300 00002  0400 00001  1400 00001  1500 00001  2500 00005  
HPD02463900HPCPHI19580800120022300 00042  2500 00042  
HPD02463900HPCPHI19580800130022400 00003  2500 00003  
HPD02463900HPCPHI19580800140030100 00002  0200 00008  2500 00010  
HPD02463900HPCPHI19580800150030300 00002  0400 00001  2500 00003  
HPD02463900HPCPHI19580800210020300 00003  2500 00003  
HPD02463900HPCPHI19580800270041800 00010  1900 00001  2000 00012  2500 00023  
HPD02463900HPCPHI19580900010020100 00000g 2500 00000  
HPD02463900HPCPHI19580900070032200 00005  2400 00001  2500 00006  
HPD02463900HPCPHI19580900080060600 00007  0700 00003  0800 00023  0900 00002  1100 00005  2500 00040  
HPD02463900HPCPHI19580900120080200 00001  0300 00002  0400 00010  0500 00035  0600 00003  0700 00002  0800 00008  2500 00061  
HPD02463900HPCPHI19580900240040200 00012  0300 00007  0400 00002  2500 00021  
HPD02463900HPCPHI19580900270051700 00001  1800 00002  2000 00001  2100 00019  2500 00023  
HPD02463900HPCPHI19580900280031000 00018  1100 00002  2500 00020  
HPD02463900HPCPHI19581000010020100 00000g 2500 00000  
HPD02463900HPCPHI19581000240051500 00005  1600 00015  2100 00005  2200 00010  2500 00035  
HPD02463900HPCPHI19581000250030700 00018  0800 00007  2500 00025  
HPD02463900HPCPHI19581100010020100 00000g 2500 00000  
HPD02463900HPCPHI19581100110091000 00008  1100 00001  1200 00015  1300 00025  1400 00025  1500 00015  1600 00005  1800 00005  2500 00099  
HPD02463900HPCPHI19581100150042000 00002  2100 00001  2200 00002  2500 00005  
HPD02463900HPCPHI19581200010020100 00000g 2500 00000  
HPD02463900HPCPHI19590100010020100 00000g 2500 00000  
HPD02463900HPCPHI19590100060030900 99999a 1700 00051A 2500 00051  
HPD02463900HPCPHI19590200010020100 00000g 2500 00000  
HPD02463900HPCPHI19590200080021600 99999a 2500 00000I 
HPD02463900HPCPHI19590200090020300 00050A 2500 00050P 
HPD02463900HPCPHI19590200110022100 99999a 2500 00000I 
HPD02463900HPCPHI19590200120021700 00082A 2500 00082P 
HPD02463900HPCPHI19590200160040200 00001  0300 00001  0700 00007  2500 00009  
HPD02463900HPCPHI19590200210091600 00003  1700 00019  1800 00020  1900 00007  2000 00005  2200 00007  2300 00006  2400 00002  2500 00069  
HPD02463900HPCPHI19590300010020100 00000g 2500 00000  
HPD02463900HPCPHI19590400010020100 00000g 2500 00000  
HPD02463900HPCPHI19590500010020100 00000g 2500 00000  
HPD02463900HPCPHI19590600010020100 00000g 2500 00000  
HPD02463900HPCPHI19590600180031300 00005  1500 00012  2500 00017  
HPD02463900HPCPHI19590600220031700 00003  2000 00002  2500 00005  
HPD02463900HPCPHI19590700010030100 00000g 1700 00004  2500 00004  
HPD02463900HPCPHI19590700180032300 00020  2400 00002  2500 00022  
HPD02463900HPCPHI19590700210020200 00017  2500 00017  
HPD02463900HPCPHI19590700260051300 00001  1400 00002  2300 00003  2400 00012  2500 00018  
HPD02463900HPCPHI19590700290022000 00004  2500 00004  
HPD02463900HPCPHI19590800010050100 00000g 1600 00032  1700 00008  1800 00010  2500 00050  
HPD02463900HPCPHI19590800080021500 00042  2500 00042  
HPD02463900HPCPHI19590800110051100 00028  1200 00010  1300 00002  1400 00005  2500 00045  
HPD02463900HPCPHI19590800150020300 00004  2500 00004  
HPD02463900HPCPHI19590800170062000 00017  2100 00013  2200 00002  2300 00013  2400 00007  2500 00052  
HPD02463900HPCPHI19590800180050100 00010  0200 00025  0300 00008  0400 00002  2500 00045  
HPD02463900HPCPHI19590800190031500 99999a 1700 00038A 2500 00038  
HPD02463900HPCPHI19590900010020100 00000g 2500 00000  
HPD02463900HPCPHI19590900100042100 00035  2300 00001  2400 00004  2500 00040  
HPD02463900HPCPHI19590900110040400 00001  0500 00009  0600 00005  2500 00015  
HPD02463900HPCPHI19590900120051700 00048  1800 00032  1900 00001  2000 00001  2500 00082  
HPD02463900HPCPHI19590900130080100 00001  0200 00002  0300 00001  0500 00001  0600 00001  1400 00015  1500 00011  2500 00032  
HPD02463900HPCPHI19591000010040100 00000g 0600 99999a 1000 00051A 2500 00051  
HPD02463900HPCPHI19591000290022300 99999a 2500 00000I 
HPD02463900HPCPHI19591000300021800 00110A 2500 00110P 
HPD02463900HPCPHI19591100010030100 00000g 2200 99999a 2500 00000I 
HPD02463900HPCPHI19591100020021600 00048A 2500 00048P 
HPD02463900HPCPHI19591200010020100 00000g 2500 00000  
HPD02463900HPCPHI19591200090021600 99999a 2500 00000I 
HPD02463900HPCPHI19591200100020300 00018A 2500 00018P 
HPD02463900HPCPHI19591200200032300 00002  2400 00003  2500 00005  
HPD02463900HPCPHI19591200210140100 00002  0200 00003  0300 00002  0400 00003  0500 00001  0600 00004  0700 00005  0800 00007  0900 00007  1000 00006  1100 00006  1200 00003  1300 00001  2500 00050  
HPD02463900HPCPHI19591200240062000 00002  2100 00008  2200 00017  2300 00033  2400 00008  2500 00068  
HPD02463900HPCPHI19591200250040100 00002  1500 00001  1600 00004  2500 00007  
HPD02463900HPCPHI19591200310050500 99999a 0800 00030A 1300 99999[ 2400 99999] 2500 00030I 
HPD02463900HPCPHI19600100010020100 00000g 2500 00000  
HPD02463900HPCPHI19600100110070300 00002  0400 00001  0700 00001  0800 00001  1700 00004  1800 00001  2500 00010  
HPD02463900HPCPHI19600100140022100 99999a 2500 00000I 
HPD02463900HPCPHI19600100150021100 00118A 2500 00118P 
HPD02463900HPCPHI19600200010050100 00000g 2200 00001  2300 00003  2400 00003  2500 00007  
HPD02463900HPCPHI19600200020030100 00002  0400 00001  2500 00003  
HPD02463900HPCPHI19600200100071200 00002  1300 00004  1400 00004  1500 00004  1600 00001  1700 00003  2500 00018  
HPD02463900HPCPHI19600200190050900 00002  1000 00003  1100 00002  1200 00001  2500 00008  
HPD02463900HPCPHI19600200280032300 00001  2400 00006  2500 00007  
HPD02463900HPCPHI19600200290180100 00003  0200 00003  0300 00003  0400 00004  0500 00009  0600 00007  0700 00006  0800 00001  0900 00002  1000 00001  1100 00002  1200 00001  1300 00001  1500 00001  1600 00004  1700 00004  1800 00001  2500 00053  
HPD02463900HPCPHI19600300010100100 00000g 0200 00007  0300 00003  0400 00002  0500 00001  0600 00001  0700 00001  0800 00001  0900 00001  2500 00017  
HPD02463900HPCPHI19600300240041700 00001  1800 00004  1900 00005  2500 00010  
HPD02463900HPCPHI19600400010020100 00000g 2500 00000  
HPD02463900HPCPHI19600400270101000 00001  1100 00002  1200 00002  1600 00002  1700 00001  1800 00002  1900 00008  2000 00002  2100 00001  2500 00021  
HPD02463900HPCPHI19600500010020100 00000g 2500 00000  
HPD02463900HPCPHI19600500040041800 00024  1900 00004  2000 00003  2500 00031  
HPD02463900HPCPHI19600600010020100 00000g 2500 00000  
HPD02463900HPCPHI19600700010020100 00000g 2500 00000  
HPD02463900HPCPHI19600700170061400 00001  1500 00001  1600 00002  2100 00001  2200 00002  2500 00007  
HPD02463900HPCPHI19600700200031600 00010  1700 00009  2500 00019  
HPD02463900HPCPHI19600700230031400 99999a 1700 00014A 2500 00014  
HPD02463900HPCPHI19600700270031500 00001  1600 00001  2500 00002  
HPD02463900HPCPHI19600800010020100 00000g 2500 00000  
HPD02463900HPCPHI19600800110021800 00005  2500 00005  
HPD02463900HPCPHI19600800220040500 00001  0700 00001  0800 00001  2500 00003  
HPD02463900HPCPHI19600800310032300 00005  2400 00007  2500 00012  
HPD02463900HPCPHI19600900010110100 00006  0200 00004  0300 00001  0900 00001  1000 00001  1200 00075  1300 00018  1400 00005  1500 00001  1600 00001  2500 00113  
HPD02463900HPCPHI19600900050080700 00001  0800 00004  0900 00001  1000 00005  1100 00002  1200 00001  1600 00003  2500 00017  
HPD02463900HPCPHI19600900090051700 00010  1800 00003  1900 00001  2000 00001  2500 00015  
HPD02463900HPCPHI19600900110031700 00021  1800 00005  2500 00026  
HPD02463900HPCPHI19601000010020100 00000g 2500 00000  
HPD02463900HPCPHI19601000090021900 99999a 2500 00000I 
HPD02463900HPCPHI19601000100021500 00038A 2500 00038P 
HPD02463900HPCPHI19601000160031400 99999a 1700 00015A 2500 00015  
HPD02463900HPCPHI19601100010020100 00000g 2500 00000  
HPD02463900HPCPHI19601100050080600 00004  0700 00015  0800 00005  1000 00005  1100 00008  1200 00007  1500 00010  2500 00054  
HPD02463900HPCPHI19601100060050900 00001  1000 00027  1100 00007  1200 00005  2500 00040  
HPD02463900HPCPHI19601100260022400 00015  2500 00015  
HPD02463900HPCPHI19601100270020100 00005  2500 00005  
HPD02463900HPCPHI19601200010020100 00000g 2500 00000  
HPD02463900HPCPHI19601200070031600 00001  1700 00001  2500 00002  
HPD02463900HPCPHI19601200080040100 00001  0200 00001  0300 00001  2500 00003  
HPD02463900HPCPHI19610100010020100 00000g 2500 00000  
HPD02463900HPCPHI19610100260020800 99999a 2500 00000I 
HPD02463900HPCPHI19610100270020900 00135A 2500 00135P 
HPD02463900HPCPHI19610200010020100 00000g 2500 00000  
HPD02463900HPCPHI19610300010020100 00000g 2500 00000  
HPD02463900HPCPHI19610300030030900 00003  1000 00007  2500 00010  
HPD02463900HPCPHI19610300150031700 00005  1800 00005  2500 00010  
HPD02463900HPCPHI19610300250070900 00001  1000 00014  1100 00005  1200 00004  1300 00001  1400 00005  2500 00030  
HPD02463900HPCPHI19610300280030500 99999[ 1000 99999] 2500 00000I 
HPD02463900HPCPHI19610300290030100 99999[ 1300 99999] 2500 00000I 
HPD02463900HPCPHI19610400010020100 00000g 2500 00000  
HPD02463900HPCPHI19610400070081100 00006  1200 00020  1300 00001  1500 00004  1600 00001  1800 00001  1900 00001  2500 00034  
HPD02463900HPCPHI19610500010020100 00000g 2500 00000  
HPD02463900HPCPHI19610600010020100 00000g 2500 00000  
HPD02463900HPCPHI19610700010020100 00000g 2500 00000  
HPD02463900HPCPHI19610700020032300 00004  2400 00001  2500 00005  
HPD02463900HPCPHI19610700030041500 00014  1600 00003  1700 00008  2500 00025  
HPD02463900HPCPHI19610700270022000 00011  2500 00011  
HPD02463900HPCPHI19610800010040100 00000g 1800 00027  1900 00005  2500 00032  
HPD02463900HPCPHI19610800030032100 00003  2200 00002  2500 00005  
HPD02463900HPCPHI19610800090031400 00002  1500 00001  2500 00003  
HPD02463900HPCPHI19610800100031600 00002  1900 00010  2500 00012  
HPD02463900HPCPHI19610800110041500 00048  1600 00002  1700 00005  2500 00055  
HPD02463900HPCPHI19610800140042200 00068  2300 00012  2400 00003  2500 00083  
HPD02463900HPCPHI19610800150030100 00007  0800 00010  2500 00017  
HPD02463900HPCPHI19610800180021600 00002  2500 00002  
HPD02463900HPCPHI19610800190041600 00001  1700 00006  1800 00003  2500 00010  
HPD02463900HPCPHI19610800210032000 00001  2100 00001  2500 00002  
HPD02463900HPCPHI19610800230031900 99999a 2100 00007A 2500 00007  
HPD02463900HPCPHI19610800300030400 00068  0500 00002  2500 00070  
HPD02463900HPCPHI19610900010020100 00000g 2500 00000  
HPD02463900HPCPHI19610900150021400 00005  2500 00005  
HPD02463900HPCPHI19610900160032300 00010  2400 00007  2500 00017  
HPD02463900HPCPHI19610900170030100 00003  1100 00003  2500 00006  
HPD02463900HPCPHI19611000010020100 00000g 2500 00000  
HPD02463900HPCPHI19611000300052100 00011  2200 00024  2300 00005  2400 00006  2500 00046  
HPD02463900HPCPHI19611000310080100 00001  0200 00003  0300 00001  0400 00006  0500 00002  0600 00003  0700 00003  2500 00019  
HPD02463900HPCPHI19611100010020100 00000g 2500 00000  
HPD02463900HPCPHI19611100200042200 00009  2300 00003  2400 00002  2500 00014  
HPD02463900HPCPHI19611200010020100 00000g 2500 00000  
HPD02463900HPCPHI19611200020061600 00002  1700 00004  1800 00014  1900 00007  2000 00001  2500 00028  
HPD02463900HPCPHI19611200100021800 99999[ 2500 00000I 
HPD02463900HPCPHI19611200110020600 99999] 2500 00000I 
HPD02463900HPCPHI19611200140022200 99999[ 2500 00000I 
HPD02463900HPCPHI19611200150021800 99999] 2500 00000I 
HPD02463900HPCPHI19620100010020100 00000g 2500 00000  
HPD02463900HPCPHI19620100130030800 99999a 2300 00009A 2500 00009  
HPD02463900HPCPHI19620100200062000 00008  2100 00020  2200 00017  2300 00012  2400 00023  2500 00080  
HPD02463900HPCPHI19620100210070100 00005  0200 00017  0300 00006  1500 00005  1600 00006  1700 00002  2500 00041  
HPD02463900HPCPHI19620100240032300 00002  2400 00002  2500 00004  
HPD02463900HPCPHI19620200010020100 00000g 2500 00000  
HPD02463900HPCPHI19620200080031000 99999a 1500 00052A 2500 00052  
HPD02463900HPCPHI19620200110021600 00002  2500 00002  
HPD02463900HPCPHI19620200120100300 00002  0400 00038  0500 00031  0600 00011  0700 00011  0800 00009  0900 00013  1000 00004  1100 00001  2500 00120  
HPD02463900HPCPHI19620200190061700 00016  1800 00025  1900 00005  2300 00002  2400 00001  2500 00049  
HPD02463900HPCPHI19620200200081700 00001  1800 00001  1900 00004  2000 00007  2100 00005  2200 00001  2300 00001  2500 00020  
HPD02463900HPCPHI19620200210100500 00001  0600 00002  0700 00005  0800 00004  0900 00004  1300 00002  1400 00004  1500 00006  1600 00002  2500 00030  
HPD02463900HPCPHI19620200250040200 00002  0300 00003  0400 00001  2500 00006  
HPD02463900HPCPHI19620200270030300 99999a 1200 00011A 2500 00011  
HPD02463900HPCPHI19620300010020100 00000g 2500 00000  
HPD02463900HPCPHI19620300060031300 99999[ 2400 99999] 2500 00000I 
HPD02463900HPCPHI19620300090031300 99999[ 2400 99999] 2500 00000I 
HPD02463900HPCPHI19620300190041800 00001  1900 00001  2000 00001  2500 00003  
HPD02463900HPCPHI19620300220022400 00001  2500 00001  
HPD02463900HPCPHI19620300230030100 00002  0200 00003  2500 00005  
HPD02463900HPCPHI19620400010020100 00000g 2500 00000  
HPD02463900HPCPHI19620500010040100 00000g 1300 99999[ 2400 99999] 2500 00000I 
HPD02463900HPCPHI19620600010030100 00000g 1700 00003  2500 00003  
HPD02463900HPCPHI19620600280032300 00005  2400 00001  2500 00006  
HPD02463900HPCPHI19620700010020100 00000g 2500 00000  
HPD02463900HPCPHI19620700270040100 99999[ 1300 99999] 1700 00004  2500 00004I 
HPD02463900HPCPHI19620800010020100 00000g 2500 00000  
HPD02463900HPCPHI19620800170052000 00002  2100 00110  2200 00001  2300 00002  2500 00115  
HPD02463900HPCPHI19620800190030200 00003  1800 00001  2500 00004  
HPD02463900HPCPHI19620900010020100 00000g 2500 00000  
HPD02463900HPCPHI19620900060030400 99999a 0800 00021A 2500 00021  
HPD02463900HPCPHI19620900220031400 99999[ 1900 99999] 2500 00000I 
HPD02463900HPCPHI19620900250032200 00055  2300 00040  2500 00095  
HPD02463900HPCPHI19620900270070100 00015  0200 00002  0300 00001  2000 00002  2100 00013  2300 00005  2500 00038  
HPD02463900HPCPHI19620900280020900 00003  2500 00003  
HPD02463900HPCPHI19621000010020100 00000g 2500 00000  
HPD02463900HPCPHI19621000180090200 00001  0300 00001  0500 00001  0600 00002  0700 00001  0800 00001  0900 00021  1000 00009  2500 00037  
HPD02463900HPCPHI19621000190030200 00001  0300 00001  2500 00002  
HPD02463900HPCPHI19621100010020100 00000g 2500 00000  
HPD02463900HPCPHI19621100250030800 99999a 1100 00005A 2500 00005  
HPD02463900HPCPHI19621200010020100 00000g 2500 00000  
HPD02463900HPCPHI19621200170040700 00003  0800 00002  0900 00001  2500 00006  
HPD02463900HPCPHI19621200180150100 00004  0200 00001  0300 00004  0400 00004  0500 00001  0800 00001  0900 00001  1000 00008  1100 00018  1200 00012  1300 00006  1400 00005  1500 00003  1600 00002  2500 00070  
HPD02463900HPCPHI19630100010020100 00000g 2500 00000  
HPD02463900HPCPHI19630100030100300 00003  0400 00002  0500 00003  0600 00002  0700 00003  0800 00001  0900 00001  1700 00002  1800 00003  2500 00020  
HPD02463900HPCPHI19630200010020100 00000g 2500 00000  
HPD02463900HPCPHI19630200090042200 00001  2300 00002  2400 00015  2500 00018  
HPD02463900HPCPHI19630200100190100 00032  0200 00023  0300 00006  0400 00001  0500 00008  0600 00007  0700 00007  0800 00003  1200 00002  1500 00007  1600 00010  1700 00008  1800 00004  1900 00004  2000 00007  2100 00004  2200 00002  2300 00003  2500 00138  
HPD02463900HPCPHI19630200110080400 00001  0500 00001  0700 00002  0800 00005  0900 00001  1100 00001  1200 00002  2500 00013  
HPD02463900HPCPHI19630300010020100 00000g 2500 00000  
HPD02463900HPCPHI19630300100032300 00002  2400 00003  2500 00005  
HPD02463900HPCPHI19630300170020600 99999a 2500 00000I 
HPD02463900HPCPHI19630300180020500 00113A 2500 00113P 
HPD02463900HPCPHI19630400010020100 00000g 2500 00000  
HPD02463900HPCPHI19630400170051100 00002  1200 00007  1300 00009  1400 00004  2500 00022  
HPD02463900HPCPHI19630400210040700 00001  0800 00010  0900 00002  2500 00013  
HPD02463900HPCPHI19630400260080500 00002  0600 00024  0700 00002  1000 00003  1100 00001  1600 00001  1700 00002  2500 00035  
HPD02463900HPCPHI19630500010020100 00000g 2500 00000  
HPD02463900HPCPHI19630600010020100 00000g 2500 00000  
HPD02463900HPCPHI19630700010020100 00000g 2500 00000  
HPD02463900HPCPHI19630700100030900 00002  1000 00001  2500 00003  
HPD02463900HPCPHI19630800010020100 00000g 2500 00000  
HPD02463900HPCPHI19630800050051700 00001  1800 00004  1900 00004  2000 00001  2500 00010  
HPD02463900HPCPHI19630800060032100 00003  2200 00001  2500 00004  
HPD02463900HPCPHI19630800140042100 00013  2200 00002  2300 00002  2500 00017  
HPD02463900HPCPHI19630800290021200 00034  2500 00034  
HPD02463900HPCPHI19630800300041600 00002  1700 00002  1800 00001  2500 00005  
HPD02463900HPCPHI19630900010020100 00000g 2500 00000  
HPD02463900HPCPHI19630900130070800 00003  0900 00002  1000 00007  1100 00001  2300 00012  2400 00001  2500 00026  
HPD02463900HPCPHI19630900170080700 00002  0800 00007  0900 00002  1000 00004  2200 00007  2300 00020  2400 00022  2500 00064  
HPD02463900HPCPHI19630900180130100 00045  0200 00015  0300 00008  0400 00003  0500 00003  0600 00001  0700 00006  0800 00002  0900 00002  1000 00001  2100 00012  2200 00002  2500 00100  
HPD02463900HPCPHI19631000010020100 00000g 2500 00000  
HPD02463900HPCPHI19631000040032000 00007  2100 00006  2500 00013  
HPD02463900HPCPHI19631000170051700 00001  1800 00009  2100 00002  2200 00004  2500 00016  
HPD02463900HPCPHI19631000180130200 00001  0300 00001  0400 00001  0800 00003  0900 00006  1000 00002  1100 00008  1200 00002  1300 00009  2000 00001  2100 00001  2200 00001  2500 00036  
HPD02463900HPCPHI19631000190040100 00003  0200 00003  0300 00002  2500 00008  
HPD02463900HPCPHI19631000230032100 00019  2200 00001  2500 00020  
HPD02463900HPCPHI19631100010020100 00000g 2500 00000  
HPD02463900HPCPHI19631100020030600 00002  0700 00003  2500 00005  
HPD02463900HPCPHI19631100060042000 00004  2100 00002  2200 00006  2500 00012  
HPD02463900HPCPHI19631100070060100 00001  0200 00057  0300 00004  0400 00007  0500 00002  2500 00071  
HPD02463900HPCPHI19631100200081800 00001  1900 00015  2000 00004  2100 00003  2200 00003  2300 00003  2400 00001  2500 00030  
HPD02463900HPCPHI19631100210050100 00011  0200 00005  0700 00002  0800 00003  2500 00021  
HPD02463900HPCPHI19631200010020100 00000g 2500 00000  
HPD02463900HPCPHI19640100010020100 00000g 2500 00000  
HPD02463900HPCPHI19640100210031600 99999[ 2100 99999] 2500 00000I 
HPD02463900HPCPHI19640100220031100 99999[ 1900 99999] 2500 00000I 
HPD02463900HPCPHI19640200010020100 00000g 2500 00000  
HPD02463900HPCPHI19640300010020100 00000g 2500 00000  
HPD02463900HPCPHI19640300020110900 00001  1000 00001  1100 00008  1300 00015  1400 00005  1500 00001  1600 00001  1700 00001  1800 00001  1900 00003  2500 00037  
HPD02463900HPCPHI19640300080030300 99999[ 0900 99999] 2500 00000I 
HPD02463900HPCPHI19640300230100200 99999a 0800 00017A 1000 00001  1100 00001  1200 00007  1300 00008  1400 00019  1500 00006  1600 00001  2500 00060  
HPD02463900HPCPHI19640300240030100 99999a 1200 00057A 2500 00057  
HPD02463900HPCPHI19640400010090100 00000g 1500 00002  1600 00001  1700 00002  2000 00001  2100 00002  2200 00021  2300 00001  2500 00030  
HPD02463900HPCPHI19640400030031500 00007  1600 00004  2500 00011  
HPD02463900HPCPHI19640400280031500 00002  1600 00001  2500 00003  
HPD02463900HPCPHI19640400290030200 00001  0300 00002  2500 00003  
HPD02463900HPCPHI19640500010020100 00000g 2500 00000  
HPD02463900HPCPHI19640500060032300 00004  2400 00003  2500 00007  
HPD02463900HPCPHI19640500070090100 00004  0200 00003  0300 00002  0400 00002  0600 00001  0700 00001  0800 00003  0900 00003  2500 00019  
HPD02463900HPCPHI19640500250081000 00006  1100 00008  1200 00010  1300 00014  1400 00003  1500 00002  1700 00001  2500 00044  
HPD02463900HPCPHI19640600010020100 00000g 2500 00000  
HPD02463900HPCPHI19640600260032200 00027  2300 00001  2500 00028  
HPD02463900HPCPHI19640600270060100 00001  0200 00002  0300 00001  1800 00030  1900 00002  2500 00036  
HPD02463900HPCPHI19640700010020100 00000g 2500 00000  
HPD02463900HPCPHI19640700090031700 00010  1800 00001  2500 00011  
HPD02463900HPCPHI19640700250031800 00014  1900 00001  2500 00015  
HPD02463900HPCPHI19640700260040700 00005  0900 00010  1000 00005  2500 00020  
HPD02463900HPCPHI19640800010020100 00000g 2500 00000  
HPD02463900HPCPHI19640800040032200 00005  2300 00002  2500 00007  
HPD02463900HPCPHI19640800050032000 00002  2100 00002  2500 00004  
HPD02463900HPCPHI19640800100100600 00002  0700 00002  0800 00002  0900 00001  1000 00001  1100 00006  1200 00002  1300 00002  1400 00001  2500 00019  
HPD02463900HPCPHI19640800110031900 00049  2000 00001  2500 00050  
HPD02463900HPCPHI19640900010020100 00000g 2500 00000  
HPD02463900HPCPHI19640900240052000 00021  2100 00002  2200 99999a 2400 00014A 2500 00037  
HPD02463900HPCPHI19641000010020100 00000g 2500 00000  
HPD02463900HPCPHI19641100010020100 00000g 2500 00000  
HPD02463900HPCPHI19641100090031700 00002  1800 00003  2500 00005  
HPD02463900HPCPHI19641100100021900 00003  2500 00003  
HPD02463900HPCPHI19641100150020900 99999a 2500 00000I 
HPD02463900HPCPHI19641100160020600 00015A 2500 00015P 
HPD02463900HPCPHI19641200010020100 00000g 2500 00000  
HPD02463900HPCPHI19641200180100800 00002  0900 00008  1000 00001  1100 00002  1300 00001  1400 00001  1500 00001  1600 00003  1700 00001  2500 00020  
HPD02463900HPCPHI19641200270032100 00035  2200 00006  2500 00041  
HPD02463900HPCPHI19650100010020100 00000g 2500 00000  
HPD02463900HPCPHI19650100070031400 99999a 1900 00020A 2500 00020  
HPD02463900HPCPHI19650100200070600 00012  0700 00018  0800 00020  0900 00016  1000 00004  1400 00005  2500 00075  
HPD02463900HPCPHI19650200010020100 00000g 2500 00000  
HPD02463900HPCPHI19650200060110900 00024  1000 00001  1200 00001  1300 00002  1400 00001  1500 00001  1600 00045  1700 00021  1800 00014  1900 00003  2500 00113  
HPD02463900HPCPHI19650200070030500 00001  0600 00001  2500 00002  
HPD02463900HPCPHI19650300010020100 00000g 2500 00000  
HPD02463900HPCPHI19650300100032300 00004  2400 00005  2500 00009  
HPD02463900HPCPHI19650300110150100 00002  0200 00005  0300 00003  0500 00001  0600 00006  0700 00004  0800 00004  0900 00001  1000 00005  1400 00002  1500 00001  1700 00005  2300 00012  2400 00009  2500 00060  
HPD02463900HPCPHI19650300120040400 00001  0500 00001  2400 99999a 2500 00002I 
HPD02463900HPCPHI19650300130020800 00005A 2500 00005P 
HPD02463900HPCPHI19650300150051400 00003  1500 00004  1600 00001  2400 00002  2500 00010  
HPD02463900HPCPHI19650300160050100 00001  0200 00004  0300 00003  0400 00001  2500 00009  
HPD02463900HPCPHI19650300240031900 00002  2100 00001  2500 00003  
HPD02463900HPCPHI19650300250020500 00003  2500 00003  
HPD02463900HPCPHI19650300280031400 00008  1500 00008  2500 00016  
HPD02463900HPCPHI19650400010100100 00000g 0700 00005  0800 00015  0900 00034  1000 00010  1100 00006  1300 00004  1700 00003  1800 00003  2500 00080  
HPD02463900HPCPHI19650400020022400 00004  2500 00004  
HPD02463900HPCPHI19650400030060100 00015  0200 00001  0500 00002  0600 00005  0700 00003  2500 00026  
HPD02463900HPCPHI19650400040042200 00005  2300 00008  2400 00015  2500 00028  
HPD02463900HPCPHI19650400050070100 00022  0200 00011  0300 00001  0400 00001  0500 00001  0600 00001  2500 00037  
HPD02463900HPCPHI19650400080091100 00002  1200 00001  1300 00001  1400 00003  1500 00001  1600 00006  1700 00005  1800 00002  2500 00021  
HPD02463900HPCPHI19650400090190100 00001  0300 00001  0500 00005  0600 00005  0700 00010  0800 00007  0900 00013  1000 00004  1100 00001  1300 00001  1500 00001  1600 00001  1900 00001  2000 00008  2100 00005  2200 00003  2300 00001  2400 00001  2500 00069  
HPD02463900HPCPHI19650400100070100 00005  0200 00004  0300 00001  0500 00001  0600 00001  0700 00001  2500 00013  
HPD02463900HPCPHI19650400110060700 00002  0800 00005  0900 00004  1500 00002  1800 00002  2500 00015  
HPD02463900HPCPHI19650400120110400 00002  0500 00006  0600 00007  0700 00005  0800 00005  0900 00014  1000 00001  1200 00001  1300 00001  1400 00004  2500 00046  
HPD02463900HPCPHI19650500010020100 00000g 2500 00000  
HPD02463900HPCPHI19650500140021800 00017  2500 00017  
HPD02463900HPCPHI19650500240031400 00002  1500 00004  2500 00006  
HPD02463900HPCPHI19650500250021600 00003  2500 00003  
HPD02463900HPCPHI19650600010020100 00000g 2500 00000  
HPD02463900HPCPHI19650700010020100 00000g 2500 00000  
HPD02463900HPCPHI19650700060041500 00002  1600 00008  1700 00004  2500 00014  
HPD02463900HPCPHI19650700150021400 00008  2500 00008  
HPD02463900HPCPHI19650700160080100 00002  0200 00003  0300 00001  0400 00003  0500 00001  2000 00002  2100 00003  2500 00015  
HPD02463900HPCPHI19650700170021900 00005  2500 00005  
HPD02463900HPCPHI19650700280031500 00004  1600 00035  2500 00039  
HPD02463900HPCPHI19650800010020100 00000g 2500 00000  
HPD02463900HPCPHI19650800100021900 00070  2500 00070  
HPD02463900HPCPHI19650800150021400 00005  2500 00005  
HPD02463900HPCPHI19650800160031800 00001  1900 00003  2500 00004  
HPD02463900HPCPHI19650800180030800 00008  0900 00002  2500 00010  
HPD02463900HPCPHI19650900010020100 00000g 2500 00000  
HPD02463900HPCPHI19650900050032000 00006  2100 00001  2500 00007  
HPD02463900HPCPHI19650900180041700 00003  1800 00007  1900 00001  2500 00011  
HPD02463900HPCPHI19651000010020100 00000g 2500 00000  
HPD02463900HPCPHI19651100010020100 00000g 2500 00000  
HPD02463900HPCPHI19651100140101200 00003  1300 00010  1400 00003  1500 00002  2000 00002  2100 00003  2200 00013  2300 00005  2400 00001  2500 00042  
HPD02463900HPCPHI19651100150060300 00001  0400 00002  0500 00003  1900 99999[ 2400 99999] 2500 00006I 
HPD02463900HPCPHI19651100170030100 99999[ 0600 99999] 2500 00000I 
HPD02463900HPCPHI19651100220151000 00013  1100 00015  1200 00005  1300 00004  1400 00001  1600 00010  1700 00010  1800 00012  1900 00005  2000 00002  2100 00001  2200 00005  2300 00005  2400 00011  2500 00099  
HPD02463900HPCPHI19651100230080100 00010  0200 00013  0300 00010  0400 00020  0500 00029  0600 00006  0700 00001  2500 00089  
HPD02463900HPCPHI19651100250031300 99999[ 1900 99999] 2500 00000I 
HPD02463900HPCPHI19651200010020100 00000g 2500 00000  
HPD02463900HPCPHI19651200090140900 00009  1000 00007  1100 00004  1200 00002  1300 00018  1400 00020  1500 00015  1600 00030  1700 00035  1800 00004  1900 00001  2200 00001  2300 00001  2500 00147  
HPD02463900HPCPHI19651200100150100 00002  0200 00001  0600 00001  0700 00002  0800 00001  0900 00006  1000 00015  1100 00003  1200 00007  1500 00001  1600 00003  1700 00001  1800 00003  1900 00001  2500 00047  
HPD02463900HPCPHI19651200130030500 00005  0900 99999[ 2500 00005I 
HPD02463900HPCPHI19651200170020300 99999] 2500 00000I 
HPD02463900HPCPHI19651200210022300 99999[ 2500 00000I 
HPD02463900HPCPHI19651200230021500 99999] 2500 00000I 
HPD02463900HPCPHI19651200300030100 00002  0200 00003  2500 00005  
HPD02463900HPCPHI19660100010030100 00000g 0200 00005  2500 00005  
HPD02463900HPCPHI19660100300021700 00005  2500 00005  
HPD02463900HPCPHI19660200010020100 00000g 2500 00000  
HPD02463900HPCPHI19660200060021400 99999a 2500 00000I 
HPD02463900HPCPHI19660200080021800 00135A 2500 00135P 
HPD02463900HPCPHI19660200270050500 00003  0600 00007  0700 00004  0800 00001  2500 00015  
HPD02463900HPCPHI19660300010020100 00000g 2500 00000  
HPD02463900HPCPHI19660300240040700 00002  0800 00003  0900 00001  2500 00006  
HPD02463900HPCPHI19660300250051600 00001  1700 00002  1800 00001  1900 00001  2500 00005  
HPD02463900HPCPHI19660300260050500 00001  0600 00009  0700 00015  0800 00005  2500 00030  
HPD02463900HPCPHI19660400010020100 00000g 2500 00000  
HPD02463900HPCPHI19660400190031200 99999a 1700 00015A 2500 00015  
HPD02463900HPCPHI19660500010020100 00000g 2500 00000  
HPD02463900HPCPHI19660500200031300 99999a 1600 00015A 2500 00015  
HPD02463900HPCPHI19660600010020100 00000g 2500 00000  
HPD02463900HPCPHI19660600300030600 99999[ 1800 99999] 2500 00000I 
HPD02463900HPCPHI19660700010020100 00000g 2500 00000  
HPD02463900HPCPHI19660700200030900 99999a 1200 00031A 2500 00031  
HPD02463900HPCPHI19660700300041400 00001  1500 00045  1600 00001  2500 00047  
HPD02463900HPCPHI19660800010040100 00000g 1800 00001  1900 00001  2500 00002  
HPD02463900HPCPHI19660800180021400 99999a 2500 00000I 
HPD02463900HPCPHI19660800190020800 00015A 2500 00015P 
HPD02463900HPCPHI19660900010020100 00000g 2500 00000  
HPD02463900HPCPHI19660900190031000 99999a 1500 00049A 2500 00049  
HPD02463900HPCPHI19660900270031000 99999a 1700 00016A 2500 00016  
HPD02463900HPCPHI19661000010020100 00000g 2500 00000  
HPD02463900HPCPHI19661000040031200 99999a 1900 00100A 2500 00100  
HPD02463900HPCPHI19661000090032000 00001  2100 00001  2500 00002  
HPD02463900HPCPHI19661100010020100 00000g 2500 00000  
HPD02463900HPCPHI19661100070022300 99999a 2500 00000I 
HPD02463900HPCPHI19661100090020200 00094A 2500 00094P 
HPD02463900HPCPHI19661200010020100 99999[ 2500 00000I 
HPD02463900HPCPHI19661200060060900 99999] 1400 00001  1500 00002  1600 00004  2400 00012  2500 00019I 
HPD02463900HPCPHI19661200070030100 00015  0200 00001  2500 00016  
HPD02463900HPCPHI19661200300030100 99999a 0800 00036A 2500 00036  
HPD02463900HPCPHI19670100010020100 00000g 2500 00000  
HPD02463900HPCPHI19670100230080300 00001  0400 00009  0500 00015  0600 00011  0700 00004  1000 00008  1100 00005  2500 00053  
HPD02463900HPCPHI19670200010020100 00000g 2500 00000  
HPD02463900HPCPHI19670300010020100 00000g 2500 00000  
HPD02463900HPCPHI19670300240022000 00001  2500 00001  
HPD02463900HPCPHI19670300290090600 00002  0700 00007  0800 00013  0900 00005  1000 00001  1100 00001  1200 00001  1300 00003  2500 00033  
HPD02463900HPCPHI19670400010050100 00000g 0300 00001  0400 00003  0500 00001  2500 00005  
HPD02463900HPCPHI19670400110051100 00001  1200 00014  1300 00005  1400 00001  2500 00021  
HPD02463900HPCPHI19670400120050300 00001  0400 00002  0500 00005  0600 00008  2500 00016  
HPD02463900HPCPHI19670400220040900 00011  1000 00003  1100 00001  2500 00015  
HPD02463900HPCPHI19670500010020100 00000g 2500 00000  
HPD02463900HPCPHI19670500300030200 00005  0300 00001  2500 00006  
HPD02463900HPCPHI19670600010020100 00000g 2500 00000  
HPD02463900HPCPHI19670700010020100 00000g 2500 00000  
HPD02463900HPCPHI19670700060080100 00004  0200 00001  1900 00001  2000 00007  2100 00002  2200 00016  2300 00003  2500 00034  
HPD02463900HPCPHI19670700070050200 00001  0400 00006  0500 00003  0600 00001  2500 00011  
HPD02463900HPCPHI19670700110031300 00007  1400 00003  2500 00010  
HPD02463900HPCPHI19670700120021500 00004  2500 00004  
HPD02463900HPCPHI19670700140021900 00005  2500 00005  
HPD02463900HPCPHI19670700160051700 00023  1800 00007  1900 00004  2000 00001  2500 00035  
HPD02463900HPCPHI19670800010020100 00000g 2500 00000  
HPD02463900HPCPHI19670800050061600 00005  1700 00021  1800 00044  1900 00048  2000 00002  2500 00120  
HPD02463900HPCPHI19670800070031800 00002  1900 00003  2500 00005  
HPD02463900HPCPHI19670800100022000 00005  2500 00005  
HPD02463900HPCPHI19670800130041700 00094  1800 00017  1900 00001  2500 00112  
HPD02463900HPCPHI19670800150022200 00007  2500 00007  
HPD02463900HPCPHI19670800210041800 00005  1900 00019  2000 00005  2500 00029  
HPD02463900HPCPHI19670800220020800 99999[ 2500 00000I 
HPD02463900HPCPHI19670800310022400 99999] 2500 00000I 
