HPD02592407HPCPHT20100100010020100 99999[ 2500 00000I 
HPD02592407HPCPHT20100100070021300 99999] 2500 00000I 
HPD02592407HPCPHT20100100080050800 99999[ 0900 99999] 1000 99999[ 1600 99999] 2500 00000I 
HPD02592407HPCPHT20100100220100400 00030  0500 00010  0600 00010  0700 00010  0800 00010  0900 00010  1400 00010  2200 00010  2400 00020  2500 00120  
HPD02592407HPCPHT20100100230040100 00010  0400 00010  0500 00010  2500 00030  
HPD02592407HPCPHT20100200010020100 00000g 2500 00000  
HPD02592407HPCPHT20100200020022000 00010  2500 00010  
HPD02592407HPCPHT20100200030070300 00010  0600 00010  0800 00010  0900 00010  1000 00010  2400 00010  2500 00060  
HPD02592407HPCPHT20100200100041400 00010  1700 00010  1900 00010  2500 00030  
HPD02592407HPCPHT20100200200020700 99999{ 2500 00000P 
HPD02592407HPCPHT20100200280022400 99999} 2500 00000P 
HPD02592407HPCPHT20100300010020100 00000g 2500 00000  
HPD02592407HPCPHT20100300020020300 99999{ 2500 00000P 
HPD02592407HPCPHT20100300140040200 99999} 0300 99999[ 0400 99999] 2500 00000P 
HPD02592407HPCPHT20100400010020100 00000g 2500 00000  
HPD02592407HPCPHT20100400230040400 00010  1000 00020  1200 00010  2500 00040  
HPD02592407HPCPHT20100500010020100 00000g 2500 00000  
HPD02592407HPCPHT20100600010020100 00000g 2500 00000  
HPD02592407HPCPHT20100700010020100 00000g 2500 00000  
HPD02592407HPCPHT20100700090021300 00010  2500 00010  
HPD02592407HPCPHT20100700110041600 00020  1700 00030  2100 00010  2500 00060  
HPD02592407HPCPHT20100700130022200 00010  2500 00010  
HPD02592407HPCPHT20100700170041500 00030  2100 00010  2200 00010  2500 00050  
HPD02592407HPCPHT20100700190031600 00010  1700 00070  2500 00080  
HPD02592407HPCPHT20100700200030200 00010  0900 00010  2500 00020  
HPD02592407HPCPHT20100700210022300 00020  2500 00020  
HPD02592407HPCPHT20100700230020900 00010  2500 00010  
HPD02592407HPCPHT20100700270021600 00020  2500 00020  
HPD02592407HPCPHT20100700280030700 00010  0900 00010  2500 00020  
HPD02592407HPCPHT20100700290040900 00010  2300 00020  2400 00090  2500 00120  
HPD02592407HPCPHT20100700300070100 00010  0800 00010  1000 00010  2000 00010  2300 00020  2400 00010  2500 00070  
HPD02592407HPCPHT20100700310040100 00010  0500 00010  1000 00010  2500 00030  
HPD02592407HPCPHT20100800010030100 00000g 0200 99999{ 2500 00000P 
HPD02592407HPCPHT20100800310022400 99999} 2500 00000P 
HPD02592407HPCPHT20100900010030100 00000g 0200 99999{ 2500 00000P 
HPD02592407HPCPHT20100900300022400 99999} 2500 00000P 
HPD02592407HPCPHT20101000010020100 00000g 2500 00000  
HPD02592407HPCPHT20101000050040200 00010  0300 00010  1800 00010  2500 00030  
HPD02592407HPCPHT20101000080020900 00010  2500 00010  
HPD02592407HPCPHT20101000150041400 00020  1500 00010  1600 00010  2500 00040  
HPD02592407HPCPHT20101000160021000 00010  2500 00010  
HPD02592407HPCPHT20101100010020100 00000g 2500 00000  
HPD02592407HPCPHT20101200010030100 00000g 0200 99999{ 2500 00000P 
HPD02592407HPCPHT20101200310022400 99999} 2500 00000P 
