HPD02534403HPCPHT20060100010020100 00000g 2500 00000  
HPD02534403HPCPHT20060200010020100 00000g 2500 00000  
HPD02534403HPCPHT20060300010020100 00000g 2500 00000  
HPD02534403HPCPHT20060300100020700 99999{ 2500 00000P 
HPD02534403HPCPHT20060300120022400 99999} 2500 00000P 
HPD02534403HPCPHT20060300190020700 99999{ 2500 00000P 
HPD02534403HPCPHT20060300220020700 99999} 2500 00000P 
HPD02534403HPCPHT20060400010030100 00000g 1500 00010  2500 00010  
HPD02534403HPCPHT20060400060021500 00010  2500 00010  
HPD02534403HPCPHT20060400110021200 00010  2500 00010  
HPD02534403HPCPHT20060400280020900 00010  2500 00010  
HPD02534403HPCPHT20060500010020100 00000g 2500 00000  
HPD02534403HPCPHT20060500160031500 00010  1600 00010  2500 00020  
HPD02534403HPCPHT20060500310021500 00010  2500 00010  
HPD02534403HPCPHT20060600010030100 00000g 1500 00010  2500 00010  
HPD02534403HPCPHT20060600270051400 00010  1700 00010  1800 00010  1900 00010  2500 00040  
HPD02534403HPCPHT20060600290031700 00090  1800 00010  2500 00100  
HPD02534403HPCPHT20060600300021400 00010  2500 00010  
HPD02534403HPCPHT20060700010030100 00000g 1100 00010  2500 00010  
HPD02534403HPCPHT20060700040021400 00060  2500 00060  
HPD02534403HPCPHT20060700060041200 00010  1500 00130  1600 00080  2500 00220  
HPD02534403HPCPHT20060700100021200 00010  2500 00010  
HPD02534403HPCPHT20060700150021100 00010  2500 00010  
HPD02534403HPCPHT20060700160021900 00050  2500 00050  
HPD02534403HPCPHT20060700170021200 00010  2500 00010  
HPD02534403HPCPHT20060700190040500 00010  1100 00010  1700 00020  2500 00040  
HPD02534403HPCPHT20060700200021400 00010  2500 00010  
HPD02534403HPCPHT20060700290021300 00010  2500 00010  
HPD02534403HPCPHT20060700300022100 00030  2500 00030  
HPD02534403HPCPHT20060800010030100 00000g 1600 99999[ 2500 00000I 
HPD02534403HPCPHT20060800140040800 99999] 0900 00010  1400 00010  2500 00020I 
HPD02534403HPCPHT20060800150031600 00030  1700 00020  2500 00050  
HPD02534403HPCPHT20060800160020800 00010  2500 00010  
HPD02534403HPCPHT20060800210031700 00030  1800 00010  2500 00040  
HPD02534403HPCPHT20060800240051200 00010  1300 00010  1500 00010  1700 00010  2500 00040  
HPD02534403HPCPHT20060900010030100 00000g 1300 00010  2500 00010  
HPD02534403HPCPHT20060900070041900 00020  2000 00010  2300 00010  2500 00040  
HPD02534403HPCPHT20060900090040800 00010  0900 00020  1300 00010  2500 00040  
HPD02534403HPCPHT20060900130021400 00010  2500 00010  
HPD02534403HPCPHT20060900140021000 00010  2500 00010  
HPD02534403HPCPHT20060900150021500 00010  2500 00010  
HPD02534403HPCPHT20061000010030100 00000g 1000 00010  2500 00010  
HPD02534403HPCPHT20061000060030700 00010  1300 99999[ 2500 00010I 
HPD02534403HPCPHT20061000090030500 99999] 1000 00010  2500 00010I 
HPD02534403HPCPHT20061000140050300 00010  0600 00010  0700 00020  0900 00020  2500 00060  
HPD02534403HPCPHT20061100010020100 00000g 2500 00000  
HPD02534403HPCPHT20061200010030100 00000g 1200 00010  2500 00010  
HPD02534403HPCPHT20061200100021300 00010  2500 00010  
HPD02534403HPCPHT20061200190021300 00010  2500 00010  
HPD02534403HPCPHT20061200260021200 00010  2500 00010  
HPD02534403HPCPHT20061200280022100 00010  2500 00010  
