HPD02157402HPCPHT20080100010020100 00000g 2500 00000  
HPD02157402HPCPHT20080100050021800 00010  2500 00010  
HPD02157402HPCPHT20080100060060100 00010  0300 00010  0600 00010  0800 00010  1600 00010  2500 00050  
HPD02157402HPCPHT20080100070080300 00010  0500 00010  0700 00010  0900 00010  1000 00010  1200 00010  1400 00010  2500 00070  
HPD02157402HPCPHT20080100080021400 00010  2500 00010  
HPD02157402HPCPHT20080100250020100 00010  2500 00010  
HPD02157402HPCPHT20080100270141100 00010  1200 00010  1300 00020  1400 00010  1500 00020  1600 00010  1700 00010  1800 00020  1900 00010  2000 00010  2100 00010  2200 00010  2400 00010  2500 00160  
HPD02157402HPCPHT20080100280080100 00010  0300 00020  0700 00010  1200 00010  1500 00010  1900 00010  2100 00010  2500 00080  
HPD02157402HPCPHT20080100300031500 00010  1700 00010  2500 00020  
HPD02157402HPCPHT20080200010020100 00000g 2500 00000  
HPD02157402HPCPHT20080200030061100 00010  1900 00010  2100 00010  2200 00010  2400 00010  2500 00050  
HPD02157402HPCPHT20080200040080100 00010  0200 00010  0400 00010  0600 00010  0800 00010  1200 00010  1400 00010  2500 00070  
HPD02157402HPCPHT20080200050021100 00010  2500 00010  
HPD02157402HPCPHT20080200150100100 00010  0300 00020  0500 00020  0600 00010  0700 00020  0900 00010  1200 00010  1500 00010  1700 00010  2500 00120  
HPD02157402HPCPHT20080200160021200 00010  2500 00010  
HPD02157402HPCPHT20080200190030400 00010  1100 00020  2500 00030  
HPD02157402HPCPHT20080200200032100 00010  2400 00010  2500 00020  
HPD02157402HPCPHT20080200210030100 00030  0200 00010  2500 00040  
HPD02157402HPCPHT20080200220042000 00010  2300 00010  2400 00010  2500 00030  
HPD02157402HPCPHT20080200230021200 00010  2500 00010  
HPD02157402HPCPHT20080300010020100 00000g 2500 00000  
HPD02157402HPCPHT20080300100031400 00010  1600 00010  2500 00020  
HPD02157402HPCPHT20080300180021400 00010  2500 00010  
HPD02157402HPCPHT20080300190021400 00010  2500 00010  
HPD02157402HPCPHT20080300260031000 00010  1600 00010  2500 00020  
HPD02157402HPCPHT20080400010020100 00000g 2500 00000  
HPD02157402HPCPHT20080500010020100 00000g 2500 00000  
HPD02157402HPCPHT20080500070021300 00010  2500 00010  
HPD02157402HPCPHT20080500130051100 00010  1300 00010  1400 00010  1700 00010  2500 00040  
HPD02157402HPCPHT20080500160031200 00010  1800 00010  2500 00020  
HPD02157402HPCPHT20080500230050200 00010  0400 00010  1100 00010  2400 00010  2500 00040  
HPD02157402HPCPHT20080500240031200 00010  1500 00010  2500 00020  
HPD02157402HPCPHT20080500250021100 00010  2500 00010  
HPD02157402HPCPHT20080500270021400 00010  2500 00010  
HPD02157402HPCPHT20080600010020100 00000g 2500 00000  
HPD02157402HPCPHT20080600170031400 99999[ 1500 99999] 2500 00000I 
HPD02157402HPCPHT20080600260030900 00010  2100 00010  2500 00020  
HPD02157402HPCPHT20080600270021000 00010  2500 00010  
HPD02157402HPCPHT20080700010030100 00000g 0900 00010  2500 00010  
HPD02157402HPCPHT20080700030021800 00010  2500 00010  
HPD02157402HPCPHT20080700040021400 00010  2500 00010  
HPD02157402HPCPHT20080700060020900 00010  2500 00010  
HPD02157402HPCPHT20080700100032000 00010  2100 00010  2500 00020  
HPD02157402HPCPHT20080700110031400 00010  1600 00010  2500 00020  
HPD02157402HPCPHT20080700120021900 00010  2500 00010  
HPD02157402HPCPHT20080700130051300 00010  1600 00050  1700 00070  1900 00010  2500 00140  
HPD02157402HPCPHT20080700140050800 00010  0900 00010  1400 00040  1600 00010  2500 00070  
HPD02157402HPCPHT20080700150041300 00020  1400 00020  1500 00010  2500 00050  
HPD02157402HPCPHT20080700190021100 00010  2500 00010  
HPD02157402HPCPHT20080700200021200 00010  2500 00010  
HPD02157402HPCPHT20080700210022000 00040  2500 00040  
HPD02157402HPCPHT20080700220021100 00010  2500 00010  
HPD02157402HPCPHT20080800010020100 00000g 2500 00000  
HPD02157402HPCPHT20080800020032000 00090 q2100 00010  2500 00100P 
HPD02157402HPCPHT20080800030031000 00010  1400 00100  2500 00110  
HPD02157402HPCPHT20080800040031200 00010  1300 00010  2500 00020  
HPD02157402HPCPHT20080800060021200 00010  2500 00010  
HPD02157402HPCPHT20080800080031300 00040  1700 00010  2500 00050  
HPD02157402HPCPHT20080800150041500 00020  1600 00010  1700 00010  2500 00040  
HPD02157402HPCPHT20080800160031900 00010  2200 00010  2500 00020  
HPD02157402HPCPHT20080800170031900 00010  2000 00010  2500 00020  
HPD02157402HPCPHT20080800180050300 00010  0400 00030  0600 00010  1500 00020  2500 00070  
HPD02157402HPCPHT20080800250051000 00010  1600 00010  2000 00010  2200 00010  2500 00040  
HPD02157402HPCPHT20080800260021100 00010  2500 00010  
HPD02157402HPCPHT20080800270021100 00010  2500 00010  
HPD02157402HPCPHT20080900010030100 00000g 1000 00010  2500 00010  
HPD02157402HPCPHT20080900140020900 00010  2500 00010  
HPD02157402HPCPHT20080900160020900 00010  2500 00010  
HPD02157402HPCPHT20080900230020900 00020  2500 00020  
HPD02157402HPCPHT20081000010030100 00000g 0900 00010  2500 00010  
HPD02157402HPCPHT20081000040021600 00010  2500 00010  
HPD02157402HPCPHT20081000050021000 00010  2500 00010  
HPD02157402HPCPHT20081000060021000 00010  2500 00010  
HPD02157402HPCPHT20081100010020100 00000g 2500 00000  
HPD02157402HPCPHT20081100090022000 00010  2500 00010  
HPD02157402HPCPHT20081100100021200 00010  2500 00010  
HPD02157402HPCPHT20081100260022100 00010  2500 00010  
HPD02157402HPCPHT20081100270080500 00010  0600 00010  0700 00030  0800 00010  1100 00010  1200 00010  2000 00010  2500 00090  
HPD02157402HPCPHT20081100280021100 00010  2500 00010  
HPD02157402HPCPHT20081100290021300 00010  2500 00010  
HPD02157402HPCPHT20081200010020100 00000g 2500 00000  
HPD02157402HPCPHT20081200070021100 00010  2500 00010  
HPD02157402HPCPHT20081200090030100 00010  0200 00010  2500 00020  
HPD02157402HPCPHT20081200110021700 00010  2500 00010  
HPD02157402HPCPHT20081200130071900 00010  2000 00010  2100 00020  2200 00020  2300 00010  2400 00010  2500 00080  
HPD02157402HPCPHT20081200140030100 00010  0300 00010  2500 00020  
HPD02157402HPCPHT20081200150032100 00010  2400 00010  2500 00020  
HPD02157402HPCPHT20081200160050100 00010  0600 00010  1200 00010  1500 00010  2500 00040  
HPD02157402HPCPHT20081200170021000 00010  2500 00010  
HPD02157402HPCPHT20081200180060100 00010  0200 00010  0500 00010  0700 00010  1300 00020  2500 00060  
HPD02157402HPCPHT20081200190021300 00010  2500 00010  
HPD02157402HPCPHT20081200230030200 00010  0300 00010  2500 00020  
HPD02157402HPCPHT20081200240021300 00010  2500 00010  
HPD02157402HPCPHT20081200250080200 00010  0300 00010  1100 00010  1200 00010  1700 00010  1900 00010  2300 00010  2500 00070  
HPD02157402HPCPHT20081200260060100 00010  0300 00010  0500 00010  0700 00010  1600 00010  2500 00050  
HPD02157402HPCPHT20081200300021400 00010  2500 00010  
