HPD02619406HPCPHI20040100010020100 00000g 2500 00000  
HPD02619406HPCPHI20040100210080400 00002  0500 00001  1300 00003  1400 00001  2200 00001  2300 00002  2400 00005  2500 00015  
HPD02619406HPCPHI20040100220050200 00008  0300 00002  1800 00004  1900 00001  2500 00015  
HPD02619406HPCPHI20040100230020300 00001  2500 00001  
HPD02619406HPCPHI20040200010020100 00000g 2500 00000  
HPD02619406HPCPHI20040200030021100 00002  2500 00002  
HPD02619406HPCPHI20040200220051000 00001  2100 00004  2200 00001  2300 00002  2500 00008  
HPD02619406HPCPHI20040200230060300 00005  0400 00017  0600 00002  0700 00001  1300 00004  2500 00029  
HPD02619406HPCPHI20040300010020100 00000g 2500 00000  
HPD02619406HPCPHI20040300020041700 00001  2200 00004  2300 00001  2500 00006  
HPD02619406HPCPHI20040300030090100 00001  0200 00002  0300 00002  0400 00004  0500 00007  0600 00002  0700 00001  0800 00001  2500 00020  
HPD02619406HPCPHI20040400010020100 00000g 2500 00000  
HPD02619406HPCPHI20040400020090300 00001  0400 00002  0700 00008  0800 00009  0900 00005  1000 00004  1900 00005  2000 00001  2500 00035  
HPD02619406HPCPHI20040400030060300 00003  0400 00003  0500 00002  0600 00001  0800 00002  2500 00011  
HPD02619406HPCPHT20040500010020100 00000g 2500 00000  
HPD02619406HPCPHI20040600010020100 99999[ 2500 00000I 
HPD02619406HPCPHI20040600300022400 99999] 2500 00000I 
HPD02619406HPCPHI20040700010020100 00000g 2500 00000  
HPD02619406HPCPHI20040700140050200 00003  0300 00002  0400 00004  0500 00001  2500 00010  
HPD02619406HPCPHI20040800010020100 00000g 2500 00000  
HPD02619406HPCPHI20040800130041400 00004  2100 00009  2200 00003  2500 00016  
HPD02619406HPCPHI20040800160022300 00013  2500 00013  
HPD02619406HPCPHI20040900010020100 00000g 2500 00000  
HPD02619406HPCPHI20040900080021900 00001  2500 00001  
HPD02619406HPCPHI20040900190051200 00003  1300 00012  1400 00006  1500 00001  2500 00022  
HPD02619406HPCPHI20041000010020100 00000g 2500 00000  
HPD02619406HPCPHI20041000210100900 00008  1000 00016  1100 00011  1200 00019  1300 00014  1400 00012  1500 00011  1600 00006  1700 00001  2500 00098  
HPD02619406HPCPHI20041000270032300 00001  2400 00005  2500 00006  
HPD02619406HPCPHI20041000280140100 00011  0200 00011  0300 00016  0400 00011  0500 00014  0600 00010  0700 00016  0800 00011  0900 00004  1000 00002  1100 00003  1200 00003  1400 00001  2500 00113  
HPD02619406HPCPHI20041100010020100 00000g 2500 00000  
HPD02619406HPCPHI20041100070160300 00001  0500 00001  0600 00004  0700 00005  0800 00003  0900 00003  1000 00002  1100 00009  1200 00002  1800 00003  1900 00001  2000 00003  2100 00025  2200 00003  2300 00002  2500 00067  
HPD02619406HPCPHI20041100120021900 00001  2500 00001  
HPD02619406HPCPHI20041100150021700 00002  2500 00002  
HPD02619406HPCPHI20041100210051300 00004  1400 00001  2300 00021  2400 00010  2500 00036  
HPD02619406HPCPHI20041100220080100 00005  0200 00003  0300 00004  0400 00006  0500 00009  0600 00001  0700 00001  2500 00029  
HPD02619406HPCPHI20041200010020100 99999[ 2500 00000I 
HPD02619406HPCPHI20041200310022400 99999] 2500 00000I 
