HPD02770802HPCPHT20060100010030100 99999[ 0600 99999] 2500 00000I 
HPD02770802HPCPHT20060100250031300 00010  1400 00010  2500 00020  
HPD02770802HPCPHT20060200010020100 00000g 2500 00000  
HPD02770802HPCPHT20060300010020100 00000g 2500 00000  
HPD02770802HPCPHT20060300080021300 00010  2500 00010  
HPD02770802HPCPHT20060300110021100 00010  2500 00010  
HPD02770802HPCPHT20060300120021200 00010  2500 00010  
HPD02770802HPCPHT20060300190031200 00010  2300 00010  2500 00020  
HPD02770802HPCPHT20060300200020300 00010  2500 00010  
HPD02770802HPCPHT20060300210031600 00010  1700 00010  2500 00020  
HPD02770802HPCPHT20060300220041000 00010  1100 00010  1500 00010  2500 00030  
HPD02770802HPCPHT20060300280030900 00010  1200 00010  2500 00020  
HPD02770802HPCPHT20060300300021500 00010  2500 00010  
HPD02770802HPCPHT20060300310021100 00010  2500 00010  
HPD02770802HPCPHT20060400010030100 00000g 1200 00010  2500 00010  
HPD02770802HPCPHT20060400050021000 00010  2500 00010  
HPD02770802HPCPHT20060400070021500 00010  2500 00010  
HPD02770802HPCPHT20060400120021200 00010  2500 00010  
HPD02770802HPCPHT20060400190021600 00010  2500 00010  
HPD02770802HPCPHT20060400250021600 00010  2500 00010  
HPD02770802HPCPHT20060400280030600 00010  0800 00010  2500 00020  
HPD02770802HPCPHT20060500010020100 00000g 2500 00000  
HPD02770802HPCPHT20060500170021200 00010  2500 00010  
HPD02770802HPCPHT20060600010030100 00000g 1000 00010  2500 00010  
HPD02770802HPCPHT20060700010030100 00000g 0900 00010  2500 00010  
HPD02770802HPCPHT20060700020021800 00010  2500 00010  
HPD02770802HPCPHT20060700060021700 00010  2500 00010  
HPD02770802HPCPHT20060700070041000 00010  1100 00030  1300 00010  2500 00050  
HPD02770802HPCPHT20060700080021600 00010  2500 00010  
HPD02770802HPCPHT20060700160030900 00010  1600 00010  2500 00020  
HPD02770802HPCPHT20060700210031500 00010  1600 00010  2500 00020  
HPD02770802HPCPHT20060700220021100 00010  2500 00010  
HPD02770802HPCPHT20060700270030500 00010  0700 00010  2500 00020  
HPD02770802HPCPHT20060700290032200 00020  2400 00010  2500 00030  
HPD02770802HPCPHT20060700300090200 00010  0300 00020  0400 00010  0500 00010  1800 00010  1900 00040  2000 00010  2100 00010  2500 00120  
HPD02770802HPCPHT20060800010030100 00000g 0800 99999[ 2500 00000I 
HPD02770802HPCPHT20060800090020300 99999] 2500 00000I 
HPD02770802HPCPHT20060800140021600 00010  2500 00010  
HPD02770802HPCPHT20060800220021600 00020  2500 00020  
HPD02770802HPCPHT20060800230021000 00010  2500 00010  
HPD02770802HPCPHT20060800240051400 00010  1500 00050  1600 00020  1700 00020  2500 00100  
HPD02770802HPCPHT20060800250021000 00010  2500 00010  
HPD02770802HPCPHT20060800310040600 00030  0700 00010  1100 00010  2500 00050  
HPD02770802HPCPHT20060900010030100 00000g 1000 00010  2500 00010  
HPD02770802HPCPHT20060900070022100 00010  2500 00010  
HPD02770802HPCPHT20060900100021400 00010  2500 00010  
HPD02770802HPCPHT20060900140030800 00010  0900 00010  2500 00020  
HPD02770802HPCPHT20060900150021500 00010  2500 00010  
HPD02770802HPCPHT20061000010030100 00000g 0800 99999[ 2500 00000I 
HPD02770802HPCPHT20061000090020300 99999] 2500 00000I 
HPD02770802HPCPHT20061000100021200 00010  2500 00010  
HPD02770802HPCPHT20061000140060800 00010  1000 00010  1100 00010  1200 00010  1300 00010  2500 00050  
HPD02770802HPCPHT20061000310021000 00010  2500 00010  
HPD02770802HPCPHT20061100010020100 00000g 2500 00000  
HPD02770802HPCPHT20061100120021300 00010  2500 00010  
HPD02770802HPCPHT20061200010020100 00000g 2500 00000  
HPD02770802HPCPHT20061200140021300 00010  2500 00010  
HPD02770802HPCPHT20061200230021100 00010  2500 00010  
HPD02770802HPCPHT20061200280031500 00010  2100 00010  2500 00020  
HPD02770802HPCPHT20061200290040900 00010  1200 00010  1300 00010  2500 00030  
