HPD02077500HPCPHT19850300010030100 99999[ 1600 99999] 2500 00000I 
HPD02077500HPCPHT19850300150040400 00020  0500 00030  0700 00010  2500 00060  
HPD02077500HPCPHT19850300290040600 00020  0700 00010  0800 00010  2500 00040  
HPD02077500HPCPHT19850400010020100 00000g 2500 00000  
HPD02077500HPCPHT19850400100020900 00010  2500 00010  
HPD02077500HPCPHT19850400260100800 00030  1100 00010  1200 00010  1300 00010  1800 00010  1900 00010  2200 00010  2300 00010  2400 00010  2500 00110  
HPD02077500HPCPHT19850400270060200 00010  0300 00010  0500 00020  0600 00020  0800 00010  2500 00070  
HPD02077500HPCPHT19850500010020100 00000g 2500 00000  
HPD02077500HPCPHT19850600010020100 00000g 2500 00000  
HPD02077500HPCPHT19850600190021000 00010  2500 00010  
HPD02077500HPCPHT19850600200030500 00010  0600 00010  2500 00020  
HPD02077500HPCPHT19850600210020100 00010  2500 00010  
HPD02077500HPCPHT19850600300031000 99999[ 2400 99999] 2500 00000I 
HPD02077500HPCPHT19850700010020100 00000g 2500 00000  
HPD02077500HPCPHT19850700100031600 00020  1700 00010  2500 00030  
HPD02077500HPCPHT19850700110041600 00020  1800 00010  2000 00010  2500 00040  
HPD02077500HPCPHT19850700140021900 00010  2500 00010  
HPD02077500HPCPHT19850700150021100 00010  2500 00010  
HPD02077500HPCPHT19850700170031900 00070  2000 00020  2500 00090  
HPD02077500HPCPHT19850700180041400 00010  1800 00010  1900 00010  2500 00030  
HPD02077500HPCPHT19850700190021200 00010  2500 00010  
HPD02077500HPCPHT19850700210030300 00010  1600 00010  2500 00020  
HPD02077500HPCPHT19850700280021600 00010  2500 00010  
HPD02077500HPCPHT19850700300031500 00080  1800 00010  2500 00090  
HPD02077500HPCPHT19850700310021300 00010  2500 00010  
HPD02077500HPCPHT19850800010030100 00000g 1500 00010  2500 00010  
HPD02077500HPCPHT19850800020031400 00010  1700 00020  2500 00030  
HPD02077500HPCPHT19850800030021800 00010  2500 00010  
HPD02077500HPCPHT19850800050021300 00010  2500 00010  
HPD02077500HPCPHT19850800060031800 00010  2000 00020  2500 00030  
HPD02077500HPCPHT19850800110031200 00150  1300 00020  2500 00170  
HPD02077500HPCPHT19850800270031600 00010  1700 00010  2500 00020  
HPD02077500HPCPHT19850900010020100 00000g 2500 00000  
HPD02077500HPCPHT19850900050021400 00010  2500 00010  
HPD02077500HPCPHT19850900100032300 00010  2400 00080  2500 00090  
HPD02077500HPCPHT19850900110030100 00010  1400 00010  2500 00020  
HPD02077500HPCPHT19850900160021000 00010  2500 00010  
HPD02077500HPCPHT19850900170022400 00020  2500 00020  
HPD02077500HPCPHT19850900180040100 00010  0300 00010  0800 00080  2500 00100  
HPD02077500HPCPHT19850900190021100 00050  2500 00050  
HPD02077500HPCPHT19850900280080800 00050  0900 00020  1100 00030  1200 00040  1300 00020  1400 00020  1900 00010  2500 00190  
HPD02077500HPCPHT19851000010040100 00000g 1500 00010  1800 00010  2500 00020  
HPD02077500HPCPHT19851000080030200 00070  0300 00030  2500 00100  
HPD02077500HPCPHT19851000090020900 00010  2500 00010  
HPD02077500HPCPHT19851000100021400 00010  2500 00010  
HPD02077500HPCPHT19851000160140300 00030  0400 00020  0600 00010  0700 00030  0800 00010  0900 00020  1000 00010  1100 00010  1200 00020  1400 00020  1600 00030  1700 00010  2300 00010  2500 00230  
HPD02077500HPCPHT19851000170030700 00010  1000 00010  2500 00020  
HPD02077500HPCPHT19851000310031700 00010  1800 00010  2500 00020  
HPD02077500HPCPHT19851100010040100 00000g 0700 99999{ 1600 99999} 2500 00000P 
HPD02077500HPCPHT19851100240031700 00010  1900 00010  2500 00020  
HPD02077500HPCPHT19851100250070900 00010  1200 00010  1500 00010  1600 00010  2200 00020  2300 00020  2500 00080  
HPD02077500HPCPHT19851100260040300 00040  0400 00010  0500 00010  2500 00060  
HPD02077500HPCPHT19851100300070700 00010  0800 00020  0900 00030  1000 00010  1100 00010  1200 00010  2500 00090  
HPD02077500HPCPHT19851200010020100 00000g 2500 00000  
HPD02077500HPCPHT19851200110042000 00010  2100 00010  2400 00010  2500 00030  
HPD02077500HPCPHT19851200120020300 00010  2500 00010  
HPD02077500HPCPHT19860100010020100 00000g 2500 00000  
HPD02077500HPCPHT19860100300022400 00010  2500 00010  
HPD02077500HPCPHT19860100310040100 00010  1600 00010  2400 00010  2500 00030  
HPD02077500HPCPHT19860200010040100 00000g 1100 00010  1500 00010  2500 00020  
HPD02077500HPCPHT19860200030060900 00020  1100 00010  1200 00010  1400 00010  1500 00010  2500 00060  
HPD02077500HPCPHT19860200060020400 00010  2500 00010  
HPD02077500HPCPHT19860200070042100 00020  2200 00010  2400 00010  2500 00040  
HPD02077500HPCPHT19860200080090100 00010  0200 00010  0300 00010  0400 00020  0600 00010  1000 00010  1200 00010  2000 00010  2500 00090  
HPD02077500HPCPHT19860200200020900 00010  2500 00010  
HPD02077500HPCPHT19860300010020100 00000g 2500 00000  
HPD02077500HPCPHT19860300100021400 00010  2500 00010  
HPD02077500HPCPHT19860300110040300 00020  0400 00020  0500 00010  2500 00050  
HPD02077500HPCPHT19860300130022300 00010  2500 00010  
HPD02077500HPCPHT19860300140080400 00010  0500 00010  0600 00010  0700 00020  0900 00010  1000 00010  1200 00010  2500 00080  
HPD02077500HPCPHT19860300170070300 00010  0600 00010  0700 00010  1500 00010  1900 00010  2200 00010  2500 00060  
HPD02077500HPCPHT19860300180021300 00010  2500 00010  
HPD02077500HPCPHT19860400010030100 00000g 1800 99999{ 2500 00000P 
HPD02077500HPCPHT19860400300022400 99999} 2500 00000P 
HPD02077500HPCPHT19860500010020100 99999{ 2500 00000P 
HPD02077500HPCPHT19860500310022400 99999} 2500 00000P 
HPD02077500HPCPHT19860600010040100 00000g 2000 00010  2400 00010  2500 00020  
HPD02077500HPCPHT19860600050031700 00010  1800 00010  2500 00020  
HPD02077500HPCPHT19860600150031800 00010  2400 00010  2500 00020  
HPD02077500HPCPHT19860600230022300 00010  2500 00010  
HPD02077500HPCPHT19860600260020900 00010  2500 00010  
HPD02077500HPCPHT19860600270021700 00010  2500 00010  
HPD02077500HPCPHT19860600280031500 00020  1600 00010  2500 00030  
HPD02077500HPCPHT19860700010040100 00000g 2100 00010  2200 00010  2500 00020  
HPD02077500HPCPHT19860700020021900 00010  2500 00010  
HPD02077500HPCPHT19860700030030900 00010  2000 00010  2500 00020  
HPD02077500HPCPHT19860700070021500 00010  2500 00010  
HPD02077500HPCPHT19860700090020100 00010  2500 00010  
HPD02077500HPCPHT19860700100021500 00010  2500 00010  
HPD02077500HPCPHT19860700110031500 00010  1600 00010  2500 00020  
HPD02077500HPCPHT19860700140041600 00040  1700 00240  1800 00010  2500 00290  
HPD02077500HPCPHT19860700150051300 00150  1400 00040  1500 00020  1600 00010  2500 00220  
HPD02077500HPCPHT19860700160021700 00010  2500 00010  
HPD02077500HPCPHT19860700170051100 00010  1200 00050  1300 00020  1400 00010  2500 00090  
HPD02077500HPCPHT19860700180021300 00040  2500 00040  
HPD02077500HPCPHT19860700300021600 00010  2500 00010  
HPD02077500HPCPHT19860800010020100 00000g 2500 00000  
HPD02077500HPCPHT19860800040020900 00010  2500 00010  
HPD02077500HPCPHT19860800050021800 00010  2500 00010  
HPD02077500HPCPHT19860800070041600 00010  1800 00010  2000 00010  2500 00030  
HPD02077500HPCPHT19860800090021000 00010  2500 00010  
HPD02077500HPCPHT19860800100051700 00060  1800 00010  1900 00010  2000 00010  2500 00090  
HPD02077500HPCPHT19860800130031200 00200  1300 00010  2500 00210  
HPD02077500HPCPHT19860800160021700 00010  2500 00010  
HPD02077500HPCPHT19860800170040200 00010  2000 00010  2400 00110  2500 00130  
HPD02077500HPCPHT19860800180030200 00010  0400 00010  2500 00020  
HPD02077500HPCPHT19860800210020700 99999a 2500 00000I 
HPD02077500HPCPHT19860800260021800 00280A 2500 00280P 
HPD02077500HPCPHT19860800280042100 00040  2200 00020  2300 00010  2500 00070  
HPD02077500HPCPHT19860800290061200 00010  1300 00010  1500 00010  1700 00030  1800 00020  2500 00080  
HPD02077500HPCPHT19860800300020400 00010  2500 00010  
HPD02077500HPCPHT19860900010020100 00000g 2500 00000  
HPD02077500HPCPHT19860900030031400 00010  1800 00010  2500 00020  
HPD02077500HPCPHT19860900090021100 00010  2500 00010  
HPD02077500HPCPHT19860900110022200 99999a 2500 00000I 
HPD02077500HPCPHT19860900230022000 00030A 2500 00030P 
HPD02077500HPCPHT19860900240030300 00010  0400 00010  2500 00020  
HPD02077500HPCPHT19861000010020100 00000g 2500 00000  
HPD02077500HPCPHT19861000020031000 00020  1200 00010  2500 00030  
HPD02077500HPCPHT19861000090031900 00010  2000 00020  2500 00030  
HPD02077500HPCPHT19861000120021700 00010  2500 00010  
HPD02077500HPCPHT19861100010020100 00000g 2500 00000  
HPD02077500HPCPHT19861100020061200 00010  1500 00010  1800 00010  2100 00010  2400 00010  2500 00050  
HPD02077500HPCPHT19861100030021300 00010  2500 00010  
HPD02077500HPCPHT19861100180051100 00010  1200 00010  1300 00010  2200 00010  2500 00040  
HPD02077500HPCPHT19861200010020100 00000g 2500 00000  
HPD02077500HPCPHT19861200050022400 99999{ 2500 00000P 
HPD02077500HPCPHT19861200060070600 99999} 0800 00010  1100 00010  1800 00010  2200 00010  2300 00010  2500 00050P 
HPD02077500HPCPHT19861200070050400 00010  0800 00010  1200 00010  1800 99999{ 2500 00030P 
HPD02077500HPCPHT19861200090030100 99999} 1000 00010  2500 00010P 
HPD02077500HPCPHT19861200100020700 99999{ 2500 00000P 
HPD02077500HPCPHT19861200160042200 99999} 2300 00050  2400 00020  2500 00070P 
HPD02077500HPCPHT19861200170090100 00010  0200 00010  0300 00010  0400 00010  1100 00010  1200 00010  1300 00010  1700 00010  2500 00080  
HPD02077500HPCPHT19861200210020500 00010  2500 00010  
HPD02077500HPCPHT19870100010020100 00000g 2500 00000  
HPD02077500HPCPHT19870100050041200 00010  1300 00010  1400 00010  2500 00030  
HPD02077500HPCPHT19870100160050600 00010  1000 00010  1200 00010  2100 00010  2500 00040  
HPD02077500HPCPHT19870100170020200 00010  2500 00010  
HPD02077500HPCPHT19870100310030300 00010  0900 00010  2500 00020  
HPD02077500HPCPHT19870200010020100 00000g 2500 00000  
HPD02077500HPCPHT19870200200061500 00010  1800 00010  2100 00010  2200 00020  2300 00010  2500 00060  
HPD02077500HPCPHT19870200210030200 00010  0600 00010  2500 00020  
HPD02077500HPCPHT19870200240021900 00010  2500 00010  
HPD02077500HPCPHT19870200250091400 00010  1500 00010  1700 00010  1800 00010  1900 00010  2100 00010  2200 00010  2400 00010  2500 00080  
HPD02077500HPCPHT19870200260031000 00020  1500 00010  2500 00030  
HPD02077500HPCPHT19870300010020100 00000g 2500 00000  
HPD02077500HPCPHT19870300150032000 00010  2300 00010  2500 00020  
HPD02077500HPCPHT19870300160020100 00010  2500 00010  
HPD02077500HPCPHT19870300210021100 00010  2500 00010  
HPD02077500HPCPHT19870300220021300 00010  2500 00010  
HPD02077500HPCPHT19870300230021700 00010  2500 00010  
HPD02077500HPCPHT19870400010020100 00000g 2500 00000  
HPD02077500HPCPHT19870400040021300 00010  2500 00010  
HPD02077500HPCPHT19870400190030100 00010  0600 00010  2500 00020  
HPD02077500HPCPHT19870400220021500 00010  2500 00010  
HPD02077500HPCPHT19870400260042200 00120  2300 00040  2400 00020  2500 00180  
HPD02077500HPCPHT19870400270070100 00010  0900 00010  1900 00030  2000 00020  2100 00010  2200 99999{ 2500 00080P 
HPD02077500HPCPHT19870400290031100 99999} 1600 00010  2500 00010P 
HPD02077500HPCPHT19870400300021200 00010  2500 00010  
HPD02077500HPCPHT19870500010020100 00000g 2500 00000  
HPD02077500HPCPHT19870500060022200 00010  2500 00010  
HPD02077500HPCPHT19870500080021800 00010  2500 00010  
HPD02077500HPCPHT19870500200021700 00010  2500 00010  
HPD02077500HPCPHT19870600010020100 00000g 2500 00000  
HPD02077500HPCPHT19870600040030100 00050  0200 00010  2500 00060  
HPD02077500HPCPHT19870600060041200 00030  1300 00010  1600 00010  2500 00050  
HPD02077500HPCPHT19870600070022000 00010  2500 00010  
HPD02077500HPCPHT19870600080020300 99999a 2500 00000I 
HPD02077500HPCPHT19870600300022400 00060A 2500 00060P 
HPD02077500HPCPHT19870700010020100 99999{ 2500 00000P 
HPD02077500HPCPHT19870700310022400 99999} 2500 00000P 
HPD02077500HPCPHT19870800010030100 99999{ 1200 99999} 2500 00000P 
HPD02077500HPCPHT19870800020022400 00010  2500 00010  
HPD02077500HPCPHT19870800030040100 00010  2300 00060  2400 00010  2500 00080  
HPD02077500HPCPHT19870800040070100 00040  0200 00010  0400 00030  0500 00010  1600 00010  2300 00010  2500 00110  
HPD02077500HPCPHT19870800050040100 00010  0200 00030  0300 00010  2500 00050  
HPD02077500HPCPHT19870800080021600 00010  2500 00010  
HPD02077500HPCPHT19870800090040400 00010  1900 00040  2200 00010  2500 00060  
HPD02077500HPCPHT19870800100031300 00010  1600 00010  2500 00020  
HPD02077500HPCPHT19870800120020300 99999{ 2500 00000P 
HPD02077500HPCPHT19870800310022400 99999} 2500 00000P 
HPD02077500HPCPHT19870900010020100 99999{ 2500 00000P 
HPD02077500HPCPHT19870900300022400 99999} 2500 00000P 
HPD02077500HPCPHT19871000010020100 00000g 2500 00000  
HPD02077500HPCPHT19871000130022200 00010  2500 00010  
HPD02077500HPCPHT19871000140030700 00010  0900 00010  2500 00020  
HPD02077500HPCPHT19871000230030600 00010  0700 00010  2500 00020  
HPD02077500HPCPHT19871000310021600 00010  2500 00010  
HPD02077500HPCPHT19871100010040100 00000g 1400 00010  1600 00010  2500 00020  
HPD02077500HPCPHT19871200010020100 00000g 2500 00000  
HPD02077500HPCPHT19871200130031000 00010  1100 00020  2500 00030  
HPD02077500HPCPHT19871200170081500 00010  1900 00020  2000 00030  2100 00030  2200 00020  2300 00020  2400 00020  2500 00150  
HPD02077500HPCPHT19871200180100100 00010  0200 00020  0300 00030  0400 00010  0500 00030  0600 00010  1800 00010  2000 00010  2400 00010  2500 00140  
HPD02077500HPCPHT19871200250050400 00010  0800 00010  1100 00010  1900 00010  2500 00040  
HPD02077500HPCPHT19880100010020100 00000g 2500 00000  
HPD02077500HPCPHT19880100050021900 00020  2500 00020  
HPD02077500HPCPHT19880100060030400 00010  1000 00010  2500 00020  
HPD02077500HPCPHT19880100170022400 00020  2500 00020  
HPD02077500HPCPHT19880100180100100 00010  0200 00010  1000 00010  1200 00010  1300 00020  1400 00020  1500 00010  1600 00010  2000 00010  2500 00110  
HPD02077500HPCPHT19880100190040100 00010  1100 00010  1300 00010  2500 00030  
HPD02077500HPCPHT19880200010020100 00000g 2500 00000  
HPD02077500HPCPHT19880200040032300 00010  2400 00010  2500 00020  
HPD02077500HPCPHT19880200050020400 00010  2500 00010  
HPD02077500HPCPHT19880200190021300 00010  2500 00010  
HPD02077500HPCPHT19880300010020100 00000g 2500 00000  
HPD02077500HPCPHT19880300020051000 00010  1200 00010  1400 00010  1700 00010  2500 00040  
HPD02077500HPCPHT19880400010020100 00000g 2500 00000  
HPD02077500HPCPHT19880400070021600 00010  2500 00010  
HPD02077500HPCPHT19880400130032100 00010  2200 00010  2500 00020  
HPD02077500HPCPHT19880400140050100 00010  0200 00020  0300 00030  0400 00020  2500 00080  
HPD02077500HPCPHT19880400160060400 00020  0700 00010  0800 00010  2100 00010  2200 00010  2500 00060  
HPD02077500HPCPHT19880400280021300 00010  2500 00010  
HPD02077500HPCPHT19880500010020100 00000g 2500 00000  
HPD02077500HPCPHT19880600010020100 99999{ 2500 00000P 
HPD02077500HPCPHT19880600300022400 99999} 2500 00000P 
HPD02077500HPCPHT19880700010030100 00000g 1300 99999{ 2500 00000P 
HPD02077500HPCPHT19880700060051700 99999} 2100 00020  2200 00010  2300 00010  2500 00040P 
HPD02077500HPCPHT19880700080032100 00010  2200 00010  2500 00020  
HPD02077500HPCPHT19880700090032000 00010  2100 00010  2500 00020  
HPD02077500HPCPHT19880700100020200 00010  2500 00010  
HPD02077500HPCPHT19880700190041700 00020  1800 00010  2200 00030  2500 00060  
HPD02077500HPCPHT19880700240022100 00010  2500 00010  
HPD02077500HPCPHT19880700250041800 00010  2100 00030  2200 00010  2500 00050  
HPD02077500HPCPHT19880700260021000 00010  2500 00010  
HPD02077500HPCPHT19880700270031500 00010  2100 00010  2500 00020  
HPD02077500HPCPHT19880700290030300 00010  0400 99999a 2500 00010I 
HPD02077500HPCPHT19880700310022400 00150A 2500 00150P 
HPD02077500HPCPHT19880800010020100 99999a 2500 00000I 
HPD02077500HPCPHT19880800310022400 00350A 2500 00350P 
HPD02077500HPCPHT19880900010020100 00000g 2500 00000  
HPD02077500HPCPHT19880900020031800 00010  2100 00030  2500 00040  
HPD02077500HPCPHT19880900110080700 00010  0800 00010  0900 00020  1000 00020  1100 00010  1800 00040  2400 00020  2500 00130  
HPD02077500HPCPHT19880900200061100 00030  1200 00020  1300 00010  1700 00010  2000 00020  2500 00090  
HPD02077500HPCPHT19880900210030300 00040  0400 00010  2500 00050  
HPD02077500HPCPHT19881000010020100 00000g 2500 00000  
HPD02077500HPCPHT19881000050021500 00010  2500 00010  
HPD02077500HPCPHT19881000090021700 00010  2500 00010  
HPD02077500HPCPHT19881000100021900 00010  2500 00010  
HPD02077500HPCPHT19881000140061900 00020  2000 00020  2100 00050  2200 00020  2300 00010  2500 00120  
HPD02077500HPCPHT19881000150070200 00010  0300 00010  0400 00010  0500 00010  0700 00010  2100 00010  2500 00060  
HPD02077500HPCPHT19881000160041900 00020  2000 00030  2400 00010  2500 00060  
HPD02077500HPCPHT19881000190022200 00020  2500 00020  
HPD02077500HPCPHT19881000200050500 00010  1800 00020  1900 00010  2100 00010  2500 00050  
HPD02077500HPCPHT19881000280021100 00010  2500 00010  
HPD02077500HPCPHT19881100010020100 00000g 2500 00000  
HPD02077500HPCPHT19881100240032300 00010  2400 00010  2500 00020  
HPD02077500HPCPHT19881100250060100 00020  0300 00010  0400 00010  1600 00010  1700 00010  2500 00060  
HPD02077500HPCPHT19881100260020900 00010  2500 00010  
HPD02077500HPCPHT19881200010020100 00000g 2500 00000  
HPD02077500HPCPHT19881200080060700 00010  0800 00010  0900 00010  1000 00010  1700 00010  2500 00050  
HPD02077500HPCPHT19881200090021300 00010  2500 00010  
HPD02077500HPCPHT19881200260040400 00010  0500 00020  1800 00010  2500 00040  
HPD02077500HPCPHT19890100010020100 00000g 2500 00000  
HPD02077500HPCPHT19890100030022400 00010  2500 00010  
HPD02077500HPCPHT19890100040110200 00010  0300 00010  0400 00010  0500 00010  0600 00010  0700 00020  0800 00010  0900 00030  1000 00010  1100 00010  2500 00130  
HPD02077500HPCPHT19890100260022300 00010  2500 00010  
HPD02077500HPCPHT19890200010020100 00000g 2500 00000  
HPD02077500HPCPHT19890200060020600 00010  2500 00010  
HPD02077500HPCPHT19890200140022300 00010  2500 00010  
HPD02077500HPCPHT19890300010020100 00000g 2500 00000  
HPD02077500HPCPHT19890300020021800 00010  2500 00010  
HPD02077500HPCPHT19890300030022400 00010E 2500 00010  
HPD02077500HPCPHT19890300260042000 00020  2300 00010  2400 00010  2500 00040  
HPD02077500HPCPHT19890300270020600 00010  2500 00010  
HPD02077500HPCPHT19890300280021100 00010  2500 00010  
HPD02077500HPCPHT19890400010020100 00000g 2500 00000  
HPD02077500HPCPHT19890500010020100 00000g 2500 00000  
HPD02077500HPCPHT19890500160060900 00020  1000 00020  1100 00010  1200 00010  1600 00020  2500 00080  
HPD02077500HPCPHT19890600010020100 00000g 2500 00000  
HPD02077500HPCPHT19890700010020100 00000g 2500 00000  
HPD02077500HPCPHT19890700100021600 00010  2500 00010  
HPD02077500HPCPHT19890700160050100 00010  0800 00010  0900 00010  2200 00010  2500 00040  
HPD02077500HPCPHT19890700180021300 00010  2500 00010  
HPD02077500HPCPHT19890700190032200 00050  2300 00010  2500 00060  
HPD02077500HPCPHT19890700200030100 00020  0300 00010  2500 00030  
HPD02077500HPCPHT19890700210022100 00020  2500 00020  
HPD02077500HPCPHT19890700230031500 00040  1600 00010  2500 00050  
HPD02077500HPCPHT19890700240050600 00020  1700 00010  1900 00110  2000 00030  2500 00170  
HPD02077500HPCPHT19890700250040400 00010  2100 00110  2200 00010  2500 00130  
HPD02077500HPCPHT19890700260021000 00010  2500 00010  
HPD02077500HPCPHT19890700280051300 00010  1400 00010  1700 00010  1900 00010  2500 00040  
HPD02077500HPCPHT19890700290021500 00010  2500 00010  
HPD02077500HPCPHT19890800010050100 00000g 1000 00010  1500 00070  1600 00010  2500 00090  
HPD02077500HPCPHT19890800040021600 00020  2500 00020  
HPD02077500HPCPHT19890800050042100 00040  2200 00020  2300 00010  2500 00070  
HPD02077500HPCPHT19890800060020100 00010  2500 00010  
HPD02077500HPCPHT19890800120021700 00030  2500 00030  
HPD02077500HPCPHT19890800140030300 00010  2400 00040  2500 00050  
HPD02077500HPCPHT19890800150030100 00060  0200 00010  2500 00070  
HPD02077500HPCPHT19890800160021400 00040  2500 00040  
HPD02077500HPCPHT19890800170020900 00010  2500 00010  
HPD02077500HPCPHT19890800290022100 00010  2500 00010  
HPD02077500HPCPHT19890800300031400 00020  1500 00010  2500 00030  
HPD02077500HPCPHT19890800310022000 00030  2500 00030  
HPD02077500HPCPHT19890900010030100 00000g 1000 00010  2500 00010  
HPD02077500HPCPHT19891000010020100 00000g 2500 00000  
HPD02077500HPCPHT19891000040071100 00020  1400 00010  1500 00020  1600 00020  1700 00010  1800 00010  2500 00090  
HPD02077500HPCPHT19891000050020600 00010  2500 00010  
HPD02077500HPCPHT19891000200021300 00010  2500 00010  
HPD02077500HPCPHT19891000210022100 00010  2500 00010  
HPD02077500HPCPHT19891100010020100 00000g 2500 00000  
HPD02077500HPCPHT19891100210021000 00010  2500 00010  
HPD02077500HPCPHT19891200010020100 00000g 2500 00000  
HPD02077500HPCPHT19891200270022200 00010  2500 00010  
HPD02077500HPCPHT19891200280022100 00010  2500 00010  
HPD02077500HPCPHT19891200290020600 00010  2500 00010  
HPD02077500HPCPHT19891200300021400 00010  2500 00010  
HPD02077500HPCPHT19900100010020100 00000g 2500 00000  
HPD02077500HPCPHT19900100020022400 00010  2500 00010  
HPD02077500HPCPHT19900100030050100 00010  0200 00010  0500 00010  0600 00010  2500 00040  
HPD02077500HPCPHT19900100050022300 00010  2500 00010  
HPD02077500HPCPHT19900100180020700 00010  2500 00010  
HPD02077500HPCPHT19900100190020400 00010  2500 00010  
HPD02077500HPCPHT19900100220021100 00010  2500 00010  
HPD02077500HPCPHT19900100230020600 00010  2500 00010  
HPD02077500HPCPHT19900100310041000 00020  1100 00010  1300 00010  2500 00040  
HPD02077500HPCPHT19900200010050100 00000g 0300 00010  1300 00010  1700 99999{ 2500 00020P 
HPD02077500HPCPHT19900200280022400 99999} 2500 00000P 
HPD02077500HPCPHT19900300010020100 00000g 2500 00000  
HPD02077500HPCPHT19900300100031100 00010  1300 00020  2500 00030  
HPD02077500HPCPHT19900300310022300 00010  2500 00010  
HPD02077500HPCPHT19900400010020100 00000g 2500 00000  
HPD02077500HPCPHT19900400250021300 00010  2500 00010  
HPD02077500HPCPHT19900500010020100 00000g 2500 00000  
HPD02077500HPCPHT19900500020021300 00010  2500 00010  
HPD02077500HPCPHT19900600010020100 00000g 2500 00000  
HPD02077500HPCPHT19900600070021600 00010  2500 00010  
HPD02077500HPCPHT19900600080021500 00010  2500 00010  
HPD02077500HPCPHT19900600090021500 00010  2500 00010  
HPD02077500HPCPHT19900600100030200 00010  0800 00010  2500 00020  
HPD02077500HPCPHT19900600290022300 00010  2500 00010  
HPD02077500HPCPHT19900600300021100 00010  2500 00010  
HPD02077500HPCPHT19900700010020100 00000g 2500 00000  
HPD02077500HPCPHT19900700040050700 00010  1000 00010  1400 00100  1500 00070  2500 00190  
HPD02077500HPCPHT19900700050042000 00010  2100 00010  2300 00010  2500 00030  
HPD02077500HPCPHT19900700060021900 00020  2500 00020  
HPD02077500HPCPHT19900700080022300 00020  2500 00020  
HPD02077500HPCPHT19900700090020900 00010  2500 00010  
HPD02077500HPCPHT19900700110022200 00010  2500 00010  
HPD02077500HPCPHT19900700120020200 00010  2500 00010  
HPD02077500HPCPHT19900700140051600 00010  1900 00010  2100 00010  2300 00010  2500 00040  
HPD02077500HPCPHT19900700150021200 00010  2500 00010  
HPD02077500HPCPHT19900700160061000 00010  1100 00030  1500 00200  1600 00010  2000 00010  2500 00260  
HPD02077500HPCPHT19900700170021300 00010  2500 00010  
HPD02077500HPCPHT19900700180021900 00010  2500 00010  
HPD02077500HPCPHT19900700190022200 00030  2500 00030  
HPD02077500HPCPHT19900700200020200 00010  2500 00010  
HPD02077500HPCPHT19900700210020900 00060  2500 00060  
HPD02077500HPCPHT19900700230030300 00010  0500 00010  2500 00020  
HPD02077500HPCPHT19900700310022200 00020  2500 00020  
HPD02077500HPCPHT19900800010050100 00000g 1600 00020  1700 00030  1800 00010  2500 00060  
HPD02077500HPCPHT19900800020021500 00010  2500 00010  
HPD02077500HPCPHT19900800030051500 00010  2200 00100  2300 00020  2400 00010  2500 00140  
HPD02077500HPCPHT19900800050021700 00010  2500 00010  
HPD02077500HPCPHT19900800060041200 00010  1300 00010  1600 00010  2500 00030  
HPD02077500HPCPHT19900800090021900 00010  2500 00010  
HPD02077500HPCPHT19900800120040200 00010  0400 00020  0600 00010  2500 00040  
HPD02077500HPCPHT19900800130110400 00010  0500 00020  0600 00020  0700 00030  1000 00010  1100 00020  1200 00010  1300 00010  1400 00010  1800 00010  2500 00150  
HPD02077500HPCPHT19900800140031600 00020  1700 00010  2500 00030  
HPD02077500HPCPHT19900800150060100 00010  0900 00020  1000 00030  1600 00060  1900 00010  2500 00130  
HPD02077500HPCPHT19900800170021300 00010  2500 00010  
HPD02077500HPCPHT19900800290022000 00010  2500 00010  
HPD02077500HPCPHT19900800310021800 00020  2500 00020  
HPD02077500HPCPHT19900900010020100 00000g 2500 00000  
HPD02077500HPCPHT19900900020041000 00010  1500 00030  1600 00010  2500 00050  
HPD02077500HPCPHT19900900050032300 00030  2400 00030  2500 00060  
HPD02077500HPCPHT19900900140031400 00010  1600 00010  2500 00020  
HPD02077500HPCPHT19900900160021300 00010  2500 00010  
HPD02077500HPCPHT19900900220030700 00010  1000 00010  2500 00020  
HPD02077500HPCPHT19900900300040800 00010  0900 00020  1100 00010  2500 00040  
HPD02077500HPCPHT19901000010080100 00000g 0300 00010  0700 00050  0800 00020  0900 00010  1000 00010  2300 00010  2500 00110  
HPD02077500HPCPHT19901000060021100 00010  2500 00010  
HPD02077500HPCPHT19901000160031700 00010  1800 00010  2500 00020  
HPD02077500HPCPHT19901100010020100 00000g 2500 00000  
HPD02077500HPCPHT19901100020021400 00010  2500 00010  
HPD02077500HPCPHT19901100070032200 00010  2300 00010  2500 00020  
HPD02077500HPCPHT19901100080020600 00010  2500 00010  
HPD02077500HPCPHT19901100250032300 00020  2400 00020  2500 00040  
HPD02077500HPCPHT19901100260050100 00030  0200 00010  0800 00010  2300 00010  2500 00060  
HPD02077500HPCPHT19901100270020100 00010  2500 00010  
HPD02077500HPCPHT19901200010030100 00000g 1700 99999{ 2500 00000P 
HPD02077500HPCPHT19901200310022400 99999} 2500 00000P 
HPD02077500HPCPHT19910100010020100 00000g 2500 00000  
HPD02077500HPCPHT19910100050060500 00010  0600 00020  1500 00010  1600 00010  2200 00010  2500 00060  
HPD02077500HPCPHT19910100060020100 00010  2500 00010  
HPD02077500HPCPHT19910100160071800 00010  2000 00010  2100 00010  2200 00010  2300 00010  2400 00010  2500 00060  
HPD02077500HPCPHT19910100170050200 00010  0500 00010  0600 00010  1100 00020  2500 00050  
HPD02077500HPCPHT19910100180021200 00010  2500 00010  
HPD02077500HPCPHT19910200010020100 00000g 2500 00000  
HPD02077500HPCPHT19910200110071300 00010  1600 00010  1800 00010  2100 00010  2300 00010  2400 00020  2500 00070  
HPD02077500HPCPHT19910200120090100 00010  0300 00010  0400 00010  0500 00010  0600 00010  1100 00010  1400 00020  1500 00020  2500 00100  
HPD02077500HPCPHT19910200130021000 00010  2500 00010  
HPD02077500HPCPHT19910200180040600 00010  1400 00010  1700 00010  2500 00030  
HPD02077500HPCPHT19910200280080500 00010  0800 00010  0900 00010  1000 00010  1100 00020  1200 00040  1300 00020  2500 00120  
HPD02077500HPCPHT19910300010070100 99999{ 1500 99999} 1800 00010  1900 00010  2100 00010  2200 00010  2500 00040P 
HPD02077500HPCPHT19910300020020200 00020  2500 00020  
HPD02077500HPCPHT19910300160040100 00010  0300 00010  0600 00010  2500 00030  
HPD02077500HPCPHT19910300210080100 00010  0200 00010  0300 00010  1000 00010  1400 00010  1600 00010  1700 00010  2500 00070  
HPD02077500HPCPHT19910300260031300 00020  1500 00010  2500 00030  
HPD02077500HPCPHT19910300270032200 00010  2400 00010  2500 00020  
HPD02077500HPCPHT19910400010020100 00000g 2500 00000  
HPD02077500HPCPHT19910500010040100 99999{ 1600 99999} 1700 99999{ 2500 00000P 
HPD02077500HPCPHT19910500310022400 99999} 2500 00000P 
HPD02077500HPCPHT19910600010020100 00000g 2500 00000  
HPD02077500HPCPHT19910600100021200 00010  2500 00010  
HPD02077500HPCPHT19910600110021500 00010  2500 00010  
HPD02077500HPCPHT19910600290022100 00010  2500 00010  
HPD02077500HPCPHT19910700010020100 00000g 2500 00000  
HPD02077500HPCPHT19910700040020100 00010  2500 00010  
HPD02077500HPCPHT19910700060040800 00010  1100 00010  1600 00040  2500 00060  
HPD02077500HPCPHT19910700070031100 00010  2000 00040  2500 00050  
HPD02077500HPCPHT19910700080021400 00010  2500 00010  
HPD02077500HPCPHT19910700130021800 99999a 2500 00000I 
HPD02077500HPCPHT19910700170030700 00030A 1700 00040  2500 00070P 
HPD02077500HPCPHT19910700180020900 00010  2500 00010  
HPD02077500HPCPHT19910700230041700 00020  1800 00010  1900 00020  2500 00050  
HPD02077500HPCPHT19910700240020700 00010  2500 00010  
HPD02077500HPCPHT19910700250021400 00010  2500 00010  
HPD02077500HPCPHT19910700290031200 00010  1700 00010  2500 00020  
HPD02077500HPCPHT19910700300021200 00010  2500 00010  
HPD02077500HPCPHT19910700310022000 00040  2500 00040  
HPD02077500HPCPHT19910800010040100 00000g 1500 00010  1600 00040  2500 00050  
HPD02077500HPCPHT19910800020021800 00010  2500 00010  
HPD02077500HPCPHT19910800070032100 00030  2200 00020  2500 00050  
HPD02077500HPCPHT19910800090052100 00010  2200 00020  2300 00010  2400 00010  2500 00050  
HPD02077500HPCPHT19910800100060300 00010  0700 00010  1300 00010  1400 00010  1600 00010  2500 00050  
HPD02077500HPCPHT19910800140021800 00010  2500 00010  
HPD02077500HPCPHT19910800150030200 00010  1900 00010  2500 00020  
HPD02077500HPCPHT19910800170031500 00010  1600 00010  2500 00020  
HPD02077500HPCPHT19910800200021400 00010  2500 00010  
HPD02077500HPCPHT19910800270021100 00010  2500 00010  
HPD02077500HPCPHT19910800290022200 00010  2500 00010  
HPD02077500HPCPHT19910800300030800 00010  2300 00010  2500 00020  
HPD02077500HPCPHT19910900010020100 00000g 2500 00000  
HPD02077500HPCPHT19910900020031200 00010  1300 00010  2500 00020  
HPD02077500HPCPHT19910900040031900 00080  2000 00010  2500 00090  
HPD02077500HPCPHT19910900090051400 00020  1500 00010  1700 00010  1800 00010  2500 00050  
HPD02077500HPCPHT19910900140021800 00020  2500 00020  
HPD02077500HPCPHT19910900170021900 00010  2500 00010  
HPD02077500HPCPHT19910900180031500 00020  1600 00030  2500 00050  
HPD02077500HPCPHT19910900190020400 00010  2500 00010  
HPD02077500HPCPHT19911000010020100 00000g 2500 00000  
HPD02077500HPCPHT19911000270031300 00010  1400 00010  2500 00020  
HPD02077500HPCPHT19911100010020100 00000g 2500 00000  
HPD02077500HPCPHT19911100100022000 00010  2500 00010  
HPD02077500HPCPHT19911100130022400 00010  2500 00010  
HPD02077500HPCPHT19911100150060600 00010  1800 00020  1900 00010  2000 00010  2300 00010  2500 00060  
HPD02077500HPCPHT19911100180020700 99999{ 2500 00000P 
HPD02077500HPCPHT19911100300022400 99999} 2500 00000P 
HPD02077500HPCPHT19911200010020100 99999a 2500 00000I 
HPD02077500HPCPHT19911200310022400 00430A 2500 00430P 
HPD02077500HPCPHT19920100010030100 00000g 1700 99999a 2500 00000I 
HPD02077500HPCPHT19920100310022400 00250A 2500 00250P 
HPD02077500HPCPHT19920200010030100 99999{ 1600 99999} 2500 00000P 
HPD02077500HPCPHT19920200020031200 00010  1800 00010  2500 00020  
HPD02077500HPCPHT19920200030021400 00010  2500 00010  
HPD02077500HPCPHT19920200070030700 00010  1100 99999{ 2500 00010P 
HPD02077500HPCPHT19920200290022400 99999} 2500 00000P 
HPD02077500HPCPHT19920300010040100 99999{ 1500 99999} 1600 99999[ 2500 00000P 
HPD02077500HPCPHT19920300020060700 99999] 1400 00010  1800 00010  1900 00030  2000 00010  2500 00060I 
HPD02077500HPCPHT19920300030020100 00010  2500 00010  
HPD02077500HPCPHT19920300080020200 00010  2500 00010  
HPD02077500HPCPHT19920300090020600 00010  2500 00010  
HPD02077500HPCPHT19920300100020800 00010  2500 00010  
HPD02077500HPCPHT19920300270060800 00010  0900 00010  1100 00010  1200 00010  1600 00010  2500 00050  
HPD02077500HPCPHT19920300280050200 00010  0800 00010  1700 00010  2000 00010  2500 00040  
HPD02077500HPCPHT19920400010030100 00000g 2000 00010  2500 00010  
HPD02077500HPCPHT19920400030030200 00010  1100 00010  2500 00020  
HPD02077500HPCPHT19920500010030100 00000g 1700 99999[ 2500 00000I 
HPD02077500HPCPHT19920500310022400 99999] 2500 00000I 
HPD02077507HPCPHT19970700010020100 99999[ 2500 00000I 
HPD02077507HPCPHT19970700020021100 99999] 2500 00000I 
HPD02077507HPCPHT19970700100021600 00010  2500 00010  
HPD02077507HPCPHT19970700110021000 00010  2500 00010  
HPD02077507HPCPHT19970700190020100 00010  2500 00010  
HPD02077507HPCPHT19970700200030700 00010  2200 00010  2500 00020  
HPD02077507HPCPHT19970700210021700 00010  2500 00010  
HPD02077507HPCPHT19970700250031700 00010  1900 00010  2500 00020  
HPD02077507HPCPHT19970700260021900 00010  2500 00010  
HPD02077507HPCPHT19970700270021000 00010  2500 00010  
HPD02077507HPCPHT19970700290020500 00010  2500 00010  
HPD02077507HPCPHT19970700310022300 00010  2500 00010  
HPD02077507HPCPHT19970800010020100 00000g 2500 00000  
HPD02077507HPCPHT19970800030021900 00010  2500 00010  
HPD02077507HPCPHT19970800050022400 00020  2500 00020  
HPD02077507HPCPHT19970800060040100 00010  0200 00030  0300 00020  2500 00060  
HPD02077507HPCPHT19970800080031200 00140  1300 00010  2500 00150  
HPD02077507HPCPHT19970800130022300 00010  2500 00010  
HPD02077507HPCPHT19970800170021500 00010  2500 00010  
HPD02077507HPCPHT19970800180021200 00010  2500 00010  
HPD02077507HPCPHT19970800200021200 00010  2500 00010  
HPD02077507HPCPHT19970800220021600 00010  2500 00010  
HPD02077507HPCPHT19970800230031900 00010  2000 00010  2500 00020  
HPD02077507HPCPHT19970800240020100 00010  2500 00010  
HPD02077507HPCPHT19970900010030100 00000g 0200 00010  2500 00010  
HPD02077507HPCPHT19970900050022000 00010  2500 00010  
HPD02077507HPCPHT19970900110021100 00010  2500 00010  
HPD02077507HPCPHT19970900140021000 00040  2500 00040  
HPD02077507HPCPHT19970900150020700 00010  2500 00010  
HPD02077507HPCPHT19970900170020200 00010  2500 00010  
HPD02077507HPCPHT19970900200042000 00020  2100 00060  2200 00060  2500 00140  
HPD02077507HPCPHT19970900210020900 00020  2500 00020  
HPD02077507HPCPHT19970900220020300 00010  2500 00010  
HPD02077507HPCPHT19970900290021900 00010  2500 00010  
HPD02077507HPCPHT19970900300020900 00010  2500 00010  
HPD02077507HPCPHT19971000010030100 00000g 1800 00010  2500 00010  
HPD02077507HPCPHT19971000020021900 00010  2500 00010  
HPD02077507HPCPHT19971000070041400 00030  1500 00010  1600 00010  2500 00050  
HPD02077507HPCPHT19971000220021300 00010  2500 00010  
HPD02077507HPCPHT19971100010020100 00000g 2500 00000  
HPD02077507HPCPHT19971100110030400 00010  0700 00010  2500 00020  
HPD02077507HPCPHT19971100120050300 00010  1300 00010  2100 00010  2200 00010  2500 00040  
HPD02077507HPCPHT19971100130020100 00030  2500 00030  
HPD02077507HPCPHT19971100140031000 00010  1300 00010  2500 00020  
HPD02077507HPCPHT19971100270020900 00010  2500 00010  
HPD02077507HPCPHT19971100300022400 00020  2500 00020  
HPD02077507HPCPHT19971200010020100 00000g 2500 00000  
HPD02077507HPCPHT19971200020070500 00010  0900 00010  1200 00010  1300 00010  1400 00010  1600 00010  2500 00060  
HPD02077507HPCPHT19971200060052100 00010  2200 00020  2300 00010  2400 00010  2500 00050  
HPD02077507HPCPHT19971200070050300 00010  0600 00030  0900 00010  1200 00010  2500 00060  
HPD02077507HPCPHT19971200080042100 00010  2200 00010  2300 00010  2500 00030  
HPD02077507HPCPHT19971200090030100 00010  0400 00010  2500 00020  
HPD02077507HPCPHT19971200190051600 00040  1700 00030  1900 00020  2100 00020  2500 00110  
HPD02077507HPCPHT19971200210022400 00020  2500 00020  
HPD02077507HPCPHT19971200220080200 00010  0300 00040  0400 00030  0500 00040  0600 00020  0900 00020  1200 00020  2500 00180  
HPD02077507HPCPHT19971200230021200 00020 Z2500 00020 Z
HPD02077507HPCPHT19971200240041900 00030  2000 00010  2100 00020  2500 00060  
HPD02077507HPCPHT19971200260031000 00010  1100 00010  2500 00020  
HPD02077507HPCPHT19971200270020300 99999{ 2500 00000P 
HPD02077507HPCPHT19971200310022400 99999} 2500 00000P 
HPD02077507HPCPHT19980100010020100 00000g 2500 00000  
HPD02077507HPCPHT19980100210021200 00010  2500 00010  
HPD02077507HPCPHT19980200010020100 00000g 2500 00000  
HPD02077507HPCPHT19980200030022400 00010  2500 00010  
HPD02077507HPCPHT19980200040040100 00010  0400 00010  1000 99999{ 2500 00020P 
HPD02077507HPCPHT19980200280022400 99999} 2500 00000P 
HPD02077507HPCPHT19980300010020100 99999{ 2500 00000P 
HPD02077507HPCPHT19980300030021700 99999} 2500 00000P 
HPD02077507HPCPHT19980300070020500 00010  2500 00010  
HPD02077507HPCPHT19980300120030800 99999{ 1100 99999} 2500 00000P 
HPD02077507HPCPHT19980300260070600 00020  0700 00010  0900 00010  1000 00020  1100 00010  1600 00010  2500 00080  
HPD02077507HPCPHT19980300270020100 00010  2500 00010  
HPD02077507HPCPHT19980300290040600 00010  0800 00010  2400 00010  2500 00030  
HPD02077507HPCPHT19980300300040300 00010  1100 00010  1200 00010  2500 00030  
HPD02077507HPCPHT19980400010020100 00000g 2500 00000  
HPD02077507HPCPHT19980400030030700 99999[ 1000 99999] 2500 00000I 
HPD02077507HPCPHT19980500010020100 00000g 2500 00000  
HPD02077507HPCPHT19980600010020100 00000g 2500 00000  
HPD02077507HPCPHT19980600100021300 00020  2500 00020  
HPD02077507HPCPHT19980700010020100 00000g 2500 00000  
HPD02077507HPCPHT19980700020031600 00030  1700 00010  2500 00040  
HPD02077507HPCPHT19980700030030900 00010  1800 00010  2500 00020  
HPD02077507HPCPHT19980700050021000 00010  2500 00010  
HPD02077507HPCPHT19980700060061200 00040  1300 00040  1400 00010  1500 00010  1600 00010  2500 00110  
HPD02077507HPCPHT19980700070041400 00080  1500 00020  1600 00010  2500 00110  
HPD02077507HPCPHT19980700110022000 00010  2500 00010  
HPD02077507HPCPHT19980700180021700 00010  2500 00010  
HPD02077507HPCPHT19980700190021500 00010  2500 00010  
HPD02077507HPCPHT19980700200020900 00010  2500 00010  
HPD02077507HPCPHT19980700220020900 00010  2500 00010  
HPD02077507HPCPHT19980700230021900 00010  2500 00010  
HPD02077507HPCPHT19980700250021800 00010  2500 00010  
HPD02077507HPCPHT19980700300021600 00010  2500 00010  
HPD02077507HPCPHT19980700310050500 00010  0800 00020  0900 00010  1000 00010  2500 00050  
HPD02077507HPCPHT19980800010020100 00000g 2500 00000  
HPD02077507HPCPHT19980800020031900 00060  2100 00010  2500 00070  
HPD02077507HPCPHT19980800030020800 00010  2500 00010  
HPD02077507HPCPHT19980800120020300 00010  2500 00010  
HPD02077507HPCPHT19980800130020100 00030  2500 00030  
HPD02077507HPCPHT19980800190020600 00010  2500 00010  
HPD02077507HPCPHT19980800240031300 00010  1400 00020  2500 00030  
HPD02077507HPCPHT19980800260021900 00010  2500 00010  
HPD02077507HPCPHT19980800270021800 00010  2500 00010  
HPD02077507HPCPHT19980800280021100 00010  2500 00010  
HPD02077507HPCPHT19980900010020100 00000g 2500 00000  
HPD02077507HPCPHT19980900030071800 00010  1900 00020  2000 00010  2100 00010  2200 00010  2300 00010  2500 00070  
HPD02077507HPCPHT19980900040021000 99999[ 2500 00000I 
HPD02077507HPCPHT19980900300022400 99999] 2500 00000I 
HPD02077507HPCPHT19981000010020100 00000g 2500 00000  
HPD02077507HPCPHT19981000220021400 00010  2500 00010  
HPD02077507HPCPHT19981000230020700 00020  2500 00020  
HPD02077507HPCPHT19981000260022400 00020  2500 00020  
HPD02077507HPCPHT19981000270020200 00020  2500 00020  
HPD02077507HPCPHT19981100010020100 00000g 2500 00000  
HPD02077507HPCPHT19981100030040200 00020 R0500 00050 R0600 99999{ 2500 00070PR
HPD02077507HPCPHT19981100300022400 99999} 2500 00000P 
HPD02077507HPCPHT19981200010020100 00000g 2500 00000  
HPD02077507HPCPHT19981200100030800 00010  1000 00020  2500 00030  
HPD02077507HPCPHT19981200110021000 00010  2500 00010  
HPD02077507HPCPHT19981200180020900 00010  2500 00010  
