HPD02827306HPCPHT20000100010020100 00000g 2500 00000  
HPD02827306HPCPHT20000100020021800 00010  2500 00010  
HPD02827306HPCPHT20000100030041400 00010  1500 00010  1600 00010  2500 00030  
HPD02827306HPCPHT20000200010020100 00000g 2500 00000  
HPD02827306HPCPHT20000200210020100 99999{ 2500 00000P 
HPD02827306HPCPHT20000200240022400 99999} 2500 00000P 
HPD02827306HPCPHT20000300010020100 00000g 2500 00000  
HPD02827306HPCPHT20000300040020100 99999{ 2500 00000P 
HPD02827306HPCPHT20000300080022400 99999} 2500 00000P 
HPD02827306HPCPHT20000300130020200 99999{ 2500 00000P 
HPD02827306HPCPHT20000300140021200 99999} 2500 00000P 
HPD02827306HPCPHT20000300150021900 00010  2500 00010  
HPD02827306HPCPHT20000300280040400 00010  0600 00010  0800 00010  2500 00030  
HPD02827306HPCPHT20000300310031300 00010  1600 00020  2500 00030  
HPD02827306HPCPHT20000400010020100 00000g 2500 00000  
HPD02827306HPCPHT20000500010020100 00000g 2500 00000  
HPD02827306HPCPHT20000600010020100 00000g 2500 00000  
HPD02827306HPCPHT20000600060020900 99999[ 2500 00000I 
HPD02827306HPCPHT20000600300022400 99999] 2500 00000I 
HPD02827306HPCPHT20000700010020100 00000g 2500 00000  
HPD02827306HPCPHT20000700300022300 00040  2500 00040  
HPD02827306HPCPHT20000800010020100 00000g 2500 00000  
HPD02827306HPCPHT20000800070041800 00030  1900 00010  2000 00050  2500 00090  
HPD02827306HPCPHT20000800090020100 00010  2500 00010  
HPD02827306HPCPHT20000800110021600 00010  2500 00010  
HPD02827306HPCPHT20000800170021900 00090  2500 00090  
HPD02827306HPCPHT20000800210021000 00010  2500 00010  
HPD02827306HPCPHT20000800220022400 00010  2500 00010  
HPD02827306HPCPHT20000800240031700 00050  1800 00010  2500 00060  
HPD02827306HPCPHT20000800260031900 00010  2200 00010  2500 00020  
HPD02827306HPCPHT20000800270020800 00010  2500 00010  
HPD02827306HPCPHT20000800280030900 00010  1300 00010  2500 00020  
HPD02827306HPCPHT20000800290080400 00010  0500 00010  0700 00010  1400 00010  1500 00010  1600 00010  1700 00010  2500 00070  
HPD02827306HPCPHT20000800300021600 00010  2500 00010  
HPD02827306HPCPHT20000900010020100 00000g 2500 00000  
HPD02827306HPCPHT20001000010020100 00000g 2500 00000  
HPD02827306HPCPHT20001000040041000 00010  1100 00010  1300 00010  2500 00030  
HPD02827306HPCPHT20001000090031600 00010  1700 00010  2500 00020  
HPD02827306HPCPHT20001000100060500 00010  0600 00010  0700 00040  0800 00020  0900 00010  2500 00090  
HPD02827306HPCPHT20001000110040300 00030  0400 00030  0500 00010  2500 00070  
HPD02827306HPCPHT20001000180022400 00010  2500 00010  
HPD02827306HPCPHT20001000190021300 00020  2500 00020  
HPD02827306HPCPHT20001000210061900 00010  2000 00010  2100 00010  2300 00010  2400 00040  2500 00080  
HPD02827306HPCPHT20001000220110100 00110  0300 00020  0400 00010  0700 00040  0900 00050  1000 00020  1100 00010  1200 00010  1300 00010  2300 00010  2500 00290  
HPD02827306HPCPHT20001000230070300 00010  2000 00010  2100 00010  2200 00010  2300 00020  2400 00020  2500 00080  
HPD02827306HPCPHT20001000240040600 00010  0800 00010  0900 00010  2500 00030  
HPD02827306HPCPHT20001000270101300 00010  1400 00020  1500 00010  1600 00020  1700 00030  1800 00010  1900 00020  2000 00010  2100 00010  2500 00140  
HPD02827306HPCPHT20001000280021100 00010  2500 00010  
HPD02827306HPCPHT20001000300051800 00020  1900 00010  2000 00020  2100 00020  2500 00070  
HPD02827306HPCPHT20001000310020200 00010  2500 00010  
HPD02827306HPCPHT20001100010020100 00000g 2500 00000  
HPD02827306HPCPHT20001100040040600 00010  1800 00010  2300 00020  2500 00040  
HPD02827306HPCPHT20001100060041100 00010  1300 00010  1700 00010  2500 00030  
HPD02827306HPCPHT20001100100031000 00010  1900 00010  2500 00020  
HPD02827306HPCPHT20001100110020100 00010  2500 00010  
HPD02827306HPCPHT20001200010030100 00000g 0200 99999[ 2500 00000I 
HPD02827306HPCPHT20001200210020900 99999] 2500 00000I 
