HPD02232900HPCPHT19800600010020100 00000g 2500 00000  
HPD02232900HPCPHT19800600300052100 00060  2200 00030  2300 00020  2400 00010  2500 00120  
HPD02232900HPCPHT19800700010020100 00000g 2500 00000  
HPD02232900HPCPHT19800700130021100 00010  2500 00010  
HPD02232900HPCPHT19800700190021100 00010  2500 00010  
HPD02232900HPCPHT19800700210022100 00010  2500 00010  
HPD02232900HPCPHT19800700250022400 00010  2500 00010  
HPD02232900HPCPHT19800700270031600 00010  1800 00010  2500 00020  
HPD02232900HPCPHT19800700280021400 00010  2500 00010  
HPD02232900HPCPHT19800800010020100 00000g 2500 00000  
HPD02232900HPCPHT19800800020080700 00020  0800 00010  0900 00010  1000 00010  1100 00010  1200 00010  1600 00010  2500 00080  
HPD02232900HPCPHT19800800120021900 00030  2500 00030  
HPD02232900HPCPHT19800800130021100 00010  2500 00010  
HPD02232900HPCPHT19800800240021700 00020  2500 00020  
HPD02232900HPCPHT19800900010020100 00000g 2500 00000  
HPD02232900HPCPHT19800900050030900 00010  1300 00010  2500 00020  
HPD02232900HPCPHT19800900060030500 00010  1000 00010  2500 00020  
HPD02232900HPCPHT19800900100030300 00010  1100 00010  2500 00020  
HPD02232900HPCPHT19801000010020100 00000g 2500 00000  
HPD02232900HPCPHT19801000120042000 00030  2100 00010  2200 00010  2500 00050  
HPD02232900HPCPHT19801000130021000 00010  2500 00010  
HPD02232900HPCPHT19801000160021200 00010  2500 00010  
HPD02232900HPCPHT19801000260021300 00010  2500 00010  
HPD02232900HPCPHT19801100010020100 00000g 2500 00000  
HPD02232900HPCPHT19801200010020100 00000g 2500 00000  
HPD02232900HPCPHT19801200060030100 00010  1200 00010  2500 00020  
HPD02232900HPCPHT19801200070070200 00010  0300 00010  0400 00010  0500 00010  1100 00010  1300 00010  2500 00060  
HPD02232900HPCPHT19801200080021300 00010  2500 00010  
HPD02232900HPCPHT19810100010020100 00000g 2500 00000  
HPD02232900HPCPHT19810100110041200 00010  1400 00010  1900 00010  2500 00030  
HPD02232900HPCPHT19810100120060200 00010  0300 00010  0400 00010  0500 00010  0800 00010  2500 00050  
HPD02232900HPCPHT19810100280021900 00010  2500 00010  
HPD02232900HPCPHT19810100290021200 00010  2500 00010  
HPD02232900HPCPHT19810200010020100 00000g 2500 00000  
HPD02232900HPCPHT19810200080022200 00010  2500 00010  
HPD02232900HPCPHT19810200090090200 00010  0400 00010  0800 00010  1000 00010  1100 00010  1200 00010  1300 00010  1600 00010  2500 00080  
HPD02232900HPCPHT19810200260040400 00010  0600 00010  0900 00010  2500 00030  
HPD02232900HPCPHT19810200270020700 00010  2500 00010  
HPD02232900HPCPHT19810300010050100 00000g 2100 00020  2300 00020  2400 00060  2500 00100  
HPD02232900HPCPHT19810300020080100 00030  0200 00020  0300 00010  0400 00020  0500 00010  0600 00010  1100 00010  2500 00110  
HPD02232900HPCPHT19810300030021600 00010  2500 00010  
HPD02232900HPCPHT19810300050020800 99999[ 2500 00000I 
HPD02232900HPCPHT19810300060021700 99999] 2500 00000I 
HPD02232900HPCPHT19810300120041400 00010  1500 00010  1600 00010  2500 00030  
HPD02232900HPCPHT19810300130022400 00010  2500 00010  
HPD02232900HPCPHT19810300140020100 00020  2500 00020  
HPD02232900HPCPHT19810300200030600 00010  0700 00020  2500 00030  
HPD02232900HPCPHT19810300260022100 00010  2500 00010  
HPD02232900HPCPHT19810300270021200 00010  2500 00010  
HPD02232900HPCPHT19810300280021000 00010  2500 00010  
HPD02232900HPCPHT19810400010020100 00000g 2500 00000  
HPD02232900HPCPHT19810400020031600 00010  1800 00010  2500 00020  
HPD02232900HPCPHT19810400030030400 00010  1000 99999[ 2500 00010I 
HPD02232900HPCPHT19810400300022400 99999] 2500 00000I 
HPD02232900HPCPHT19810500010020100 99999[ 2500 00000I 
HPD02232900HPCPHT19810500020021000 99999] 2500 00000I 
HPD02232900HPCPHT19810500300031300 00040  1500 00010  2500 00050  
HPD02232900HPCPHT19810500310020900 00010  2500 00010  
HPD02232900HPCPHT19810600010020100 00000g 2500 00000  
HPD02232900HPCPHT19810600250022100 00010  2500 00010  
HPD02232900HPCPHT19810600260031600 00010  1800 00020  2500 00030  
HPD02232900HPCPHT19810700010020100 00000g 2500 00000  
HPD02232900HPCPHT19810700090031300 00010  1400 00020  2500 00030  
HPD02232900HPCPHT19810700100022200 00010  2500 00010  
HPD02232900HPCPHT19810700110040100 00010  0300 00010  2000 00030  2500 00050  
HPD02232900HPCPHT19810700120020800 00010  2500 00010  
HPD02232900HPCPHT19810700150022000 00010  2500 00010  
HPD02232900HPCPHT19810700270031400 00010  1800 00010  2500 00020  
HPD02232900HPCPHT19810700280021500 00010  2500 00010  
HPD02232900HPCPHT19810700290022400 00020  2500 00020  
HPD02232900HPCPHT19810700300020100 00010  2500 00010  
HPD02232900HPCPHT19810700310031200 00020  1300 00160  2500 00180  
HPD02232900HPCPHT19810800010030100 00000g 2400 00010  2500 00010  
HPD02232900HPCPHT19810800100042000 00020  2300 00020  2400 00030  2500 00070  
HPD02232900HPCPHT19810800110060100 00010  0200 00010  0300 00010  0400 00010  0500 00010  2500 00050  
HPD02232900HPCPHT19810800140021600 00010  2500 00010  
HPD02232900HPCPHT19810800230031200 00010  1500 00010  2500 00020  
HPD02232900HPCPHT19810800250021700 00010  2500 00010  
HPD02232900HPCPHT19810800260021700 00010  2500 00010  
HPD02232900HPCPHT19810800310020200 00010  2500 00010  
HPD02232900HPCPHT19810900010020100 99999a 2500 00000I 
HPD02232900HPCPHT19810900020021600 00050A 2500 00050P 
HPD02232900HPCPHT19810900040021300 00010  2500 00010  
HPD02232900HPCPHT19810900060090500 00010  0600 00020  0700 00030  0800 00020  1200 00010  1300 00010  1400 00010  1500 00020  2500 00130  
HPD02232900HPCPHT19810900090021400 00010  2500 00010  
HPD02232900HPCPHT19810900190041100 00020  1200 00020  1400 00010  2500 00050  
HPD02232900HPCPHT19810900230030500 00010  0600 00010  2500 00020  
HPD02232900HPCPHT19811000010070100 00000g 0900 00010  1000 00010  1600 00010  1700 00040  1900 00010  2500 00080  
HPD02232900HPCPHT19811000020060100 00010  0200 00020  0400 00020  0500 00010  0600 00010  2500 00070  
HPD02232900HPCPHT19811100010020100 00000g 2500 00000  
HPD02232900HPCPHT19811100060021500 00010  2500 00010  
HPD02232900HPCPHT19811100270080900 00010  1000 00020  1100 00010  1200 00010  1300 00020  1400 00010  2400 00010  2500 00090  
HPD02232900HPCPHT19811100280190200 00020  0300 00010  0600 00010  0700 00020  0900 00010  1000 00010  1100 00010  1200 00010  1300 00020  1400 00020  1500 00010  1600 00020  1700 00030  1800 00020  1900 00030  2000 00020  2200 00010  2300 00010  2500 00290  
HPD02232900HPCPHT19811100290060200 00010  0700 00010  1100 00010  1200 00010  1400 00010  2500 00050  
HPD02232900HPCPHT19811200010020100 00000g 2500 00000  
HPD02232900HPCPHT19820100010150100 00000g 0800 00030  0900 00010  1000 00010  1100 00020  1200 00020  1300 00010  1400 00020  1500 00010  1600 00010  1700 00010  2100 00030  2200 00010  2300 00010  2500 00200  
HPD02232900HPCPHT19820100020031500 00010  2000 00010  2500 00020  
HPD02232900HPCPHT19820100050032000 00010  2400 00010  2500 00020  
HPD02232900HPCPHT19820100060021600 00010  2500 00010  
HPD02232900HPCPHT19820100110031100 00010  1800 00010  2500 00020  
HPD02232900HPCPHT19820100120031500 00010  1600 00010  2500 00020  
HPD02232900HPCPHT19820100210091000 00010  1100 00020  1200 00020  1300 00030  1400 00030  1500 00020  1800 00010  2200 00010  2500 00150  
HPD02232900HPCPHT19820200010020100 99999[ 2500 00000I 
HPD02232900HPCPHT19820200280022400 99999] 2500 00000I 
HPD02232900HPCPHT19820300010020100 99999[ 2500 00000I 
HPD02232900HPCPHT19820300310022400 99999] 2500 00000I 
HPD02232900HPCPHT19820400010040100 00000g 2000 00020  2200 00010  2500 00030  
HPD02232900HPCPHT19820500010050100 00000g 2100 00030  2200 00020  2400 00010  2500 00060  
HPD02232900HPCPHT19820500040030200 00010  0600 00030  2500 00040  
HPD02232900HPCPHT19820500050040200 00020  0600 00010  0800 00010  2500 00040  
HPD02232900HPCPHT19820500110032000 00010  2100 00010  2500 00020  
HPD02232900HPCPHT19820500120020100 00010  2500 00010  
HPD02232900HPCPHT19820500130021000 00010  2500 00010  
HPD02232900HPCPHT19820600010020100 00000g 2500 00000  
HPD02232900HPCPHT19820700010020100 00000g 2500 00000  
HPD02232900HPCPHT19820700070050600 00010  0700 00010  0800 00010  1200 00010  2500 00040  
HPD02232900HPCPHT19820700180022000 00010  2500 00010  
HPD02232900HPCPHT19820700220021000 00010  2500 00010  
HPD02232900HPCPHT19820700240031500 00010  2100 00010  2500 00020  
HPD02232900HPCPHT19820700260022100 00040  2500 00040  
HPD02232900HPCPHT19820700270041100 00010  1300 00030  1400 00010  2500 00050  
HPD02232900HPCPHT19820700280021400 00010  2500 00010  
HPD02232900HPCPHT19820700290020900 00010  2500 00010  
HPD02232900HPCPHT19820700300021600 00010  2500 00010  
HPD02232900HPCPHT19820700310021200 00010  2500 00010  
HPD02232900HPCPHT19820800010030100 00000g 1000 00010  2500 00010  
HPD02232900HPCPHT19820800100041900 00020  2000 00070  2100 00010  2500 00100  
HPD02232900HPCPHT19820800120040100 00010  0800 00010  1100 00010  2500 00030  
HPD02232900HPCPHT19820800210030200 00010  0700 00010  2500 00020  
HPD02232900HPCPHT19820800230040100 00010  2300 00010  2400 00020  2500 00040  
HPD02232900HPCPHT19820800240021200 00010  2500 00010  
HPD02232900HPCPHT19820800260021400 00010  2500 00010  
HPD02232900HPCPHT19820800310021700 00020  2500 00020  
HPD02232900HPCPHT19820900010020100 00000g 2500 00000  
HPD02232900HPCPHT19820900050031600 00010  1700 00010  2500 00020  
HPD02232900HPCPHT19820900070021600 00010  2500 00010  
HPD02232900HPCPHT19820900080020300 00010  2500 00010  
HPD02232900HPCPHT19820900100071400 00010  1500 00020  1600 00170  1700 00010  1800 00010  1900 00030  2500 00250  
HPD02232900HPCPHT19820900110031700 00010  1800 00010  2500 00020  
HPD02232900HPCPHT19820900260032100 00010  2400 00020  2500 00030  
HPD02232900HPCPHT19820900270022400 00010  2500 00010  
HPD02232900HPCPHT19820900280021200 00010  2500 00010  
HPD02232900HPCPHT19821000010020100 00000g 2500 00000  
HPD02232900HPCPHT19821000260021600 00010  2500 00010  
HPD02232900HPCPHT19821100010020100 00000g 2500 00000  
HPD02232900HPCPHT19821100080111500 00020  1600 00010  1700 00010  1800 00010  1900 00010  2000 00020  2100 00010  2200 00020  2300 00030  2400 00010  2500 00150  
HPD02232900HPCPHT19821100090060100 00010  0400 00010  0500 00010  0700 00010  0900 00010  2500 00050  
HPD02232900HPCPHT19821100100090400 00010  0500 00020  0700 00020  0900 00010  1400 00020  1500 00010  1700 00010  2300 00010  2500 00110  
HPD02232900HPCPHT19821100110030100 00010  1200 00010  2500 00020  
HPD02232900HPCPHT19821100170061100 00010  1200 00010  1500 00010  1800 00010  2400 00010  2500 00050  
HPD02232900HPCPHT19821100180050300 00010  0500 00010  0700 00010  1000 00010  2500 00040  
HPD02232900HPCPHT19821100290022100 00010  2500 00010  
HPD02232900HPCPHT19821100300170600 00010  0700 00010  0800 00020  0900 00020  1000 00040  1100 00030  1200 00040  1300 00040  1400 00030  1500 00030  1600 00030  1700 00060  1800 00010  1900 00020  2100 00010  2200 00010  2500 00410  
HPD02232900HPCPHT19821200010040100 00000g 1300 00010  1700 00010  2500 00020  
HPD02232900HPCPHT19821200080110800 00010  0900 00010  1400 00010  1600 00010  1800 00010  2000 00010  2100 00010  2200 00010  2300 00020  2400 00030  2500 00130  
HPD02232900HPCPHT19821200090180100 00020  0200 00010  0300 00020  0600 00020  0700 00020  0800 00010  0900 00020  1000 00020  1100 00010  1200 00010  1700 00010  1800 00020  1900 00010  2000 00010  2200 00010  2300 00010  2400 00010  2500 00240  
HPD02232900HPCPHT19821200100080100 00010  0300 00010  0400 00010  0800 00010  1000 00010  1200 00010  1500 00010  2500 00070  
HPD02232900HPCPHT19821200220070800 00010  1000 00010  1800 00010  2000 00010  2100 00020  2200 00010  2500 00070  
HPD02232900HPCPHT19821200230110100 00010  0200 00010  0300 00020  0400 00030  0500 00050  0600 00080  0700 00030  0800 00020  1100 00010  1200 00010  2500 00270  
HPD02232900HPCPHT19821200240020300 00010  2500 00010  
HPD02232900HPCPHT19821200300060600 00010  0800 00010  1000 00010  1400 00010  1900 00010  2500 00050  
HPD02232900HPCPHT19830100010020100 00000g 2500 00000  
HPD02232900HPCPHT19830100030021300 00010  2500 00010  
HPD02232900HPCPHT19830100190021500 00010  2500 00010  
HPD02232900HPCPHT19830100270061800 00010  1900 00020  2100 00010  2200 00020  2300 00010  2500 00070  
HPD02232900HPCPHT19830100280060100 00010  0200 00010  0400 00010  0700 00010  1200 00010  2500 00050  
HPD02232900HPCPHT19830100290070900 00020  1000 00020  1100 00030  1200 00020  1300 00020  1400 00020  2500 00130  
HPD02232900HPCPHT19830100310021700 00010  2500 00010  
HPD02232900HPCPHT19830200010020100 00000g 2500 00000  
HPD02232900HPCPHT19830200020052000 00010  2200 00020  2300 00030  2400 00020  2500 00080  
HPD02232900HPCPHT19830200030080500 00010  1000 00010  1200 00010  1400 00010  1500 00010  1700 00010  2400 00010  2500 00070  
HPD02232900HPCPHT19830200040090100 00010  0300 00010  0400 00010  0600 00010  0800 00010  1000 00010  1100 00010  1200 00010  2500 00080  
HPD02232900HPCPHT19830200050021000 00010  2500 00010  
HPD02232900HPCPHT19830200060051200 00010  1500 00010  1800 00010  2200 00010  2500 00040  
HPD02232900HPCPHT19830200070060200 00010  0500 00010  0700 00010  1000 00010  1800 00010  2500 00050  
HPD02232900HPCPHT19830200080090400 00010  0700 00010  0900 00010  1000 00010  1100 00010  1200 00010  1300 00010  1400 00010  2500 00080  
HPD02232900HPCPHT19830200250020800 00010  2500 00010  
HPD02232900HPCPHT19830200260021700 00010  2500 00010  
HPD02232900HPCPHT19830200280030100 00010  0300 00010  2500 00020  
HPD02232900HPCPHT19830300010020100 00000g 2500 00000  
HPD02232900HPCPHT19830300020091000 00030  1100 00010  1700 00010  2000 00010  2100 00010  2200 00010  2300 00020  2400 00020  2500 00120  
HPD02232900HPCPHT19830300030130100 00020  0200 00030  0300 00040  0400 00030  0500 00020  0600 00020  0700 00020  0900 00020  1200 00010  1800 00010  2000 00010  2100 00010  2500 00240  
HPD02232900HPCPHT19830300040100200 00010  0400 00010  0500 00010  0800 00010  1000 00010  1100 00030  1600 00010  1900 00010  2300 00010  2500 00110  
HPD02232900HPCPHT19830300140021600 00010  2500 00010  
HPD02232900HPCPHT19830300170022300 00010  2500 00010  
HPD02232900HPCPHT19830300180060700 00010  1200 00010  1600 00010  1700 00010  1900 00010  2500 00050  
HPD02232900HPCPHT19830300190040400 00010  0600 00010  1000 00010  2500 00030  
HPD02232900HPCPHT19830300210071400 00020  1500 00020  1900 00020  2100 00010  2300 00020  2400 00010  2500 00100  
HPD02232900HPCPHT19830300230020500 00010  2500 00010  
HPD02232900HPCPHT19830300240070900 00010  1000 00020  1100 00020  1200 00020  1300 00020  1400 00010  2500 00100  
HPD02232900HPCPHT19830400010020100 00000g 2500 00000  
HPD02232900HPCPHT19830400070021000 00010  2500 00010  
HPD02232900HPCPHT19830400120022000 00010  2500 00010  
HPD02232900HPCPHT19830400130020900 00010  2500 00010  
HPD02232900HPCPHT19830400200081400 00010  1600 00010  1700 00010  1800 00010  2100 00030  2200 00010  2400 00020  2500 00100  
HPD02232900HPCPHT19830400210100100 00010  0200 00010  0300 00010  0400 00010  0500 00010  0800 00010  1100 00010  1300 00020  1500 00010  2500 00100  
HPD02232900HPCPHT19830400220020800 00010  2500 00010  
HPD02232900HPCPHT19830400300021000 00010  2500 00010  
HPD02232900HPCPHT19830500010020100 00000g 2500 00000  
HPD02232900HPCPHT19830600010020100 00000g 2500 00000  
HPD02232900HPCPHT19830700010020100 00000g 2500 00000  
HPD02232900HPCPHT19830700090030600 00010  0700 00010  2500 00020  
HPD02232900HPCPHT19830700120021400 00040  2500 00040  
HPD02232900HPCPHT19830700210020700 00010  2500 00010  
HPD02232900HPCPHT19830700290021700 00030  2500 00030  
HPD02232900HPCPHT19830800010060100 00000g 0800 00010  2100 00030  2200 00010  2400 00010  2500 00060  
HPD02232900HPCPHT19830800030021500 00010  2500 00010  
HPD02232900HPCPHT19830800040051300 00020  1700 00080  1800 00010  1900 00010  2500 00120  
HPD02232900HPCPHT19830800070022400 00040  2500 00040  
HPD02232900HPCPHT19830800120021100 00010  2500 00010  
HPD02232900HPCPHT19830800130022100 00010  2500 00010  
HPD02232900HPCPHT19830800140030200 00010  2400 00010  2500 00020  
HPD02232900HPCPHT19830800160031900 00070  2000 00010  2500 00080  
HPD02232900HPCPHT19830800170070900 00050  1000 00030  1100 00030  1200 00010  1600 00010  1700 00010  2500 00140  
HPD02232900HPCPHT19830800290040600 00010  0800 00010  0900 00010  2500 00030  
HPD02232900HPCPHT19830900010030100 00000g 0400 00010  2500 00010  
HPD02232900HPCPHT19830900070020100 00010  2500 00010  
HPD02232900HPCPHT19830900080021400 00100  2500 00100  
HPD02232900HPCPHT19830900120031700 00010  2100 00010  2500 00020  
HPD02232900HPCPHT19830900140021700 00020  2500 00020  
HPD02232900HPCPHT19830900150031300 00020  1600 00010  2500 00030  
HPD02232900HPCPHT19830900170020900 00010  2500 00010  
HPD02232900HPCPHT19830900200021100 00010  2500 00010  
HPD02232900HPCPHT19830900220021500 00010  2500 00010  
HPD02232900HPCPHT19830900230041400 00050  1700 00070  1800 00020  2500 00140  
HPD02232900HPCPHT19830900240060100 00010  0200 00010  0300 00070  0400 00020  0500 00020  2500 00130  
HPD02232900HPCPHT19830900290100700 00010  0900 00020  1000 00030  1100 00030  1200 00020  1300 00010  2000 00010  2200 00010  2300 00010  2500 00150  
HPD02232900HPCPHT19830900300040300 00010  0700 00030  2200 00010  2500 00050  
HPD02232900HPCPHT19831000010040100 00000g 0500 00010  0700 00010  2500 00020  
HPD02232900HPCPHT19831000050031200 00020  1300 00010  2500 00030  
HPD02232900HPCPHT19831000070022300 00010  2500 00010  
HPD02232900HPCPHT19831000080021100 00010  2500 00010  
HPD02232900HPCPHT19831000240021600 00010  2500 00010  
HPD02232900HPCPHT19831100010020100 00000g 2500 00000  
HPD02232900HPCPHT19831100180030700 00010  0900 00010  2500 00020  
HPD02232900HPCPHT19831100200041800 00010  1900 00010  2200 00010  2500 00030  
HPD02232900HPCPHT19831100210050100 00010  0200 00010  0300 00010  0600 00010  2500 00040  
HPD02232900HPCPHT19831100220021400 00010  2500 00010  
HPD02232900HPCPHT19831100250060600 00010  0800 00010  0900 00010  1000 00010  1400 00010  2500 00050  
HPD02232900HPCPHT19831200010050100 00000g 1000 00010  1100 00010  1900 00010  2500 00030  
HPD02232900HPCPHT19831200020030700 00010  1500 00010  2500 00020  
HPD02232900HPCPHT19831200030061800 00010  2000 00020  2200 00020  2300 00010  2400 00010  2500 00070  
HPD02232900HPCPHT19831200040020200 00010  2500 00010  
HPD02232900HPCPHT19831200250110500 00010  0600 00010  0700 00010  0900 00010  1000 00010  1300 00010  1500 00020  1900 00010  2300 00020  2400 00010  2500 00120  
HPD02232900HPCPHT19831200260040100 00010  1000 00010  2400 00010  2500 00030  
HPD02232900HPCPHT19831200270030200 00010  1200 00010  2500 00020  
HPD02232900HPCPHT19840100010020100 00000g 2500 00000  
HPD02232900HPCPHT19840100050031700 00010  1800 00010  2500 00020  
HPD02232900HPCPHT19840100060021300 00010  2500 00010  
HPD02232900HPCPHT19840100140021300 00010  2500 00010  
HPD02232900HPCPHT19840200010020100 00000g 2500 00000  
HPD02232900HPCPHT19840300010030100 00000g 1100 99999a 2500 00000I 
HPD02232900HPCPHT19840300310022400 99999A 2500 00000I 
HPD02232900HPCPHT19840400010030100 99999, 1500 00010A 2500 00010P 
HPD02232900HPCPHT19840400060031700 00010  2400 00010  2500 00020  
HPD02232900HPCPHT19840400070021500 00010  2500 00010  
HPD02232900HPCPHT19840400280022200 00010  2500 00010  
HPD02232900HPCPHT19840400290031100 00030  1200 00010  2500 00040  
HPD02232900HPCPHT19840500010020100 00000g 2500 00000  
HPD02232900HPCPHT19840500170021800 00010  2500 00010  
HPD02232900HPCPHT19840600010020100 00000g 2500 00000  
HPD02232900HPCPHT19840600250031000 00010  1400 00010  2500 00020  
HPD02232900HPCPHT19840600260061400 00050  1500 00010  1800 00010  2100 00010  2200 00020  2500 00100  
HPD02232900HPCPHT19840600270021000 00010  2500 00010  
HPD02232900HPCPHT19840600290032200 00060  2300 00010  2500 00070  
HPD02232900HPCPHT19840600300030100 00010  0200 00010  2500 00020  
HPD02232900HPCPHT19840700010020100 00000g 2500 00000  
HPD02232900HPCPHT19840700060041800 00010  1900 00060  2000 00030  2500 00100  
HPD02232900HPCPHT19840700110021500 00010  2500 00010  
HPD02232900HPCPHT19840700130022300 00010  2500 00010  
HPD02232900HPCPHT19840700140030700 00030  0800 00010  2500 00040  
HPD02232900HPCPHT19840700170041500 00010  1600 00010  1900 00010  2500 00030  
HPD02232900HPCPHT19840700210040900 00080  1000 00030  1100 00010  2500 00120  
HPD02232900HPCPHT19840700220030500 00040  0600 00030  2500 00070  
HPD02232900HPCPHT19840700250041600 00010  1700 00020  1800 00010  2500 00040  
HPD02232900HPCPHT19840700260021100 00010  2500 00010  
HPD02232900HPCPHT19840700270020200 00010  2500 00010  
HPD02232900HPCPHT19840700280090100 00030  0200 00010  0400 00020  0500 00010  0700 00010  0800 00020  0900 00020  1200 00010  2500 00130  
HPD02232900HPCPHT19840800010020100 00000g 2500 00000  
HPD02232900HPCPHT19840800060031400 00010  1500 00110  2500 00120  
HPD02232900HPCPHT19840800070021800 00020  2500 00020  
HPD02232900HPCPHT19840800090041900 00010  2300 00030  2400 00010  2500 00050  
HPD02232900HPCPHT19840800100021100 00010  2500 00010  
HPD02232900HPCPHT19840800110021900 00010  2500 00010  
HPD02232900HPCPHT19840800140030700 00020  0800 00030  2500 00050  
HPD02232900HPCPHT19840800170021800 00010  2500 00010  
HPD02232900HPCPHT19840800190071200 00010  1400 00010  1700 00030  1800 00020  2100 00030  2200 00020  2500 00120  
HPD02232900HPCPHT19840800200041100 00010  1600 00020  1700 00010  2500 00040  
HPD02232900HPCPHT19840800230030100 00040  0200 00010  2500 00050  
HPD02232900HPCPHT19840800240051500 00010  2100 00030  2200 00020  2400 00030  2500 00090  
HPD02232900HPCPHT19840800250020200 00010  2500 00010  
HPD02232900HPCPHT19840800260021900 00040  2500 00040  
HPD02232900HPCPHT19840800270021000 00010  2500 00010  
HPD02232900HPCPHT19840900010020100 00000g 2500 00000  
HPD02232900HPCPHT19840900100071700 00020  1800 00090  1900 00010  2000 00010  2100 00020  2200 00010  2500 00160  
HPD02232900HPCPHT19840900110020200 00010  2500 00010  
HPD02232900HPCPHT19840900250051300 00020  1400 00010  1500 00010  1600 00010  2500 00050  
HPD02232900HPCPHT19840900260060500 00010  0600 00050  0900 00040  1100 00020  1200 00010  2500 00130  
HPD02232900HPCPHT19840900270021100 00010  2500 00010  
HPD02232900HPCPHT19841000010020100 00000g 2500 00000  
HPD02232900HPCPHT19841000030021900 00010  2500 00010  
HPD02232900HPCPHT19841000180021000 00010  2500 00010  
HPD02232900HPCPHT19841000260021400 00010  2500 00010  
HPD02232900HPCPHT19841100010020100 00000g 2500 00000  
HPD02232900HPCPHT19841100190021400 00010  2500 00010  
HPD02232900HPCPHT19841100220071600 00010  1700 00010  2000 00010  2100 00010  2300 00010  2400 00010  2500 00060  
HPD02232900HPCPHT19841100230060100 00010  0200 00020  0300 00020  0400 00010  1000 00010  2500 00070  
HPD02232900HPCPHT19841100240052100 00010  2200 00010  2300 00010  2400 00010  2500 00040  
HPD02232900HPCPHT19841100250090200 00020  0300 00020  0400 00010  0500 00010  0600 00010  0700 00010  0900 00010  1000 00010  2500 00100  
HPD02232900HPCPHT19841200010020100 00000g 2500 00000  
HPD02232900HPCPHT19841200080070700 00010  0800 00010  1000 00010  1200 00020  1300 00010  1600 00010  2500 00070  
HPD02232900HPCPHT19841200090021200 00010  2500 00010  
HPD02232900HPCPHT19841200100041300 00010  1400 00010  1700 00010  2500 00030  
HPD02232900HPCPHT19841200110090100 00010  0200 00010  0400 00010  0500 00010  0600 00010  0900 00020  1200 00010  1300 00010  2500 00090  
HPD02232900HPCPHT19841200120061800 00010  2000 00010  2100 00010  2200 00010  2400 00010  2500 00050  
HPD02232900HPCPHT19841200130080100 00020  0200 00020  0300 00010  0700 00010  1100 00010  1300 00010  2400 00010  2500 00090  
HPD02232900HPCPHT19841200160021900 00010  2500 00010  
HPD02232900HPCPHT19841200170031200 00010  1300 00020  2500 00030  
HPD02232900HPCPHT19841200190041600 00010  2300 00010  2400 00010  2500 00030  
HPD02232900HPCPHT19841200200040200 00010  0300 00020  0800 00010  2500 00040  
HPD02232900HPCPHT19841200270180400 00010  0500 00010  0600 00020  0700 00020  0800 00030  0900 00020  1000 00030  1100 00020  1200 00020  1300 00010  1400 00010  1500 00020  1600 00010  1800 00010  1900 00010  2100 00010  2300 00010  2500 00270  
HPD02232900HPCPHT19841200280110100 00010  0200 00010  0800 00010  0900 00010  1100 00010  1200 00010  1300 00020  1500 00010  1700 00010  2400 00010  2500 00110  
HPD02232900HPCPHT19850100010020100 00000g 2500 00000  
HPD02232900HPCPHT19850100020020400 99999{ 2500 00000P 
HPD02232900HPCPHT19850100310022400 99999} 2500 00000P 
HPD02232900HPCPHT19850200010030100 99999{ 0900 99999} 2500 00000P 
HPD02232900HPCPHT19850200020052000 00010  2200 00010  2300 00010  2400 00010  2500 00040  
HPD02232900HPCPHT19850200030070100 00010  0200 00010  0300 00010  0400 00010  1200 00010  2400 00010  2500 00060  
HPD02232900HPCPHT19850200040030300 00010  0500 00010  2500 00020  
HPD02232900HPCPHT19850200100031000 00010  1400 00010  2500 00020  
HPD02232900HPCPHT19850200210080200 00010  0300 00020  0400 00010  0600 00010  0800 00010  1100 00050  1500 00010  2500 00120  
HPD02232900HPCPHT19850300010020100 00000g 2500 00000  
HPD02232900HPCPHT19850300110021000 00010  2500 00010  
HPD02232900HPCPHT19850300140021800 00010  2500 00010  
HPD02232900HPCPHT19850300150050400 00010  1200 00010  1600 00010  2100 00010  2500 00040  
HPD02232900HPCPHT19850300160021100 00010  2500 00010  
HPD02232900HPCPHT19850300170021400 00010  2500 00010  
HPD02232900HPCPHT19850300190030600 00020  1400 00010  2500 00030  
HPD02232900HPCPHT19850300200021200 00010  2500 00010  
HPD02232900HPCPHT19850400010020100 00000g 2500 00000  
HPD02232900HPCPHT19850400210060100 00010  0200 00010  0300 00020  0400 00020  0800 00010  2500 00070  
HPD02232900HPCPHT19850400270042200 00010  2300 00020  2400 00010  2500 00040  
HPD02232900HPCPHT19850400280030500 00010  1300 00010  2500 00020  
HPD02232900HPCPHT19850400290021000 00010  2500 00010  
HPD02232900HPCPHT19850500010020100 00000g 2500 00000  
HPD02232900HPCPHT19850500160021400 99999{ 2500 00000P 
HPD02232900HPCPHT19850500180021300 99999} 2500 00000P 
HPD02232900HPCPHT19850600010020100 00000g 2500 00000  
HPD02232900HPCPHT19850700010020100 00000g 2500 00000  
HPD02232900HPCPHT19850700080031800 00020  2000 00010  2500 00030  
HPD02232900HPCPHT19850700090021000 00010  2500 00010  
HPD02232900HPCPHT19850700120021600 00010  2500 00010  
HPD02232900HPCPHT19850700160030200 00010  0500 00010  2500 00020  
HPD02232900HPCPHT19850700180050500 00040  0600 00020  0700 00020  0800 00030  2500 00110  
HPD02232900HPCPHT19850700190041000 00060  1100 00010  1200 00010  2500 00080  
HPD02232900HPCPHT19850700200021100 00040  2500 00040  
HPD02232900HPCPHT19850700210021500 00010  2500 00010  
HPD02232900HPCPHT19850700280032200 00020  2400 00020  2500 00040  
HPD02232900HPCPHT19850700290021000 00010  2500 00010  
HPD02232900HPCPHT19850800010020100 00000g 2500 00000  
HPD02232900HPCPHT19850800070022300 00010  2500 00010  
HPD02232900HPCPHT19850800080020900 00010  2500 00010  
HPD02232900HPCPHT19850800200030900 00010  1000 00010  2500 00020  
HPD02232900HPCPHT19850800260021200 00010  2500 00010  
HPD02232900HPCPHT19850800270031100 00030  1200 00010  2500 00040  
HPD02232900HPCPHT19850800280031200 00040  1300 00010  2500 00050  
HPD02232900HPCPHT19850800300021400 00010  2500 00010  
HPD02232900HPCPHT19850900010020100 00000g 2500 00000  
HPD02232900HPCPHT19850900180080600 00010  0700 00010  0900 00020  1200 00010  1400 00010  1600 00030  1700 00010  2500 00100  
HPD02232900HPCPHT19850900270050600 00010  0800 00010  0900 00010  1700 00010  2500 00040  
HPD02232900HPCPHT19850900280021000 00010  2500 00010  
HPD02232900HPCPHT19850900300021700 00010  2500 00010  
HPD02232900HPCPHT19851000010030100 00000g 1400 00010  2500 00010  
HPD02232900HPCPHT19851000060022400 00010  2500 00010  
HPD02232900HPCPHT19851000070020100 00020  2500 00020  
HPD02232900HPCPHT19851000100061000 00010  1500 00010  1600 00010  1700 00020  2200 00010  2500 00060  
HPD02232900HPCPHT19851000160021500 00010  2500 00010  
HPD02232900HPCPHT19851000310021400 00010  2500 00010  
HPD02232900HPCPHT19851100010020100 00000g 2500 00000  
HPD02232900HPCPHT19851100110061200 00010  1600 00010  2200 00010  2300 00020  2400 00020  2500 00070  
HPD02232900HPCPHT19851100120090100 00050  0200 00040  0300 00030  0400 00010  0500 00020  0600 00010  1000 00010  1500 00010  2500 00180  
HPD02232900HPCPHT19851100130021400 00010  2500 00010  
HPD02232900HPCPHT19851100250140800 00010  0900 00010  1200 00010  1300 00010  1400 00010  1500 00010  1700 00010  1800 00010  1900 00020  2100 00020  2200 00030  2300 00030  2400 00030  2500 00210  
HPD02232900HPCPHT19851100260040100 00020  0200 00020  0300 00010  2500 00050  
HPD02232900HPCPHT19851100290081500 00010  1700 00010  1800 00020  2000 00030  2100 00030  2200 00010  2400 00010  2500 00120  
HPD02232900HPCPHT19851200010020100 00000g 2500 00000  
HPD02232900HPCPHT19851200020021900 00010  2500 00010  
HPD02232900HPCPHT19851200110052100 00020  2200 00010  2300 00010  2400 00010  2500 00050  
HPD02232900HPCPHT19851200120040200 00010  0300 00010  1300 00010  2500 00030  
HPD02232900HPCPHT19860100010020100 00000g 2500 00000  
HPD02232900HPCPHT19860100140032300 00010  2400 00010  2500 00020  
HPD02232900HPCPHT19860100150021400 00010  2500 00010  
HPD02232900HPCPHT19860200010040100 00000g 1400 00010  1500 00010  2500 00020  
HPD02232900HPCPHT19860200030021100 00010  2500 00010  
HPD02232900HPCPHT19860200080022000 00010  2500 00010  
HPD02232900HPCPHT19860200090031300 00010  1800 00010  2500 00020  
HPD02232900HPCPHT19860200110021100 00010  2500 00010  
HPD02232900HPCPHT19860200150071600 00010  1700 00010  1800 00010  1900 00010  2000 00010  2200 00010  2500 00060  
HPD02232900HPCPHT19860200160020100 00010  2500 00010  
HPD02232900HPCPHT19860300010020100 00000g 2500 00000  
HPD02232900HPCPHT19860300100110800 00010  1000 00010  1300 00020  1400 00010  1500 00010  1600 00010  1700 00010  2200 00010  2300 00010  2400 00020  2500 00120  
HPD02232900HPCPHT19860300110090100 00020  0300 00010  0500 00010  0700 00010  1000 00010  1100 00010  1400 00010  2300 00010  2500 00090  
HPD02232900HPCPHT19860300120051100 00010  1700 00010  1900 00010  2000 00010  2500 00040  
HPD02232900HPCPHT19860300130030500 00010  1300 00010  2500 00020  
HPD02232900HPCPHT19860300140060100 00010  0500 00010  0700 00010  1000 00010  1500 00010  2500 00050  
HPD02232900HPCPHT19860300160071300 00010  1500 00010  1900 00010  2000 00020  2100 00020  2200 00010  2500 00080  
HPD02232900HPCPHT19860300170031100 00010  1200 00020  2500 00030  
HPD02232900HPCPHT19860300180021100 00010  2500 00010  
HPD02232900HPCPHT19860400010040100 00000g 1000 00010  1400 00020  2500 00030  
HPD02232900HPCPHT19860500010020100 00000g 2500 00000  
HPD02232900HPCPHT19860500310021000 00010  2500 00010  
HPD02232900HPCPHT19860600010040100 00000g 1500 00020  2100 00010  2500 00030  
HPD02232900HPCPHT19860600020021000 00010  2500 00010  
HPD02232900HPCPHT19860600030020900 00010  2500 00010  
HPD02232900HPCPHT19860600040020900 00010  2500 00010  
HPD02232900HPCPHT19860600260021500 00010  2500 00010  
HPD02232900HPCPHT19860600290022000 00010  2500 00010  
HPD02232900HPCPHT19860700010020100 00000g 2500 00000  
HPD02232900HPCPHT19860700020041100 00010  2000 00040  2200 00010  2500 00060  
HPD02232900HPCPHT19860700030020800 00010  2500 00010  
HPD02232900HPCPHT19860700040020900 00020  2500 00020  
HPD02232900HPCPHT19860700160041000 00010  2000 00020  2100 00010  2500 00040  
HPD02232900HPCPHT19860700170021600 00010  2500 00010  
HPD02232900HPCPHT19860700190041500 00050  1600 00020  1900 00010  2500 00080  
HPD02232900HPCPHT19860700200020300 00010  2500 00010  
HPD02232900HPCPHT19860700210021000 00010  2500 00010  
HPD02232900HPCPHT19860700220050100 00020  0200 00040  0300 00020  0900 00010  2500 00090  
HPD02232900HPCPHT19860800010020100 00000g 2500 00000  
HPD02232900HPCPHT19860800060050100 00010  0800 00010  1600 00010  1700 00010  2500 00040  
HPD02232900HPCPHT19860800070020300 00010  2500 00010  
HPD02232900HPCPHT19860800100021400 00010  2500 00010  
HPD02232900HPCPHT19860800110061900 00010  2000 00010  2200 00010  2300 00010  2400 00010  2500 00050  
HPD02232900HPCPHT19860800120030200 00010  0700 00010  2500 00020  
HPD02232900HPCPHT19860800130021300 00010  2500 00010  
HPD02232900HPCPHT19860800230042100 00040  2200 00010  2400 00010  2500 00060  
HPD02232900HPCPHT19860800240030200 00010  1300 00010  2500 00020  
HPD02232900HPCPHT19860800250031600 00010  1700 00010  2500 00020  
HPD02232900HPCPHT19860800260051400 00010  1500 00010  1900 00010  2200 00010  2500 00040  
HPD02232900HPCPHT19860800280041200 00080  1300 00070  1500 00010  2500 00160  
HPD02232900HPCPHT19860800300021100 00010  2500 00010  
HPD02232900HPCPHT19860900010030100 00000g 1400 00010  2500 00010  
HPD02232900HPCPHT19860900080042200 00010  2300 00050  2400 00030  2500 00090  
HPD02232900HPCPHT19860900090030100 00050  1800 00010  2500 00060  
HPD02232900HPCPHT19860900220051500 00010  1700 00010  1900 00010  2000 00010  2500 00040  
HPD02232900HPCPHT19860900230080900 00010  1400 00010  1600 00010  1900 00030  2000 00030  2100 00010  2200 00010  2500 00110  
HPD02232900HPCPHT19860900250051000 00010  1200 00010  1300 00010  1500 00010  2500 00040  
HPD02232900HPCPHT19861000010020100 00000g 2500 00000  
HPD02232900HPCPHT19861000050040900 00010  1100 00010  1500 00010  2500 00030  
HPD02232900HPCPHT19861000090031200 00010  2300 00010  2500 00020  
HPD02232900HPCPHT19861000100090100 00010  0600 00020  0700 00020  0800 00010  1000 00010  1200 00010  1300 00010  1400 00010  2500 00100  
HPD02232900HPCPHT19861000110041200 00010  1400 00010  1600 00010  2500 00030  
HPD02232900HPCPHT19861100010020100 00000g 2500 00000  
HPD02232900HPCPHT19861100020021700 00010  2500 00010  
HPD02232900HPCPHT19861100180101000 00010  1100 00010  1200 00020  1300 00020  1400 00010  1500 00010  1800 00020  1900 00020  2000 00010  2500 00130  
HPD02232900HPCPHT19861200010020100 00000g 2500 00000  
HPD02232900HPCPHT19861200060090500 00010  0700 00010  0800 00010  0900 00010  1000 00010  1100 00010  1300 00010  2300 00010  2500 00080  
HPD02232900HPCPHT19861200070040200 00010  0700 00030  1600 00010  2500 00050  
HPD02232900HPCPHT19861200080020100 00010  2500 00010  
HPD02232900HPCPHT19861200160031500 00020  1600 00010  2500 00030  
HPD02232900HPCPHT19861200180021400 00010  2500 00010  
HPD02232900HPCPHT19861200200041200 00010  1300 00010  1500 00010  2500 00030  
HPD02232900HPCPHT19861200210021300 00010  2500 00010  
HPD02232900HPCPHT19870100010020100 00000g 2500 00000  
HPD02232900HPCPHT19870100050080600 00040  0700 00020  1000 00010  1200 00020  1300 00020  1400 00020  1700 00010  2500 00140  
HPD02232900HPCPHT19870100060020600 00010  2500 00010  
HPD02232900HPCPHT19870100070040900 00010  1800 00010  1900 00010  2500 00030  
HPD02232900HPCPHT19870100080020700 00010  2500 00010  
HPD02232900HPCPHT19870100150031900 00010  2100 00010  2500 00020  
HPD02232900HPCPHT19870100170020200 00010  2500 00010  
HPD02232900HPCPHT19870100190022400 00010  2500 00010  
HPD02232900HPCPHT19870100200030300 00010  1900 00010  2500 00020  
HPD02232900HPCPHT19870100310070100 00020  0300 00010  0400 00020  0500 00010  0900 00010  1000 00010  2500 00080  
HPD02232900HPCPHT19870200010030100 00000g 1400 00010  2500 00010  
HPD02232900HPCPHT19870200020021000 00010  2500 00010  
HPD02232900HPCPHT19870200200020600 00010  2500 00010  
HPD02232900HPCPHT19870200210021200 00010  2500 00010  
HPD02232900HPCPHT19870200240150200 00010  0300 00020  0400 00010  0500 00010  0600 00020  0700 00010  0900 00020  1000 00010  1100 00020  1200 00020  1300 00010  1500 00010  1900 00010  2400 00010  2500 00190  
HPD02232900HPCPHT19870200250040500 00010  1000 00010  1400 00010  2500 00030  
HPD02232900HPCPHT19870200260020600 00010  2500 00010  
HPD02232900HPCPHT19870300010020100 00000g 2500 00000  
HPD02232900HPCPHT19870300150041200 00020  1300 00020  1400 00010  2500 00050  
HPD02232900HPCPHT19870300160030400 00010  0800 00010  2500 00020  
HPD02232900HPCPHT19870300180021300 00010  2500 00010  
HPD02232900HPCPHT19870300220030200 00010  1200 00010  2500 00020  
HPD02232900HPCPHT19870300250021100 00010  2500 00010  
HPD02232900HPCPHT19870400010020100 00000g 2500 00000  
HPD02232900HPCPHT19870400060021100 00010  2500 00010  
HPD02232900HPCPHT19870400090021400 00010  2500 00010  
HPD02232900HPCPHT19870400270021700 00010  2500 00010  
HPD02232900HPCPHT19870400280030800 00010  1200 00010  2500 00020  
HPD02232900HPCPHT19870500010020100 00000g 2500 00000  
HPD02232900HPCPHT19870500070022000 00010  2500 00010  
HPD02232900HPCPHT19870500080021000 00010  2500 00010  
HPD02232900HPCPHT19870500100041600 00010  1800 00010  2000 00010  2500 00030  
HPD02232900HPCPHT19870500120021000 00010  2500 00010  
HPD02232900HPCPHT19870500140031000 00010  1800 00010  2500 00020  
HPD02232900HPCPHT19870500160030900 00010  1100 00010  2500 00020  
HPD02232900HPCPHT19870500210021600 00010  2500 00010  
HPD02232900HPCPHT19870600010020100 00000g 2500 00000  
HPD02232900HPCPHT19870700010020100 00000g 2500 00000  
HPD02232900HPCPHT19870700150032000 00070  2200 00010  2500 00080  
HPD02232900HPCPHT19870700160030800 00010  1100 00010  2500 00020  
HPD02232900HPCPHT19870700170021800 00010  2500 00010  
HPD02232900HPCPHT19870700200021400 00010  2500 00010  
HPD02232900HPCPHT19870700260041000 00010  2000 00020  2200 00010  2500 00040  
HPD02232900HPCPHT19870700280050300 00030  0500 00010  0600 00010  1000 00010  2500 00060  
HPD02232900HPCPHT19870700300021400 00010  2500 00010  
HPD02232900HPCPHT19870800010030100 00000g 1600 00020  2500 00020  
HPD02232900HPCPHT19870800040051500 00010  1600 00040  1800 00010  2000 00010  2500 00070  
HPD02232900HPCPHT19870800050020900 00010  2500 00010  
HPD02232900HPCPHT19870800060031800 00030  2000 00010  2500 00040  
HPD02232900HPCPHT19870800100071500 00040  1600 00010  2100 00030  2200 00050  2300 00060  2400 00010  2500 00200  
HPD02232900HPCPHT19870800110030300 00010  0800 00010  2500 00020  
HPD02232900HPCPHT19870800230040800 00010  1000 00020  1300 00010  2500 00040  
HPD02232900HPCPHT19870800240041800 00070  1900 00040  2300 00040  2500 00150  
HPD02232900HPCPHT19870800250040700 00010  1100 00010  2400 00010  2500 00030  
HPD02232900HPCPHT19870800260040100 00020  1100 00010  1300 00010  2500 00040  
HPD02232900HPCPHT19870900010030100 00000g 1300 00010  2500 00010  
HPD02232900HPCPHT19870900020021200 00010  2500 00010  
HPD02232900HPCPHT19870900050021200 00010  2500 00010  
HPD02232900HPCPHT19870900220022100 00010  2500 00010  
HPD02232900HPCPHT19870900230021100 00010  2500 00010  
HPD02232900HPCPHT19870900240060900 00020  1000 00010  1100 00010  1200 00010  1700 00010  2500 00060  
HPD02232900HPCPHT19870900250021200 00010  2500 00010  
HPD02232900HPCPHT19871000010020100 00000g 2500 00000  
HPD02232900HPCPHT19871000130030800 00010  1200 00010  2500 00020  
HPD02232900HPCPHT19871000230070200 00010  0300 00010  0400 00020  0800 00010  1100 00010  1900 00010  2500 00070  
HPD02232900HPCPHT19871000240110300 00010  0500 00010  0700 00010  0900 00010  1000 00010  1100 00010  1200 00010  1800 00010  1900 00030  2200 00010  2500 00120  
HPD02232900HPCPHT19871000290080500 00010  0700 00010  0800 00010  0900 00010  1600 00030  1700 00030  1900 00010  2500 00110  
HPD02232900HPCPHT19871000310111100 00010  1200 00010  1400 00010  1500 00020  1600 00020  1800 00010  2000 00020  2100 00010  2200 00020  2300 00010  2500 00140  
HPD02232900HPCPHT19871100010090100 00000g 0200 00040  0300 00010  0400 00020  0500 00030  0600 00020  1300 00010  1700 00010  2500 00140  
HPD02232900HPCPHT19871100020030900 00010  1000 00010  2500 00020  
HPD02232900HPCPHT19871100050081100 00010  1300 00010  1500 00010  1600 00020  1700 00020  1800 00010  2200 00010  2500 00090  
HPD02232900HPCPHT19871100060040300 00010  0900 00010  1300 00010  2500 00030  
HPD02232900HPCPHT19871100070021300 00010  2500 00010  
HPD02232900HPCPHT19871100150020100 00010  2500 00010  
HPD02232900HPCPHT19871100160020500 00010  2500 00010  
HPD02232900HPCPHT19871200010020100 00000g 2500 00000  
HPD02232900HPCPHT19871200050030600 00010  0700 00020  2500 00030  
HPD02232900HPCPHT19871200060021300 00010  2500 00010  
HPD02232900HPCPHT19871200090021600 00010  2500 00010  
HPD02232900HPCPHT19871200150020500 00010  2500 00010  
HPD02232900HPCPHT19871200170110900 00010  1000 00020  1100 00020  1200 00010  1300 00010  1500 00010  1800 00020  2100 00010  2300 00010  2400 00010  2500 00130  
HPD02232900HPCPHT19871200180040100 00010  0300 00010  1700 00010  2500 00030  
HPD02232900HPCPHT19871200190041100 00010  1400 00010  1700 00010  2500 00030  
HPD02232900HPCPHT19871200200020100 00010  2500 00010  
HPD02232900HPCPHT19871200210021400 00010  2500 00010  
HPD02232900HPCPHT19871200260021700 00010  2500 00010  
HPD02232900HPCPHT19880100010020100 00000g 2500 00000  
HPD02232900HPCPHT19880100040021100 00010  2500 00010  
HPD02232900HPCPHT19880100050042200 00010  2300 00010  2400 00010  2500 00030  
HPD02232900HPCPHT19880100060021400 00010  2500 00010  
HPD02232900HPCPHT19880100170081700 00020  1800 00020  1900 00030  2000 00010  2100 00010  2200 00010  2400 00010  2500 00110  
HPD02232900HPCPHT19880100180100100 00010  0200 00020  0300 00010  0400 00010  0500 00020  0600 00010  0700 00010  1200 00010  1500 00010  2500 00110  
HPD02232900HPCPHT19880100190040500 00010  1400 00020  2100 00010  2500 00040  
HPD02232900HPCPHT19880200010030100 00000g 1200 00020  2500 00020  
HPD02232900HPCPHT19880200020081300 00010  1900 00010  2000 00010  2100 00030  2200 00020  2300 00030  2400 00020  2500 00130  
HPD02232900HPCPHT19880200030030100 00010  0200 00010  2500 00020  
HPD02232900HPCPHT19880200040021300 00010  2500 00010  
HPD02232900HPCPHT19880200250021000 00020  2500 00020  
HPD02232900HPCPHT19880200270022300 99999{ 2500 00000P 
HPD02232900HPCPHT19880200290022400 99999} 2500 00000P 
HPD02232900HPCPHT19880300010020100 00000g 2500 00000  
HPD02232900HPCPHT19880300040030800 00010  1100 00010  2500 00020  
HPD02232900HPCPHT19880400010020100 00000g 2500 00000  
HPD02232900HPCPHT19880400150070900 00010  1100 00010  1800 00020  2000 00010  2100 00020  2200 00010  2500 00080  
HPD02232900HPCPHT19880400160050100 00010  0300 00010  0700 00010  1400 00010  2500 00040  
HPD02232900HPCPHT19880400170080400 00010  0700 00010  1200 00010  1400 00010  1500 00020  1700 00010  1900 00010  2500 00080  
HPD02232900HPCPHT19880400180030100 00010  0600 00010  2500 00020  
HPD02232900HPCPHT19880400210100700 00010  0800 00010  0900 00020  1400 00010  1600 00010  1700 00010  1900 00010  2100 00010  2400 00020  2500 00110  
HPD02232900HPCPHT19880400220060100 00020  0200 00030  0300 00010  0500 00020  1000 00050  2500 00130  
HPD02232900HPCPHT19880400230021300 00010  2500 00010  
HPD02232900HPCPHT19880400250021300 00010  2500 00010  
HPD02232900HPCPHT19880500010020100 00000g 2500 00000  
HPD02232900HPCPHT19880600010020100 00000g 2500 00000  
HPD02232900HPCPHT19880600190021100 00010  2500 00010  
HPD02232900HPCPHT19880600290022300 00010  2500 00010  
HPD02232900HPCPHT19880600300041200 00010  1400 00020  1700 00010  2500 00040  
HPD02232900HPCPHT19880700010030100 00000g 1100 00010  2500 00010  
HPD02232900HPCPHT19880700030021000 00010  2500 00010  
HPD02232900HPCPHT19880700070021600 00010  2500 00010  
HPD02232900HPCPHT19880700100022000 00010  2500 00010  
HPD02232900HPCPHT19880700110020900 00010  2500 00010  
HPD02232900HPCPHT19880700160021800 00010  2500 00010  
HPD02232900HPCPHT19880700170021300 00010  2500 00010  
HPD02232900HPCPHT19880700190032000 00040  2100 00010  2500 00050  
HPD02232900HPCPHT19880700200021000 00010  2500 00010  
HPD02232900HPCPHT19880700240021600 00010  2500 00010  
HPD02232900HPCPHT19880700250021100 00010  2500 00010  
HPD02232900HPCPHT19880700270041700 00020  1800 00030  1900 00010  2500 00060  
HPD02232900HPCPHT19880700280020300 00010  2500 00010  
HPD02232900HPCPHT19880700290020500 00010  2500 00010  
HPD02232900HPCPHT19880800010050100 00000g 0900 00010  1800 00020  2400 00010  2500 00040  
HPD02232900HPCPHT19880800050041000 00010  1500 00010  1600 00010  2500 00030  
HPD02232900HPCPHT19880800120030100 00010  1100 00010  2500 00020  
HPD02232900HPCPHT19880800180030900 00010  1100 00010  2500 00020  
HPD02232900HPCPHT19880800200040400 00010  0900 00010  1300 00010  2500 00030  
HPD02232900HPCPHT19880800210080300 00070  0400 00070  0500 00020  1100 00010  1300 00010  1400 00010  1500 00010  2500 00200  
HPD02232900HPCPHT19880800230021800 00010  2500 00010  
HPD02232900HPCPHT19880800240020900 00010  2500 00010  
HPD02232900HPCPHT19880800250031400 00010  1700 00010  2500 00020  
HPD02232900HPCPHT19880800270041300 00050  1400 00060  1500 00010  2500 00120  
HPD02232900HPCPHT19880800290040300 00030  0400 00020  1100 00010  2500 00060  
HPD02232900HPCPHT19880800300030200 00010  1600 00020  2500 00030  
HPD02232900HPCPHT19880800310031500 00010  1800 00010  2500 00020  
HPD02232900HPCPHT19880900010020100 00000g 2500 00000  
HPD02232900HPCPHT19881000010020100 00000g 2500 00000  
HPD02232900HPCPHT19881000050021900 00020  2500 00020  
HPD02232900HPCPHT19881000140041300 00020  1400 00010  1500 00010  2500 00040  
HPD02232900HPCPHT19881000150021200 00010  2500 00010  
HPD02232900HPCPHT19881100010020100 00000g 2500 00000  
HPD02232900HPCPHT19881100140021900 00010  2500 00010  
HPD02232900HPCPHT19881100150020100 00010  2500 00010  
HPD02232900HPCPHT19881100240041800 00010  2000 00010  2100 00010  2500 00030  
HPD02232900HPCPHT19881100250081100 00010  1200 00010  1500 00010  1700 00010  2000 00010  2200 00010  2300 00010  2500 00070  
HPD02232900HPCPHT19881100260021400 00010  2500 00010  
HPD02232900HPCPHT19881200010020100 00000g 2500 00000  
HPD02232900HPCPHT19881200190020300 00020  2500 00020  
HPD02232900HPCPHT19881200210050900 00010  1000 00010  1400 00010  1500 00010  2500 00040  
HPD02232900HPCPHT19881200250021800 00010  2500 00010  
HPD02232900HPCPHT19890100010020100 00000g 2500 00000  
HPD02232900HPCPHT19890100040160300 00010  0400 00010  0600 00010  0700 00030  0800 00050  0900 00030  1200 00020  1300 00020  1400 00020  1500 00030  1600 00010  1700 00010  1900 00020  2000 00010  2400 00010  2500 00290  
HPD02232900HPCPHT19890100050040100 00010  0400 00010  0600 00010  2500 00030  
HPD02232900HPCPHT19890100060041000 00010  1300 00020  1500 00010  2500 00040  
HPD02232900HPCPHT19890100070021000 00010  2500 00010  
HPD02232900HPCPHT19890100260032300 00010  2400 00010  2500 00020  
HPD02232900HPCPHT19890100270060100 00010  0300 00010  1100 00010  1300 00010  1600 00010  2500 00050  
HPD02232900HPCPHT19890200010020100 00000g 2500 00000  
HPD02232900HPCPHT19890200040052100 00010  2200 00020  2300 00020  2400 00020  2500 00070  
HPD02232900HPCPHT19890200050070100 00020  0200 00010  0300 00020  0400 00010  0500 00010  2000 00010  2500 00080  
HPD02232900HPCPHT19890300010020100 00000g 2500 00000  
HPD02232900HPCPHT19890300030021100 00010  2500 00010  
HPD02232900HPCPHT19890300120021400 99999{ 2500 00000P 
HPD02232900HPCPHT19890300310022400 99999} 2500 00000P 
HPD02232900HPCPHT19890400010020100 00000g 2500 00000  
HPD02232900HPCPHT19890500010040100 99999{ 0900 99999} 1100 99999{ 2500 00000P 
HPD02232900HPCPHT19890500310022400 99999} 2500 00000P 
HPD02232900HPCPHT19890600010020100 00000g 2500 00000  
HPD02232900HPCPHT19890700010020100 00000g 2500 00000  
HPD02232900HPCPHT19890700080041400 00010  2000 00040  2400 00010  2500 00060  
HPD02232900HPCPHT19890700090021400 00010  2500 00010  
HPD02232900HPCPHT19890700100052000 00160  2100 00010  2200 00010  2300 00010  2500 00190  
HPD02232900HPCPHT19890700110031200 00010  1500 00010  2500 00020  
HPD02232900HPCPHT19890700220040100 00010  1200 00010  1600 00010  2500 00030  
HPD02232900HPCPHT19890700240022000 00010  2500 00010  
HPD02232900HPCPHT19890700250021400 00010  2500 00010  
HPD02232900HPCPHT19890700270021100 00010  2500 00010  
HPD02232900HPCPHT19890700280021300 00010  2500 00010  
HPD02232900HPCPHT19890700290021400 00010  2500 00010  
HPD02232900HPCPHT19890700300021600 00010  2500 00010  
HPD02232900HPCPHT19890800010030100 00000g 1000 00010  2500 00010  
HPD02232900HPCPHT19890800120021900 00010  2500 00010  
HPD02232900HPCPHT19890800160021000 00010  2500 00010  
HPD02232900HPCPHT19890800170040300 00010  0900 00010  2200 00010  2500 00030  
HPD02232900HPCPHT19890800180020300 00010  2500 00010  
HPD02232900HPCPHT19890800190021100 00010  2500 00010  
HPD02232900HPCPHT19890900010020100 00000g 2500 00000  
HPD02232900HPCPHT19890900030040700 00020  0800 00010  1200 00010  2500 00040  
HPD02232900HPCPHT19891000010020100 00000g 2500 00000  
HPD02232900HPCPHT19891000040021400 00010  2500 00010  
HPD02232900HPCPHT19891000050031200 00010  1600 00010  2500 00020  
HPD02232900HPCPHT19891000210021600 00040  2500 00040  
HPD02232900HPCPHT19891000220021700 00010  2500 00010  
HPD02232900HPCPHT19891100010020100 00000g 2500 00000  
HPD02232900HPCPHT19891200010020100 00000g 2500 00000  
HPD02232900HPCPHT19891200290050100 00020  0600 00010  0900 00010  1400 00010  2500 00050  
HPD02232900HPCPHT19900100010020100 00000g 2500 00000  
HPD02232900HPCPHT19900100020041100 00020  1700 00020  1800 00010  2500 00050  
HPD02232900HPCPHT19900100030030100 00010  0300 00010  2500 00020  
HPD02232900HPCPHT19900100150030100 00010  0200 00010  2500 00020  
HPD02232900HPCPHT19900100160021600 00010  2500 00010  
HPD02232900HPCPHT19900100170111000 00010  1200 00010  1400 00010  1500 00020  1600 00020  1700 00030  1800 00010  1900 00020  2000 00010  2300 00020  2500 00160  
HPD02232900HPCPHT19900100180031000 00010  1500 00010  2500 00020  
HPD02232900HPCPHT19900100200021400 00010  2500 00010  
HPD02232900HPCPHT19900200010090100 00000g 1000 00010  1100 00010  1600 00010  1700 00010  1800 00010  1900 00010  2000 00020  2500 00080  
HPD02232900HPCPHT19900200020030300 00010  1300 00010  2500 00020  
HPD02232900HPCPHT19900200180032000 00010  2400 00010  2500 00020  
HPD02232900HPCPHT19900200190070100 00020  0200 00010  0300 00010  0400 00010  0900 00010  1400 00010  2500 00070  
HPD02232900HPCPHT19900200200021500 00010  2500 00010  
HPD02232900HPCPHT19900300010020100 00000g 2500 00000  
HPD02232900HPCPHT19900300100042100 00010  2200 00010  2300 00010  2500 00030  
HPD02232900HPCPHT19900300110100600 00010  0900 00010  1100 00010  1400 00010  1500 00010  1600 00010  1700 00020  1800 00010  2100 00010  2500 00100  
HPD02232900HPCPHT19900300120021100 00010  2500 00010  
HPD02232900HPCPHT19900300130020100 00010  2500 00010  
HPD02232900HPCPHT19900300290030900 00010  1400 00010  2500 00020  
HPD02232900HPCPHT19900300300060600 00010  1300 00020  1400 00010  1500 00010  1600 00010  2500 00060  
HPD02232900HPCPHT19900300310041000 00010  1100 00010  1300 00010  2500 00030  
HPD02232900HPCPHT19900400010030100 00000g 1500 00010  2500 00010  
HPD02232900HPCPHT19900400030021400 00020  2500 00020  
HPD02232900HPCPHT19900400050020200 00010  2500 00010  
HPD02232900HPCPHT19900400180051200 00020  1300 00010  1800 00010  2100 00010  2500 00050  
HPD02232900HPCPHT19900400200021600 00010  2500 00010  
HPD02232900HPCPHT19900400240031800 00010  1900 00010  2500 00020  
HPD02232900HPCPHT19900400250020400 00010  2500 00010  
HPD02232900HPCPHT19900500010020100 00000g 2500 00000  
HPD02232900HPCPHT19900500280031900 00010  2100 00010  2500 00020  
HPD02232900HPCPHT19900500290021300 00010  2500 00010  
HPD02232900HPCPHT19900600010020100 00000g 2500 00000  
HPD02232900HPCPHT19900600100050100 00020  0200 00010  0600 00010  1200 00010  2500 00050  
HPD02232900HPCPHT19900700010020100 00000g 2500 00000  
HPD02232900HPCPHT19900700020041900 00030  2000 00050  2400 00010  2500 00090  
HPD02232900HPCPHT19900700030031000 00010  1500 00010  2500 00020  
HPD02232900HPCPHT19900700070061000 00010  1500 00030  1600 00070  1700 00010  1800 00010  2500 00130  
HPD02232900HPCPHT19900700080041000 00010  1600 00030  1800 00010  2500 00050  
HPD02232900HPCPHT19900700090021000 00010  2500 00010  
HPD02232900HPCPHT19900700110041800 00020  2000 00020  2200 00010  2500 00050  
HPD02232900HPCPHT19900700120031000 00010  2400 00020  2500 00030  
HPD02232900HPCPHT19900700130020900 00010  2500 00010  
HPD02232900HPCPHT19900700140021200 00010  2500 00010  
HPD02232900HPCPHT19900700150061100 00010  1300 00010  1800 00030  2000 00010  2400 00010  2500 00070  
HPD02232900HPCPHT19900700160021100 00010  2500 00010  
HPD02232900HPCPHT19900700170021300 00010  2500 00010  
HPD02232900HPCPHT19900700180031300 00010  1400 00010  2500 00020  
HPD02232900HPCPHT19900700210021900 00050  2500 00050  
HPD02232900HPCPHT19900700220021200 00010  2500 00010  
HPD02232900HPCPHT19900700240021300 00010  2500 00010  
HPD02232900HPCPHT19900800010020100 00000g 2500 00000  
HPD02232900HPCPHT19900800030021400 00010  2500 00010  
HPD02232900HPCPHT19900800050021700 00010  2500 00010  
HPD02232900HPCPHT19900800060021200 00010  2500 00010  
HPD02232900HPCPHT19900800080021400 00010  2500 00010  
HPD02232900HPCPHT19900800110021600 00040  2500 00040  
HPD02232900HPCPHT19900800120041200 00010  1900 00010  2000 00010  2500 00030  
HPD02232900HPCPHT19900800130021300 00010  2500 00010  
HPD02232900HPCPHT19900800140061200 00050  1300 00050  1400 00010  1500 00010  2100 00010  2500 00130  
HPD02232900HPCPHT19900800160021100 00010  2500 00010  
HPD02232900HPCPHT19900900010020100 00000g 2500 00000  
HPD02232900HPCPHT19900900020040500 00020  1000 00010  1100 00010  2500 00040  
HPD02232900HPCPHT19900900030061900 00010  2000 00010  2100 00010  2200 00010  2300 00010  2500 00050  
HPD02232900HPCPHT19900900040030100 00010  0600 00010  2500 00020  
HPD02232900HPCPHT19900900080041400 00010  1500 00010  1900 00010  2500 00030  
HPD02232900HPCPHT19900900150061800 00030  1900 00010  2000 00010  2100 00010  2200 00010  2500 00070  
HPD02232900HPCPHT19900900160031000 00010  1200 00010  2500 00020  
HPD02232900HPCPHT19900900180021400 00010  2500 00010  
HPD02232900HPCPHT19900900200031400 00010  1900 00010  2500 00020  
HPD02232900HPCPHT19900900210021300 00010  2500 00010  
HPD02232900HPCPHT19901000010050100 00000g 1000 00040  1100 00010  1300 00010  2500 00060  
HPD02232900HPCPHT19901000030021200 00010  2500 00010  
HPD02232900HPCPHT19901100010020100 00000g 2500 00000  
HPD02232900HPCPHT19901100200040800 00010  0900 00010  1800 00010  2500 00030  
HPD02232900HPCPHT19901100260031000 00050  1100 00010  2500 00060  
HPD02232900HPCPHT19901200010020100 00000g 2500 00000  
HPD02232900HPCPHT19901200120021900 00010  2500 00010  
HPD02232900HPCPHT19901200200040600 00010  0700 00010  1000 00010  2500 00030  
HPD02232900HPCPHT19901200210020600 00010  2500 00010  
HPD02232900HPCPHT19901200220020200 00010  2500 00010  
HPD02232900HPCPHT19901200280030700 00010  1000 00010  2500 00020  
HPD02232900HPCPHT19901200290041300 00010  1400 00010  1500 00010  2500 00030  
HPD02232900HPCPHT19901200300021400 00010  2500 00010  
HPD02232900HPCPHT19910100010020100 00000g 2500 00000  
HPD02232900HPCPHT19910100030031200 00020  2200 00010  2500 00030  
HPD02232900HPCPHT19910100040100200 00010  0300 00010  0400 00010  0500 00020  0600 00020  0800 00010  0900 00010  1400 00010  1700 00010  2500 00110  
HPD02232900HPCPHT19910100050031500 00010  1700 00010  2500 00020  
HPD02232900HPCPHT19910100060020100 00010  2500 00010  
HPD02232900HPCPHT19910200010020100 00000g 2500 00000  
HPD02232900HPCPHT19910200090020200 00010  2500 00010  
HPD02232900HPCPHT19910200270022400 00010  2500 00010  
HPD02232900HPCPHT19910200280200100 00020  0200 00040  0300 00030  0400 00020  0500 00040  0600 00030  0700 00010  0800 00010  0900 00010  1000 00040  1300 00030  1400 00020  1600 00010  1900 00020  2000 00010  2100 00060  2200 00030  2300 00050  2400 00010  2500 00490  
HPD02232900HPCPHT19910300010120100 00020  0200 00020  0300 00020  0400 00020  0500 00040  0600 00020  0700 00040  0800 00030  0900 00030  1000 00030  1100 99999{ 2500 00270P 
HPD02232900HPCPHT19910300280022400 99999} 2500 00000P 
HPD02232900HPCPHT19910400010020100 00000g 2500 00000  
HPD02232900HPCPHT19910500010020100 00000g 2500 00000  
HPD02232900HPCPHT19910600010030100 00000g 1000 00010  2500 00010  
HPD02232900HPCPHT19910600140021800 00010  2500 00010  
HPD02232900HPCPHT19910700010020100 00000g 2500 00000  
HPD02232900HPCPHT19910700200060700 00050  0800 00080  0900 00010  1000 00010  1500 00010  2500 00160  
HPD02232900HPCPHT19910700280021500 00010  2500 00010  
HPD02232900HPCPHT19910700290031700 00010  1900 00010  2500 00020  
HPD02232900HPCPHT19910700300021300 00010  2500 00010  
HPD02232900HPCPHT19910800010030100 00000g 1000 99999{ 2500 00000P 
HPD02232900HPCPHT19910800310022400 99999} 2500 00000P 
HPD02232900HPCPHT19910900010040100 99999{ 1000 99999} 1100 99999[ 2500 00000P 
HPD02232900HPCPHT19910900050020600 99999] 2500 00000I 
HPD02232900HPCPHT19910900060040500 00010  0700 00010  1000 00010  2500 00030  
HPD02232900HPCPHT19910900100020900 00010  2500 00010  
HPD02232900HPCPHT19910900200021000 00010  2500 00010  
HPD02232900HPCPHT19910900300021000 00010  2500 00010  
HPD02232900HPCPHT19911000010020100 00000g 2500 00000  
HPD02232900HPCPHT19911000270040800 00040  0900 00020  1500 00010  2500 00070  
HPD02232900HPCPHT19911100010020100 00000g 2500 00000  
HPD02232900HPCPHT19911100110030200 00010  1400 00010  2500 00020  
HPD02232900HPCPHT19911100140061600 00010  1700 00030  1800 00010  1900 00020  2100 00010  2500 00080  
HPD02232900HPCPHT19911100150090200 00030  0500 00010  1000 00010  1200 00010  1400 00010  1500 00010  1600 00010  1800 00010  2500 00100  
HPD02232900HPCPHT19911100160021500 00010  2500 00010  
HPD02232900HPCPHT19911100210021600 00010  2500 00010  
HPD02232900HPCPHT19911100290052100 00010  2200 00030  2300 00020  2400 00010  2500 00070  
HPD02232900HPCPHT19911100300100100 00010  0300 00040  0500 00010  0900 00010  1000 00010  1100 00010  1200 00010  1300 00010  1400 00010  2500 00120  
HPD02232900HPCPHT19911200010020100 00000g 2500 00000  
HPD02232900HPCPHT19911200100091200 00010  1300 00010  1400 00010  1600 00010  1700 00010  2000 00010  2300 00040  2400 00010  2500 00110  
HPD02232900HPCPHT19911200110041300 00010  1700 00010  1800 00010  2500 00030  
HPD02232900HPCPHT19911200130020300 00010  2500 00010  
HPD02232900HPCPHT19911200180050700 00010  1000 00010  1300 00010  2300 00010  2500 00040  
HPD02232900HPCPHT19911200190090400 00010  0500 00010  0800 00010  1100 00010  1500 00010  1700 00010  1900 00010  2100 00010  2500 00080  
HPD02232900HPCPHT19911200200020800 00010  2500 00010  
HPD02232900HPCPHT19911200210020500 00010  2500 00010  
HPD02232900HPCPHT19911200220040100 00010  0300 00010  0800 00010  2500 00030  
HPD02232900HPCPHT19911200280042200 00010  2300 00010  2400 00010  2500 00030  
HPD02232900HPCPHT19911200290020800 00010  2500 00010  
HPD02232900HPCPHT19911200300070300 00020  0800 00010  1300 00010  1400 00010  1800 00010  2300 00010  2500 00070  
HPD02232900HPCPHT19920100010020100 00000g 2500 00000  
HPD02232900HPCPHT19920100030081600 00010  1800 00010  2000 00020  2100 00010  2200 00010  2300 00010  2400 00010  2500 00080  
HPD02232900HPCPHT19920100040030100 00010  1000 00010  2500 00020  
HPD02232900HPCPHT19920100050061300 00010  1600 00010  1700 00010  2100 00010  2200 00020  2500 00060  
HPD02232900HPCPHT19920100060100100 00010  0200 00020  0300 00020  0400 00020  0500 00030  0600 00020  0700 00020  0800 00020  1400 00010  2500 00170  
HPD02232900HPCPHT19920200010020100 00000g 2500 00000  
HPD02232900HPCPHT19920200070170300 00020  0400 00020  0500 00020  0600 00010  0700 00010  0800 00020  0900 00010  1000 00010  1100 00020  1200 00020  1300 00020  1400 00010  1500 00010  1600 00010  1800 00010  2300 00010  2500 00230  
HPD02232900HPCPHT19920200090020100 00010  2500 00010  
HPD02232900HPCPHT19920200100070700 00010  0800 00010  0900 00010  1200 00010  1300 00010  1500 00010  2500 00060  
HPD02232900HPCPHT19920200110050200 00010  0500 00010  1100 00010  1500 00010  2500 00040  
HPD02232900HPCPHT19920200120021700 00010  2500 00010  
HPD02232900HPCPHT19920200130120500 00010  0600 00010  0700 00020  0800 00020  0900 00020  1000 00030  1100 00020  1200 00030  1300 00020  1400 00010  2000 00010  2500 00200  
HPD02232900HPCPHT19920200150032300 00030  2400 00020  2500 00050  
HPD02232900HPCPHT19920200160040100 00010  0500 00010  1400 00010  2500 00030  
HPD02232900HPCPHT19920300010020100 00000g 2500 00000  
HPD02232900HPCPHT19920300020111200 00010  1300 00020  1400 00010  1500 00030  1600 00020  1700 00010  1800 00010  2100 00020  2300 00020  2400 00010  2500 00160  
HPD02232900HPCPHT19920300030040100 00010  0400 00010  1100 00010  2500 00030  
HPD02232900HPCPHT19920300040030400 00010  0800 00010  2500 00020  
HPD02232900HPCPHT19920300070031800 00010  2100 00010  2500 00020  
HPD02232900HPCPHT19920300080130100 00010  0300 00010  0400 00010  0500 00010  0700 00010  1000 00010  1300 00010  1500 00010  1900 00010  2200 00010  2300 00010  2400 00010  2500 00120  
HPD02232900HPCPHT19920300090080100 00010  0200 00010  0300 00010  0500 00010  0700 00010  0900 00010  1200 00010  2500 00070  
HPD02232900HPCPHT19920300210050900 00010  1100 00010  1500 00010  1600 00010  2500 00040  
HPD02232900HPCPHT19920300240031300 00010  1700 00010  2500 00020  
HPD02232900HPCPHT19920300270090300 00020  0400 00020  0500 00020  0700 00020  0800 00010  1300 00010  1400 00010  2300 00010  2500 00120  
HPD02232900HPCPHT19920300280071200 00010  1300 00010  1400 00010  1600 00010  2100 00010  2200 00010  2500 00060  
HPD02232900HPCPHT19920300290022100 00010  2500 00010  
HPD02232900HPCPHT19920300310021100 00010  2500 00010  
HPD02232900HPCPHT19920400010060100 00000g 1300 00010  1500 00010  2100 00010  2300 00020  2500 00050  
HPD02232900HPCPHT19920400020050100 00010  0200 00010  0400 00010  0600 00010  2500 00040  
HPD02232900HPCPHT19920500010020100 00000g 2500 00000  
HPD02232900HPCPHT19920500050060100 00010  1300 00010  1700 00010  1800 00010  1900 00010  2500 00050  
HPD02232900HPCPHT19920500090022200 00010  2500 00010  
HPD02232900HPCPHT19920500100030200 00040  0900 00010  2500 00050  
HPD02232900HPCPHT19920500110021800 00010  2500 00010  
HPD02232900HPCPHT19920500200031800 00010  1900 00040  2500 00050  
HPD02232900HPCPHT19920500210021200 00010  2500 00010  
HPD02232900HPCPHT19920500230021000 00010  2500 00010  
HPD02232900HPCPHT19920500250020700 00010  2500 00010  
HPD02232900HPCPHT19920500260020800 00010  2500 00010  
HPD02232900HPCPHT19920500290022400 00010  2500 00010  
HPD02232900HPCPHT19920500300050300 00010  0400 00010  1400 00010  1600 00010  2500 00040  
HPD02232900HPCPHT19920500310021100 00010  2500 00010  
HPD02232900HPCPHT19920600010020100 00000g 2500 00000  
HPD02232900HPCPHT19920600020031000 00010  1800 00010  2500 00020  
HPD02232900HPCPHT19920600250021000 00010  2500 00010  
HPD02232900HPCPHT19920700010020100 00000g 2500 00000  
HPD02232900HPCPHT19920700070030800 00010  1600 00010  2500 00020  
HPD02232900HPCPHT19920700100041600 00010  1800 00140  1900 00010  2500 00160  
HPD02232900HPCPHT19920700110030500 00010  1100 00010  2500 00020  
HPD02232900HPCPHT19920700240090500 00040  0600 00010  0800 00010  0900 00010  1000 00010  1100 00010  1600 00010  2000 00010  2500 00110  
HPD02232900HPCPHT19920700250022100 00010  2500 00010  
HPD02232900HPCPHT19920700260021100 00010  2500 00010  
HPD02232900HPCPHT19920700290021500 00010  2500 00010  
HPD02232900HPCPHT19920800010020100 00000g 2500 00000  
HPD02232900HPCPHT19920800050030900 00020  1000 00010  2500 00030  
HPD02232900HPCPHT19920800060061200 00010  1600 00040  1800 00020  1900 00070  2000 00010  2500 00150  
HPD02232900HPCPHT19920800070021000 00010  2500 00010  
HPD02232900HPCPHT19920800080021800 00010  2500 00010  
HPD02232900HPCPHT19920800090051200 00010  1300 00010  1800 00010  1900 00020  2500 00050  
HPD02232900HPCPHT19920800100031000 00010  1100 00010  2500 00020  
HPD02232900HPCPHT19920800120021000 00010  2500 00010  
HPD02232900HPCPHT19920800170021800 00010  2500 00010  
HPD02232900HPCPHT19920800210032000 99999a 2300 00060A 2500 00060  
HPD02232900HPCPHT19920800220080800 00010  1100 00010  1200 00020  1300 00010  1700 00030  1800 00010  2200 00010  2500 00100  
HPD02232900HPCPHT19920800230120300 00010  0500 00020  0700 00010  0800 00020  0900 00010  1000 00010  1100 00020  1200 00010  1300 00010  1400 00010  1600 00010  2500 00140  
HPD02232900HPCPHT19920800240021000 00010  2500 00010  
HPD02232900HPCPHT19920800310021300 00010  2500 00010  
HPD02232900HPCPHT19920900010030100 00000g 1400 99999{ 2500 00000P 
HPD02232900HPCPHT19920900300041300 99999} 1400 99999[ 2400 99999] 2500 00000P 
HPD02232900HPCPHT19921000010020100 00000g 2500 00000  
HPD02232900HPCPHT19921000290020700 00010  2500 00010  
HPD02232900HPCPHT19921000310040100 00010  0300 00010  0700 00010  2500 00030  
HPD02232900HPCPHT19921100010020100 00000g 2500 00000  
HPD02232900HPCPHT19921100100021500 00020  2500 00020  
HPD02232900HPCPHT19921200010020100 00000g 2500 00000  
HPD02232900HPCPHT19921200030022300 00010  2500 00010  
HPD02232900HPCPHT19921200040160300 00010  0500 00020  0600 00020  0700 00010  0800 00010  0900 00020  1000 00020  1100 00010  1200 00010  1300 00010  1400 00010  1500 00020  1700 00010  1800 00010  1900 00010  2500 00200  
HPD02232900HPCPHT19921200050020200 00010  2500 00010  
HPD02232900HPCPHT19921200070021400 99999a 2500 00000I 
HPD02232900HPCPHT19921200090021300 00090A 2500 00090P 
HPD02232900HPCPHT19921200120021700 00010  2500 00010  
HPD02232900HPCPHT19921200130022300 00010  2500 00010  
HPD02232900HPCPHT19921200170021400 99999a 2500 00000I 
HPD02232900HPCPHT19921200180021300 00020A 2500 00020P 
HPD02232900HPCPHT19921200270061700 00010  2000 00010  2200 00020  2300 00010  2400 00020  2500 00070  
HPD02232900HPCPHT19921200280150100 00010  0200 00030  0300 00020  0400 00030  0500 00020  0600 00030  0700 00020  0800 00010  0900 00020  1000 00010  1100 00010  1200 00010  1600 00010  2300 00010  2500 00240  
HPD02232900HPCPHT19921200290050400 00010  0500 00010  0800 00010  1500 00010  2500 00040  
HPD02232900HPCPHT19921200300020100 00010  2500 00010  
HPD02232900HPCPHT19930100010020100 00000g 2500 00000  
HPD02232900HPCPHT19930100030020300 00010  2500 00010  
HPD02232900HPCPHT19930100060150500 00010  0800 00010  1000 00010  1100 00010  1200 00020  1300 00010  1500 00010  1600 00010  1800 00010  2000 00010  2100 00010  2200 00020  2300 00010  2400 00010  2500 00160  
HPD02232900HPCPHT19930100070200100 00020  0300 00010  0500 00010  0600 00010  0700 00010  0800 00020  0900 00020  1100 00010  1200 00020  1300 00030  1400 00020  1500 00010  1600 00010  1700 00010  1900 00010  2000 00010  2200 00020  2300 00040  2400 00010  2500 00300  
HPD02232900HPCPHT19930100080090100 00020  0200 00020  0300 00020  0400 00060  0500 00060  0600 00010  0700 00020  0900 00010  2500 00220  
HPD02232900HPCPHT19930100100160200 00010  0600 00010  0700 00010  0800 00010  1000 00010  1100 00010  1200 00010  1300 00010  1600 00010  1800 00010  1900 00010  2000 00010  2100 00010  2200 00010  2300 00020  2500 00160  
HPD02232900HPCPHT19930100110020100 00010  2500 00010  
HPD02232900HPCPHT19930100120032300 00010  2400 00010  2500 00020  
HPD02232900HPCPHT19930100130040100 00010  0700 00010  2300 00010  2500 00030  
HPD02232900HPCPHT19930100140120500 00020  0600 00020  0700 00010  0800 00010  1200 00020  1300 00020  1400 00010  1600 00010  1700 00010  1800 00020  2000 00010  2500 00160  
HPD02232900HPCPHT19930100150031200 00010  2200 00010  2500 00020  
HPD02232900HPCPHT19930100160100400 00010  0700 00010  1000 00010  1200 00010  1800 00010  1900 00030  2000 00010  2300 00010  2400 00010  2500 00110  
HPD02232900HPCPHT19930100170080100 00010  0200 00010  0300 00010  0400 00020  0500 00010  0600 00020  0700 00020  2500 00100  
HPD02232900HPCPHT19930100180150300 00010  0400 00010  0800 00010  0900 00010  1000 00020  1200 00010  1300 00010  1400 00010  1500 00030  1600 00020  1700 00010  2100 00010  2200 00020  2400 00010  2500 00190  
HPD02232900HPCPHT19930100190030100 00010  1300 00010  2500 00020  
HPD02232900HPCPHT19930100290051900 00010  2000 00010  2300 00020  2400 00020  2500 00060  
HPD02232900HPCPHT19930100300040100 00010  0200 00010  1000 00010  2500 00030  
HPD02232900HPCPHT19930200010020100 00000g 2500 00000  
HPD02232900HPCPHT19930200080230300 00020  0400 00010  0500 00020  0600 00010  0700 00010  0800 00010  0900 00010  1000 00020  1100 00010  1200 00020  1300 00020  1400 00030  1500 00040  1600 00030  1700 00030  1800 00010  1900 00010  2000 00030  2100 00030  2200 00010  2300 00010  2400 00010  2500 00400  
HPD02232900HPCPHT19930200090160200 00010  0300 00010  0400 00010  0500 00030  0600 00010  0700 00010  0800 00010  0900 00010  1000 00040  1200 00010  1300 00010  1400 00010  1600 00010  2100 00010  2200 00010  2500 00200  
HPD02232900HPCPHT19930200140021600 00010  2500 00010  
HPD02232900HPCPHT19930200150030300 00010  2000 00010  2500 00020  
HPD02232900HPCPHT19930200160021900 00010  2500 00010  
HPD02232900HPCPHT19930200190160900 00010  1000 00010  1100 00020  1200 00020  1300 00010  1400 00010  1500 00030  1600 00010  1800 00020  1900 00030  2000 00020  2100 00040  2200 00040  2300 00040  2400 00020  2500 00330  
HPD02232900HPCPHT19930200200080100 00020  0200 00010  0300 00040  0400 00060  0500 00010  0600 00010  2300 00010  2500 00160  
HPD02232900HPCPHT19930200240021900 00010  2500 00010  
HPD02232900HPCPHT19930200270032200 00010  2300 00010  2500 00020  
HPD02232900HPCPHT19930200280090200 00010  0300 00010  0400 00010  0500 00010  0600 00010  1400 00010  1500 00010  1700 00010  2500 00080  
HPD02232900HPCPHT19930300010030100 00000g 1000 00010  2500 00010  
HPD02232900HPCPHT19930300260071300 00010  1400 00010  1700 00020  1800 00010  2000 00010  2300 00010  2500 00070  
HPD02232900HPCPHT19930300270100100 00010  0300 00010  0500 00010  0800 00010  0900 00010  1200 00010  1300 00010  1500 00010  2100 00010  2500 00090  
HPD02232900HPCPHT19930300290020600 00010  2500 00010  
HPD02232900HPCPHT19930400010020100 00000g 2500 00000  
HPD02232900HPCPHT19930500010020100 00000g 2500 00000  
HPD02232900HPCPHT19930500160040200 00010  0300 00030  1000 00010  2500 00050  
HPD02232900HPCPHT19930600010020100 00000g 2500 00000  
HPD02232900HPCPHT19930600060040700 00010  0800 00010  1200 00010  2500 00030  
HPD02232900HPCPHT19930700010020100 00000g 2500 00000  
HPD02232900HPCPHT19930800010020100 00000g 2500 00000  
HPD02232900HPCPHT19930800050021100 00010  2500 00010  
HPD02232900HPCPHT19930800060070100 00010  1000 00010  1800 00020  1900 00050  2000 00020  2100 00010  2500 00120  
HPD02232900HPCPHT19930800070030800 00010  1200 00010  2500 00020  
HPD02232900HPCPHT19930800250021300 00010  2500 00010  
HPD02232900HPCPHT19930800260041300 00010  1600 00040  1700 00010  2500 00060  
HPD02232900HPCPHT19930800270040700 00010  1300 00010  2000 00010  2500 00030  
HPD02232900HPCPHT19930800280040800 00020  0900 00020  1200 00010  2500 00050  
HPD02232900HPCPHT19930800290071200 00010  1400 00030  1500 00010  1600 00020  2000 00040  2300 00010  2500 00120  
HPD02232900HPCPHT19930800300031200 00010  1300 00010  2500 00020  
HPD02232900HPCPHT19930800310041200 00030  1300 00050  1500 00010  2500 00090  
HPD02232900HPCPHT19930900010020100 00000g 2500 00000  
HPD02232900HPCPHT19930900120022200 00030  2500 00030  
HPD02232900HPCPHT19931000010020100 00000g 2500 00000  
HPD02232900HPCPHT19931000050032300 00010  2400 00010  2500 00020  
HPD02232900HPCPHT19931000060090700 00010  0800 00020  1300 00030  1400 00020  1500 00010  2200 00010  2300 00030  2400 00020  2500 00150  
HPD02232900HPCPHT19931000070021300 00010  2500 00010  
HPD02232900HPCPHT19931000160041700 00010  1800 00010  1900 99999a 2500 00020I 
HPD02232900HPCPHT19931000170021300 00020A 2500 00020P 
HPD02232903HPCPHT19931100010020100 00000g 2500 00000  
HPD02232903HPCPHT19931100020020900 00000  2500 00000  
HPD02232903HPCPHT19931100110020900 00010  2500 00010  
HPD02232903HPCPHT19931100120051200 00010  1800 00010  2100 00010  2200 00010  2500 00040  
HPD02232903HPCPHT19931100130030900 00010  1000 00010  2500 00020  
HPD02232903HPCPHT19931100140150500 00010  0800 00010  0900 00020  1000 00010  1100 00010  1200 00010  1300 00010  1400 00010  1800 00010  2000 00020  2100 00010  2200 00010  2300 00030  2400 00020  2500 00190  
HPD02232903HPCPHT19931100150100100 00020  0300 00010  0400 00010  0600 00010  0700 00010  0800 00010  0900 00010  1400 00010  1700 00010  2500 00100  
HPD02232903HPCPHT19931100160020100 00010  2500 00010  
HPD02232903HPCPHT19931200010020100 00000g 2500 00000  
HPD02232903HPCPHT19931200110022300 00010  2500 00010  
HPD02232903HPCPHT19931200120020100 00010  2500 00010  
HPD02232903HPCPHT19931200130020900 00000  2500 00000  
HPD02232903HPCPHT19940100010020100 00000g 2500 00000  
HPD02232903HPCPHT19940100250041100 00010  1200 00010  1600 00020  2500 00040  
HPD02232903HPCPHT19940200010020100 00000g 2500 00000  
HPD02232903HPCPHT19940200040021500 00010  2500 00010  
HPD02232903HPCPHT19940200070101300 00010  1400 00010  1600 00020  1800 00010  1900 00010  2000 00010  2100 00010  2300 00020  2400 00010  2500 00110  
HPD02232903HPCPHT19940200080130100 00030  0200 00020  0300 00030  0400 00020  0500 00020  0600 00020  0700 00030  0800 00010  0900 00010  1000 00010  1500 00010  2200 00010  2500 00220  
HPD02232903HPCPHT19940300010020100 00000g 2500 00000  
HPD02232903HPCPHT19940300070031500 00010  1600 00020  2500 00030  
HPD02232903HPCPHT19940300120021700 00000  2500 00000  
HPD02232903HPCPHT19940300170021200 00020  2500 00020  
HPD02232903HPCPHT19940300200030200 00010  0900 00010  2500 00020  
HPD02232903HPCPHT19940300250061600 00010  1700 00030  2100 00010  2200 00010  2400 00010  2500 00070  
HPD02232903HPCPHT19940300260030100 99999a 0800 00040A 2500 00040  
HPD02232903HPCPHT19940400010030100 00000g 1100 00000  2500 00000  
HPD02232903HPCPHT19940400100021700 00010  2500 00010  
HPD02232903HPCPHT19940400240031600 00020  1900 00010  2500 00030  
HPD02232903HPCPHT19940400250022200 00010  2500 00010  
HPD02232903HPCPHT19940400260022300 00010  2500 00010  
HPD02232903HPCPHT19940400270050100 00010  0200 00010  0800 00010  1400 00010  2500 00040  
HPD02232903HPCPHT19940500010020100 00000g 2500 00000  
HPD02232903HPCPHT19940500020021200 00000  2500 00000  
HPD02232903HPCPHT19940500090021100 00010  2500 00010  
HPD02232903HPCPHT19940500100021400 00010  2500 00010  
HPD02232903HPCPHT19940500240031400 00010  2400 00020  2500 00030  
HPD02232903HPCPHT19940500250020100 00010  2500 00010  
HPD02232903HPCPHT19940500260021800 00010  2500 00010  
HPD02232903HPCPHT19940600010020100 00000g 2500 00000  
HPD02232903HPCPHT19940600290021500 00030  2500 00030  
HPD02232903HPCPHT19940700010020100 00000g 2500 00000  
HPD02232903HPCPHT19940700170041900 00060  2000 00010  2200 00010  2500 00080  
HPD02232903HPCPHT19940700180021500 00010  2500 00010  
HPD02232903HPCPHT19940700190040700 00060  0800 00010  1400 00010  2500 00080  
HPD02232903HPCPHT19940700200021200 00010  2500 00010  
HPD02232903HPCPHT19940700240041800 00020  1900 00010  2100 00010  2500 00040  
HPD02232903HPCPHT19940700250021200 00010  2500 00010  
HPD02232903HPCPHT19940800010020100 00000g 2500 00000  
HPD02232903HPCPHT19940800050022200 00030  2500 00030  
HPD02232903HPCPHT19940800060021800 00010  2500 00010  
HPD02232903HPCPHT19940800070030800 00010  1200 00010  2500 00020  
HPD02232903HPCPHT19940800100021100 00010  2500 00010  
HPD02232903HPCPHT19940800130041300 00010  1400 00010  1500 00010  2500 00030  
HPD02232903HPCPHT19940800150031700 00010  1800 00010  2500 00020  
HPD02232903HPCPHT19940800160021400 00010  2500 00010  
HPD02232903HPCPHT19940800170020200 00010  2500 00010  
HPD02232903HPCPHT19940800190051400 00030  1500 00010  1600 00010  1900 00010  2500 00060  
HPD02232903HPCPHT19940800260022000 00010  2500 00010  
HPD02232903HPCPHT19940800270071200 00010  1500 00020  1700 00010  1800 00040  1900 00010  2200 00010  2500 00100  
HPD02232903HPCPHT19940800280021200 00010  2500 00010  
HPD02232903HPCPHT19940900010020100 00000g 2500 00000  
HPD02232903HPCPHT19940900020032200 00040  2400 00010  2500 00050  
HPD02232903HPCPHT19940900030041200 00010  1500 00070  1800 00010  2500 00090  
HPD02232903HPCPHT19940900040031700 00070  1800 00010  2500 00080  
HPD02232903HPCPHT19940900110042200 00010  2300 00040  2400 00010  2500 00060  
HPD02232903HPCPHT19940900120021300 00010  2500 00010  
HPD02232903HPCPHT19941000010020100 00000g 2500 00000  
HPD02232903HPCPHT19941000030020900 99999[ 2500 00000I 
HPD02232903HPCPHT19941000310022400 99999] 2500 00000I 
HPD02232903HPCPHT19941100010020100 00000g 2500 00000  
HPD02232903HPCPHT19941100120090200 00020  0300 00010  0400 00010  0500 00010  0600 00010  0700 00010  0800 00010  1000 00010  2500 00090  
HPD02232903HPCPHT19941200010020100 00000g 2500 00000  
HPD02232903HPCPHT19941200050091000 00010  1300 00010  1700 00010  1900 00010  2000 00010  2200 00010  2300 00010  2400 00010  2500 00080  
HPD02232903HPCPHT19941200060060100 00020  0200 00010  0400 00010  0600 00010  1700 00010  2500 00060  
HPD02232903HPCPHT19941200230080700 00010  1100 00010  1200 00010  1400 00020  1500 00010  1600 00020  2100 00010  2500 00090  
HPD02232903HPCPHT19941200240040100 00010  0500 00010  2200 00010  2500 00030  
HPD02232903HPCPHT19941200250150400 00010  0500 00020  0600 00020  0800 00010  1000 00010  1300 00010  1600 00010  1800 00010  1900 00010  2000 00010  2100 00010  2200 00010  2300 00020  2400 00010  2500 00170  
HPD02232903HPCPHT19941200260080300 00020  0400 00020  0600 00010  0700 00020  0800 00020  0900 00010  1600 00010  2500 00110  
HPD02232903HPCPHT19950100010020100 00000g 2500 00000  
HPD02232903HPCPHT19950100030021400 99999{ 2500 00000P 
HPD02232903HPCPHT19950100040021300 99999} 2500 00000P 
HPD02232903HPCPHT19950100050080100 00020  0200 00020  0300 00010  0900 00010  1000 00020  1100 00020  1200 00010  2500 00110  
HPD02232903HPCPHT19950100100020800 99999{ 2500 00000P 
HPD02232903HPCPHT19950100120020700 99999} 2500 00000P 
HPD02232903HPCPHT19950100150020800 99999{ 2500 00000P 
HPD02232903HPCPHT19950100170020700 99999} 2500 00000P 
HPD02232903HPCPHT19950100250061900 00010  2100 00010  2200 00020  2300 00010  2400 00020  2500 00070  
HPD02232903HPCPHT19950100260100100 00020  0200 00010  0500 00010  0600 00020  0900 00010  1100 00020  1200 00010  1300 00020  1500 00030  2500 00150  
HPD02232903HPCPHT19950100270021200 00010  2500 00010  
HPD02232903HPCPHT19950200010020100 00000g 2500 00000  
HPD02232903HPCPHT19950200030031200 99999{ 1300 99999} 2500 00000P 
HPD02232903HPCPHT19950200040021600 00010  2500 00010  
HPD02232903HPCPHT19950200130090500 00010  1300 00010  1600 00010  1700 00010  1800 00010  1900 00020  2300 00010  2400 00010  2500 00090  
HPD02232903HPCPHT19950200140240100 00010  0200 00020  0300 00030  0400 00030  0500 00020  0600 00020  0700 00020  0800 00010  0900 00020  1000 00010  1100 00010  1300 00020  1400 00010  1500 00020  1600 00030  1700 00020  1800 00020  1900 00030  2000 00040  2100 00030  2200 00040  2300 00020  2400 00030  2500 00510  
HPD02232903HPCPHT19950200150050100 00010  0200 00020  0400 00010  0600 00010  2500 00050  
HPD02232903HPCPHT19950200210022000 00020  2500 00020  
HPD02232903HPCPHT19950200220030100 00010  0200 00010  2500 00020  
HPD02232903HPCPHT19950200230032000 00010  2200 00010  2500 00020  
HPD02232903HPCPHT19950200260021400 00010  2500 00010  
HPD02232903HPCPHT19950200270021200 00020  2500 00020  
HPD02232903HPCPHT19950200280050800 00010  1300 00020  1400 00010  2400 00010  2500 00050  
HPD02232903HPCPHT19950300010030100 00000g 0300 00010  2500 00010  
HPD02232903HPCPHT19950300030020600 00010  2500 00010  
HPD02232903HPCPHT19950300050101600 00010  1700 00010  1800 00010  1900 00020  2000 00010  2100 00020  2200 00020  2300 00020  2400 00010  2500 00130  
HPD02232903HPCPHT19950300060080100 00010  0200 00020  0300 00010  0400 00010  0500 00030  0600 00030  0700 00020  2500 00130  
HPD02232903HPCPHT19950300110071200 00030  1300 00030  1400 00010  1500 00030  1700 00040  1900 00010  2500 00150  
HPD02232903HPCPHT19950300230022200 00010  2500 00010  
HPD02232903HPCPHT19950400010020100 99999{ 2500 00000P 
HPD02232903HPCPHT19950400030030900 99999} 1000 99999[ 2500 00000P 
HPD02232903HPCPHT19950400100021600 99999] 2500 00000I 
HPD02232903HPCPHT19950400160022100 00000  2500 00000  
HPD02232903HPCPHT19950400170040600 00010  0800 00010  0900 00010  2500 00030  
HPD02232903HPCPHT19950400180041000 00010  2200 00010  2400 00010  2500 00030  
HPD02232903HPCPHT19950400190070100 00010  0300 00010  1100 00010  1600 00010  2000 00010  2100 00010  2500 00060  
HPD02232903HPCPHT19950400200020400 00010  2500 00010  
HPD02232903HPCPHT19950500010020100 00000g 2500 00000  
HPD02232903HPCPHT19950500060030800 00010  2200 00010  2500 00020  
HPD02232903HPCPHT19950500070021300 00010  2500 00010  
HPD02232903HPCPHT19950500160031400 00010  1600 00010  2500 00020  
HPD02232903HPCPHT19950600010020100 00000g 2500 00000  
HPD02232903HPCPHT19950600020020800 00000  2500 00000  
HPD02232903HPCPHT19950600250020500 99999{ 2500 00000P 
HPD02232903HPCPHT19950600300022400 99999} 2500 00000P 
HPD02232903HPCPHT19950700010020100 00000g 2500 00000  
HPD02232903HPCPHT19950700070021000 00010  2500 00010  
HPD02232903HPCPHT19950700110021000 00010  2500 00010  
HPD02232903HPCPHT19950700130020900 00010  2500 00010  
HPD02232903HPCPHT19950700150021700 00030  2500 00030  
HPD02232903HPCPHT19950700160020600 00010  2500 00010  
HPD02232903HPCPHT19950700310021300 00010  2500 00010  
HPD02232903HPCPHT19950800010020100 00000g 2500 00000  
HPD02232903HPCPHT19950800020041400 00040  1500 00010  1600 00010  2500 00060  
HPD02232903HPCPHT19950800120030100 00020  0400 00010  2500 00030  
HPD02232903HPCPHT19950800140021200 00010  2500 00010  
HPD02232903HPCPHT19950800150040400 00020  0500 00020  1800 00020  2500 00060  
HPD02232903HPCPHT19950800190022100 00010  2500 00010  
HPD02232903HPCPHT19950800200022400 00020  2500 00020  
HPD02232903HPCPHT19950800210030100 00010  0400 00010  2500 00020  
HPD02232903HPCPHT19950800230031900 00040  2200 00010  2500 00050  
HPD02232903HPCPHT19950800240020100 00020  2500 00020  
HPD02232903HPCPHT19950800250021400 00050  2500 00050  
HPD02232903HPCPHT19950900010020100 00000g 2500 00000  
HPD02232903HPCPHT19950900060021700 00010  2500 00010  
HPD02232903HPCPHT19950900100041700 00040  1800 00020  1900 00010  2500 00070  
HPD02232903HPCPHT19950900110021000 00010  2500 00010  
HPD02232903HPCPHT19950900170031400 00010  1500 00010  2500 00020  
HPD02232903HPCPHT19950900270031700 00010  2100 00010  2500 00020  
HPD02232903HPCPHT19950900280070100 00020  0200 00040  0300 00010  0400 00010  1000 00010  1100 00010  2500 00100  
HPD02232903HPCPHT19951000010020100 00000g 2500 00000  
HPD02232903HPCPHT19951000100032100 00010  2200 00010  2500 00020  
HPD02232903HPCPHT19951100010030100 00000g 1900 00030  2500 00030  
HPD02232903HPCPHT19951100020021400 00010  2500 00010  
HPD02232903HPCPHT19951100060021300 00020  2500 00020  
HPD02232903HPCPHT19951100070021600 00010  2500 00010  
HPD02232903HPCPHT19951100080021400 00010  2500 00010  
HPD02232903HPCPHT19951200010020100 00000g 2500 00000  
HPD02232903HPCPHT19951200310022400 00000  2500 00000  
HPD02232903HPCPHT19960100010020100 00000g 2500 00000  
HPD02232903HPCPHT19960100270021500 99999{ 2500 00000P 
HPD02232903HPCPHT19960100310022400 99999} 2500 00000P 
HPD02232903HPCPHT19960200010020100 99999{ 2500 00000P 
HPD02232903HPCPHT19960200290022400 99999} 2500 00000P 
HPD02232903HPCPHT19960300010050100 99999{ 0800 99999} 0900 99999[ 1000 99999] 2500 00000P 
HPD02232903HPCPHT19960300130031300 00020  1400 00010  2500 00030  
HPD02232903HPCPHT19960300140031000 00000 q1100 00010  2500 00010P 
HPD02232903HPCPHT19960300150021400 00010  2500 00010  
HPD02232903HPCPHT19960400010030100 00000g 1600 99999{ 2500 00000P 
HPD02232903HPCPHT19960400300022400 99999} 2500 00000P 
HPD02232903HPCPHT19960500010030100 99999{ 1700 99999} 2500 00000P 
HPD02232903HPCPHT19960500020021500 00010  2500 00010  
HPD02232903HPCPHT19960500070020200 99999{ 2500 00000P 
HPD02232903HPCPHT19960500310022400 99999} 2500 00000P 
HPD02232903HPCPHT19960600010040100 99999{ 0800 99999} 0900 99999[ 2500 00000P 
HPD02232903HPCPHT19960600120031000 99999] 1100 99999{ 2500 00000P 
HPD02232903HPCPHT19960600300022400 99999} 2500 00000P 
HPD02232903HPCPHT19960700010020100 99999{ 2500 00000P 
HPD02232903HPCPHT19960700020030900 99999} 1000 99999[ 2500 00000P 
HPD02232903HPCPHT19960700310022400 99999] 2500 00000I 
HPD02232903HPCPHT19960800010020100 99999[ 2500 00000I 
HPD02232903HPCPHT19960800020021400 99999] 2500 00000I 
HPD02232903HPCPHT19960800090021700 00010  2500 00010  
HPD02232903HPCPHT19960800310021700 00010  2500 00010  
HPD02232903HPCPHT19960900010020100 99999{ 2500 00000P 
HPD02232903HPCPHT19960900300022400 99999} 2500 00000P 
HPD02232903HPCPHT19961000010020100 99999{ 2500 00000P 
HPD02232903HPCPHT19961000030020900 99999} 2500 00000P 
HPD02232903HPCPHT19961000290021800 99999{ 2500 00000P 
HPD02232903HPCPHT19961000310022400 99999} 2500 00000P 
HPD02232903HPCPHT19961100010040100 99999{ 1700 99999} 1800 99999[ 2500 00000P 
HPD02232903HPCPHT19961100300022400 99999] 2500 00000I 
HPD02232903HPCPHT19961200010020100 99999[ 2500 00000I 
HPD02232903HPCPHT19961200260030900 99999] 1000 99999{ 2500 00000P 
HPD02232903HPCPHT19961200310022400 99999} 2500 00000P 
HPD02232903HPCPHT19970100010020100 99999{ 2500 00000P 
HPD02232903HPCPHT19970100310022400 99999} 2500 00000P 
HPD02232903HPCPHT19970200010020100 99999{ 2500 00000P 
HPD02232903HPCPHT19970200280022400 99999} 2500 00000P 
HPD02232903HPCPHT19970300010020100 99999{ 2500 00000P 
HPD02232903HPCPHT19970300050021200 99999} 2500 00000P 
HPD02232903HPCPHT19970300310030900 99999{ 2400 99999} 2500 00000P 
HPD02232903HPCPHT19970400010030100 99999[ 0900 99999] 2500 00000I 
HPD02232903HPCPHT19970400020032000 00010  2100 00010  2500 00020  
HPD02232903HPCPHT19970400030070100 00010  0500 00010  1000 00010  1300 00010  1800 00010  2000 00010  2500 00060  
HPD02232903HPCPHT19970400040090100 00010  0700 00010  1400 00010  1600 00010  1900 00010  2100 00010  2200 00010  2300 00010  2500 00080  
HPD02232903HPCPHT19970400050031600 00010  1700 99999{ 2500 00010P 
HPD02232903HPCPHT19970400060021000 99999} 2500 00000P 
HPD02232903HPCPHT19970400070021800 99999{ 2500 00000P 
HPD02232903HPCPHT19970400080020200 99999} 2500 00000P 
HPD02232903HPCPHT19970500010020100 00000g 2500 00000  
HPD02232903HPCPHT19970500110021800 00010  2500 00010  
HPD02232903HPCPHT19970500190021500 00010  2500 00010  
HPD02232903HPCPHT19970600010020100 00000g 2500 00000  
HPD02232903HPCPHT19970600060021600 00010  2500 00010  
HPD02232903HPCPHT19970600150021100 99999{ 2500 00000P 
HPD02232903HPCPHT19970600170020100 99999} 2500 00000P 
HPD02232903HPCPHT19970600180021600 99999[ 2500 00000I 
HPD02232903HPCPHT19970600300022400 99999] 2500 00000I 
HPD02232903HPCPHT19970700010030100 99999[ 0900 99999] 2500 00000I 
HPD02232903HPCPHT19970700280020400 00010  2500 00010  
HPD02232903HPCPHT19970700300021700 00010  2500 00010  
HPD02232903HPCPHT19970800010020100 00000g 2500 00000  
HPD02232903HPCPHT19970800030050800 00020  0900 00010  1000 00010  1300 00010  2500 00050  
HPD02232903HPCPHT19970800050031200 00040  1300 99999{ 2500 00040P 
HPD02232903HPCPHT19970800310022400 99999} 2500 00000P 
HPD02232903HPCPHT19970900010020100 99999{ 2500 00000P 
HPD02232903HPCPHT19970900300022400 99999} 2500 00000P 
HPD02232903HPCPHT19971000010030100 99999{ 1400 99999} 2500 00000P 
HPD02232903HPCPHT19971000070020800 00010  2500 00010  
HPD02232903HPCPHT19971000220031500 00010  1600 00030  2500 00040  
HPD02232903HPCPHT19971100010020100 00000g 2500 00000  
HPD02232903HPCPHT19971100030041000 99999[ 1100 99999] 1200 99999{ 2500 00000P 
HPD02232903HPCPHT19971100300022400 99999} 2500 00000P 
HPD02232903HPCPHT19971200010020100 99999{ 2500 00000P 
HPD02232903HPCPHT19971200310022400 99999} 2500 00000P 
HPD02232903HPCPHT19980100010020100 99999{ 2500 00000P 
HPD02232903HPCPHT19980100060031300 99999} 1400 99999[ 2500 00000P 
HPD02232903HPCPHT19980100310022400 99999] 2500 00000I 
HPD02232903HPCPHT19980200010020100 99999{ 2500 00000P 
HPD02232903HPCPHT19980200190031200 99999} 1300 99999{ 2500 00000P 
HPD02232903HPCPHT19980200280022400 99999} 2500 00000P 
HPD02232903HPCPHT19980300010020100 00000g 2500 00000  
HPD02232903HPCPHT19980400010020100 99999[ 2500 00000I 
HPD02232903HPCPHT19980400300022400 99999] 2500 00000I 
HPD02232903HPCPHT19980500010020100 99999[ 2500 00000I 
HPD02232903HPCPHT19980500310022400 99999] 2500 00000I 
HPD02232903HPCPHT19980600010020100 99999{ 2500 00000P 
HPD02232903HPCPHT19980600300022400 99999} 2500 00000P 
HPD02232903HPCPHT19980700010020100 99999[ 2500 00000I 
HPD02232903HPCPHT19980700310022400 99999] 2500 00000I 
HPD02232903HPCPHT19980800010030100 99999[ 0800 99999] 2500 00000I 
HPD02232903HPCPHT19980800060030500 00010  1600 00010  2500 00020  
HPD02232903HPCPHT19980800070042100 00010  2200 00010  2400 00010  2500 00030  
HPD02232903HPCPHT19980800080030100 00010  0200 00010  2500 00020  
HPD02232903HPCPHT19980800110031300 00010  1400 00010  2500 00020  
HPD02232903HPCPHT19980800170040900 00010  1900 00030  2100 00010  2500 00050  
HPD02232903HPCPHT19980800300021900 00040  2500 00040  
HPD02232903HPCPHT19980900010040100 00000g 0200 00010  0900 00010  2500 00020  
HPD02232903HPCPHT19980900020021600 00030  2500 00030  
HPD02232903HPCPHT19980900040060600 00010  0700 00010  0900 00010  1100 00010  1200 00010  2500 00050  
HPD02232903HPCPHT19980900060021500 00010  2500 00010  
HPD02232903HPCPHT19980900090022300 00010  2500 00010  
HPD02232903HPCPHT19980900110070400 00030  0500 00010  0600 00020  0700 00020  0800 00020  1000 00020  2500 00120  
HPD02232903HPCPHT19981000010020100 00000g 2500 00000  
HPD02232903HPCPHT19981000210060400 00010  0500 00020  0600 00010  0800 00010  1100 00010  2500 00060  
HPD02232903HPCPHT19981000250041000 00010  1300 00040  1400 00010  2500 00060  
HPD02232903HPCPHT19981000260050700 00020  0800 00010  1000 00010  1100 00010  2500 00050  
HPD02232903HPCPHT19981000300041300 00010  1400 00020  1500 00010  2500 00040  
HPD02232903HPCPHT19981100010020100 00000g 2500 00000  
HPD02232903HPCPHT19981100080022100 00030  2500 00030  
HPD02232903HPCPHT19981100090020200 00010  2500 00010  
HPD02232903HPCPHT19981100280061000 00010  1100 00010  2000 00010  2300 00050  2400 00020  2500 00100  
HPD02232903HPCPHT19981100290020400 00010  2500 00010  
HPD02232903HPCPHT19981200010040100 00000g 1500 99999[ 1600 99999] 2500 00000I 
HPD02232903HPCPHT19981200060031500 00010  1600 00010  2500 00020  
