HPD02646802HPCPHT20010100010020100 00000g 2500 00000  
HPD02646802HPCPHT20010100020031300 99999[ 1700 99999] 2500 00000I 
HPD02646802HPCPHT20010100090040500 00010  1000 00010  1900 00010  2500 00030  
HPD02646802HPCPHT20010100120031300 00010  1500 00010  2500 00020  
HPD02646802HPCPHT20010100210021600 00010  2500 00010  
HPD02646802HPCPHT20010200010020100 00000g 2500 00000  
HPD02646802HPCPHT20010200080020700 00010  2500 00010  
HPD02646802HPCPHT20010200140031900 00010  2000 00010  2500 00020  
HPD02646802HPCPHT20010200260020400 00010  2500 00010  
HPD02646802HPCPHT20010300010020100 00000g 2500 00000  
HPD02646802HPCPHT20010300100021100 00010  2500 00010  
HPD02646802HPCPHT20010300170020800 00010  2500 00010  
HPD02646802HPCPHT20010400010020100 00000g 2500 00000  
HPD02646802HPCPHT20010400060040200 00010  0900 00010  1000 00010  2500 00030  
HPD02646802HPCPHT20010400250021300 00010  2500 00010  
HPD02646802HPCPHT20010400260021100 00010  2500 00010  
HPD02646802HPCPHT20010400270060800 00010  1000 00010  1500 00030  1600 00040  2100 00010  2500 00100  
HPD02646802HPCPHT20010500010020100 00000g 2500 00000  
HPD02646802HPCPHT20010500130041700 00010  1800 00010  2400 00010  2500 00030  
HPD02646802HPCPHT20010500190021900 00010  2500 00010  
HPD02646802HPCPHT20010600010020100 00000g 2500 00000  
HPD02646802HPCPHT20010600020021700 00000 q2500 00000P 
HPD02646802HPCPHT20010700010020100 99999[ 2500 00000I 
HPD02646802HPCPHT20010700030021200 99999] 2500 00000I 
HPD02646802HPCPHT20010700050022400 00010  2500 00010  
HPD02646802HPCPHT20010700080021500 00010  2500 00010  
HPD02646802HPCPHT20010700090021700 00010  2500 00010  
HPD02646802HPCPHT20010700140021400 00010  2500 00010  
HPD02646802HPCPHT20010700150021300 00010  2500 00010  
HPD02646802HPCPHT20010700170031300 00020  1400 00010  2500 00030  
HPD02646802HPCPHT20010700250021700 00010  2500 00010  
HPD02646802HPCPHT20010800010030100 00000g 1400 00010  2500 00010  
HPD02646802HPCPHT20010800030021200 00010  2500 00010  
HPD02646802HPCPHT20010800040031700 00030  1800 00010  2500 00040  
HPD02646802HPCPHT20010800120031100 00010  1400 00010  2500 00020  
HPD02646802HPCPHT20010800130021400 00020  2500 00020  
HPD02646802HPCPHT20010800140021000 00010  2500 00010  
HPD02646802HPCPHT20010800200022100 00010  2500 00010  
HPD02646802HPCPHT20010900010020100 00000g 2500 00000  
HPD02646802HPCPHT20010900020020900 00010  2500 00010  
HPD02646802HPCPHT20011000010020100 00000g 2500 00000  
HPD02646802HPCPHT20011000060042000 00010  2100 00010  2200 00010  2500 00030  
HPD02646802HPCPHT20011000080021500 00010  2500 00010  
HPD02646802HPCPHT20011100010020100 00000g 2500 00000  
HPD02646802HPCPHT20011200010020100 00000g 2500 00000  
HPD02646802HPCPHT20011200040031800 00010  2400 00010  2500 00020  
HPD02646802HPCPHT20011200110030900 00010  1400 00010  2500 00020  
HPD02646802HPCPHT20011200230022300 00010  2500 00010  
HPD02646802HPCPHT20011200290031600 00010  1900 00010  2500 00020  
HPD02646802HPCPHT20011200310031300 00010  1700 00010  2500 00020  
