HPD02157402HPCPHT20110100010030100 00000g 2100 00010  2500 00010  
HPD02157402HPCPHT20110200010030100 00000g 1900 00010  2500 00010  
HPD02157402HPCPHT20110200050031300 00010  1400 00010  2500 00020  
HPD02157402HPCPHT20110200070021300 00010  2500 00010  
HPD02157402HPCPHT20110200110021500 00010  2500 00010  
HPD02157402HPCPHT20110200120031200 00010  1300 00010  2500 00020  
HPD02157402HPCPHT20110200130021400 00010  2500 00010  
HPD02157402HPCPHT20110200140021200 00010  2500 00010  
HPD02157402HPCPHT20110200180022200 00010  2500 00010  
HPD02157402HPCPHT20110200190180200 00010  0400 00010  0600 00010  0700 00010  0800 00010  0900 00010  1000 00010  1100 00010  1200 00010  1300 00020  1400 00010  1500 00010  1600 00010  1700 00010  1800 00010  1900 00010  2400 00010  2500 00180  
HPD02157402HPCPHT20110200200050300 00010  1300 00010  1400 00010  1900 00010  2500 00040  
HPD02157402HPCPHT20110200210021400 00010  2500 00010  
HPD02157402HPCPHT20110200220021500 00010  2500 00010  
HPD02157402HPCPHT20110200270040300 00010  0500 00010  0900 00010  2500 00030  
HPD02157402HPCPHT20110200280031400 00010  1600 00010  2500 00020  
HPD02157402HPCPHT20110300010040100 00000g 1100 00010  1300 00010  2500 00020  
HPD02157402HPCPHT20110300030021600 99999[ 2500 00000I 
HPD02157402HPCPHT20110300100030700 99999] 1300 00010  2500 00010I 
HPD02157402HPCPHT20110300120021200 00010  2500 00010  
HPD02157402HPCPHT20110300130050300 99999[ 0400 99999] 0800 00010  1600 00010  2500 00020I 
HPD02157402HPCPHT20110300150031100 00020  2200 00010  2500 00030  
HPD02157402HPCPHT20110300210061100 00010  1200 00010  1400 00010  1600 00010  1700 00010  2500 00050  
HPD02157402HPCPHT20110300220020200 00010  2500 00010  
HPD02157402HPCPHT20110300230021500 00010  2500 00010  
HPD02157402HPCPHT20110300270021500 00010  2500 00010  
HPD02157402HPCPHT20110400010030100 00000g 1100 00010  2500 00010  
HPD02157402HPCPHT20110400060022300 00010  2500 00010  
HPD02157402HPCPHT20110400070021400 00010  2500 00010  
HPD02157402HPCPHT20110400090050700 00020  0900 00010  1200 00010  1800 00010  2500 00050  
HPD02157402HPCPHT20110500010020100 00000g 2500 00000  
HPD02157402HPCPHT20110500180061100 00010  1300 00010  1500 00010  1700 00010  2100 00010  2500 00050  
HPD02157402HPCPHT20110500190021700 00010  2500 00010  
HPD02157402HPCPHT20110600010020100 00000g 2500 00000  
HPD02157402HPCPHT20110700010020100 00000g 2500 00000  
HPD02157402HPCPHT20110700030031700 00010  1800 00010  2500 00020  
HPD02157402HPCPHT20110700040021500 00010  2500 00010  
HPD02157402HPCPHT20110700050021700 00010  2500 00010  
HPD02157402HPCPHT20110700060021100 99999[ 2500 00000I 
HPD02157402HPCPHT20110700100040600 99999] 1600 00030  1700 00100  2500 00130I 
HPD02157402HPCPHT20110700110020900 00010  2500 00010  
HPD02157402HPCPHT20110700180020400 00010  2500 00010  
HPD02157402HPCPHT20110700190021500 00010  2500 00010  
HPD02157402HPCPHT20110700200021300 00040  2500 00040  
HPD02157402HPCPHT20110700240022300 00010  2500 00010  
HPD02157402HPCPHT20110700270021400 00030  2500 00030  
HPD02157402HPCPHT20110700280051300 00010  1500 00020  1700 00010  1800 00020  2500 00060  
HPD02157402HPCPHT20110700290021600 00050  2500 00050  
HPD02157402HPCPHT20110800010030100 00000g 1200 00010  2500 00010  
HPD02157402HPCPHT20110800030031300 00030  1400 00010  2500 00040  
HPD02157402HPCPHT20110800040030900 99999[ 1000 99999] 2500 00000I 
HPD02157402HPCPHT20110900010030100 00000g 0200 99999{ 2500 00000P 
HPD02157402HPCPHT20110900300022400 99999} 2500 00000P 
HPD02157402HPCPHI20111000010020100 99999[ 2500 00000I 
HPD02157402HPCPHI20111000310022400 99999] 2500 00000I 
HPD02157402HPCPHI20111100010020100 99999[ 2500 00000I 
HPD02157402HPCPHI20111100300022400 99999] 2500 00000I 
