HPD02611600HPCPHI19480700010040100 00000g 1300 99999[ 2400 99999] 2500 00000I 
HPD02611600HPCPHI19480700170051700 00004  1800 00054  1900 00001  2300 00001  2500 00060  
HPD02611600HPCPHI19480700180021600 00003  2500 00003  
HPD02611600HPCPHI19480700190021800 00001  2500 00001  
HPD02611600HPCPHI19480700200020200 00001  2500 00001  
HPD02611600HPCPHI19480700210071200 00009  1300 00001  2100 00002  2200 00072  2300 00049  2400 00012  2500 00145  
HPD02611600HPCPHI19480700220100100 00004  0700 00001  0800 00001  1100 00004  1200 00005  1400 00004  1500 00007  1600 00001  1900 00001  2500 00028  
HPD02611600HPCPHI19480700230021400 00002  2500 00002  
HPD02611600HPCPHI19480700240021200 00001  2500 00001  
HPD02611600HPCPHI19480700250060900 00014  1000 00001  1200 00001  1400 00001  1900 00003  2500 00020  
HPD02611600HPCPHI19480800010040100 00000g 2100 00002  2300 00003  2500 00005  
HPD02611600HPCPHI19480800020022000 00005  2500 00005  
HPD02611600HPCPHI19480800030050200 00001  0300 00001  0500 00001  2100 00012  2500 00015  
HPD02611600HPCPHI19480800040041100 00003  1900 00052  2000 00003  2500 00058  
HPD02611600HPCPHI19480800050020300 00006  2500 00006  
HPD02611600HPCPHI19480800060051900 00001  2000 00011  2100 00008  2200 00003  2500 00023  
HPD02611600HPCPHI19480800120041700 00002  2200 00002  2300 00002  2500 00006  
HPD02611600HPCPHI19480800160042100 00009  2200 00009  2300 00001  2500 00019  
HPD02611600HPCPHI19480800190031700 00013  1800 00008  2500 00021  
HPD02611600HPCPHI19480800200032300 00036  2400 00007  2500 00043  
HPD02611600HPCPHI19480800210030100 00007  0200 00008  2500 00015  
HPD02611600HPCPHI19480900010040100 00000g 1300 99999[ 2400 99999] 2500 00000I 
HPD02611600HPCPHI19480900160020400 00008  2500 00008  
HPD02611600HPCPHI19480900170041800 00005  1900 00003  2000 00021  2500 00029  
HPD02611600HPCPHI19480900180021800 00004  2500 00004  
HPD02611600HPCPHI19480900260061600 00001  1700 00009  1800 00005  1900 00017  2000 00014  2500 00046  
HPD02611600HPCPHI19480900300051500 00002  1600 00017  1700 00011  1800 00002  2500 00032  
HPD02611600HPCPHI19481000010040100 00000g 1300 99999[ 2400 99999] 2500 00000I 
HPD02611600HPCPHI19481000170042200 00001  2300 00002  2400 00001  2500 00004  
HPD02611600HPCPHI19481000180130100 00001  0700 00002  0800 00001  0900 00004  1000 00001  1100 00001  1200 00001  1600 00002  1800 00008  1900 00001  2000 00004  2100 00001  2500 00027  
HPD02611600HPCPHI19481000300101200 00002  1300 00007  1500 00003  1600 00001  1700 00001  1800 00005  1900 00007  2100 00003  2400 00012  2500 00041  
HPD02611600HPCPHI19481000310080100 00001  0200 00007  0300 00015  0900 00004  1000 00009  1100 00001  1200 00001  2500 00038  
HPD02611600HPCPHI19481100010040100 00000g 1300 99999[ 2400 99999] 2500 00000I 
HPD02611600HPCPHI19481100070021800 99999[ 2500 00000I 
HPD02611600HPCPHI19481100300022400 99999] 2500 00000I 
HPD02611600HPCPHI19481200010020100 99999[ 2500 00000I 
HPD02611600HPCPHI19481200310022400 99999] 2500 00000I 
HPD02611600HPCPHI19490100010020100 99999[ 2500 00000I 
HPD02611600HPCPHI19490100140021600 99999] 2500 00000I 
HPD02611600HPCPHI19490100160061400 00002  1500 00005  1600 00002  1700 00001  1800 00001  2500 00011  
HPD02611600HPCPHI19490100170071400 00001  1500 00001  1600 00001  1700 00001  1800 00001  1900 00002  2500 00007  
HPD02611600HPCPHI19490100180091200 00001  1300 00007  1400 00007  1500 00007  1600 00004  1700 00002  1800 00002  1900 00001  2500 00031  
HPD02611600HPCPHI19490100190041100 00006  1200 00009  1300 00001  2500 00016  
HPD02611600HPCPHI19490100240070500 00001  1200 00001  1300 00004  1400 00002  1500 00002  1600 00001  2500 00011  
HPD02611600HPCPHI19490100250070800 00002  0900 00001  1400 00002  1500 00012  1600 00007  1700 00006  2500 00030  
HPD02611600HPCPHI19490100280041200 00001  1300 00009  1800 00001  2500 00011  
HPD02611600HPCPHI19490200010040100 00000g 1300 99999[ 2400 99999] 2500 00000I 
HPD02611600HPCPHI19490200050021600 99999[ 2500 00000I 
HPD02611600HPCPHI19490200120061900 00001] 2100 00002  2200 00002  2300 00008  2400 00002  2500 00015I 
HPD02611600HPCPHI19490200130130100 00001  0400 00003  0500 00003  0600 00001  0700 00001  0800 00001  0900 00001  1000 00002  1200 00001  1300 00002  1500 00001  1600 00002  2500 00019  
HPD02611600HPCPHI19490200140041000 00001  1100 00003  1200 00016  2500 00020  
HPD02611600HPCPHI19490300010040100 00000g 1300 99999[ 2400 99999] 2500 00000I 
HPD02611600HPCPHI19490300050022400 00001  2500 00001  
HPD02611600HPCPHI19490300060060100 00001  0400 00005  0500 00005  0600 00002  0700 00003  2500 00016  
HPD02611600HPCPHI19490300250090800 00002  0900 00002  1000 00003  1100 00003  1200 00005  1300 00009  1400 00003  1600 00002  2500 00029  
HPD02611600HPCPHI19490400010110100 00001  0300 00001  1000 00001  1100 00007  1200 00012  1300 00008  1500 00005  1600 00050  1700 00001  2100 00001  2500 00087  
HPD02611600HPCPHI19490400070041600 00001  1700 00003  1800 00001  2500 00005  
HPD02611600HPCPHI19490500010020100 00000g 2500 00000  
HPD02611600HPCPHI19490600010020100 00000g 2500 00000  
HPD02611600HPCPHI19490700010020100 00000g 2500 00000  
HPD02611600HPCPHI19490800010020100 00000g 2500 00000  
HPD02611600HPCPHI19490900010040100 00000g 1300 99999[ 2400 99999] 2500 00000I 
HPD02611600HPCPHI19490900130120600 00013  0700 00049  0800 00171  0900 00083  1000 00042  1100 00084  1200 00045  1300 00001  1600 00007  1700 00002  1800 00001  2500 00498  
HPD02611600HPCPHI19490900140041200 00001  1400 00072  1500 00001  2500 00074  
HPD02611600HPCPHI19490900240031800 99999[ 2400 99999] 2500 00000I 
