HPD02632304HPCPHT20010100010030100 99999[ 0700 99999] 2500 00000I 
HPD02632304HPCPHT20010100090070100 00010  0200 00010  0300 00010  0500 00010  0600 00010  1200 00010  2500 00060  
HPD02632304HPCPHT20010100120051000 00010  1100 00010  1300 00010  1500 00010  2500 00040  
HPD02632304HPCPHT20010100130021200 00010  2500 00010  
HPD02632304HPCPHT20010100160030500 00010  1500 00010  2500 00020  
HPD02632304HPCPHT20010100170021100 00010  2500 00010  
HPD02632304HPCPHT20010100270080600 00010  0800 00010  0900 00010  1000 00010  1100 00010  2000 00010  2300 00010  2500 00070  
HPD02632304HPCPHT20010200010040100 00000g 1300 99999[ 1500 99999] 2500 00000I 
HPD02632304HPCPHT20010200090021300 00010  2500 00010  
HPD02632304HPCPHT20010200130022400 00010  2500 00010  
HPD02632304HPCPHT20010200140040300 00010  1100 00010  1600 00010  2500 00030  
HPD02632304HPCPHT20010200250022300 00010  2500 00010  
HPD02632304HPCPHT20010200260020300 00010  2500 00010  
HPD02632304HPCPHT20010200270041100 00010  2200 00010  2300 00020  2500 00040  
HPD02632304HPCPHT20010200280070300 00010  1000 00010  1100 00010  1400 00010  1800 00010  2100 00010  2500 00060  
HPD02632304HPCPHT20010300010020100 00000g 2500 00000  
HPD02632304HPCPHT20010300070080800 00010  0900 00010  1100 00010  1200 00020  1300 00010  1400 00010  2200 00010  2500 00080  
HPD02632304HPCPHT20010300100040600 00010  0800 00010  2200 00010  2500 00030  
HPD02632304HPCPHT20010300110031200 00010  1700 00010  2500 00020  
HPD02632304HPCPHT20010400010020100 00000g 2500 00000  
HPD02632304HPCPHT20010400050071800 00010  1900 00010  2100 00020  2200 00010  2300 00020  2400 00030  2500 00100  
HPD02632304HPCPHT20010400060070100 00010  0200 00010  0300 00010  0400 00020  0500 00010  0800 00010  2500 00070  
HPD02632304HPCPHT20010400100041200 00010  1400 00010  1500 00010  2500 00030  
HPD02632304HPCPHT20010400130021200 00010  2500 00010  
HPD02632304HPCPHT20010400210031800 00010  2100 00010  2500 00020  
HPD02632304HPCPHT20010400270021200 00010  2500 00010  
HPD02632304HPCPHT20010500010020100 00000g 2500 00000  
HPD02632304HPCPHT20010500120032100 00010  2200 00010  2500 00020  
HPD02632304HPCPHT20010500130020100 00010  2500 00010  
HPD02632304HPCPHT20010500190110400 00020  0500 00010  0600 00010  0700 00010  0800 00010  0900 00010  1000 00010  1100 00010  1200 00010  1300 00010  2500 00110  
HPD02632304HPCPHT20010600010020100 00000g 2500 00000  
HPD02632304HPCPHT20010600210031800 00030  1900 00010  2500 00040  
HPD02632304HPCPHT20010600260021100 00010  2500 00010  
HPD02632304HPCPHT20010700010040100 00000g 1600 99999{ 1700 99999} 2500 00000P 
HPD02632304HPCPHT20010700040020800 00010  2500 00010  
HPD02632304HPCPHT20010700050041700 00010  1800 00020  1900 00010  2500 00040  
HPD02632304HPCPHT20010700060021200 00010  2500 00010  
HPD02632304HPCPHT20010700080022200 00010  2500 00010  
HPD02632304HPCPHT20010700090032200 00010  2300 00010  2500 00020  
HPD02632304HPCPHT20010700100021100 00010  2500 00010  
HPD02632304HPCPHT20010700180021400 00010  2500 00010  
HPD02632304HPCPHT20010700250051100 00010  1300 00010  1500 00010  1600 00010  2500 00040  
HPD02632304HPCPHT20010700290032200 00050  2300 00020  2500 00070  
HPD02632304HPCPHT20010700300030100 00010  0800 00010  2500 00020  
HPD02632304HPCPHT20010700310021300 00010  2500 00010  
HPD02632304HPCPHT20010800010050100 00000g 0700 00040  0800 00020  1200 00010  2500 00070  
HPD02632304HPCPHT20010800020021600 00010  2500 00010  
HPD02632304HPCPHT20010800080040100 00010  1400 00010  1500 00040  2500 00060  
HPD02632304HPCPHT20010800090030900 00030  1000 00100  2500 00130  
HPD02632304HPCPHT20010800100021700 00010  2500 00010  
HPD02632304HPCPHT20010800130030600 00010  2200 00010  2500 00020  
HPD02632304HPCPHT20010800190030900 00040  1900 00010  2500 00050  
HPD02632304HPCPHT20010800270030600 99999{ 1300 99999} 2500 00000P 
HPD02632304HPCPHT20010900010030100 99999[ 0500 99999] 2500 00000I 
HPD02632304HPCPHT20010900140031800 00040  1900 00010  2500 00050  
HPD02632304HPCPHT20011000010030100 00000g 0900 99999[ 2500 00000I 
HPD02632304HPCPHT20011000310022400 99999] 2500 00000I 
HPD02632304HPCPHT20011100010020100 00000g 2500 00000  
HPD02632304HPCPHT20011100030021700 00010  2500 00010  
HPD02632304HPCPHT20011100050030800 00010  1500 00010  2500 00020  
HPD02632304HPCPHT20011100240020800 99999{ 2500 00000P 
HPD02632304HPCPHT20011100250020800 99999} 2500 00000P 
HPD02632304HPCPHT20011200010030100 00000g 1100 00010  2500 00010  
HPD02632304HPCPHT20011200040081000 00010  1100 00010  1300 00010  1400 00010  1500 00020  1700 00010  2100 00010  2500 00080  
