HPD02834906HPCPHT20050100010020100 00000g 2500 00000  
HPD02834906HPCPHT20050100020032100 00010  2400 00030  2500 00040  
HPD02834906HPCPHT20050100030120100 00020  0200 00010  0300 00020  0600 00010  1000 00010  1200 00010  1600 00010  1700 00010  1900 00030  2000 00010  2200 00010  2500 00150  
HPD02834906HPCPHT20050100040130100 00010  0400 00020  0500 00010  0600 00020  0700 00010  0800 00010  0900 00020  1000 00020  1100 00010  1200 00020  1400 00010  1600 00010  2500 00170  
HPD02834906HPCPHT20050100260071300 00030  1400 00010  1500 00010  1800 00010  2000 00020  2100 00020  2500 00100  
HPD02834906HPCPHT20050100270020200 00010  2500 00010  
HPD02834906HPCPHT20050100290021700 00010  2500 00010  
HPD02834906HPCPHT20050200010020100 00000g 2500 00000  
HPD02834906HPCPHT20050200070040100 00010  0500 00010  0800 00010  2500 00030  
HPD02834906HPCPHT20050200100061500 00010  1700 00010  1900 00010  2200 00010  2400 00010  2500 00050  
HPD02834906HPCPHT20050200110130200 00010  0500 00020  0700 00010  0900 00010  1000 00010  1400 00010  1600 00010  1800 00010  2000 00010  2100 00010  2200 00010  2300 00020  2500 00140  
HPD02834906HPCPHT20050200120210100 00010  0200 00010  0300 00020  0400 00030  0500 00010  0600 00030  0700 00020  0800 00030  0900 00040  1000 00010  1100 00080  1200 00040  1300 00040  1400 00020  1500 00010  1600 00020  1700 00010  2100 00010  2200 00020  2400 00010  2500 00470  
HPD02834906HPCPHT20050200130030100 00010  0200 00020  2500 00030  
HPD02834906HPCPHT20050200170022400 00010  2500 00010  
HPD02834906HPCPHT20050200180030400 00010  1800 00010  2500 00020  
HPD02834906HPCPHT20050200190090200 00030  0300 00020  0600 00010  1400 00010  1700 00010  1800 00010  2000 00010  2200 00010  2500 00110  
HPD02834906HPCPHT20050200200020100 00010  2500 00010  
HPD02834906HPCPHT20050200220060100 00030  0200 00020  0300 00010  0400 00010  1200 00010  2500 00080  
HPD02834906HPCPHT20050300010020100 00000g 2500 00000  
HPD02834906HPCPHT20050300040022300 00010  2500 00010  
HPD02834906HPCPHT20050300050070200 00010  0300 00020  1000 00010  1600 00010  1700 00010  2000 00010  2500 00070  
HPD02834906HPCPHT20050300060031100 00010  1200 00010  2500 00020  
HPD02834906HPCPHT20050300200040700 00010  0800 00010  1000 00010  2500 00030  
HPD02834906HPCPHT20050400010020100 00000g 2500 00000  
HPD02834906HPCPHT20050400110020800 99999{ 2500 00000P 
HPD02834906HPCPHT20050400300022400 99999} 2500 00000P 
HPD02834906HPCPHT20050500010020100 00000g 2500 00000  
HPD02834906HPCPHT20050600010020100 00000g 2500 00000  
HPD02834906HPCPHT20050600070021200 99999{ 2500 00000P 
HPD02834906HPCPHT20050600300022400 99999} 2500 00000P 
HPD02834906HPCPHT20050700010020100 99999{ 2500 00000P 
HPD02834906HPCPHT20050700050021100 99999} 2500 00000P 
HPD02834906HPCPHT20050700190022100 00010  2500 00010  
HPD02834906HPCPHT20050700260021400 00020  2500 00020  
HPD02834906HPCPHT20050700270031400 00030  1500 00010  2500 00040  
HPD02834906HPCPHT20050700310031800 00040  2100 00010  2500 00050  
HPD02834906HPCPHT20050800010020100 00000g 2500 00000  
HPD02834906HPCPHT20050800090031400 00040  1500 00130  2500 00170  
HPD02834906HPCPHT20050800120041700 00060  1800 00070  1900 00010  2500 00140  
HPD02834906HPCPHT20050900010030100 00000g 1700 00030  2500 00030  
HPD02834906HPCPHT20051000010020100 00000g 2500 00000  
HPD02834906HPCPHT20051000030022000 00010  2500 00010  
HPD02834906HPCPHT20051000170031700 00010  1800 00010  2500 00020  
HPD02834906HPCPHT20051000180021700 00020  2500 00020  
HPD02834906HPCPHT20051100010020100 00000g 2500 00000  
HPD02834906HPCPHT20051100110021800 99999{ 2500 00000P 
HPD02834906HPCPHT20051100300022400 99999} 2500 00000P 
HPD02834906HPCPHT20051200010020100 99999{ 2500 00000P 
HPD02834906HPCPHT20051200310022400 99999} 2500 00000P 
