HPD02759307HPCPHT19990100010020100 00000g 2500 00000  
HPD02759307HPCPHT19990100260020200 00010  2500 00010  
HPD02759307HPCPHT19990200010020100 00000g 2500 00000  
HPD02759307HPCPHT19990300010020100 00000g 2500 00000  
HPD02759307HPCPHT19990300160021600 00010  2500 00010  
HPD02759307HPCPHT19990300170021600 00010  2500 00010  
HPD02759307HPCPHT19990400010050100 00010  1000 99999{ 1700 99999} 2400 00050  2500 00060P 
HPD02759307HPCPHT19990400020050600 00060  0700 00010  0800 00010  1400 00010  2500 00090  
HPD02759307HPCPHT19990400040021300 00030  2500 00030  
HPD02759307HPCPHT19990500010020100 00000g 2500 00000  
HPD02759307HPCPHT19990600010020100 00000g 2500 00000  
HPD02759307HPCPHT19990600150021800 99999{ 2500 00000P 
HPD02759307HPCPHT19990600170021700 99999} 2500 00000P 
HPD02759307HPCPHT19990600300031700 99999[ 2400 99999] 2500 00000I 
HPD02759307HPCPHT19990700010020100 00000g 2500 00000  
HPD02759307HPCPHT19990700030031600 00010  1700 00010  2500 00020  
HPD02759307HPCPHT19990700040021000 00010  2500 00010  
HPD02759307HPCPHT19990700050031600 00020  2400 00010  2500 00030  
HPD02759307HPCPHT19990700060032100 00020  2300 00010  2500 00030  
HPD02759307HPCPHT19990700100021700 00010  2500 00010  
HPD02759307HPCPHT19990700170050400 00010  1300 00060  1400 00140  1500 00030  2500 00240  
HPD02759307HPCPHT19990700190021400 00010  2500 00010  
HPD02759307HPCPHT19990700210041500 00040  1600 00030  2200 00020  2500 00090  
HPD02759307HPCPHT19990700220041300 00060  1800 00010  1900 00010  2500 00080  
HPD02759307HPCPHT19990700230021300 00010  2500 00010  
HPD02759307HPCPHT19990700240041500 00030  1600 00010  1700 00050  2500 00090  
HPD02759307HPCPHT19990700260031100 00020  1600 00010  2500 00030  
HPD02759307HPCPHT19990700270051400 00010  1500 00100  1700 00030  2000 00010  2500 00150  
HPD02759307HPCPHT19990700280041300 00020  1400 00020  1500 00010  2500 00050  
HPD02759307HPCPHT19990800010020100 00000g 2500 00000  
HPD02759307HPCPHT19990800020021800 00060  2500 00060  
HPD02759307HPCPHT19990800060021800 00140  2500 00140  
HPD02759307HPCPHT19990800090021400 00010  2500 00010  
HPD02759307HPCPHT19990800100020100 00010  2500 00010  
HPD02759307HPCPHT19990800130041800 00010  1900 00010  2000 00010  2500 00030  
HPD02759307HPCPHT19990800140041800 00010  1900 00010  2000 00070  2500 00090  
HPD02759307HPCPHT19990800160031500 00050  1600 00070  2500 00120  
HPD02759307HPCPHT19990800190031300 00020  1400 00050  2500 00070  
HPD02759307HPCPHT19990800220022200 00020  2500 00020  
HPD02759307HPCPHT19990800250020100 00010  2500 00010  
HPD02759307HPCPHT19990800270021800 99999{ 2500 00000P 
HPD02759307HPCPHT19990800310021700 99999} 2500 00000P 
HPD02759307HPCPHT19990900010020100 00000g 2500 00000  
HPD02759307HPCPHT19990900090021500 00010  2500 00010  
HPD02759307HPCPHT19990900130031400 00050  1600 00040  2500 00090  
HPD02759307HPCPHT19990900150031700 00010  1900 00020  2500 00030  
HPD02759307HPCPHT19990900160021400 00010  2500 00010  
HPD02759307HPCPHT19990900180022400 00010  2500 00010  
HPD02759307HPCPHT19990900190030800 00010  1900 00010  2500 00020  
HPD02759307HPCPHT19990900220041400 00010  1700 00010  1800 00020  2500 00040  
HPD02759307HPCPHT19990900230021600 00020  2500 00020  
HPD02759307HPCPHT19991000010020100 00000g 2500 00000  
HPD02759307HPCPHT19991100010020100 00000g 2500 00000  
HPD02759307HPCPHT19991200010020100 00000g 2500 00000  
