HPD02398100HPCPHI19480700010040100 00000g 1300 99999[ 2400 99999] 2500 00000I 
HPD02398100HPCPHI19480700160041600 00002  1700 00043  1800 00003  2500 00048  
HPD02398100HPCPHI19480700170031500 00018  1600 00002  2500 00020  
HPD02398100HPCPHI19480700180031700 00003  1800 00003  2500 00006  
HPD02398100HPCPHI19480700190031400 00021  1600 00001  2500 00022  
HPD02398100HPCPHI19480700200071700 00001  1800 00001  1900 00010  2000 00006  2100 00003  2300 00002  2500 00023  
HPD02398100HPCPHI19480700220170200 00004  0300 00001  0400 00006  0500 00049  0600 00010  0700 00011  0800 00002  0900 00002  1000 00004  1100 00016  1200 00002  1400 00003  1600 00005  1700 00002  1800 00001  1900 00001  2500 00119  
HPD02398100HPCPHI19480700230050200 00001  0500 00001  1400 99999a 1600 00080A 2500 00082  
HPD02398100HPCPHI19480700240051500 00020  1600 00028  1700 00001  1800 00001  2500 00050  
HPD02398100HPCPHI19480700250071200 00016  1300 00038  1400 00001  1500 00002  1600 00001  1700 00001  2500 00059  
HPD02398100HPCPHI19480800010050100 00000g 1900 00039  2000 00006  2200 00001  2500 00046  
HPD02398100HPCPHI19480800020022400 00002  2500 00002  
HPD02398100HPCPHI19480800030030600 00025  1600 00001  2500 00026  
HPD02398100HPCPHI19480800040041900 00001  2000 00001  2200 00001  2500 00003  
HPD02398100HPCPHI19480800050040500 00001  1200 00007  1500 00007  2500 00015  
HPD02398100HPCPHI19480800060051400 00005  1800 00009  1900 00004  2000 00002  2500 00020  
HPD02398100HPCPHI19480800070030200 00001  0400 00001  2500 00002  
HPD02398100HPCPHI19480800100021700 00002  2500 00002  
HPD02398100HPCPHI19480800110041500 00005  1600 00009  1700 00001  2500 00015  
HPD02398100HPCPHI19480800220041800 00002  1900 00061  2000 00001  2500 00064  
HPD02398100HPCPHI19480900010040100 00000g 1300 99999[ 2400 99999] 2500 00000I 
HPD02398100HPCPHI19480900050031800 00010  1900 00001  2500 00011  
HPD02398100HPCPHI19480900060021700 00003  2500 00003  
HPD02398100HPCPHI19480900150040900 00002  1000 00001  1300 00001  2500 00004  
HPD02398100HPCPHI19480900160030200 00005  0300 00001  2500 00006  
HPD02398100HPCPHI19480900260081400 00001  1500 00006  1600 00004  1700 00090  1800 00002  2100 00005  2200 00001  2500 00109  
HPD02398100HPCPHI19480900270041400 00013  1500 00019  2000 00002  2500 00034  
HPD02398100HPCPHI19481000010040100 00000g 1300 99999[ 2400 99999] 2500 00000I 
HPD02398100HPCPHI19481000180110200 00001  0400 00001  0500 00005  0600 00001  0700 00009  0800 00001  1600 00002  1700 00005  1800 00001  1900 00001  2500 00027  
HPD02398100HPCPHI19481000190030200 00001  0400 00001  2500 00002  
HPD02398100HPCPHI19481000300071900 00002  2000 00015  2100 00006  2200 00001  2300 00029  2400 00015  2500 00068  
HPD02398100HPCPHI19481000310050100 00005  0200 00009  0300 00011  0400 00006  2500 00031  
HPD02398100HPCPHI19481100010040100 00000g 1300 99999[ 2400 99999] 2500 00000I 
HPD02398100HPCPHI19481200010040100 00000g 1300 99999[ 2400 99999] 2500 00000I 
HPD02398100HPCPHI19481200040041300 00004  1400 00009  1500 00006  2500 00019  
HPD02398100HPCPHI19481200220110100 00001  0500 00001  0600 00001  0700 00002  0800 00002  0900 00005  1000 00001  1600 00005  1700 00002  1800 00003  2500 00023  
HPD02398100HPCPHI19481200230050600 00001  0700 00009  0800 00014  0900 00006  2500 00030  
HPD02398100HPCPHI19481200240070400 00001  0500 00001  0600 00001  0700 00003  0800 00005  0900 00004  2500 00015  
HPD02398100HPCPHI19481200250021100 00003  2500 00003  
HPD02398100HPCPHI19481200260120300 00001  0400 00001  0500 00003  0600 00005  0700 00001  1600 00001  1700 00005  2000 00001  2100 00003  2200 00001  2400 00001  2500 00023  
HPD02398100HPCPHI19481200270110100 00003  0200 00001  0500 00001  0600 00003  0700 00005  0800 00017  0900 00008  1600 00004  1900 00013  2000 00010  2500 00065  
HPD02398100HPCPHI19481200310081800 00002  1900 00001  2000 00001  2100 00001  2200 00002  2300 00002  2400 00004  2500 00013  
HPD02398100HPCPHI19490100010040100 00001  0500 00001  0600 00001  2500 00003  
HPD02398100HPCPHI19490100020101500 00001  1700 00005  1800 00001  1900 00038  2000 00014  2100 00001  2200 00008  2300 00001  2400 00003  2500 00072  
HPD02398100HPCPHI19490100030030100 00001  0500 00001  2500 00002  
HPD02398100HPCPHI19490100080022400 00001  2500 00001  
HPD02398100HPCPHI19490100090080100 00004  0200 00005  0300 00009  0400 00006  0500 00005  0600 00003  0700 00007  2500 00039  
HPD02398100HPCPHI19490100120091600 00010  1700 00006  1800 00002  2000 00001  2100 00001  2200 00001  2300 00003  2400 00001  2500 00025  
HPD02398100HPCPHI19490100130060500 00001  0600 00004  0800 00025  0900 00001  1000 00001  2500 00032  
HPD02398100HPCPHI19490100150071800 00011  1900 00003  2000 00001  2200 00001  2300 00011  2400 00006  2500 00033  
HPD02398100HPCPHI19490100160140100 00004  0200 00002  0300 00011  0400 00001  0500 00001  0600 00001  0700 00001  0900 00001  1000 00005  1600 00002  1700 00001  1800 00001  2000 00001  2500 00032  
HPD02398100HPCPHI19490100170050200 00004  0300 00003  0400 00004  0500 00004  2500 00015  
HPD02398100HPCPHI19490100250070500 00001  0600 00001  0700 00004  0800 00029  0900 99999a 1400 00038A 2500 00073  
HPD02398100HPCPHI19490100260041000 00005  1900 00001  2000 00004  2500 00010  
HPD02398100HPCPHI19490200010040100 00000g 1300 99999[ 2400 99999] 2500 00000I 
HPD02398100HPCPHI19490200080081100 00001  1200 00008  1300 00013  1400 00012  1500 00014  1600 00001  1800 00001  2500 00050  
HPD02398100HPCPHI19490200120040700 00001  0800 00004  0900 00001  2500 00006  
HPD02398100HPCPHI19490200130081500 00002  1600 00001  1700 00002  1800 00004  2100 00001  2200 00005  2400 00004  2500 00019  
HPD02398100HPCPHI19490200140110100 00002  0200 00001  0300 00001  0500 00001  0600 00006  0700 00006  0800 00001  0900 00003  1000 99999a 1200 00027A 2500 00048  
HPD02398100HPCPHI19490300010040100 00000g 1300 99999[ 2400 99999] 2500 00000I 
HPD02398100HPCPHI19490300060042200 00002  2300 00002  2400 00001  2500 00005  
HPD02398100HPCPHI19490300070040500 00003  0600 00002  0700 00002  2500 00007  
HPD02398100HPCPHI19490300250130500 00001  0600 00005  0700 00007  1300 00001  1400 00002  1500 00001  1600 00001  1800 00001  1900 00004  2000 00001  2100 00001  2200 00001  2500 00026  
HPD02398100HPCPHI19490300310051800 00018  1900 00005  2000 00001  2200 00001  2500 00025  
HPD02398100HPCPHI19490400010050100 00000g 0500 00012  0600 00012  0800 00001  2500 00025  
HPD02398100HPCPHI19490500010040100 00000g 1300 99999[ 2400 99999] 2500 00000I 
HPD02398100HPCPHI19490600010040100 00000g 1300 99999[ 2400 99999] 2500 00000I 
HPD02398100HPCPHI19490600170032100 00003  2200 00002  2500 00005  
HPD02398100HPCPHI19490700010040100 00000g 1300 99999[ 2400 99999] 2500 00000I 
HPD02398100HPCPHI19490700020030100 00003  0200 00005  2500 00008  
HPD02398100HPCPHI19490700030061300 00010  1400 00033  1500 00053  1600 00003  1700 00001  2500 00100  
HPD02398100HPCPHI19490700040031500 00017  1600 00025  2500 00042  
HPD02398100HPCPHI19490700090032100 00008  2200 00002  2500 00010  
HPD02398100HPCPHI19490700100030100 00004  0200 00001  2500 00005  
HPD02398100HPCPHI19490700110060100 00011  0200 00050  0300 00040  0400 00010  0500 00001  2500 00112  
HPD02398100HPCPHI19490700180020800 00010  2500 00010  
HPD02398100HPCPHI19490700190022100 00005  2500 00005  
HPD02398100HPCPHI19490700200090200 00001  0300 00028  0400 00002  0600 00001  0700 00002  0800 00002  1400 00012  1500 00011  2500 00059  
HPD02398100HPCPHI19490700220031200 00006  1400 00001  2500 00007  
HPD02398100HPCPHI19490700230051500 00041  1600 00003  1700 00002  1800 00001  2500 00047  
HPD02398100HPCPHI19490700290032100 00001  2300 00002  2500 00003  
HPD02398100HPCPHI19490700300051500 00020  2100 00014  2200 00021  2300 00004  2500 00059  
HPD02398100HPCPHI19490800010040100 00000g 1300 99999[ 2400 99999] 2500 00000I 
HPD02398100HPCPHI19490800020051500 00050  1600 00010  2000 00003  2100 00002  2500 00065  
HPD02398100HPCPHI19490800040051700 00001  1800 00016  2200 00044  2300 00009  2500 00070  
HPD02398100HPCPHI19490800070031900 00018  2000 00001  2500 00019  
HPD02398100HPCPHI19490800080090700 00001  0800 00013  0900 00044  1000 00028  1100 00015  1200 00005  1300 00004  1700 00003  2500 00113  
HPD02398100HPCPHI19490800210021900 00004  2500 00004  
HPD02398100HPCPHI19490800220021900 00019  2500 00019  
HPD02398100HPCPHI19490900010040100 00000g 1300 99999[ 2400 99999] 2500 00000I 
HPD02398100HPCPHI19490900040021900 00010  2500 00010  
HPD02398100HPCPHI19490900080031600 00012  2000 00003  2500 00015  
HPD02398100HPCPHI19490900090041800 00002  1900 00003  2000 00002  2500 00007  
HPD02398100HPCPHI19490900120031500 00001  1600 00001  2500 00002  
HPD02398100HPCPHI19490900130061000 00004  1100 00016  1400 00020  1500 00004  1600 00001  2500 00045  
HPD02398100HPCPHI19490900140031800 00027  1900 00001  2500 00028  
HPD02398100HPCPHI19490900280032100 00020  2200 00003  2500 00023  
HPD02398100HPCPHI19491000010040100 00000g 1300 99999[ 2400 99999] 2500 00000I 
HPD02398100HPCPHI19491000030021400 00002  2500 00002  
HPD02398100HPCPHI19491000040031400 00003  1500 00002  2500 00005  
HPD02398100HPCPHI19491000050020200 00015  2500 00015  
HPD02398100HPCPHI19491000140081300 00014  1400 00010  1500 00007  1600 00004  1700 00002  1800 00005  1900 00001  2500 00043  
HPD02398100HPCPHI19491000160051700 00001  1800 00002  2300 00004  2400 00001  2500 00008  
HPD02398100HPCPHI19491000170020500 00001  2500 00001  
HPD02398100HPCPHI19491000180030300 00004  0400 00001  2500 00005  
HPD02398100HPCPHI19491000190032000 00001  2100 00001  2500 00002  
HPD02398100HPCPHI19491100010040100 00000g 1300 99999[ 2400 99999] 2500 00000I 
HPD02398100HPCPHI19491100110040300 00001  0500 00009  0600 00001  2500 00011  
HPD02398100HPCPHI19491200010040100 00000g 1300 99999[ 2400 99999] 2500 00000I 
HPD02398100HPCPHI19491200090081800 00006  1900 00023  2000 00017  2100 00017  2200 00023  2300 00009  2400 00001  2500 00096  
HPD02398100HPCPHI19491200100160100 00001  0400 00008  0600 00006  0700 00007  0800 00001  0900 00001  1300 00001  1400 00010  1500 00028  1600 00023  1700 00012  1800 00001  1900 00001  2000 00001  2100 00001  2500 00102  
HPD02398100HPCPHI19491200110021100 00003  2500 00003  
HPD02398100HPCPHI19491200160022300 00001  2500 00001  
HPD02398100HPCPHI19491200170070100 00001  0300 00001  0400 00001  0500 00003  0600 00001  0700 00001  2500 00008  
HPD02398100HPCPHI19491200200091200 00007  1300 00010  1400 00010  1500 00015  1600 00012  1700 00006  1800 00009  1900 00001  2500 00070  
HPD02398100HPCPHI19500100010040100 00000g 1300 99999[ 2400 99999] 2500 00000I 
HPD02398100HPCPHI19500100020100900 00004  1000 00003  1100 00002  1200 00006  1300 00005  1400 00009  1500 00003  1600 00006  1700 00001  2500 00039  
HPD02398100HPCPHI19500100120061900 00003  2000 00001  2100 00003  2200 00004  2400 00001  2500 00012  
HPD02398100HPCPHI19500100130040100 00001  0200 00001  0300 00001  2500 00003  
HPD02398100HPCPHI19500200010040100 00000g 1300 99999[ 2400 99999] 2500 00000I 
HPD02398100HPCPHI19500200110030900 99999a 2200 00146A 2500 00146  
HPD02398100HPCPHI19500200260141200 00001  1300 00008  1400 00010  1500 00012  1600 00003  1700 00008  1800 00010  1900 00002  2000 00001  2100 00007  2200 00003  2300 00006  2400 00001  2500 00072  
HPD02398100HPCPHI19500200270040100 00001  0200 00001  0400 00001  2500 00003  
HPD02398100HPCPHI19500300010030100 00000g 0800 00003  2500 00003  
HPD02398100HPCPHI19500300020020600 00005  2500 00005  
HPD02398100HPCPHI19500300250041500 00017  1600 00031  1700 00015  2500 00063  
HPD02398100HPCPHI19500400010040100 00000g 1300 99999[ 2400 99999] 2500 00000I 
