HPD02889501HPCPHT20010100010050100 00000g 1200 00010  1400 99999[ 2200 99999] 2500 00010I 
HPD02889501HPCPHT20010100090051100 00010  1400 00010  1600 00010  1900 00010  2500 00040  
HPD02889501HPCPHT20010100110022200 00010  2500 00010  
HPD02889501HPCPHT20010100120080100 00010  0300 00010  0500 00010  0600 00010  0700 00010  2300 00010  2400 00010  2500 00070  
HPD02889501HPCPHT20010100130040100 00010  0200 00010  2200 00010  2500 00030  
HPD02889501HPCPHT20010100270022100 00010  2500 00010  
HPD02889501HPCPHT20010100280020100 00010  2500 00010  
HPD02889501HPCPHT20010100290040100 00010  0200 00010  2200 00010  2500 00030  
HPD02889501HPCPHT20010100300021600 00010  2500 00010  
HPD02889501HPCPHT20010100310022300 00010  2500 00010  
HPD02889501HPCPHT20010200010040100 00000g 2100 99999{ 2300 99999} 2500 00000P 
HPD02889501HPCPHT20010200030032000 00010  2100 00010  2500 00020  
HPD02889501HPCPHT20010200120032200 00010  2400 00010  2500 00020  
HPD02889501HPCPHT20010200220030600 00010  0700 00010  2500 00020  
HPD02889501HPCPHT20010200250041100 00010  1400 00010  2400 00010  2500 00030  
HPD02889501HPCPHT20010200260030400 00010  2400 00010  2500 00020  
HPD02889501HPCPHT20010200270050100 00020  0500 00010  1500 00010  1700 00010  2500 00050  
HPD02889501HPCPHT20010200280020900 00010  2500 00010  
HPD02889501HPCPHT20010300010020100 00000g 2500 00000  
HPD02889501HPCPHT20010300020021400 99999{ 2500 00000P 
HPD02889501HPCPHT20010300030020800 99999} 2500 00000P 
HPD02889501HPCPHT20010300060040800 00010  1200 00010  2100 00010  2500 00030  
HPD02889501HPCPHT20010300070021800 00020  2500 00020  
HPD02889501HPCPHT20010300090022000 00010  2500 00010  
HPD02889501HPCPHT20010300100030900 00010  1300 00010  2500 00020  
HPD02889501HPCPHT20010300110031600 00010  1900 00010  2500 00020  
HPD02889501HPCPHT20010300120030500 00010  1400 00010  2500 00020  
HPD02889501HPCPHT20010400010030100 00000g 0200 00010  2500 00010  
HPD02889501HPCPHT20010400070022400 00010  2500 00010  
HPD02889501HPCPHT20010400080020100 00010  2500 00010  
HPD02889501HPCPHT20010400120030700 00010  0800 00010  2500 00020  
HPD02889501HPCPHT20010500010020100 00000g 2500 00000  
HPD02889501HPCPHT20010500310031800 99999{ 2400 99999} 2500 00000P 
HPD02889501HPCPHT20010600010040100 99999{ 1700 99999} 1900 99999{ 2500 00000P 
HPD02889501HPCPHT20010600300022400 99999} 2500 00000P 
HPD02889501HPCPHT20010700010060100 99999{ 1000 99999} 1100 99999[ 1700 99999] 1800 99999{ 2500 00000P 
HPD02889501HPCPHT20010700310022400 99999} 2500 00000P 
HPD02889501HPCPHT20010800010020100 00000g 2500 00000  
HPD02889501HPCPHT20010800080040400 00090  0500 00010  0800 00010  2500 00110  
HPD02889501HPCPHT20010800120021000 00040  2500 00040  
HPD02889501HPCPHT20010800140030300 00010  2100 00010  2500 00020  
HPD02889501HPCPHT20010800190030400 00010  1500 00010  2500 00020  
HPD02889501HPCPHT20010800280021000 00010  2500 00010  
HPD02889501HPCPHT20010800310032200 99999{ 2400 99999} 2500 00000P 
HPD02889501HPCPHT20010900010040100 99999{ 2200 99999} 2300 99999[ 2500 00000P 
HPD02889501HPCPHT20010900020030900 99999] 1000 99999{ 2500 00000P 
HPD02889501HPCPHT20010900300022400 99999} 2500 00000P 
HPD02889501HPCPHT20011000010030100 99999{ 1000 99999} 2500 00000P 
HPD02889501HPCPHT20011000060022300 00010  2500 00010  
HPD02889501HPCPHT20011100010020100 00000g 2500 00000  
HPD02889501HPCPHT20011100040022400 00010  2500 00010  
HPD02889501HPCPHT20011100050020500 00010  2500 00010  
HPD02889501HPCPHT20011100240022100 00010  2500 00010  
HPD02889501HPCPHT20011100250030300 00010  0400 00020  2500 00030  
HPD02889501HPCPHT20011100300021100 00010  2500 00010  
HPD02889501HPCPHT20011200010060100 00000g 0800 99999{ 1100 99999} 1200 99999[ 1500 99999] 2500 00000P 
HPD02889501HPCPHT20011200020020600 00010  2500 00010  
HPD02889501HPCPHT20011200040040700 00010  0800 00010  1300 00010  2500 00030  
HPD02889501HPCPHT20011200110030900 00010  1700 00010  2500 00020  
HPD02889501HPCPHT20011200230021700 00010  2500 00010  
HPD02889501HPCPHT20011200290032000 00010  2400 00010  2500 00020  
HPD02889501HPCPHT20011200310041200 00010  1400 00010  1800 00010  2500 00030  
