HPD02534403HPCPHT20100100010020100 00000g 2500 00000  
HPD02534403HPCPHT20100100130020800 00010  2500 00010  
HPD02534403HPCPHT20100100180022400 00010  2500 00010  
HPD02534403HPCPHT20100100190070300 00020  1800 00010  1900 00020  2000 00020  2100 00020  2200 00040  2500 00130  
HPD02534403HPCPHT20100100200020100 00010  2500 00010  
HPD02534403HPCPHT20100100210220200 00010  0400 00010  0500 00020  0600 00010  0700 00010  0800 00010  0900 00020  1000 00010  1100 00020  1200 00010  1300 00020  1400 00020  1500 00030  1600 00010  1700 00020  1800 00020  1900 00020  2000 00010  2100 00030  2200 00020  2300 00010  2500 00340  
HPD02534403HPCPHT20100100220090100 00010  0300 00010  0900 00010  1100 00010  1400 00010  1700 00010  1900 00010  2400 00010  2500 00080  
HPD02534403HPCPHT20100200010030100 00000g 1300 00010  2500 00010  
HPD02534403HPCPHT20100200060032100 00010  2200 00020  2500 00030  
HPD02534403HPCPHT20100200070040200 00020  0300 00010  0500 00010  2500 00040  
HPD02534403HPCPHT20100200150021000 00010  2500 00010  
HPD02534403HPCPHT20100200190021200 00010  2500 00010  
HPD02534403HPCPHT20100200210020500 00010  2500 00010  
HPD02534403HPCPHT20100200220040600 00010  1000 00010  1100 00010  2500 00030  
HPD02534403HPCPHT20100200280050100 00010  0200 00020  0300 00010  0400 00010  2500 00050  
HPD02534403HPCPHT20100300010020100 00000g 2500 00000  
HPD02534403HPCPHT20100300060032200 00010  2400 00010  2500 00020  
HPD02534403HPCPHT20100300070100300 00010  1100 00010  1200 00010  1300 00010  1400 00030  1500 00010  1900 00010  2200 00010  2400 00010  2500 00110  
HPD02534403HPCPHT20100300080020600 00010  2500 00010  
HPD02534403HPCPHT20100300090031000 00010  1900 00010  2500 00020  
HPD02534403HPCPHT20100300100022200 00010  2500 00010  
HPD02534403HPCPHT20100300140030300 99999[ 0400 99999] 2500 00000I 
HPD02534403HPCPHT20100300170021400 00010  2500 00010  
HPD02534403HPCPHT20100400010020100 00000g 2500 00000  
HPD02534403HPCPHT20100400040021500 00010  2500 00010  
HPD02534403HPCPHT20100400210021300 00020  2500 00020  
HPD02534403HPCPHT20100400220021900 00010  2500 00010  
HPD02534403HPCPHT20100500010020100 00000g 2500 00000  
HPD02534403HPCPHT20100600010020100 00000g 2500 00000  
HPD02534403HPCPHT20100600040021500 00010  2500 00010  
HPD02534403HPCPHT20100600300030200 99999[ 2400 99999] 2500 00000I 
HPD02534403HPCPHT20100700010030100 00000g 1400 00010  2500 00010  
HPD02534403HPCPHT20100700100022200 00010  2500 00010  
HPD02534403HPCPHT20100700180021400 00010  2500 00010  
HPD02534403HPCPHT20100700220041600 00010  1800 00010  2000 00010  2500 00030  
HPD02534403HPCPHT20100700230030900 00010  1000 00020  2500 00030  
HPD02534403HPCPHT20100700240031800 00010  1900 00010  2500 00020  
HPD02534403HPCPHT20100700260031800 00070  1900 00010  2500 00080  
HPD02534403HPCPHT20100700270031900 00050  2000 00030  2500 00080  
HPD02534403HPCPHT20100700300022300 00010  2500 00010  
HPD02534403HPCPHT20100700310051100 00130  1200 00010  1300 00010  1400 00010  2500 00160  
HPD02534403HPCPHT20100800010040100 00000g 0700 00010  1400 00010  2500 00020  
HPD02534403HPCPHT20100800030020200 00010  2500 00010  
HPD02534403HPCPHT20100800070041000 00010  1100 00010  1200 00010  2500 00030  
HPD02534403HPCPHT20100800090021400 00010  2500 00010  
HPD02534403HPCPHT20100800170041600 00140  1900 00010  2100 00010  2500 00160  
HPD02534403HPCPHT20100800210022200 00040  2500 00040  
HPD02534403HPCPHT20100900010020100 00000g 2500 00000  
HPD02534403HPCPHT20100900230021300 00010  2500 00010  
HPD02534403HPCPHT20101000010030100 00000g 1000 00010  2500 00010  
HPD02534403HPCPHT20101000030021200 00010  2500 00010  
HPD02534403HPCPHT20101000040021800 00020  2500 00020  
HPD02534403HPCPHT20101000050090600 00010  0700 00010  0800 00010  0900 00010  1200 00020  1300 00010  1700 00010  1800 00030  2500 00110  
HPD02534403HPCPHT20101000060070500 00030  0700 00010  0800 00010  0900 00030  1000 00020  1300 00010  2500 00110  
HPD02534403HPCPHT20101000070020900 00010  2500 00010  
HPD02534403HPCPHT20101000210040400 00010  0500 00010  0800 00010  2500 00030  
HPD02534403HPCPHT20101000290021400 00010  2500 00010  
HPD02534403HPCPHT20101100010020100 00000g 2500 00000  
HPD02534403HPCPHT20101100030021300 00010  2500 00010  
HPD02534403HPCPHT20101100210030900 00010  1500 00010  2500 00020  
HPD02534403HPCPHT20101200010030100 00000g 1300 00010  2500 00010  
HPD02534403HPCPHT20101200160060900 00010  1200 00010  1300 00010  1400 00010  1500 00010  2500 00050  
HPD02534403HPCPHT20101200200021400 00010  2500 00010  
HPD02534403HPCPHT20101200210022300 00010  2500 00010  
HPD02534403HPCPHT20101200220061900 00020  2000 00010  2100 00020  2200 00020  2400 00010  2500 00080  
HPD02534403HPCPHT20101200230030100 00010  0200 00010  2500 00020  
HPD02534403HPCPHT20101200290091000 00010  1200 00010  1400 00010  1500 00010  1600 00010  1800 00010  2000 00010  2300 00010  2500 00080  
HPD02534403HPCPHT20101200300030100 00010  0300 00020  2500 00030  
