HPD02787604HPCPHT20080100010020100 00000g 2500 00000  
HPD02787604HPCPHT20080100050061700 00010  1800 00010  2000 00010  2200 00010  2300 00010  2500 00050  
HPD02787604HPCPHT20080100060060200 00010  0400 00010  0800 00010  0900 00020  1200 00010  2500 00060  
HPD02787604HPCPHT20080100070120300 00010  0400 00010  0500 00020  0600 00010  0800 00020  0900 00030  1000 00030  1100 00030  1200 00030  1400 00030  1500 00010  2500 00230  
HPD02787604HPCPHT20080100240031600 00010  2200 00010  2500 00020  
HPD02787604HPCPHT20080100270190700 00010  0800 00010  0900 00010  1000 00020  1100 00010  1200 00020  1300 00020  1400 00020  1500 00020  1600 00020  1700 00030  1800 00020  1900 00010  2000 00020  2100 00030  2200 00020  2300 00010  2400 00010  2500 00310  
HPD02787604HPCPHT20080100280070100 00020  0200 00010  0300 00010  0600 00010  0800 00010  2400 00010  2500 00070  
HPD02787604HPCPHT20080100290020100 00010  2500 00010  
HPD02787604HPCPHT20080200010030100 00000g 1400 00010  2500 00010  
HPD02787604HPCPHT20080200030032100 00010  2200 00010  2500 00020  
HPD02787604HPCPHT20080200040120400 00030  0500 00010  0600 00020  0700 00020  0800 00010  1000 00010  1100 00010  1200 00010  1400 00010  1600 00010  1800 00010  2500 00150  
HPD02787604HPCPHT20080200080021600 00010  2500 00010  
HPD02787604HPCPHT20080200190021300 00010  2500 00010  
HPD02787604HPCPHT20080200210040100 00010  0200 00010  1000 00010  2500 00030  
HPD02787604HPCPHT20080200220031600 00010  1700 00010  2500 00020  
HPD02787604HPCPHT20080200230030100 00010  0400 00010  2500 00020  
HPD02787604HPCPHT20080300010020100 00000g 2500 00000  
HPD02787604HPCPHT20080400010020100 00000g 2500 00000  
HPD02787604HPCPHT20080500010030100 00000g 1000 00010  2500 00010  
HPD02787604HPCPHT20080500130031200 00010  1400 00010  2500 00020  
HPD02787604HPCPHT20080500190021400 00010  2500 00010  
HPD02787604HPCPHT20080500220091400 00010  1500 00020  1600 00010  1700 00010  1900 00020  2000 00010  2200 00020  2300 00010  2500 00110  
HPD02787604HPCPHT20080500230100100 00010  0400 00010  0800 00010  0900 00010  1000 00010  1100 00010  1200 00020  1300 00020  1400 00010  2500 00110  
HPD02787604HPCPHT20080500240020900 00010  2500 00010  
HPD02787604HPCPHT20080600010020100 00000g 2500 00000  
HPD02787604HPCPHT20080600140021500 00010  2500 00010  
HPD02787604HPCPHT20080700010050100 00000g 1300 00010  1500 00030  1600 00080  2500 00120  
HPD02787604HPCPHT20080700030021600 00010  2500 00010  
HPD02787604HPCPHT20080700050022000 00010  2500 00010  
HPD02787604HPCPHT20080700090021600 00010  2500 00010  
HPD02787604HPCPHT20080700100021900 00020  2500 00020  
HPD02787604HPCPHT20080700110080200 00010  0300 00010  0400 00010  0800 00010  0900 00020  1000 00010  1100 00010  2500 00080  
HPD02787604HPCPHT20080700130031300 00030  1400 00010  2500 00040  
HPD02787604HPCPHT20080700140040800 00010  1600 00030  1700 00010  2500 00050  
HPD02787604HPCPHT20080700170021500 00010  2500 00010  
HPD02787604HPCPHT20080700220031400 00010  1500 00030  2500 00040  
HPD02787604HPCPHT20080700230032300 00010  2400 00010  2500 00020  
HPD02787604HPCPHT20080700240020900 00010  2500 00010  
HPD02787604HPCPHT20080700310021600 00010  2500 00010  
HPD02787604HPCPHT20080800010040100 00000g 1600 00010  1800 00010  2500 00020  
HPD02787604HPCPHT20080800030031800 00020  1900 00010  2500 00030  
HPD02787604HPCPHT20080800040021200 00010  2500 00010  
HPD02787604HPCPHT20080800050031400 00010  2100 00020  2500 00030  
HPD02787604HPCPHT20080800060021500 00010  2500 00010  
HPD02787604HPCPHT20080800100021500 00010  2500 00010  
HPD02787604HPCPHT20080800110021300 00010  2500 00010  
HPD02787604HPCPHT20080800140021800 00040  2500 00040  
HPD02787604HPCPHT20080800150021000 00010  2500 00010  
HPD02787604HPCPHT20080800170032000 00010  2100 00010  2500 00020  
HPD02787604HPCPHT20080800180040900 00010  1700 00060  1800 00060  2500 00130  
HPD02787604HPCPHT20080800190021200 00010  2500 00010  
HPD02787604HPCPHT20080800250031400 00010  1600 00010  2500 00020  
HPD02787604HPCPHT20080800260040200 00020  0300 00010  0500 00010  2500 00040  
HPD02787604HPCPHT20080800270021200 00010  2500 00010  
HPD02787604HPCPHT20080800280022300 00010  2500 00010  
HPD02787604HPCPHT20080800290021400 00010  2500 00010  
HPD02787604HPCPHT20080800300021100 00010  2500 00010  
HPD02787604HPCPHT20080900010020100 99999[ 2500 00000I 
HPD02787604HPCPHT20080900130021000 99999] 2500 00000I 
HPD02787604HPCPHT20081000010020100 00000g 2500 00000  
HPD02787604HPCPHT20081000040051500 00010  1600 00010  2000 00010  2400 00030  2500 00060  
HPD02787604HPCPHT20081000050040100 00010  0200 00010  0900 00010  2500 00030  
HPD02787604HPCPHT20081000070021600 00010  2500 00010  
HPD02787604HPCPHT20081100010030100 00000g 1300 00010  2500 00010  
HPD02787604HPCPHT20081100260061000 00010  1100 00010  1200 00010  1300 00010  1800 00010  2500 00050  
HPD02787604HPCPHT20081100270090700 00010  0800 00010  1500 00010  1600 00020  1700 00020  1800 00010  1900 00010  2200 00030  2500 00120  
HPD02787604HPCPHT20081100280020600 00010  2500 00010  
HPD02787604HPCPHT20081100290021300 00010  2500 00010  
HPD02787604HPCPHT20081200010020100 00000g 2500 00000  
HPD02787604HPCPHT20081200080020500 00010  2500 00010  
HPD02787604HPCPHT20081200140050200 00050  0300 00020  0400 00020  0500 00020  2500 00110  
HPD02787604HPCPHT20081200150061600 00010  1900 00010  2000 00010  2100 00010  2300 00010  2500 00050  
HPD02787604HPCPHT20081200160190200 00010  0300 00010  0500 00010  0600 00010  0700 00010  0800 00010  1000 00010  1100 00010  1200 00010  1300 00010  1500 00020  1600 00020  1700 00010  1800 00010  2000 00010  2200 00010  2300 00010  2400 00010  2500 00200  
HPD02787604HPCPHT20081200170070100 00010  0200 00010  0300 00010  0400 00010  0500 00010  0800 00010  2500 00060  
HPD02787604HPCPHT20081200180090100 00010  0200 00010  0300 00010  0400 00010  0600 00010  0700 00010  0900 00010  1100 00010  2500 00080  
HPD02787604HPCPHT20081200220071800 00020  2000 00020  2100 00020  2200 00020  2300 00010  2400 00010  2500 00100  
HPD02787604HPCPHT20081200230050300 00010  0400 00010  0500 00020  0600 00010  2500 00050  
HPD02787604HPCPHT20081200240022300 00010  2500 00010  
HPD02787604HPCPHT20081200250120400 00010  0500 00010  0800 00010  1400 00010  1500 00010  1600 00010  1800 00010  1900 00020  2000 00010  2100 00010  2300 00010  2500 00120  
HPD02787604HPCPHT20081200260050100 00010  0400 00010  0500 00010  0600 00020  2500 00050  
HPD02787604HPCPHT20081200290021400 00010  2500 00010  
