HPD02899500HPCPHI19770900010020100 99999[ 2500 00000I 
HPD02899500HPCPHI19770900130021100 99999] 2500 00000I 
HPD02899500HPCPHT19770900220021800 00010  2500 00010  
HPD02899500HPCPHT19770900260021000 00010  2500 00010  
HPD02899500HPCPHT19771000010020100 00000g 2500 00000  
HPD02899500HPCPHT19771000060081300 00050  1600 00010  1700 00020  1800 00010  1900 00010  2200 00010  2400 00010  2500 00120  
HPD02899500HPCPHT19771000070070100 00010  0200 00010  0400 00010  1200 00010  1600 00010  2000 00010  2500 00060  
HPD02899500HPCPHT19771000090020800 00010  2500 00010  
HPD02899500HPCPHT19771000290030800 00010  1800 00010  2500 00020  
HPD02899500HPCPHT19771100010020100 00000g 2500 00000  
HPD02899500HPCPHT19771100060031800 00010  2200 00010  2500 00020  
HPD02899500HPCPHT19771100070030900 00010  1000 00010  2500 00020  
HPD02899500HPCPHT19771200010020100 00000g 2500 00000  
HPD02899500HPCPHT19771200230021900 00010  2500 00010  
HPD02899500HPCPHT19771200250022400 00010  2500 00010  
HPD02899500HPCPHT19771200260022100 00010  2500 00010  
HPD02899500HPCPHT19771200270030300 00010  0700 00010  2500 00020  
HPD02899500HPCPHT19771200280060800 00030  0900 00010  1000 00010  1700 00010  2000 00020  2500 00080  
HPD02899500HPCPHT19771200290020400 00010  2500 00010  
HPD02899500HPCPHT19780100010020100 00000g 2500 00000  
HPD02899500HPCPHT19780100020021300 00010  2500 00010  
HPD02899500HPCPHT19780100100042200 00030  2300 00010  2400 00010  2500 00050  
HPD02899500HPCPHT19780100110040300 00010  1400 00010  2200 00010  2500 00030  
HPD02899500HPCPHT19780100150100600 00010  0700 00010  0800 00010  0900 00020  1000 00020  1100 00010  1200 00010  1300 00010  2400 00030  2500 00130  
HPD02899500HPCPHT19780100160020300 00010  2500 00010  
HPD02899500HPCPHT19780100170050700 00010  0800 00010  0900 00010  1200 00010  2500 00040  
HPD02899500HPCPHT19780100190042000 00010  2100 00010  2200 00010  2500 00030  
HPD02899500HPCPHT19780100200050300 00010  0900 00010  1600 00010  1800 00010  2500 00040  
HPD02899500HPCPHT19780100240021100 00010  2500 00010  
HPD02899500HPCPHT19780100300022000 00010  2500 00010  
HPD02899500HPCPHT19780200010030100 00000g 0600 00010  2500 00010  
HPD02899500HPCPHT19780200060020500 00010  2500 00010  
HPD02899500HPCPHT19780200080020400 00010  2500 00010  
HPD02899500HPCPHT19780200100042200 00010  2300 00020  2400 00020  2500 00050  
HPD02899500HPCPHT19780200110070100 00010  0300 00010  0500 00010  0700 00010  0800 00010  0900 00010  2500 00060  
HPD02899500HPCPHT19780200130032300 00010  2400 00010  2500 00020  
HPD02899500HPCPHT19780200140050300 00010  1300 00010  1600 00010  2100 00010  2500 00040  
HPD02899500HPCPHT19780200270020300 00010  2500 00010  
HPD02899500HPCPHT19780200280041900 00010  2000 00010  2300 00010  2500 00030  
HPD02899500HPCPHT19780300010030100 00000g 1600 00010  2500 00010  
HPD02899500HPCPHT19780300020032000 00010  2200 00010  2500 00020  
HPD02899500HPCPHT19780300050031900 00010  2100 00010  2500 00020  
HPD02899500HPCPHT19780300120051600 00020  1700 00010  1800 00010  1900 00010  2500 00050  
HPD02899500HPCPHT19780400010020100 00000g 2500 00000  
HPD02899500HPCPHT19780400080051700 00010  1800 00010  1900 00010  2000 00010  2500 00040  
HPD02899500HPCPHT19780500010040100 00000g 1700 00010  1800 00010  2500 00020  
HPD02899500HPCPHT19780500060041600 00010  1800 00020  1900 00010  2500 00040  
HPD02899500HPCPHT19780600010020100 00000g 2500 00000  
HPD02899500HPCPHT19780600270031400 00020  1900 00010  2500 00030  
HPD02899500HPCPHT19780700010020100 00000g 2500 00000  
HPD02899500HPCPHT19780700080022100 00010  2500 00010  
HPD02899500HPCPHT19780700140022100 00010  2500 00010  
HPD02899500HPCPHT19780700150022200 00010  2500 00010  
HPD02899500HPCPHT19780700160020900 00010  2500 00010  
HPD02899500HPCPHT19780700170032000 00020  2100 00020  2500 00040  
HPD02899500HPCPHT19780700210020500 00010  2500 00010  
HPD02899500HPCPHT19780700220030700 00020  0900 00010  2500 00030  
HPD02899500HPCPHT19780700300032000 00020  2100 00010  2500 00030  
HPD02899500HPCPHT19780800010040100 00000g 1900 00060  2000 00010  2500 00070  
HPD02899500HPCPHT19780800030022000 00010  2500 00010  
HPD02899500HPCPHT19780800040032100 00010  2300 00010  2500 00020  
HPD02899500HPCPHT19780800080022100 00020  2500 00020  
HPD02899500HPCPHT19780800110040800 00010  1800 00010  1900 00010  2500 00030  
HPD02899500HPCPHT19780800190031400 00090  1500 00010  2500 00100  
HPD02899500HPCPHT19780800240021700 00030  2500 00030  
HPD02899500HPCPHT19780900010030100 00000g 2400 00010  2500 00010  
HPD02899500HPCPHT19780900080021500 00060  2500 00060  
HPD02899500HPCPHT19780900130021600 00010  2500 00010  
HPD02899500HPCPHT19781000010020100 00000g 2500 00000  
HPD02899500HPCPHT19781000200041800 00010  2100 00010  2200 00010  2500 00030  
HPD02899500HPCPHT19781000210070300 00010  0700 00030  0800 00010  0900 00040  1000 00010  1100 00010  2500 00110  
HPD02899500HPCPHT19781000230020900 00010  2500 00010  
HPD02899500HPCPHT19781000240021200 00010  2500 00010  
HPD02899500HPCPHT19781100010020100 00000g 2500 00000  
HPD02899500HPCPHT19781100110021800 00010  2500 00010  
HPD02899500HPCPHT19781100150031500 00010  1700 00010  2500 00020  
HPD02899500HPCPHT19781100230060700 00010  1800 00010  2000 00010  2100 00010  2300 00010  2500 00050  
HPD02899500HPCPHT19781100240110100 00010  0200 00010  0300 00010  0400 00010  0500 00010  0700 00010  1600 00010  1700 00030  1800 00010  2200 00010  2500 00120  
HPD02899500HPCPHT19781200010020100 00000g 2500 00000  
HPD02899500HPCPHT19781200060040700 00020  1300 00010  1500 00010  2500 00040  
HPD02899500HPCPHT19781200100031200 00010  1300 00020  2500 00030  
HPD02899500HPCPHT19781200170031100 00010  1800 00010  2500 00020  
HPD02899500HPCPHT19781200180060300 00010  1000 00010  1200 00010  1500 00010  1900 00010  2500 00050  
HPD02899500HPCPHT19781200200040100 00010  0200 00010  0900 00010  2500 00030  
HPD02899500HPCPHT19790100010020100 00000g 2500 00000  
HPD02899500HPCPHT19790100050022300 00010  2500 00010  
HPD02899500HPCPHT19790100060140200 00010  0300 00010  0700 00010  0900 00010  1100 00010  1400 00010  1500 00030  1600 00010  1800 00010  2000 00010  2100 00010  2300 00010  2400 00010  2500 00150  
HPD02899500HPCPHT19790100070030400 00010  1100 00010  2500 00020  
HPD02899500HPCPHT19790100120042000 00010  2300 00010  2400 00030  2500 00050  
HPD02899500HPCPHT19790100130040100 00010  1000 00010  1200 00010  2500 00030  
HPD02899500HPCPHT19790100160032000 00010  2100 00010  2500 00020  
HPD02899500HPCPHT19790100240090800 00010  1400 00020  1500 00010  1700 00010  1800 00010  1900 00020  2000 00010  2200 00010  2500 00100  
HPD02899500HPCPHT19790100310061900 00010  2000 00010  2200 00010  2300 00010  2400 00010  2500 00050  
HPD02899500HPCPHT19790200010040100 00000g 0200 00010  0300 00020  2500 00030  
HPD02899500HPCPHT19790200020020200 00010  2500 00010  
HPD02899500HPCPHT19790200040021500 00010  2500 00010  
HPD02899500HPCPHT19790200050021100 00010  2500 00010  
HPD02899500HPCPHT19790300010020100 00000g 2500 00000  
HPD02899500HPCPHT19790300020040100 00010  0300 00010  0700 00010  2500 00030  
HPD02899500HPCPHT19790300170031700 00010  1900 00010  2500 00020  
HPD02899500HPCPHT19790300200032200 00010  2300 00010  2500 00020  
HPD02899500HPCPHT19790300210060100 00010  0200 00010  0300 00010  0400 00010  1700 00010  2500 00050  
HPD02899500HPCPHT19790300290020300 00010  2500 00010  
HPD02899500HPCPHT19790400010020100 00000g 2500 00000  
HPD02899500HPCPHT19790500010020100 00000g 2500 00000  
HPD02899500HPCPHT19790500020022000 00010  2500 00010  
HPD02899500HPCPHT19790500090040700 00010  0900 00010  1400 00010  2500 00030  
HPD02899500HPCPHT19790500230031400 00020  2200 00020  2500 00040  
HPD02899500HPCPHT19790500260021500 00010  2500 00010  
HPD02899500HPCPHT19790600010020100 00000g 2500 00000  
HPD02899500HPCPHT19790600040040600 00010  1300 00010  1500 00010  2500 00030  
HPD02899500HPCPHT19790600050022000 00010  2500 00010  
HPD02899500HPCPHT19790600090021000 00010  2500 00010  
HPD02899500HPCPHT19790700010030100 00000g 1700 00010  2500 00010  
HPD02899500HPCPHT19790700170020100 00010  2500 00010  
HPD02899500HPCPHT19790700190020300 00010  2500 00010  
HPD02899500HPCPHT19790700200030700 00050  0800 00090  2500 00140  
HPD02899500HPCPHT19790700270021800 00010  2500 00010  
HPD02899500HPCPHT19790700290041200 00010  2100 00060  2300 00010  2500 00080  
HPD02899500HPCPHT19790800010020100 00000g 2500 00000  
HPD02899500HPCPHT19790800030022100 00010  2500 00010  
HPD02899500HPCPHT19790800040031700 00140  2200 00010  2500 00150  
HPD02899500HPCPHT19790800050021600 00060  2500 00060  
HPD02899500HPCPHT19790800110022200 00040  2500 00040  
HPD02899500HPCPHT19790800120070800 00010  1200 00050  1400 00020  2000 00010  2100 00010  2300 00010  2500 00110  
HPD02899500HPCPHT19790800130050100 00010  0300 00010  1600 00010  2000 00010  2500 00040  
HPD02899500HPCPHT19790800140031300 00010  2200 00010  2500 00020  
HPD02899500HPCPHT19790800150040200 00010  1400 00010  1600 00010  2500 00030  
HPD02899500HPCPHT19790800160020200 00010  2500 00010  
HPD02899500HPCPHT19790800170022400 00010  2500 00010  
HPD02899500HPCPHT19790800180021500 00010  2500 00010  
HPD02899500HPCPHT19790800200022100 00010  2500 00010  
HPD02899500HPCPHT19790800250021500 00010  2500 00010  
HPD02899500HPCPHT19790800290021700 00010  2500 00010  
HPD02899500HPCPHT19790900010020100 00000g 2500 00000  
HPD02899500HPCPHT19790900110021900 00010  2500 00010  
HPD02899500HPCPHT19790900140022400 00010  2500 00010  
HPD02899500HPCPHT19790900260020900 00010  2500 00010  
HPD02899500HPCPHT19791000010020100 00000g 2500 00000  
HPD02899500HPCPHT19791000290021500 00010  2500 00010  
HPD02899500HPCPHT19791100010020100 00000g 2500 00000  
HPD02899500HPCPHT19791100070021600 00010  2500 00010  
HPD02899500HPCPHT19791200010020100 00000g 2500 00000  
HPD02899500HPCPHT19791200140020900 00010  2500 00010  
HPD02899500HPCPHT19800100010020100 00000g 2500 00000  
HPD02899500HPCPHT19800100100021100 00010  2500 00010  
HPD02899500HPCPHT19800100130022200 00020  2500 00020  
HPD02899500HPCPHT19800100200030500 00010  1200 00010  2500 00020  
HPD02899500HPCPHT19800200010020100 99999[ 2500 00000I 
HPD02899500HPCPHT19800200290022400 99999] 2500 00000I 
HPD02899500HPCPHT19800300010020100 99999[ 2500 00000I 
HPD02899500HPCPHT19800300310022400 99999] 2500 00000I 
HPD02899500HPCPHT19800400010020100 00000g 2500 00000  
HPD02899500HPCPHT19800400240021300 00010  2500 00010  
HPD02899500HPCPHT19800500010040100 00000g 0300 00010  0700 00020  2500 00030  
HPD02899500HPCPHT19800600010020100 00000g 2500 00000  
HPD02899500HPCPHT19800600300021500 00020  2500 00020  
HPD02899500HPCPHT19800700010020100 00000g 2500 00000  
HPD02899500HPCPHT19800700160022200 00020  2500 00020  
HPD02899500HPCPHT19800700210021400 00020  2500 00020  
HPD02899500HPCPHT19800700230021700 00010  2500 00010  
HPD02899500HPCPHT19800700260021600 00010  2500 00010  
HPD02899500HPCPHT19800700270022000 00010  2500 00010  
HPD02899500HPCPHT19800700290030600 00010  1600 00010  2500 00020  
HPD02899500HPCPHT19800700300030100 00010  1800 00010  2500 00020  
HPD02899500HPCPHT19800700310031000 00010  1600 00030  2500 00040  
HPD02899500HPCPHT19800800010030100 00000g 1400 00040  2500 00040  
HPD02899500HPCPHT19800800080021800 00010  2500 00010  
HPD02899500HPCPHT19800800130070600 00010  0700 00060  0800 00030  0900 00020  1200 00010  1400 00010  2500 00140  
HPD02899500HPCPHT19800800140070100 00010  0300 00020  0400 00010  0500 00010  0900 00010  1500 00010  2500 00070  
HPD02899500HPCPHT19800800150040200 00010  0900 00010  1500 00010  2500 00030  
HPD02899500HPCPHT19800800160021500 00010  2500 00010  
HPD02899500HPCPHT19800800180021900 00010  2500 00010  
HPD02899500HPCPHT19800800240021400 00010  2500 00010  
HPD02899500HPCPHT19800800250020500 00010  2500 00010  
HPD02899500HPCPHT19800800260021800 00010  2500 00010  
HPD02899500HPCPHT19800900010020100 00000g 2500 00000  
HPD02899500HPCPHT19800900240021500 00010  2500 00010  
HPD02899500HPCPHT19800900260030300 00060  0400 00010  2500 00070  
HPD02899500HPCPHT19801000010020100 00000g 2500 00000  
HPD02899500HPCPHT19801000020021400 00010  2500 00010  
HPD02899500HPCPHT19801000110021000 00010  2500 00010  
HPD02899500HPCPHT19801000190021000 00010  2500 00010  
HPD02899500HPCPHT19801000260021700 00010  2500 00010  
HPD02899500HPCPHT19801100010020100 00000g 2500 00000  
HPD02899500HPCPHT19801200010020100 00000g 2500 00000  
HPD02899500HPCPHT19801200050020300 00020  2500 00020  
HPD02899500HPCPHT19801200120031600 00010  2400 00010  2500 00020  
HPD02899500HPCPHT19810100010020100 00000g 2500 00000  
HPD02899500HPCPHT19810100110021000 00010  2500 00010  
HPD02899500HPCPHT19810100120040800 00010  1800 00020  1900 00010  2500 00040  
HPD02899500HPCPHT19810100140022000 00010  2500 00010  
HPD02899500HPCPHT19810100160020900 00010  2500 00010  
HPD02899500HPCPHT19810200010020100 99999[ 2500 00000I 
HPD02899500HPCPHT19810200280022400 99999] 2500 00000I 
HPD02899500HPCPHT19810300010020100 00000g 2500 00000  
HPD02899500HPCPHT19810300020081500 00010  1800 00020  1900 00020  2000 00020  2100 00010  2200 00010  2300 00010  2500 00100  
HPD02899500HPCPHT19810300030051100 00010  1800 00010  2100 00010  2400 00010  2500 00040  
HPD02899500HPCPHT19810300050061600 00010  1700 00010  1800 00010  2000 00010  2100 00010  2500 00050  
HPD02899500HPCPHT19810300060020100 00010  2500 00010  
HPD02899500HPCPHT19810300200050300 00010  0500 00010  0900 00010  1100 00010  2500 00040  
HPD02899500HPCPHT19810400010020100 99999[ 2500 00000I 
HPD02899500HPCPHT19810400060021500 99999] 2500 00000I 
HPD02899500HPCPHT19810400170022400 00010  2500 00010  
HPD02899500HPCPHT19810500010040100 00000g 1400 00030  1500 00010  2500 00040  
HPD02899500HPCPHT19810500310031500 00010  1600 00010  2500 00020  
HPD02899500HPCPHT19810600010020100 00000g 2500 00000  
HPD02899500HPCPHT19810700010020100 00000g 2500 00000  
HPD02899500HPCPHT19810700060022000 00070  2500 00070  
HPD02899500HPCPHT19810700100022100 00010  2500 00010  
HPD02899500HPCPHT19810700110022000 00010  2500 00010  
HPD02899500HPCPHT19810700120031400 00080  1600 00010  2500 00090  
HPD02899500HPCPHT19810700160021600 00010  2500 00010  
HPD02899500HPCPHT19810700190032300 00020  2400 00010  2500 00030  
HPD02899500HPCPHT19810700210031200 00050  1300 00010  2500 00060  
HPD02899500HPCPHT19810700230020800 99999[ 2500 00000I 
HPD02899500HPCPHT19810700310022400 99999] 2500 00000I 
HPD02899500HPCPHT19810800010020100 99999[ 2500 00000I 
HPD02899500HPCPHT19810800310022400 99999] 2500 00000I 
HPD02899500HPCPHT19810900010030100 00000g 0800 99999[ 2500 00000I 
HPD02899500HPCPHT19810900070021700 99999] 2500 00000I 
HPD02899500HPCPHT19810900220020800 99999[ 2500 00000I 
HPD02899500HPCPHT19810900290022400 99999] 2500 00000I 
HPD02899500HPCPHT19811000010040100 00000g 0900 00010  1200 00010  2500 00020  
HPD02899500HPCPHT19811000020030200 00030  0500 00020  2500 00050  
HPD02899500HPCPHT19811100010020100 00000g 2500 00000  
HPD02899500HPCPHT19811100280020900 00010  2500 00010  
HPD02899500HPCPHT19811100290070400 00020  0500 00010  0600 00010  0900 00010  1000 00010  1500 00010  2500 00070  
HPD02899500HPCPHT19811200010020100 00000g 2500 00000  
HPD02899500HPCPHT19811200220020600 00010  2500 00010  
HPD02899500HPCPHT19820100010020100 00000g 2500 00000  
HPD02899500HPCPHT19820100020031200 00010  2300 00010  2500 00020  
HPD02899500HPCPHT19820100040021500 00010  2500 00010  
HPD02899500HPCPHT19820100110020500 00010  2500 00010  
HPD02899500HPCPHT19820100120041800 00010  1900 00010  2000 00010  2500 00030  
HPD02899500HPCPHT19820100170021400 00010  2500 00010  
HPD02899500HPCPHT19820100210052000 00020  2100 00010  2200 00020  2400 00010  2500 00060  
HPD02899500HPCPHT19820100290050700 00010  1500 00010  1600 00010  1700 00010  2500 00040  
HPD02899500HPCPHT19820100300020900 00010  2500 00010  
HPD02899500HPCPHT19820200010020100 99999[ 2500 00000I 
HPD02899500HPCPHT19820200070022400 99999] 2500 00000I 
HPD02899500HPCPHT19820200080021700 00010  2500 00010  
HPD02899500HPCPHT19820200110060800 00010  0900 00020  1000 00020  1100 00010  1300 00010  2500 00070  
HPD02899500HPCPHT19820200210020100 99999[ 2500 00000I 
HPD02899500HPCPHT19820200280022400 99999] 2500 00000I 
HPD02899500HPCPHT19820300010020100 00000g 2500 00000  
HPD02899500HPCPHT19820300120021600 00010  2500 00010  
HPD02899500HPCPHT19820300130050600 00020  0700 00010  0800 00020  1300 00010  2500 00060  
HPD02899500HPCPHT19820300150020500 00010  2500 00010  
HPD02899500HPCPHT19820300180021800 00010  2500 00010  
HPD02899500HPCPHT19820300190020700 00010  2500 00010  
HPD02899500HPCPHT19820400010020100 99999[ 2500 00000I 
HPD02899500HPCPHT19820400020021200 99999] 2500 00000I 
HPD02899500HPCPHT19820400070020400 00010  2500 00010  
HPD02899500HPCPHT19820500010020100 99999[ 2500 00000I 
HPD02899500HPCPHT19820500310022400 99999] 2500 00000I 
HPD02899500HPCPHT19820600010020100 00000g 2500 00000  
HPD02899500HPCPHT19820600290031400 00050  1500 00010  2500 00060  
HPD02899500HPCPHT19820700010020100 00000g 2500 00000  
HPD02899500HPCPHT19820700060061200 00090  1300 00040  1500 00010  1600 00010  1700 00020  2500 00170  
HPD02899500HPCPHT19820700070020800 00010  2500 00010  
HPD02899500HPCPHT19820700170021500 00010  2500 00010  
HPD02899500HPCPHT19820700210021900 00030  2500 00030  
HPD02899500HPCPHT19820700230022000 00040  2500 00040  
HPD02899500HPCPHT19820700240031600 00220  1800 00010  2500 00230  
HPD02899500HPCPHT19820700290040800 00030  0900 00050  1800 00020  2500 00100  
HPD02899500HPCPHT19820800010020100 00000g 2500 00000  
HPD02899500HPCPHT19820800100022200 00010  2500 00010  
HPD02899500HPCPHT19820800110021500 00030  2500 00030  
HPD02899500HPCPHT19820800120021900 00020  2500 00020  
HPD02899500HPCPHT19820800130020700 00020  2500 00020  
HPD02899500HPCPHT19820800190021400 00010  2500 00010  
HPD02899500HPCPHT19820800200022300 00010  2500 00010  
HPD02899500HPCPHT19820800230021400 00010  2500 00010  
HPD02899500HPCPHT19820800240031900 00010  2000 00030  2500 00040  
HPD02899500HPCPHT19820800300021000 00010  2500 00010  
HPD02899500HPCPHT19820900010020100 00000g 2500 00000  
HPD02899500HPCPHT19820900080031600 00040  1900 00010  2500 00050  
HPD02899500HPCPHT19820900100051300 00040  1400 00020  1500 00010  1600 00010  2500 00080  
HPD02899500HPCPHT19820900110061700 00040  1800 00040  1900 00030  2000 00010  2100 00010  2500 00130  
HPD02899500HPCPHT19821000010020100 00000g 2500 00000  
HPD02899500HPCPHT19821100010020100 00000g 2500 00000  
HPD02899500HPCPHT19821100080032300 00020  2400 00010  2500 00030  
HPD02899500HPCPHT19821100090020200 00010  2500 00010  
HPD02899500HPCPHT19821100100032100 00010  2200 00010  2500 00020  
HPD02899500HPCPHT19821100110021000 00010  2500 00010  
HPD02899500HPCPHT19821100170031000 00010  2100 00010  2500 00020  
HPD02899500HPCPHT19821100300052100 00010  2200 00040  2300 00030  2400 00020  2500 00100  
HPD02899500HPCPHT19821200010060100 00000g 0500 00010  0800 00010  2000 00010  2200 00010  2500 00040  
HPD02899500HPCPHT19821200020021000 00010  2500 00010  
HPD02899500HPCPHT19821200090030700 00010  2400 00010  2500 00020  
HPD02899500HPCPHT19821200100050200 00010  0400 00010  0500 00010  1800 00010  2500 00040  
HPD02899500HPCPHT19821200310030500 00010  0800 00010  2500 00020  
HPD02899500HPCPHT19830100010020100 00000g 2500 00000  
HPD02899500HPCPHT19830100150021500 00010  2500 00010  
HPD02899500HPCPHT19830100190032300 00010  2400 00010  2500 00020  
HPD02899500HPCPHT19830100200070100 00010  0200 00010  0900 00010  1500 00020  1600 00010  1700 00010  2500 00070  
HPD02899500HPCPHT19830100210021100 00010  2500 00010  
HPD02899500HPCPHT19830100270032200 00010  2300 00010  2500 00020  
HPD02899500HPCPHT19830100290052100 00010  2200 00030  2300 00010  2400 00010  2500 00060  
HPD02899500HPCPHT19830100300070200 00010  0300 00010  0600 00010  0800 00010  0900 00010  1100 00010  2500 00060  
HPD02899500HPCPHT19830200010020100 00000g 2500 00000  
HPD02899500HPCPHT19830200020022300 00010  2500 00010  
HPD02899500HPCPHT19830200030061700 00010  1800 00020  1900 00010  2000 00010  2200 00010  2500 00060  
HPD02899500HPCPHT19830200040030600 00010  1300 00010  2500 00020  
HPD02899500HPCPHT19830200050030700 00010  1400 00010  2500 00020  
HPD02899500HPCPHT19830200060020800 00010  2500 00010  
HPD02899500HPCPHT19830300010020100 00000g 2500 00000  
HPD02899500HPCPHT19830300030061000 00010  1300 00020  1600 00010  1700 00010  2300 00010  2500 00060  
HPD02899500HPCPHT19830300040050200 00010  0400 00010  0500 00010  0700 00010  2500 00040  
HPD02899500HPCPHT19830300180022400 00010  2500 00010  
HPD02899500HPCPHT19830300190040600 00010  0700 00020  1000 00010  2500 00040  
HPD02899500HPCPHT19830300240022400 00010  2500 00010  
HPD02899500HPCPHT19830300250050100 00010  0600 00010  0700 00010  2400 00010  2500 00040  
HPD02899500HPCPHT19830400010020100 00000g 2500 00000  
HPD02899500HPCPHT19830400060032000 00010  2300 00010  2500 00020  
HPD02899500HPCPHT19830400120031200 00010  1600 00010  2500 00020  
HPD02899500HPCPHT19830400210022000 00010  2500 00010  
HPD02899500HPCPHT19830500010020100 00000g 2500 00000  
HPD02899500HPCPHT19830500030021200 99999[ 2500 00000I 
HPD02899500HPCPHT19830500310022400 99999] 2500 00000I 
HPD02899500HPCPHT19830600010020100 99999[ 2500 00000I 
HPD02899500HPCPHT19830600300022400 99999] 2500 00000I 
HPD02899500HPCPHT19830700010020100 99999[ 2500 00000I 
HPD02899500HPCPHT19830700310022400 99999] 2500 00000I 
HPD02899500HPCPHT19830800010020100 99999[ 2500 00000I 
HPD02899500HPCPHT19830800030031200 99999] 2100 00020  2500 00020I 
HPD02899500HPCPHT19830800050021800 00010  2500 00010  
HPD02899500HPCPHT19830800070021500 00010  2500 00010  
HPD02899500HPCPHT19830800090040700 00010  1700 00050  1800 00010  2500 00070  
HPD02899500HPCPHT19830800100021800 00010  2500 00010  
HPD02899500HPCPHT19830800110030600 00010  0700 00020  2500 00030  
HPD02899500HPCPHT19830800150031700 00010  2100 00010  2500 00020  
HPD02899500HPCPHT19830800160021800 00010  2500 00010  
HPD02899500HPCPHT19830800170020900 00010  2500 00010  
HPD02899500HPCPHT19830800180031800 00010  1900 00020  2500 00030  
HPD02899500HPCPHT19830800270031900 00040  2000 00020  2500 00060  
HPD02899500HPCPHT19830900010020100 00000g 2500 00000  
HPD02899500HPCPHT19830900040031900 00020  2300 00010  2500 00030  
HPD02899500HPCPHT19830900060021600 00010  2500 00010  
HPD02899500HPCPHT19830900100032200 00010  2300 00010  2500 00020  
HPD02899500HPCPHT19830900190031900 00050  2000 00210  2500 00260  
HPD02899500HPCPHT19830900220031800 00010  2000 00010  2500 00020  
HPD02899500HPCPHT19830900230042100 00020  2200 00010  2300 00010  2500 00040  
HPD02899500HPCPHT19830900240020700 00010  2500 00010  
HPD02899500HPCPHT19830900280051300 00010  1400 00070  1800 00020  1900 00010  2500 00110  
HPD02899500HPCPHT19830900290071300 00010  1400 00010  1500 00010  1700 00010  1900 00020  2000 00010  2500 00070  
HPD02899500HPCPHT19830900300030400 00010  0500 00010  2500 00020  
HPD02899500HPCPHT19831000010190100 00000g 0200 00010  0300 00010  0400 00020  0500 00010  0800 00010  1000 00010  1100 00010  1200 00010  1400 00030  1500 00040  1600 00020  1700 00020  1800 00010  2000 00010  2200 00010  2300 00010  2400 00010  2500 00250  
HPD02899500HPCPHT19831000020110300 00030  0400 00020  0500 00030  0700 00010  0900 00010  1000 00040  1200 00020  1300 00010  1700 00020  2300 00010  2500 00200  
HPD02899500HPCPHT19831000030020100 00030  2500 00030  
HPD02899500HPCPHT19831000180022300 00010  2500 00010  
HPD02899500HPCPHT19831000190022000 00010  2500 00010  
HPD02899500HPCPHT19831000270021700 00030  2500 00030  
HPD02899500HPCPHT19831100010020100 00000g 2500 00000  
HPD02899500HPCPHT19831100030052100 00010  2200 00020  2300 00020  2400 00010  2500 00060  
HPD02899500HPCPHT19831100040020100 00010  2500 00010  
HPD02899500HPCPHT19831100200022200 00010  2500 00010  
HPD02899500HPCPHT19831100210080900 00020  1000 00010  1400 00020  1500 00010  1600 00020  1700 00010  1800 00010  2500 00100  
HPD02899500HPCPHT19831100240022300 00010  2500 00010  
HPD02899500HPCPHT19831100250051400 00010  1700 00030  1800 00010  1900 00010  2500 00060  
HPD02899500HPCPHT19831200010020100 00000g 2500 00000  
HPD02899500HPCPHT19831200020050400 00020  0600 00010  1000 00010  1700 00010  2500 00050  
HPD02899500HPCPHT19831200050021000 00010  2500 00010  
HPD02899500HPCPHT19831200250032300 00010  2400 00020  2500 00030  
HPD02899500HPCPHT19831200260020400 00010  2500 00010  
HPD02899500HPCPHT19840100010020100 00000g 2500 00000  
HPD02899500HPCPHT19840100050041400 00010  1500 00010  1600 00020  2500 00040  
HPD02899500HPCPHT19840200010020100 00000g 2500 00000  
HPD02899500HPCPHT19840300010020100 00000g 2500 00000  
HPD02899500HPCPHT19840400010020100 00000g 2500 00000  
HPD02899500HPCPHT19840400060031900 00010  2100 00020  2500 00030  
HPD02899500HPCPHT19840400070060300 00010  0400 00010  0500 00010  0600 00020  0900 00010  2500 00060  
HPD02899500HPCPHT19840400260031000 00020  1100 00020  2500 00040  
HPD02899500HPCPHT19840400280021700 00010  2500 00010  
HPD02899500HPCPHT19840400290020800 00010  2500 00010  
HPD02899500HPCPHT19840500010020100 99999[ 2500 00000I 
HPD02899500HPCPHT19840500310022400 99999] 2500 00000I 
HPD02899500HPCPHT19840600010020100 99999{ 2500 00000P 
HPD02899500HPCPHT19840600300022400 99999} 2500 00000P 
HPD02899500HPCPHT19840700010030100 00000g 1500 00010  2500 00010  
HPD02899500HPCPHT19840700030022400 00020  2500 00020  
HPD02899500HPCPHT19840700090021800 00050  2500 00050  
HPD02899500HPCPHT19840700100031700 00040  1900 00010  2500 00050  
HPD02899500HPCPHT19840700120031500 00010  2000 00010  2500 00020  
HPD02899500HPCPHT19840700130021800 00010  2500 00010  
HPD02899500HPCPHT19840700140040100 00030  0200 00010  1800 00010  2500 00050  
HPD02899500HPCPHT19840700160032000 00010  2100 00010  2500 00020  
HPD02899500HPCPHT19840700170071900 00050  2000 00010  2100 00010  2200 00010  2300 00010  2400 00020  2500 00110  
HPD02899500HPCPHT19840700180021500 00010  2500 00010  
HPD02899500HPCPHT19840700190021600 00010  2500 00010  
HPD02899500HPCPHT19840700230022000 00010  2500 00010  
HPD02899500HPCPHT19840700270032200 00010  2400 00010  2500 00020  
HPD02899500HPCPHT19840700290022100 00010  2500 00010  
HPD02899500HPCPHT19840800010030100 00000g 1600 99999{ 2500 00000P 
HPD02899500HPCPHT19840800020021300 99999} 2500 00000P 
HPD02899500HPCPHT19840800100021200 00010  2500 00010  
HPD02899500HPCPHT19840800110040700 00010  1000 00050  1400 00010  2500 00070  
HPD02899500HPCPHT19840800130030100 00010  0200 00020  2500 00030  
HPD02899500HPCPHT19840800140040100 00080  0200 00010  0300 00010  2500 00100  
HPD02899500HPCPHT19840800170031900 00080  2000 00020  2500 00100  
HPD02899500HPCPHT19840800180040300 00060  1500 00010  1600 00010  2500 00080  
HPD02899500HPCPHT19840800190022100 00030  2500 00030  
HPD02899500HPCPHT19840800220040100 00070  0200 00010  0300 00010  2500 00090  
HPD02899500HPCPHT19840800250021400 00010  2500 00010  
HPD02899500HPCPHT19840800280021000 00010  2500 00010  
HPD02899500HPCPHT19840800300021800 00010  2500 00010  
HPD02899500HPCPHT19840900010030100 00000g 2100 00010  2500 00010  
HPD02899500HPCPHT19840900040021500 99999{ 2500 00000P 
HPD02899500HPCPHT19840900300022400 99999} 2500 00000P 
HPD02899500HPCPHT19841000010020100 99999{ 2500 00000P 
HPD02899500HPCPHT19841000020030900 99999} 1600 00010  2500 00010P 
HPD02899500HPCPHT19841000030070700 00010  1100 00010  1400 00010  1900 00010  2000 00010  2200 00010  2500 00060  
HPD02899500HPCPHT19841000200031500 00010  2300 00020  2500 00030  
HPD02899500HPCPHT19841100010020100 00000g 2500 00000  
HPD02899500HPCPHT19841100220022400 00020  2500 00020  
HPD02899500HPCPHT19841100230070100 00010  0200 00020  0300 00010  0500 00010  1100 00010  1200 00010  2500 00070  
HPD02899500HPCPHT19841100250021400 00010  2500 00010  
HPD02899500HPCPHT19841200010020100 00000g 2500 00000  
HPD02899500HPCPHT19841200030032300 00010  2400 00020  2500 00030  
HPD02899500HPCPHT19841200040030100 00020  0200 00020  2500 00040  
HPD02899500HPCPHT19841200080030600 00010  0700 00010  2500 00020  
HPD02899500HPCPHT19841200100022400 00010  2500 00010  
HPD02899500HPCPHT19841200110022200 00010  2500 00010  
HPD02899500HPCPHT19841200120021000 00010  2500 00010  
HPD02899500HPCPHT19841200130080600 00010  0800 00010  0900 00010  1000 00020  1100 00010  1300 00010  1400 00010  2500 00080  
HPD02899500HPCPHT19841200150030700 00010  0900 00010  2500 00020  
HPD02899500HPCPHT19841200270081400 00010  1500 00010  1600 00010  1700 00010  1900 00010  2000 00010  2300 00010  2500 00070  
HPD02899500HPCPHT19841200280032000 00010  2300 00010  2500 00020  
HPD02899500HPCPHT19850100010020100 00000g 2500 00000  
HPD02899500HPCPHT19850100070021900 00010  2500 00010  
HPD02899500HPCPHT19850100080020200 00010  2500 00010  
HPD02899500HPCPHT19850100120021900 00010  2500 00010  
HPD02899500HPCPHT19850100160020400 00010  2500 00010  
HPD02899500HPCPHT19850100230061300 00010  1400 00010  2100 00010  2300 00010  2400 00010  2500 00050  
HPD02899500HPCPHT19850100240020800 00010  2500 00010  
HPD02899500HPCPHT19850100260090800 00010  1000 00010  1100 00010  1500 00020  1600 00010  1700 00020  1800 00010  2000 00010  2500 00100  
HPD02899500HPCPHT19850100300030600 00010  1000 00010  2500 00020  
HPD02899500HPCPHT19850200010020100 00000g 2500 00000  
HPD02899500HPCPHT19850200030050700 00010  0900 00010  1000 00010  1300 00010  2500 00040  
HPD02899500HPCPHT19850200040070400 00010  0500 00010  1700 00010  1900 00010  2100 00010  2400 00010  2500 00060  
HPD02899500HPCPHT19850200050020900 00010  2500 00010  
HPD02899500HPCPHT19850200210021100 00010  2500 00010  
HPD02899500HPCPHT19850200270031400 00010  1500 00010  2500 00020  
HPD02899500HPCPHT19850300010020100 00000g 2500 00000  
HPD02899500HPCPHT19850300180020200 00010  2500 00010  
HPD02899500HPCPHT19850300290040400 00010  0600 00010  1200 00010  2500 00030  
HPD02899500HPCPHT19850400010020100 00000g 2500 00000  
HPD02899500HPCPHT19850400260040800 00020  0900 00010  1000 00010  2500 00040  
HPD02899500HPCPHT19850400270031700 00020  1800 00010  2500 00030  
HPD02899500HPCPHT19850500010020100 00000g 2500 00000  
HPD02899500HPCPHT19850600010020100 00000g 2500 00000  
HPD02899500HPCPHT19850600200031800 00050  1900 00010  2500 00060  
HPD02899500HPCPHT19850700010020100 00000g 2500 00000  
HPD02899500HPCPHT19850700100021800 99999{ 2500 00000P 
HPD02899500HPCPHT19850700190031100 99999} 1900 00010  2500 00010P 
HPD02899500HPCPHT19850700270041700 00070  1800 00010  1900 00010  2500 00090  
HPD02899500HPCPHT19850700310022300 00010  2500 00010  
HPD02899500HPCPHT19850800010020100 00000g 2500 00000  
HPD02899500HPCPHT19850800020021600 99999a 2500 00000I 
HPD02899500HPCPHT19850800050021200 00020A 2500 00020P 
HPD02899500HPCPHT19850800070041400 99999a 1500 00020A 1600 00010  2500 00030  
HPD02899500HPCPHT19850800110020600 00010  2500 00010  
HPD02899500HPCPHT19850800200021400 00010  2500 00010  
HPD02899500HPCPHT19850800250031600 00080  1700 00080  2500 00160  
HPD02899500HPCPHT19850900010020100 00000g 2500 00000  
HPD02899500HPCPHT19850900030021600 99999[ 2500 00000I 
HPD02899500HPCPHT19850900300022400 99999] 2500 00000I 
HPD02899500HPCPHT19851000010020100 00040  2500 00040  
HPD02899500HPCPHT19851000140031700 00030  2100 00010  2500 00040  
HPD02899500HPCPHT19851000150040800 00010  0900 00010  1800 00010  2500 00030  
HPD02899500HPCPHT19851000240022300 00010  2500 00010  
HPD02899500HPCPHT19851000250060900 00010  1000 00010  1100 00020  1700 00010  1800 00020  2500 00070  
HPD02899500HPCPHT19851100010020100 00000g 2500 00000  
HPD02899500HPCPHT19851100120041000 00020  1100 00010  1500 00010  2500 00040  
HPD02899500HPCPHT19851100240022100 00010  2500 00010  
HPD02899500HPCPHT19851100250041400 00010  1600 00010  1900 00010  2500 00030  
HPD02899500HPCPHT19851100260021300 00010  2500 00010  
HPD02899500HPCPHT19851100300030500 00010  0600 00010  2500 00020  
HPD02899500HPCPHT19851200010020100 00000g 2500 00000  
HPD02899500HPCPHT19851200110031700 00010  1800 00010  2500 00020  
HPD02899500HPCPHT19851200120020500 00010  2500 00010  
HPD02899500HPCPHT19860100010020100 00000g 2500 00000  
HPD02899500HPCPHT19860100310041900 00010  2000 00020  2200 00010  2500 00040  
HPD02899500HPCPHT19860200010040100 00000g 0200 00010  1000 00010  2500 00020  
HPD02899500HPCPHT19860200070020100 00010  2500 00010  
HPD02899500HPCPHT19860200080071600 00010  1700 00010  1900 00010  2000 00010  2200 00010  2400 00010  2500 00060  
HPD02899500HPCPHT19860200090050200 00020  0400 00010  1600 00010  1700 00030  2500 00070  
HPD02899500HPCPHT19860200100020200 00010  2500 00010  
HPD02899500HPCPHT19860300010020100 00000g 2500 00000  
HPD02899500HPCPHT19860300100022100 00010  2500 00010  
HPD02899500HPCPHT19860300110030400 00010  1100 00010  2500 00020  
HPD02899500HPCPHT19860300140050200 00010  0400 00010  0500 00010  0900 00010  2500 00040  
HPD02899500HPCPHT19860300170080200 00010  0800 00010  1100 00010  1600 00020  1700 00010  1800 00010  1900 00010  2500 00080  
HPD02899500HPCPHT19860300180030200 00010  1100 00010  2500 00020  
HPD02899500HPCPHT19860300190031100 00040  1600 00010  2500 00050  
HPD02899500HPCPHT19860400010020100 00000g 2500 00000  
HPD02899500HPCPHT19860500010020100 00000g 2500 00000  
HPD02899500HPCPHT19860500020021800 00010  2500 00010  
HPD02899500HPCPHT19860500290021600 00010  2500 00010  
HPD02899500HPCPHT19860500300032000 00010  2100 00020  2500 00030  
HPD02899500HPCPHT19860600010020100 00000g 2500 00000  
HPD02899500HPCPHT19860600050020200 00010  2500 00010  
HPD02899500HPCPHT19860700010030100 00000g 1700 99999a 2500 00000I 
HPD02899500HPCPHT19860700310022400 00140A 2500 00140P 
HPD02899500HPCPHT19860800010020100 99999{ 2500 00000P 
HPD02899500HPCPHT19860800310022400 99999} 2500 00000P 
HPD02899500HPCPHT19860900010020100 99999{ 2500 00000P 
HPD02899500HPCPHT19860900030021600 99999} 2500 00000P 
HPD02899500HPCPHT19860900130021200 99999{ 2500 00000P 
HPD02899500HPCPHT19860900300022400 99999} 2500 00000P 
HPD02899500HPCPHT19861000010020100 00000g 2500 00000  
HPD02899500HPCPHT19861000050021600 00080  2500 00080  
HPD02899500HPCPHT19861000090022000 00010  2500 00010  
HPD02899500HPCPHT19861000100031200 00010  2300 00010  2500 00020  
HPD02899500HPCPHT19861000120020500 00010  2500 00010  
HPD02899500HPCPHT19861100010020100 00000g 2500 00000  
HPD02899500HPCPHT19861100020050900 00010  1300 00010  1400 00010  1500 00020  2500 00050  
HPD02899500HPCPHT19861100030020500 00010  2500 00010  
HPD02899500HPCPHT19861100070020500 00020  2500 00020  
HPD02899500HPCPHT19861100110020400 99999{ 2500 00000P 
HPD02899500HPCPHT19861100300022400 99999} 2500 00000P 
HPD02899500HPCPHT19861200010030100 99999{ 1700 99999} 2500 00000P 
HPD02899500HPCPHT19861200060090600 00010  0800 00010  1300 00010  1500 00010  1600 00020  1700 00020  1900 00020  2100 00020  2500 00120  
HPD02899500HPCPHT19861200070060700 00010  1200 00010  1800 00010  2100 00010  2200 00010  2500 00050  
HPD02899500HPCPHT19861200080021200 00010  2500 00010  
HPD02899500HPCPHT19861200150031200 99999{ 1300 99999} 2500 00000P 
HPD02899500HPCPHT19861200160030100 00010  2100 00020  2500 00030  
HPD02899500HPCPHT19861200170020400 00010  2500 00010  
HPD02899500HPCPHT19861200200052100 00010  2200 00010  2300 00010  2400 00010  2500 00040  
HPD02899500HPCPHT19870100010020100 00000g 2500 00000  
HPD02899500HPCPHT19870100050020900 00020  2500 00020  
HPD02899500HPCPHT19870100160060300 00010  0800 00010  1500 00010  1800 00010  2100 00010  2500 00050  
HPD02899500HPCPHT19870200010020100 00000g 2500 00000  
HPD02899500HPCPHT19870200210021200 00010  2500 00010  
HPD02899500HPCPHT19870200240022400 00010  2500 00010  
HPD02899500HPCPHT19870200250140100 00010  0200 00010  0300 00010  0400 00010  0500 00010  0600 00010  0700 00010  0900 00010  1200 00010  1400 00010  1700 00010  2000 00020  2100 00010  2500 00140  
HPD02899500HPCPHT19870200260020200 00010  2500 00010  
HPD02899500HPCPHT19870300010020100 00000g 2500 00000  
HPD02899500HPCPHT19870300100020500 00010  2500 00010  
HPD02899500HPCPHT19870300150021900 00010  2500 00010  
HPD02899500HPCPHT19870300220030800 00010  1000 00010  2500 00020  
HPD02899500HPCPHT19870300250021300 00010  2500 00010  
HPD02899500HPCPHT19870400010020100 00000g 2500 00000  
HPD02899500HPCPHT19870400040040800 00030  0900 00010  1000 00010  2500 00050  
HPD02899500HPCPHT19870400180022400 00020  2500 00020  
HPD02899500HPCPHT19870400190040100 00010  0200 00010  0300 00010  2500 00030  
HPD02899500HPCPHT19870400270031900 00010  2300 00010  2500 00020  
HPD02899500HPCPHT19870500010020100 00000g 2500 00000  
HPD02899500HPCPHT19870500160021100 00010  2500 00010  
HPD02899500HPCPHT19870500200051700 00010  1900 00010  2100 00010  2200 00010  2500 00040  
HPD02899500HPCPHT19870600010020100 00000g 2500 00000  
HPD02899500HPCPHT19870700010020100 00000g 2500 00000  
HPD02899500HPCPHT19870700140021900 00010  2500 00010  
HPD02899500HPCPHT19870700240021700 00010  2500 00010  
HPD02899500HPCPHT19870700250021000 00010  2500 00010  
HPD02899500HPCPHT19870700280022000 00010  2500 00010  
HPD02899500HPCPHT19870700310021200 00010  2500 00010  
HPD02899500HPCPHT19870800010030100 00000g 1600 00010  2500 00010  
HPD02899500HPCPHT19870800030020500 00010  2500 00010  
HPD02899500HPCPHT19870800040020800 99999a 2500 00000I 
HPD02899500HPCPHT19870800050021300 00120A 2500 00120P 
HPD02899500HPCPHT19870800060021000 00010  2500 00010  
HPD02899500HPCPHT19870800080022000 00010  2500 00010  
HPD02899500HPCPHT19870800100022400 00010  2500 00010  
HPD02899500HPCPHT19870800110020100 00010  2500 00010  
HPD02899500HPCPHT19870800120022000 00050  2500 00050  
HPD02899500HPCPHT19870800200031500 00010  1600 00010  2500 00020  
HPD02899500HPCPHT19870800220020600 00010  2500 00010  
HPD02899500HPCPHT19870800240020300 00050  2500 00050  
HPD02899500HPCPHT19870800250030100 00010  1900 00020  2500 00030  
HPD02899500HPCPHT19870900010020100 00000g 2500 00000  
HPD02899500HPCPHT19870900030021700 00010  2500 00010  
HPD02899500HPCPHT19870900040021100 00010  2500 00010  
HPD02899500HPCPHT19870900050021100 00010  2500 00010  
HPD02899500HPCPHT19870900210021900 00010  2500 00010  
HPD02899500HPCPHT19870900230031600 00010  1700 00010  2500 00020  
HPD02899500HPCPHT19870900240022000 00010  2500 00010  
HPD02899500HPCPHT19870900290022100 00010  2500 00010  
HPD02899500HPCPHT19871000010020100 00000g 2500 00000  
HPD02899500HPCPHT19871000130021900 00010  2500 00010  
HPD02899500HPCPHT19871000310021400 00010  2500 00010  
HPD02899500HPCPHT19871100010030100 00000g 0800 00020  2500 00020  
HPD02899500HPCPHT19871200010020100 00000g 2500 00000  
HPD02899500HPCPHT19871200130021300 00010  2500 00010  
HPD02899500HPCPHT19871200170041500 00010  1600 00010  1800 99999{ 2500 00020P 
HPD02899500HPCPHT19871200300021200 99999} 2500 00000P 
HPD02899500HPCPHT19880100010020100 00000g 2500 00000  
HPD02899500HPCPHT19880100050021500 00010  2500 00010  
HPD02899500HPCPHT19880100060020100 00010  2500 00010  
HPD02899500HPCPHT19880100170032200 00020  2300 00010  2500 00030  
HPD02899500HPCPHT19880100180061000 00010  1200 00010  1500 00010  1700 00010  1800 00010  2500 00050  
HPD02899500HPCPHT19880200010020100 99999{ 2500 00000P 
HPD02899500HPCPHT19880200180021400 99999} 2500 00000P 
HPD02899500HPCPHT19880200260021500 00010  2500 00010  
HPD02899500HPCPHT19880300010020100 00000g 2500 00000  
HPD02899500HPCPHT19880300020021300 00010  2500 00010  
HPD02899500HPCPHT19880300210021400 00010  2500 00010  
HPD02899500HPCPHT19880400010020100 00000g 2500 00000  
HPD02899500HPCPHT19880400130032100 00010  2400 00010  2500 00020  
HPD02899500HPCPHT19880400140020100 00010  2500 00010  
HPD02899500HPCPHT19880400150031900 00010  2100 00010  2500 00020  
HPD02899500HPCPHT19880400160040300 00010  0500 00010  1600 00010  2500 00030  
HPD02899500HPCPHT19880400210021200 00010  2500 00010  
HPD02899500HPCPHT19880500010020100 00000g 2500 00000  
HPD02899500HPCPHT19880600010020100 00000g 2500 00000  
HPD02899500HPCPHT19880600200031700 00010  1900 00010  2500 00020  
HPD02899500HPCPHT19880600270021600 00010  2500 00010  
HPD02899500HPCPHT19880700010020100 00000g 2500 00000  
HPD02899500HPCPHT19880700070041900 00020  2000 00010  2100 00010  2500 00040  
HPD02899500HPCPHT19880700080022000 00020  2500 00020  
HPD02899500HPCPHT19880700090022000 00010  2500 00010  
HPD02899500HPCPHT19880700100022300 00010  2500 00010  
HPD02899500HPCPHT19880700180052000 00030  2100 00010  2300 00010  2400 00010  2500 00060  
HPD02899500HPCPHT19880700190022300 00010  2500 00010  
HPD02899500HPCPHT19880700200021100 00010  2500 00010  
HPD02899500HPCPHT19880700210031400 00010  1500 00030  2500 00040  
HPD02899500HPCPHT19880700260020100 00040  2500 00040  
HPD02899500HPCPHT19880700280022400 00010  2500 00010  
HPD02899500HPCPHT19880700290040100 00010  2200 00010  2400 00010  2500 00030  
HPD02899500HPCPHT19880700300020100 00010  2500 00010  
HPD02899500HPCPHT19880800010030100 00000g 1400 00010  2500 00010  
HPD02899500HPCPHT19880800030022400 00010  2500 00010  
HPD02899500HPCPHT19880800040021200 00020  2500 00020  
HPD02899500HPCPHT19880800100021700 00010  2500 00010  
HPD02899500HPCPHT19880800200032200 00010  2300 00010  2500 00020  
HPD02899500HPCPHT19880800210022000 00010  2500 00010  
HPD02899500HPCPHT19880800230031600 00030  1700 00030  2500 00060  
HPD02899500HPCPHT19880800240031600 00020  2300 00010  2500 00030  
HPD02899500HPCPHT19880800270031900 00030  2000 00010  2500 00040  
HPD02899500HPCPHT19880800300021500 00010  2500 00010  
HPD02899500HPCPHT19880900010020100 00000g 2500 00000  
HPD02899500HPCPHT19880900020021900 00030  2500 00030  
HPD02899500HPCPHT19881000010020100 00000g 2500 00000  
HPD02899500HPCPHT19881000100021700 00010  2500 00010  
HPD02899500HPCPHT19881000140051300 00010  1700 00010  1800 00020  1900 00020  2500 00060  
HPD02899500HPCPHT19881000160030800 00010  2100 00020  2500 00030  
HPD02899500HPCPHT19881000190031900 00060  2400 00010  2500 00070  
HPD02899500HPCPHT19881000200080100 00010  0300 00020  0500 00010  0600 00010  0700 00020  0800 00010  2400 00010  2500 00090  
HPD02899500HPCPHT19881100010020100 00000g 2500 00000  
HPD02899500HPCPHT19881100140022200 00010  2500 00010  
HPD02899500HPCPHT19881100240042200 00010  2300 00020  2400 00010  2500 00040  
HPD02899500HPCPHT19881100250021400 00010  2500 00010  
HPD02899500HPCPHT19881100260030300 00010  0900 00020  2500 00030  
HPD02899500HPCPHT19881200010020100 00000g 2500 00000  
HPD02899500HPCPHT19881200250022400 00010  2500 00010  
HPD02899500HPCPHT19881200260020100 00010  2500 00010  
HPD02899500HPCPHT19890100010020100 00000g 2500 00000  
HPD02899500HPCPHT19890100040060500 00010  0600 00010  0800 00030  0900 00020  1000 00010  2500 00080  
HPD02899500HPCPHT19890100050021000 00010  2500 00010  
HPD02899500HPCPHT19890100060022100 00010  2500 00010  
HPD02899500HPCPHT19890100200021200 00010  2500 00010  
HPD02899500HPCPHT19890200010020100 00000g 2500 00000  
HPD02899500HPCPHT19890200050032200 00010  2300 00010  2500 00020  
HPD02899500HPCPHT19890200060021200 00010  2500 00010  
HPD02899500HPCPHT19890300010020100 00000g 2500 00000  
HPD02899500HPCPHT19890300030021700 00010  2500 00010  
HPD02899500HPCPHT19890300060021100 00010  2500 00010  
HPD02899500HPCPHT19890300260051600 00030  1700 00020  1800 00010  1900 00020  2500 00080  
HPD02899500HPCPHT19890400010020100 00000g 2500 00000  
HPD02899500HPCPHT19890500010020100 00000g 2500 00000  
HPD02899500HPCPHT19890500160021100 00010  2500 00010  
HPD02899500HPCPHT19890600010020100 00000g 2500 00000  
HPD02899500HPCPHT19890700010020100 00000g 2500 00000  
HPD02899500HPCPHT19890700190022300 00010  2500 00010  
HPD02899500HPCPHT19890700200022400 00010  2500 00010  
HPD02899500HPCPHT19890700210022000 00010  2500 00010  
HPD02899500HPCPHT19890700260051800 00010  1900 00060  2000 00010  2200 00010  2500 00090  
HPD02899500HPCPHT19890700270031800 00040  1900 00010  2500 00050  
HPD02899500HPCPHT19890800010020100 00000g 2500 00000  
HPD02899500HPCPHT19890800030021500 00030  2500 00030  
HPD02899500HPCPHT19890800040021500 00010  2500 00010  
HPD02899500HPCPHT19890800050022100 00010  2500 00010  
HPD02899500HPCPHT19890800060020900 00010  2500 00010  
HPD02899500HPCPHT19890800110032000 00010  2100 00030  2500 00040  
HPD02899500HPCPHT19890800140021600 00020  2500 00020  
HPD02899500HPCPHT19890900010020100 00000g 2500 00000  
HPD02899500HPCPHT19890900030031800 00020  2000 00010  2500 00030  
HPD02899500HPCPHT19891000010020100 00000g 2500 00000  
HPD02899500HPCPHT19891000040041400 00010  1600 00010  2100 00010  2500 00030  
HPD02899500HPCPHT19891000050090100 00010  0200 00010  0300 00020  0400 00020  0500 00010  0700 00010  0800 00010  1000 00050  2500 00140  
HPD02899500HPCPHT19891000210021900 00010  2500 00010  
HPD02899500HPCPHT19891100010020100 00000g 2500 00000  
HPD02899500HPCPHT19891100210020400 00010  2500 00010  
HPD02899500HPCPHT19891200010020100 00000g 2500 00000  
HPD02899500HPCPHT19891200290040400 00020  0500 00010  0800 00010  2500 00040  
HPD02899500HPCPHT19900100010020100 00000g 2500 00000  
HPD02899500HPCPHT19900100020032100 00020  2200 00010  2500 00030  
HPD02899500HPCPHT19900100030030400 00010  0800 00010  2500 00020  
HPD02899500HPCPHT19900100190030500 00010  1100 00010  2500 00020  
HPD02899500HPCPHT19900100230021000 00010  2500 00010  
HPD02899500HPCPHT19900100310022100 00010  2500 00010  
HPD02899500HPCPHT19900200010020100 00000g 2500 00000  
HPD02899500HPCPHT19900200020050100 00010  0200 00010  0300 00010  1000 00010  2500 00040  
HPD02899500HPCPHT19900200070021400 00010  2500 00010  
HPD02899500HPCPHT19900200080031500 00010  2400 00010  2500 00020  
HPD02899500HPCPHT19900200090040100 00020  0200 00010  0500 00010  2500 00040  
HPD02899500HPCPHT19900200140051300 00010  1400 00010  1600 00010  1800 00010  2500 00040  
HPD02899500HPCPHT19900200150021200 00010  2500 00010  
HPD02899500HPCPHT19900200190041000 00010  1200 00010  1300 00010  2500 00030  
HPD02899500HPCPHT19900300010020100 00000g 2500 00000  
HPD02899500HPCPHT19900300100031300 00010  1400 00020  2500 00030  
HPD02899500HPCPHT19900300290021400 00010  2500 00010  
HPD02899500HPCPHT19900300310022000 00010  2500 00010  
HPD02899500HPCPHT19900400010020100 00000g 2500 00000  
HPD02899500HPCPHT19900400070021000 00010  2500 00010  
HPD02899500HPCPHT19900500010020100 00000g 2500 00000  
HPD02899500HPCPHT19900600010020100 00000g 2500 00000  
HPD02899500HPCPHT19900600090022200 00010  2500 00010  
HPD02899500HPCPHT19900700010020100 00000g 2500 00000  
HPD02899500HPCPHT19900700060031400 00010  1600 00010  2500 00020  
HPD02899500HPCPHT19900700070031200 00020  1300 00010  2500 00030  
HPD02899500HPCPHT19900700080031500 00010  1600 00010  2500 00020  
HPD02899500HPCPHT19900700090030200 00010  1700 00010  2500 00020  
HPD02899500HPCPHT19900700120021900 00010  2500 00010  
HPD02899500HPCPHT19900700150050300 00010  0500 00010  0700 00020  0900 00020  2500 00060  
HPD02899500HPCPHT19900700160021500 00020  2500 00020  
HPD02899500HPCPHT19900700180021900 00010  2500 00010  
HPD02899500HPCPHT19900700190031900 00010  2000 00010  2500 00020  
HPD02899500HPCPHT19900700200070300 00050  0400 00010  0500 00010  0700 00010  1000 00010  1400 00010  2500 00100  
HPD02899500HPCPHT19900700230030200 00010  0400 00010  2500 00020  
HPD02899500HPCPHT19900700240070800 00030  0900 00110  1000 00020  1100 00020  1200 00020  1600 00010  2500 00210  
HPD02899500HPCPHT19900700300022200 00010  2500 00010  
HPD02899500HPCPHT19900700310062000 00010  2100 00030  2200 00010  2300 00010  2400 00010  2500 00070  
HPD02899500HPCPHT19900800010020100 00000g 2500 00000  
HPD02899500HPCPHT19900800030051900 00010  2000 00100  2100 00020  2200 00010  2500 00140  
HPD02899500HPCPHT19900800040021200 00010  2500 00010  
HPD02899500HPCPHT19900800070030300 00010  0600 00010  2500 00020  
HPD02899500HPCPHT19900800120050400 00020  0500 00010  0600 00010  0800 00010  2500 00050  
HPD02899500HPCPHT19900800130030200 00010  1800 00010  2500 00020  
HPD02899500HPCPHT19900800140041600 00020  1800 00010  2100 00010  2500 00040  
HPD02899500HPCPHT19900800290021900 00010  2500 00010  
HPD02899500HPCPHT19900800300021800 00030  2500 00030  
HPD02899500HPCPHT19900800310031800 00010  2100 00010  2500 00020  
HPD02899500HPCPHT19900900010030100 00000g 1700 00010  2500 00010  
HPD02899500HPCPHT19900900050022000 00010  2500 00010  
HPD02899500HPCPHT19900900080022200 00010  2500 00010  
HPD02899500HPCPHT19900900140021700 00010  2500 00010  
HPD02899500HPCPHT19900900220021300 00010  2500 00010  
HPD02899500HPCPHT19900900300030700 00010  0800 00010  2500 00020  
HPD02899500HPCPHT19901000010040100 00000g 1500 00010  1700 00010  2500 00020  
HPD02899500HPCPHT19901000020021000 00010  2500 00010  
HPD02899500HPCPHT19901100010020100 00000g 2500 00000  
HPD02899500HPCPHT19901100020021000 00010  2500 00010  
HPD02899500HPCPHT19901100250022400 00010  2500 00010  
HPD02899500HPCPHT19901100260051700 00010  1800 00010  1900 00010  2100 00010  2500 00040  
HPD02899500HPCPHT19901200010020100 00000g 2500 00000  
HPD02899500HPCPHT19901200120021200 00010  2500 00010  
HPD02899500HPCPHT19901200130030500 00010  0900 00010  2500 00020  
HPD02899500HPCPHT19901200160031300 00020  1500 00010  2500 00030  
HPD02899500HPCPHT19901200200042100 00020  2200 00010  2300 00010  2500 00040  
HPD02899500HPCPHT19901200210090200 00010  0300 00010  0500 00010  0800 00010  1100 00020  1200 00010  1400 00010  1700 00010  2500 00090  
HPD02899500HPCPHT19901200220050500 00010  0700 00010  1000 00010  1300 00010  2500 00040  
HPD02899500HPCPHT19901200270022200 00020  2500 00020  
HPD02899500HPCPHT19901200280020200 00010  2500 00010  
HPD02899500HPCPHT19910100010020100 00000g 2500 00000  
HPD02899500HPCPHT19910100040021500 00010  2500 00010  
HPD02899500HPCPHT19910100050070800 00020  1100 00010  1800 00010  1900 00010  2000 00010  2100 00010  2500 00070  
HPD02899500HPCPHT19910100070021100 00010  2500 00010  
HPD02899500HPCPHT19910100160022000 00010  2500 00010  
HPD02899500HPCPHT19910100230020600 00010  2500 00010  
HPD02899500HPCPHT19910200010020100 00000g 2500 00000  
HPD02899500HPCPHT19910200120080100 00010  0400 00010  0600 00020  0700 00010  0800 00010  0900 00010  1100 00010  2500 00080  
HPD02899500HPCPHT19910200170032000 00020  2400 00010  2500 00030  
HPD02899500HPCPHT19910200180030200 00010  1200 00010  2500 00020  
HPD02899500HPCPHT19910200280040900 00010  1300 00010  2000 00010  2500 00030  
HPD02899500HPCPHT19910300010040100 00000g 2300 00010  2400 00010  2500 00020  
HPD02899500HPCPHT19910300160040100 00010  0200 00010  0900 00010  2500 00030  
HPD02899500HPCPHT19910300200032300 00020  2400 00010  2500 00030  
HPD02899500HPCPHT19910300210070400 00010  0700 00010  0900 00010  1100 00020  1200 00010  1400 00010  2500 00070  
HPD02899500HPCPHT19910300260031100 00010  1200 00010  2500 00020  
HPD02899500HPCPHT19910300270022200 00010  2500 00010  
HPD02899500HPCPHT19910300280020500 00010  2500 00010  
HPD02899500HPCPHT19910400010020100 00000g 2500 00000  
HPD02899500HPCPHT19910500010020100 99999{ 2500 00000P 
HPD02899500HPCPHT19910500020020800 99999} 2500 00000P 
HPD02899500HPCPHT19910600010020100 00000g 2500 00000  
HPD02899500HPCPHT19910600130021600 00010  2500 00010  
HPD02899500HPCPHT19910700010020100 00000g 2500 00000  
HPD02899500HPCPHT19910700040021900 00010  2500 00010  
HPD02899500HPCPHT19910700060021100 00010  2500 00010  
HPD02899500HPCPHT19910700200020600 00020  2500 00020  
HPD02899500HPCPHT19910700270021900 00020  2500 00020  
HPD02899500HPCPHT19910700290032200 00010  2400 00010  2500 00020  
HPD02899500HPCPHT19910700300040200 00010  1300 00010  1400 00010  2500 00030  
HPD02899500HPCPHT19910700310021300 00010  2500 00010  
HPD02899500HPCPHT19910800010030100 00000g 1300 00010  2500 00010  
HPD02899500HPCPHT19910800080041600 00010  2000 00030  2100 00010  2500 00050  
HPD02899500HPCPHT19910800090090200 00010  1200 00010  1900 00040  2000 00010  2100 00010  2200 00020  2300 00010  2400 00010  2500 00120  
HPD02899500HPCPHT19910800100021100 00010  2500 00010  
HPD02899500HPCPHT19910800110020100 00010  2500 00010  
HPD02899500HPCPHT19910800180020900 00010  2500 00010  
HPD02899500HPCPHT19910800230021800 00010  2500 00010  
HPD02899500HPCPHT19910800250020800 00010  2500 00010  
HPD02899500HPCPHT19910800260032100 00010  2200 00010  2500 00020  
HPD02899500HPCPHT19910800300032000 00020  2100 00010  2500 00030  
HPD02899500HPCPHT19910800310020400 00010  2500 00010  
HPD02899500HPCPHT19910900010020100 00000g 2500 00000  
HPD02899500HPCPHT19910900090030900 00020  1100 00010  2500 00030  
HPD02899500HPCPHT19910900170021400 00010  2500 00010  
HPD02899500HPCPHT19910900180021600 00010  2500 00010  
HPD02899500HPCPHT19911000010020100 00000g 2500 00000  
HPD02899500HPCPHT19911000270031200 00010  1300 00010  2500 00020  
HPD02899500HPCPHT19911000300031200 00010  1300 00010  2500 00020  
HPD02899500HPCPHT19911100010020100 00000g 2500 00000  
HPD02899500HPCPHT19911100100022000 00010  2500 00010  
HPD02899500HPCPHT19911100150041200 00010  1400 00010  1700 00010  2500 00030  
HPD02899500HPCPHT19911100170021400 00010  2500 00010  
HPD02899500HPCPHT19911100300041000 00010  1100 00010  1300 00010  2500 00030  
HPD02899500HPCPHT19911200010020100 00000g 2500 00000  
HPD02899500HPCPHT19911200100021700 00010  2500 00010  
HPD02899500HPCPHT19911200110040100 00010  0200 00010  0800 00010  2500 00030  
HPD02899500HPCPHT19911200120021400 00010  2500 00010  
HPD02899500HPCPHT19911200170022400 00010  2500 00010  
HPD02899500HPCPHT19911200180100100 00010  0200 00010  0300 00010  0600 00010  0700 00010  0900 00010  1200 00010  1700 00010  2100 00010  2500 00090  
HPD02899500HPCPHT19911200190041900 00010  2000 00010  2100 00010  2500 00030  
HPD02899500HPCPHT19911200200030100 00010  1200 00010  2500 00020  
HPD02899500HPCPHT19911200240031500 00010  2100 00010  2500 00020  
HPD02899500HPCPHT19911200250021400 00010  2500 00010  
HPD02899500HPCPHT19920100010020100 00000g 2500 00000  
HPD02899500HPCPHT19920100060051000 00010  1100 00010  1200 00010  1500 00010  2500 00040  
HPD02899500HPCPHT19920100070021100 00010  2500 00010  
HPD02899500HPCPHT19920100120030600 00010  0900 00010  2500 00020  
HPD02899500HPCPHT19920100200041500 00010  1700 00020  1800 00010  2500 00040  
HPD02899500HPCPHT19920200010020100 00000g 2500 00000  
HPD02899500HPCPHT19920200070030500 00010  1200 00010  2500 00020  
HPD02899500HPCPHT19920200080030300 00010  0500 00010  2500 00020  
HPD02899500HPCPHT19920200130070200 00010  0400 00010  0600 00010  0700 00010  0900 00010  1300 00010  2500 00060  
HPD02899500HPCPHT19920300010020100 00000g 2500 00000  
HPD02899500HPCPHT19920300020031700 00010  1900 00010  2500 00020  
HPD02899500HPCPHT19920300030041000 00010  1200 00010  1700 00010  2500 00030  
HPD02899500HPCPHT19920300070031900 00010  2100 00010  2500 00020  
HPD02899500HPCPHT19920300080022400 00010  2500 00010  
HPD02899500HPCPHT19920300270061700 00010  1800 00010  2100 00010  2200 00010  2300 00020  2500 00060  
HPD02899500HPCPHT19920300280060100 00010  0300 00010  0900 00010  1200 00010  1400 00010  2500 00050  
HPD02899500HPCPHT19920400010030100 00000g 1900 00010  2500 00010  
HPD02899500HPCPHT19920400020020900 00010  2500 00010  
HPD02899500HPCPHT19920400030021100 00010  2500 00010  
HPD02899500HPCPHT19920500010020100 00000g 2500 00000  
HPD02899500HPCPHT19920500050031500 00040  2100 00010  2500 00050  
HPD02899500HPCPHT19920500060030500 00010  1400 00010  2500 00020  
HPD02899500HPCPHT19920500160021700 00010  2500 00010  
HPD02899500HPCPHT19920500170021500 00010  2500 00010  
HPD02899500HPCPHT19920500190021500 00010  2500 00010  
HPD02899500HPCPHT19920500210041300 00020  1500 00010  1800 00010  2500 00040  
HPD02899500HPCPHT19920500220020900 00010  2500 00010  
HPD02899500HPCPHT19920500280031500 00010  1600 00010  2500 00020  
HPD02899500HPCPHT19920600010020100 00000g 2500 00000  
HPD02899500HPCPHT19920700010020100 00000g 2500 00000  
HPD02899500HPCPHT19920700070020200 00010  2500 00010  
HPD02899500HPCPHT19920700080030800 00010  1100 00010  2500 00020  
HPD02899500HPCPHT19920700090020200 00020  2500 00020  
HPD02899500HPCPHT19920700100031500 00020  1600 00010  2500 00030  
HPD02899500HPCPHT19920700110040400 00010  1500 00020  1600 00010  2500 00040  
HPD02899500HPCPHT19920700230020800 00010  2500 00010  
HPD02899500HPCPHT19920700250021000 00010  2500 00010  
HPD02899500HPCPHT19920700260021700 00010  2500 00010  
HPD02899500HPCPHT19920800010030100 00000g 0200 00010  2500 00010  
HPD02899500HPCPHT19920800060031800 00040  2100 00010  2500 00050  
HPD02899500HPCPHT19920800070020900 00010  2500 00010  
HPD02899500HPCPHT19920800110052000 00040  2100 00010  2200 00010  2300 00020  2500 00080  
HPD02899500HPCPHT19920800210021700 00020  2500 00020  
HPD02899500HPCPHT19920800230081800 00030  1900 00020  2000 00010  2100 00010  2200 00010  2300 00020  2400 00030  2500 00130  
HPD02899500HPCPHT19920800240021300 00010  2500 00010  
HPD02899500HPCPHT19920800290021600 00010  2500 00010  
HPD02899500HPCPHT19920900010020100 00000g 2500 00000  
HPD02899500HPCPHT19921000010020100 00000g 2500 00000  
HPD02899500HPCPHT19921100010020100 00000g 2500 00000  
HPD02899500HPCPHT19921200010020100 00000g 2500 00000  
HPD02899500HPCPHT19921200030090500 00010  0700 00010  0900 00010  1100 00010  1700 00010  2000 00010  2100 00020  2400 00010  2500 00090  
HPD02899500HPCPHT19921200040111000 00010  1200 00010  1300 00010  1400 00010  1500 00010  1600 00010  2000 00010  2100 00010  2200 00010  2400 00010  2500 00100  
HPD02899500HPCPHT19921200050050100 00010  0400 00010  0800 00010  1200 00010  2500 00040  
HPD02899500HPCPHT19921200080021300 00010  2500 00010  
HPD02899500HPCPHT19921200190020600 00010  2500 00010  
HPD02899500HPCPHT19921200280081000 00010  1100 00020  1200 00020  1300 00010  1500 00010  1600 00010  1900 00010  2500 00090  
HPD02899500HPCPHT19930100010020100 00000g 2500 00000  
HPD02899500HPCPHT19930100030021300 00010  2500 00010  
HPD02899500HPCPHT19930100060060200 00010  1000 00010  1100 00010  1300 00020  1400 00010  2500 00060  
HPD02899500HPCPHT19930100070090100 00010  0200 00010  1200 00010  1800 00010  1900 00020  2000 00010  2100 00020  2400 00010  2500 00100  
HPD02899500HPCPHT19930100080050300 00010  0600 00010  1000 00010  1200 00010  2500 00040  
HPD02899500HPCPHT19930100090020300 00010  2500 00010  
HPD02899500HPCPHT19930100100041300 00010  1900 00020  2200 00010  2500 00040  
HPD02899500HPCPHT19930100130050500 00010  0600 00010  0700 00020  1400 00010  2500 00050  
HPD02899500HPCPHT19930100170030100 00010  1200 00010  2500 00020  
HPD02899500HPCPHT19930100180081400 00010  1600 00010  1700 00020  1800 00010  1900 00010  2000 00010  2300 00010  2500 00080  
HPD02899500HPCPHT19930100190030900 00010  1600 00010  2500 00020  
HPD02899500HPCPHT19930200010020100 00000g 2500 00000  
HPD02899500HPCPHT19930200100020700 00010  2500 00010  
HPD02899500HPCPHT19930200140041500 00010  1700 00020  2000 00010  2500 00040  
HPD02899500HPCPHT19930200180031800 00010  1900 00010  2500 00020  
HPD02899500HPCPHT19930200190031500 00010  1900 00010  2500 00020  
HPD02899500HPCPHT19930200240021600 00010  2500 00010  
HPD02899500HPCPHT19930200280051000 00010  1200 00010  1800 00010  2300 00010  2500 00040  
HPD02899500HPCPHT19930300010020100 00000g 2500 00000  
HPD02899500HPCPHT19930300230021600 00010  2500 00010  
HPD02899500HPCPHT19930300260031900 00020  2100 00010  2500 00030  
HPD02899500HPCPHT19930300270020900 00010  2500 00010  
HPD02899500HPCPHT19930300290040400 00020  0500 00010  1200 00010  2500 00040  
HPD02899500HPCPHT19930400010020100 00000g 2500 00000  
HPD02899500HPCPHT19930500010020100 00000g 2500 00000  
HPD02899500HPCPHT19930500260031600 00020  1900 00010  2500 00030  
HPD02899500HPCPHT19930600010020100 00000g 2500 00000  
HPD02899500HPCPHT19930700010020100 00000g 2500 00000  
HPD02899500HPCPHT19930800010020100 00000g 2500 00000  
HPD02899500HPCPHT19930800030042100 00010  2300 00010  2400 00010  2500 00030  
HPD02899500HPCPHT19930800070021200 00010  2500 00010  
HPD02899500HPCPHT19930800090041700 00030  1800 00050  2000 00010  2500 00090  
HPD02899500HPCPHT19930800130031900 00010  2000 00010  2500 00020  
HPD02899500HPCPHT19930800210041800 00030  2000 00010  2200 00010  2500 00050  
HPD02899500HPCPHT19930800240051800 00020  1900 00010  2000 00010  2200 00010  2500 00050  
HPD02899500HPCPHT19930800250020900 00010  2500 00010  
HPD02899500HPCPHT19930800270022300 00010  2500 00010  
HPD02899500HPCPHT19930800280041200 00040  1400 00010  1900 00010  2500 00060  
HPD02899500HPCPHT19930800290020200 00010  2500 00010  
HPD02899500HPCPHT19930800300040500 00070  0600 00030  0700 00010  2500 00110  
HPD02899500HPCPHT19930800310021100 00010  2500 00010  
HPD02899500HPCPHT19930900010020100 00000g 2500 00000  
HPD02899500HPCPHT19930900110022100 00010  2500 00010  
HPD02899500HPCPHT19930900120030700 00010  0900 00010  2500 00020  
HPD02899500HPCPHT19931000010020100 00000g 2500 00000  
HPD02899500HPCPHT19931000060021500 00020  2500 00020  
HPD02899507HPCPHT19931100010020100 00000g 2500 00000  
HPD02899507HPCPHT19931100130030500 00010  0700 00020  2500 00030  
HPD02899507HPCPHT19931100140021200 00010  2500 00010  
HPD02899507HPCPHT19931100150030500 00010  0600 00010  2500 00020  
HPD02899507HPCPHT19931100160021100 00010  2500 00010  
HPD02899507HPCPHT19931200010020100 00000g 2500 00000  
HPD02899507HPCPHT19931200120020800 00010  2500 00010  
HPD02899507HPCPHT19931200210021900 00010  2500 00010  
HPD02899507HPCPHT19940100010020100 00000g 2500 00000  
HPD02899507HPCPHT19940100280021900 00010  2500 00010  
HPD02899507HPCPHT19940200010020100 00000g 2500 00000  
HPD02899507HPCPHT19940200080080300 00010  0400 00010  0500 00010  0600 00020  0700 00010  0800 00010  1800 00010  2500 00080  
HPD02899507HPCPHT19940200090040200 00010  0400 00010  1200 00010  2500 00030  
HPD02899507HPCPHT19940300010020100 00000g 2500 00000  
HPD02899507HPCPHT19940300070021600 00010  2500 00010  
HPD02899507HPCPHT19940300190061800 00020  2000 00010  2200 00010  2300 00010  2400 00010  2500 00060  
HPD02899507HPCPHT19940300200060100 00010  0200 00010  0300 00010  0400 00010  2100 00010  2500 00050  
HPD02899507HPCPHT19940300260040200 00020  0400 00010  0500 00010  2500 00040  
HPD02899507HPCPHT19940300270020900 00010  2500 00010  
HPD02899507HPCPHT19940400010020100 00000g 2500 00000  
HPD02899507HPCPHT19940400250020100 00010  2500 00010  
HPD02899507HPCPHT19940400280021300 00010  2500 00010  
HPD02899507HPCPHT19940500010020100 00000g 2500 00000  
HPD02899507HPCPHT19940500120020700 00010  2500 00010  
HPD02899507HPCPHT19940500230021800 00010  2500 00010  
HPD02899507HPCPHT19940500240031300 00010  1900 00010  2500 00020  
HPD02899507HPCPHT19940500260020800 00010  2500 00010  
HPD02899507HPCPHT19940600010020100 00000g 2500 00000  
HPD02899507HPCPHT19940600200031900 00010  2400 00010  2500 00020  
HPD02899507HPCPHT19940600210022000 00030  2500 00030  
HPD02899507HPCPHT19940600220021100 00010  2500 00010  
HPD02899507HPCPHT19940600280022000 00010  2500 00010  
HPD02899507HPCPHT19940700010020100 00000g 2500 00000  
HPD02899507HPCPHT19940700180021300 00010  2500 00010  
HPD02899507HPCPHT19940700240021100 00010  2500 00010  
HPD02899507HPCPHT19940700280021700 00020  2500 00020  
HPD02899507HPCPHT19940700300020400 00010  2500 00010  
HPD02899507HPCPHT19940800010020100 00000g 2500 00000  
HPD02899507HPCPHT19940800070022200 00020  2500 00020  
HPD02899507HPCPHT19940800080020200 00010  2500 00010  
HPD02899507HPCPHT19940800140022000 00020  2500 00020  
HPD02899507HPCPHT19940800210031600 00050  1800 00010  2500 00060  
HPD02899507HPCPHT19940800300022300 00010  2500 00010  
HPD02899507HPCPHT19940800310020100 00010  2500 00010  
HPD02899507HPCPHT19940900010020100 00000g 2500 00000  
HPD02899507HPCPHT19940900020022100 00010  2500 00010  
HPD02899507HPCPHT19940900030080400 00030  0500 00020  0600 00010  0700 00020  0800 00020  0900 00010  1100 00010  2500 00120  
HPD02899507HPCPHT19940900060042100 00020  2200 00010  2300 00010  2500 00040  
HPD02899507HPCPHT19940900070021300 00010  2500 00010  
HPD02899507HPCPHT19940900100022100 00010  2500 00010  
HPD02899507HPCPHT19941000010030100 00000g 1500 00010  2500 00010  
HPD02899507HPCPHT19941000020021300 00000  2500 00000  
HPD02899507HPCPHT19941000160100100 00010  0200 00010  0300 00010  0500 00010  0600 00010  0700 00010  0900 00010  1800 00010  2000 00010  2500 00090  
HPD02899507HPCPHT19941100010020100 99999a 2500 00000I 
HPD02899507HPCPHT19941100300022400 00200A 2500 00200P 
HPD02899507HPCPHT19941200010020100 99999{ 2500 00000P 
HPD02899507HPCPHT19941200030021200 99999} 2500 00000P 
HPD02899507HPCPHT19941200040032200 00010  2400 00010  2500 00020  
HPD02899507HPCPHT19941200050140800 00010  1000 00010  1200 00010  1300 00010  1400 00020  1500 00010  1600 00020  1700 00020  1800 00010  1900 00010  2200 00010  2300 00010  2400 00010  2500 00160  
HPD02899507HPCPHT19941200060030100 00010  0200 00010  2500 00020  
HPD02899507HPCPHT19941200100021400 00010  2500 00010  
HPD02899507HPCPHT19941200250022100 00010  2500 00010  
HPD02899507HPCPHT19941200260060500 00010  1300 00010  1400 00010  1500 00010  2300 00010  2500 00050  
HPD02899507HPCPHT19941200270020400 00010  2500 00010  
HPD02899507HPCPHT19950100010020100 00000g 2500 00000  
HPD02899507HPCPHT19950100040060200 00010  0500 00010  1500 00010  1600 00010  2300 00010  2500 00050  
HPD02899507HPCPHT19950100050060500 00010  1100 00040  1300 00010  1400 00010  2300 00010  2500 00080  
HPD02899507HPCPHT19950100070021600 00010  2500 00010  
HPD02899507HPCPHT19950100160021000 00010  2500 00010  
HPD02899507HPCPHT19950100170021500 00010  2500 00010  
HPD02899507HPCPHT19950100250041900 00010  2000 00010  2100 00010  2500 00030  
HPD02899507HPCPHT19950100260021500 00010  2500 00010  
HPD02899507HPCPHT19950200010020100 00000g 2500 00000  
HPD02899507HPCPHT19950200020021400 00010  2500 00010  
HPD02899507HPCPHT19950200120032300 00010  2400 00010  2500 00020  
HPD02899507HPCPHT19950200130030300 00010  0600 00010  2500 00020  
HPD02899507HPCPHT19950200140032000 00010  2200 00010  2500 00020  
HPD02899507HPCPHT19950200150040100 00010  0200 00010  0600 00020  2500 00040  
HPD02899507HPCPHT19950200190021200 00010  2500 00010  
HPD02899507HPCPHT19950200210021700 00010  2500 00010  
HPD02899507HPCPHT19950300010020100 00000g 2500 00000  
HPD02899507HPCPHT19950300060110100 00010  0400 00010  0500 00010  0700 00010  0800 00010  1000 00010  1100 00010  1200 00010  1400 00010  1500 00010  2500 00100  
HPD02899507HPCPHT19950300110020800 00010  2500 00010  
HPD02899507HPCPHT19950400010020100 00000g 2500 00000  
HPD02899507HPCPHT19950400180022400 00010  2500 00010  
HPD02899507HPCPHT19950400190040800 00010  1100 00010  1700 00010  2500 00030  
HPD02899507HPCPHT19950500010020100 00000g 2500 00000  
HPD02899507HPCPHT19950600010030100 00000g 1500 00000  2500 00000  
HPD02899507HPCPHT19950700010020100 00000g 2500 00000  
HPD02899507HPCPHT19950700170040500 00020  0700 00010  1100 00010  2500 00040  
HPD02899507HPCPHT19950700220022000 99999{ 2500 00000P 
HPD02899507HPCPHT19950700310022400 99999} 2500 00000P 
HPD02899507HPCPHT19950800010030100 99999{ 1100 99999} 2500 00000P 
HPD02899507HPCPHT19950800080031700 00060  1800 00020  2500 00080  
HPD02899507HPCPHT19950800110022300 00030  2500 00030  
HPD02899507HPCPHT19950800120020700 00010  2500 00010  
HPD02899507HPCPHT19950800150041900 00020  2100 00010  2400 00020  2500 00050  
HPD02899507HPCPHT19950800170022000 00010  2500 00010  
HPD02899507HPCPHT19950800200021500 00010  2500 00010  
HPD02899507HPCPHT19950800240031500 00150  1600 00030  2500 00180  
HPD02899507HPCPHT19950800250021400 00010  2500 00010  
HPD02899507HPCPHT19950800290030200 00010  1200 99999{ 2500 00010P 
HPD02899507HPCPHT19950800310022400 99999} 2500 00000P 
HPD02899507HPCPHT19950900010020100 00000g 2500 00000  
HPD02899507HPCPHT19950900280030500 00070  0600 00010  2500 00080  
HPD02899507HPCPHT19951000010020100 00000g 2500 00000  
HPD02899507HPCPHT19951000300041500 00010  1600 00010  2300 00010  2500 00030  
HPD02899507HPCPHT19951100010020100 00000g 2500 00000  
HPD02899507HPCPHT19951100020040200 00030  0300 00020  0400 00020  2500 00070  
HPD02899507HPCPHT19951100050032000 00010  2300 00020  2500 00030  
HPD02899507HPCPHT19951100060030100 00010  0500 00010  2500 00020  
HPD02899507HPCPHT19951200010020100 00000g 2500 00000  
HPD02899507HPCPHT19951200170021200 00010  2500 00010  
HPD02899507HPCPHT19951200210040100 00010  0300 00010  1200 00010  2500 00030  
HPD02899507HPCPHT19960100010020100 00000g 2500 00000  
HPD02899507HPCPHT19960200010060100 00000g 1400 00010  1500 00010  1900 00010  2100 00010  2500 00040  
HPD02899507HPCPHT19960200020021400 00010  2500 00010  
HPD02899507HPCPHT19960200140021100 00010  2500 00010  
HPD02899507HPCPHT19960200260050500 00010  0600 00010  0800 00010  1000 00010  2500 00040  
HPD02899507HPCPHT19960200270021100 00010  2500 00010  
HPD02899507HPCPHT19960300010020100 00000g 2500 00000  
HPD02899507HPCPHT19960300130020800 99999{ 2500 00000P 
HPD02899507HPCPHT19960300140020700 99999} 2500 00000P 
HPD02899507HPCPHT19960400010020100 00000g 2500 00000  
HPD02899507HPCPHT19960500010020100 00000g 2500 00000  
HPD02899507HPCPHT19960600010020100 00000g 2500 00000  
HPD02899507HPCPHT19960600290031500 00050  1900 00010  2500 00060  
HPD02899507HPCPHT19960700010020100 00000g 2500 00000  
HPD02899507HPCPHT19960700030022200 00010  2500 00010  
HPD02899507HPCPHT19960700060041900 00020  2000 00010  2100 00010  2500 00040  
HPD02899507HPCPHT19960700080031600 00040  1900 00010  2500 00050  
HPD02899507HPCPHT19960700090020300 00010  2500 00010  
HPD02899507HPCPHT19960700140080900 00010  1000 00010  1100 00010  2000 00010  2100 00030  2300 00010  2400 00010  2500 00090  
HPD02899507HPCPHT19960700150020400 00010  2500 00010  
HPD02899507HPCPHT19960700250031400 00010  2200 00010  2500 00020  
HPD02899507HPCPHT19960700270021600 00020  2500 00020  
HPD02899507HPCPHT19960800010040100 00000g 2200 00020  2300 00020  2500 00040  
HPD02899507HPCPHT19960800020040200 00010  0300 00020  0500 00010  2500 00040  
HPD02899507HPCPHT19960800110021600 00010  2500 00010  
HPD02899507HPCPHT19960800160041800 00020  1900 00010  2000 00010  2500 00040  
HPD02899507HPCPHT19960800260020100 00010  2500 00010  
HPD02899507HPCPHT19960800270031300 00010  2200 00010  2500 00020  
HPD02899507HPCPHT19960800290032300 00030  2400 00010  2500 00040  
HPD02899507HPCPHT19960800300020800 00010  2500 00010  
HPD02899507HPCPHT19960900010060100 00000g 2100 00020  2200 00020  2300 00010  2400 00010  2500 00060  
HPD02899507HPCPHT19960900030050700 00080  0800 00030  0900 00010  2400 00010  2500 00130  
HPD02899507HPCPHT19960900040020800 00010  2500 00010  
HPD02899507HPCPHT19960900110021600 00010  2500 00010  
HPD02899507HPCPHT19960900240040600 00020  1100 00010  1200 00010  2500 00040  
HPD02899507HPCPHT19960900250021900 00030  2500 00030  
HPD02899507HPCPHT19961000010020100 00000g 2500 00000  
HPD02899507HPCPHT19961000020031200 99999{ 1300 99999} 2500 00000P 
HPD02899507HPCPHT19961000140031300 00020  1500 00010  2500 00030  
HPD02899507HPCPHT19961000260110300 00020  0400 00030  0500 00010  0800 00010  1100 00010  1400 00010  1500 00010  1600 00010  1700 00010  1900 00010  2500 00130  
HPD02899507HPCPHT19961100010020100 00000g 2500 00000  
HPD02899507HPCPHT19961100180021600 99999[ 2500 00000I 
HPD02899507HPCPHT19961100300022400 99999] 2500 00000I 
HPD02899507HPCPHT19961200010020100 99999[ 2500 00000I 
HPD02899507HPCPHT19961200020020900 99999] 2500 00000I 
HPD02899507HPCPHT19970100010040100 00000g 1200 99999[ 1300 99999] 2500 00000I 
HPD02899507HPCPHT19970100030061600 00010  1900 00010  2000 00030  2100 00040  2200 00010  2500 00100  
HPD02899507HPCPHT19970100040021200 00010  2500 00010  
HPD02899507HPCPHT19970100060041400 00010  1600 00010  2200 00010  2500 00030  
HPD02899507HPCPHT19970100080021000 00010  2500 00010  
HPD02899507HPCPHT19970100130021800 00010  2500 00010  
HPD02899507HPCPHT19970100140031600 00010  2400 00010  2500 00020  
HPD02899507HPCPHT19970100200021200 00010  2500 00010  
HPD02899507HPCPHT19970200010030100 00000g 1000 99999{ 2500 00000P 
HPD02899507HPCPHT19970200280022400 99999} 2500 00000P 
HPD02899507HPCPHT19970300010040100 99999{ 1300 99999} 1400 99999{ 2500 00000P 
HPD02899507HPCPHT19970300310022400 99999} 2500 00000P 
HPD02899507HPCPHT19970400010030100 99999{ 1800 99999} 2500 00000P 
HPD02899507HPCPHT19970400030031700 00010  1900 00010  2500 00020  
HPD02899507HPCPHT19970400050020900 00010  2500 00010  
HPD02899507HPCPHT19970500010020100 00000g 2500 00000  
HPD02899507HPCPHT19970500100021700 00010  2500 00010  
HPD02899507HPCPHT19970500200021400 00010  2500 00010  
HPD02899507HPCPHT19970600010020100 00000g 2500 00000  
HPD02899507HPCPHT19970700010020100 00000g 2500 00000  
HPD02899507HPCPHT19970700100021200 00010  2500 00010  
HPD02899507HPCPHT19970700210021200 00010  2500 00010  
HPD02899507HPCPHT19970700280021500 00020  2500 00020  
HPD02899507HPCPHT19970800010070100 00000g 1700 00040  1800 00020  1900 00010  2200 00010  2400 00010  2500 00090  
HPD02899507HPCPHT19970800020031600 00030  2200 00010  2500 00040  
HPD02899507HPCPHT19970800070032100 00030  2200 00010  2500 00040  
HPD02899507HPCPHT19970800090020900 00010  2500 00010  
HPD02899507HPCPHT19970800120021500 00010  2500 00010  
HPD02899507HPCPHT19970800130031600 00020  1700 00010  2500 00030  
HPD02899507HPCPHT19970800140031500 00010  2400 00020  2500 00030  
HPD02899507HPCPHT19970800170041400 00010  1500 00010  1600 00010  2500 00030  
HPD02899507HPCPHT19970800210031600 00010  1700 00010  2500 00020  
HPD02899507HPCPHT19970800240040200 00010  0300 00010  0400 00010  2500 00030  
HPD02899507HPCPHT19970900010020100 00000g 2500 00000  
HPD02899507HPCPHT19970900050031700 00010  2100 00010  2500 00020  
HPD02899507HPCPHT19970900070021800 00010  2500 00010  
HPD02899507HPCPHT19970900110022000 00040  2500 00040  
HPD02899507HPCPHT19970900120021900 00010  2500 00010  
HPD02899507HPCPHT19970900130021800 00010  2500 00010  
HPD02899507HPCPHT19970900140020700 00010  2500 00010  
HPD02899507HPCPHT19970900210020700 00010  2500 00010  
HPD02899507HPCPHT19971000010020100 00000g 2500 00000  
HPD02899507HPCPHT19971000070031100 00010  1200 00010  2500 00020  
HPD02899507HPCPHT19971000220060600 00010  1200 00020  1300 00020  1500 00010  1600 00010  2500 00070  
HPD02899507HPCPHT19971100010020100 00000g 2500 00000  
HPD02899507HPCPHT19971100120031500 00010  2400 00010  2500 00020  
HPD02899507HPCPHT19971100140020600 00010  2500 00010  
HPD02899507HPCPHT19971200010050100 00000g 1600 00010  2000 00010  2200 00010  2500 00030  
HPD02899507HPCPHT19971200020080300 00010  0400 00010  0700 00010  0900 00010  1500 00010  1600 00010  1700 00010  2500 00070  
HPD02899507HPCPHT19971200060022100 00010  2500 00010  
HPD02899507HPCPHT19971200070100300 00010  0700 00020  0900 00010  1200 00010  1300 00020  1400 00020  1600 00010  1700 00010  1800 00010  2500 00120  
HPD02899507HPCPHT19971200080061100 00010  1700 00010  1800 00020  1900 00010  2000 00010  2500 00060  
HPD02899507HPCPHT19971200190021000 00010  2500 00010  
HPD02899507HPCPHT19971200200020700 00010  2500 00010  
HPD02899507HPCPHT19971200210042100 00010  2200 00010  2400 00010  2500 00030  
HPD02899507HPCPHT19971200220020900 00010  2500 00010  
HPD02899507HPCPHT19971200240041100 00010  1300 00010  1600 00010  2500 00030  
HPD02899507HPCPHT19971200270022300 99999{ 2500 00000P 
HPD02899507HPCPHT19971200310022400 99999} 2500 00000P 
HPD02899507HPCPHT19980100010030100 99999{ 1100 99999} 2500 00000P 
HPD02899507HPCPHT19980100040021000 00010  2500 00010  
HPD02899507HPCPHT19980100250020100 99999{ 2500 00000P 
HPD02899507HPCPHT19980100310022400 99999} 2500 00000P 
HPD02899507HPCPHT19980200010030100 99999{ 1000 99999} 2500 00000P 
HPD02899507HPCPHT19980200040100200 00010  0400 00010  0800 00010  1000 00010  1100 00010  2000 00020  2200 00030  2300 00010  2400 00020  2500 00130  
HPD02899507HPCPHT19980200050020100 00010  2500 00010  
HPD02899507HPCPHT19980200080051600 00010  1700 00010  2100 00010  2300 00010  2500 00040  
HPD02899507HPCPHT19980200090030300 00010  1400 00010  2500 00020  
HPD02899507HPCPHT19980200150030600 00020  0900 00010  2500 00030  
HPD02899507HPCPHT19980200170061500 00010  1800 00010  2000 00010  2100 00010  2200 00020  2500 00060  
HPD02899507HPCPHT19980200180040200 00010  0400 00010  0600 00010  2500 00030  
HPD02899507HPCPHT19980200190021100 00010  2500 00010  
HPD02899507HPCPHT19980200200041600 00010  1700 00020  2200 00010  2500 00040  
HPD02899507HPCPHT19980200240021600 00020  2500 00020  
HPD02899507HPCPHT19980200250030300 00010  1100 00010  2500 00020  
HPD02899507HPCPHT19980300010020100 00000g 2500 00000  
HPD02899507HPCPHT19980300150022200 00010  2500 00010  
HPD02899507HPCPHT19980300170040300 00020  0600 00020  0900 00010  2500 00050  
HPD02899507HPCPHT19980300250021100 00000 q2500 00000P 
HPD02899507HPCPHT19980300260041200 00010  1300 00010  1700 00010  2500 00030  
HPD02899507HPCPHT19980300290090200 00020  0400 00010  0500 00010  0800 00010  1500 00010  1800 00010  2000 00010  2100 00010  2500 00090  
HPD02899507HPCPHT19980300300050400 00010  0600 00010  1000 00010  1700 00010  2500 00040  
HPD02899507HPCPHT19980300310021200 00010  2500 00010  
HPD02899507HPCPHT19980400010040100 00000g 1900 00010  2000 00010  2500 00020  
HPD02899507HPCPHT19980400020030100 00010  1500 00010  2500 00020  
HPD02899507HPCPHT19980500010030100 00000g 1200 99999{ 2500 00000P 
HPD02899507HPCPHT19980500310022400 99999} 2500 00000P 
HPD02899507HPCPHT19980600010030100 99999{ 2100 99999} 2500 00000P 
HPD02899507HPCPHT19980700010020100 00000g 2500 00000  
HPD02899507HPCPHT19980700030021600 00030  2500 00030  
HPD02899507HPCPHT19980700040021600 00030  2500 00030  
HPD02899507HPCPHT19980700050080300 00010  0500 00050  0600 00010  0700 00010  0900 00030  1600 00030  1900 00010  2500 00150  
HPD02899507HPCPHT19980700070051900 00070  2000 00010  2100 00010  2200 00010  2500 00100  
HPD02899507HPCPHT19980700190041900 00150  2000 00020  2100 00010  2500 00180  
HPD02899507HPCPHT19980700210030400 00010  0600 00010  2500 00020  
HPD02899507HPCPHT19980700220050900 00020  1100 00010  1200 00010  1500 00010  2500 00050  
HPD02899507HPCPHT19980800010050100 00000g 0400 00010  0600 00010  0700 99999{ 2500 00020P 
HPD02899507HPCPHT19980800310022400 99999} 2500 00000P 
HPD02899507HPCPHT19980900010020100 99999{ 2500 00000P 
HPD02899507HPCPHT19980900300022400 99999} 2500 00000P 
HPD02899507HPCPHT19981000010040100 99999{ 1900 99999} 2000 99999{ 2500 00000P 
HPD02899507HPCPHT19981000310022400 99999} 2500 00000P 
HPD02899507HPCPHT19981100010050100 99999{ 0600 99999} 0700 99999[ 0800 99999] 2500 00000P 
HPD02899507HPCPHT19981100090040900 00030  1000 00010  1300 00010  2500 00050  
HPD02899507HPCPHT19981100280021700 00010  2500 00010  
HPD02899507HPCPHT19981100290030200 00010  0900 00010  2500 00020  
HPD02899507HPCPHT19981100300020900 00010  2500 00010  
HPD02899507HPCPHT19981200010020100 00000g 2500 00000  
HPD02899507HPCPHT19981200050022000 00010  2500 00010  
HPD02899507HPCPHT19981200060030900 00010  1800 00010  2500 00020  
HPD02899507HPCPHT19981200100020900 00010  2500 00010  
