HPD02010005HPCPHI20050100010020100 00000g 2500 00000  
HPD02010005HPCPHI20050100020031900 00002  2200 00001  2500 00003  
HPD02010005HPCPHI20050100030101200 00004  1300 00003  1400 00012  1500 00010  1600 00001  1800 00009  1900 00003  2000 00001  2400 00001  2500 00044  
HPD02010005HPCPHI20050100040210100 00003  0200 00008  0300 00021  0400 00011  0500 00009  0600 00001  0700 00001  0800 00001  1000 00001  1100 00003  1200 00005  1300 00005  1400 00002  1600 00020  1700 00003  1800 00005  1900 00001  2000 00001  2100 00006  2200 00009  2500 00116  
HPD02010005HPCPHI20050100070061100 00001  1500 00001  1600 00003  1800 00001  1900 00001  2500 00007  
HPD02010005HPCPHI20050100080020300 00001  2500 00001  
HPD02010005HPCPHI20050100090040200 00001  1500 00001  1600 00001  2500 00003  
HPD02010005HPCPHI20050100100030900 00001  1000 00001  2500 00002  
HPD02010005HPCPHI20050100110020600 00001  2500 00001  
HPD02010005HPCPHI20050100240041600 00003  1700 00004  1800 00001  2500 00008  
HPD02010005HPCPHI20050100260170400 00003  0500 00006  0600 00002  0700 00004  0800 00009  0900 00002  1000 00008  1100 00007  1200 00007  1300 00003  1400 00002  2000 00006  2100 00002  2200 00019  2300 00017  2400 00009  2500 00106  
HPD02010005HPCPHI20050100280022400 00003  2500 00003  
HPD02010005HPCPHI20050100290060100 00003  0200 00004  0300 00012  0400 00021  0600 00001  2500 00041  
HPD02010005HPCPHI20050200010020100 00000g 2500 00000  
HPD02010005HPCPHI20050200100052100 00001  2200 00002  2300 00005  2400 00002  2500 00010  
HPD02010005HPCPHI20050200110230100 00003  0200 00005  0300 00006  0400 00005  0500 00008  0600 00004  0800 00004  0900 00002  1000 00007  1100 00001  1200 00001  1300 00006  1400 00019  1500 00017  1600 00012  1700 00004  1800 00004  1900 00008  2000 00001  2100 00002  2300 00001  2400 00014  2500 00134  
HPD02010005HPCPHI20050200120080100 00008  0200 00042  0300 00018  0400 00005  0500 00002  1600 00001  1900 00001  2500 00077  
HPD02010005HPCPHI20050200150031800 00001  1900 00002  2500 00003  
HPD02010005HPCPHI20050200170042200 00001  2300 00004  2400 00005  2500 00010  
HPD02010005HPCPHI20050200180070100 00002  1200 00002  1300 00017  1400 00006  1500 00017  1600 00012  2500 00056  
HPD02010005HPCPHI20050200190040300 00001  2100 00021  2200 00013  2500 00035  
HPD02010005HPCPHI20050200220100400 00001  0500 00001  0600 00010  0700 00001  0800 00003  0900 00002  1000 00006  1100 00003  2400 00003  2500 00030  
HPD02010005HPCPHI20050200230070100 00001  0200 00001  1500 00013  1600 00001  1800 00001  1900 00001  2500 00018  
HPD02010005HPCPHI20050200250021900 00001  2500 00001  
HPD02010005HPCPHI20050300010020100 00000g 2500 00000  
HPD02010005HPCPHI20050300040061900 00005  2000 00006  2100 00002  2200 00010  2300 00006  2500 00029  
HPD02010005HPCPHI20050300050041600 00005  1700 00012  1800 00002  2500 00019  
HPD02010005HPCPHI20050300190090200 00003  0300 00005  0400 00004  0500 00001  2000 00001  2200 00002  2300 00007  2400 00001  2500 00024  
HPD02010005HPCPHI20050400010020100 99999[ 2500 00000I 
HPD02010005HPCPHI20050400300022400 99999] 2500 00000I 
HPD02010005HPCPHI20050500010020100 00000g 2500 00000  
HPD02010005HPCPHI20050600010020100 00000g 2500 00000  
HPD02010005HPCPHI20050600230020200 00002  2500 00002  
HPD02010005HPCPHI20050700010020100 00000g 2500 00000  
HPD02010005HPCPHI20050700210022200 00011  2500 00011  
HPD02010005HPCPHI20050700220032300 00041  2400 00004  2500 00045  
HPD02010005HPCPHI20050700240020100 00005  2500 00005  
HPD02010005HPCPHI20050700290031800 00009  1900 00001  2500 00010  
HPD02010005HPCPHI20050800010040100 00000g 1900 00042  2000 00209  2500 00251  
HPD02010005HPCPHI20050800040021600 00003  2500 00003  
HPD02010005HPCPHI20050800070041800 00010  1900 00027  2200 00002  2500 00039  
HPD02010005HPCPHI20050800080020700 00003  2500 00003  
HPD02010005HPCPHI20050800090041400 00002  1800 00005  2200 00001  2500 00008  
HPD02010005HPCPHI20050800100051100 00002  1200 00008  1400 00007  1500 00001  2500 00018  
HPD02010005HPCPHI20050800120041600 00045  1700 00003  1800 00001  2500 00049  
HPD02010005HPCPHI20050800140031600 00065  1900 00001  2500 00066  
HPD02010005HPCPHI20050800150030200 00031  0300 00007  2500 00038  
HPD02010005HPCPHI20050800230020700 00007  2500 00007  
HPD02010005HPCPHI20050800240020100 00001  2500 00001  
HPD02010005HPCPHI20050900010020100 00000g 2500 00000  
HPD02010005HPCPHI20051000010020100 00000g 2500 00000  
HPD02010005HPCPHI20051000170140500 00001  0600 00002  0700 00004  0900 00007  1000 00002  1200 00001  1300 00002  1400 00002  2000 00007  2100 00007  2200 00018  2300 00016  2400 00021  2500 00090  
HPD02010005HPCPHI20051000180090100 00022  0700 00003  0800 00012  0900 00006  1000 00004  1100 00003  1200 00020  1300 00001  2500 00071  
HPD02010005HPCPHI20051100010020100 00000g 2500 00000  
HPD02010005HPCPHI20051100110020500 00012  2500 00012  
HPD02010005HPCPHI20051200010020100 00000g 2500 00000  
