HPD02010005HPCPHI20000100010020100 00000g 2500 00000  
HPD02010005HPCPHI20000100020020900 00005  2500 00005  
HPD02010005HPCPHI20000200010020100 00000g 2500 00000  
HPD02010005HPCPHI20000200210061400 00025  1500 00020  1600 00010  1700 00004  1800 00001  2500 00060  
HPD02010005HPCPHI20000200220020300 00005  2500 00005  
HPD02010005HPCPHI20000300010020100 00000g 2500 00000  
HPD02010005HPCPHI20000300050120400 00002  0500 00002  1600 00003  1700 00002  1800 00006  1900 00013  2000 00007  2100 00004  2200 00004  2300 00001  2400 00005  2500 00049  
HPD02010005HPCPHI20000300060040100 00002  0200 00002  0400 00001  2500 00005  
HPD02010005HPCPHI20000300090030300 00001  0500 00001  2500 00002  
HPD02010005HPCPHI20000400010020100 00000g 2500 00000  
HPD02010005HPCPHI20000500010020100 00000g 2500 00000  
HPD02010005HPCPHI20000600010020100 00000g 2500 00000  
HPD02010005HPCPHI20000600210071900 00002  2000 00033  2100 00001  2200 00001  2300 00004  2400 00001  2500 00042  
HPD02010005HPCPHI20000600290031800 00015  1900 00010  2500 00025  
HPD02010005HPCPHI20000700010020100 00000g 2500 00000  
HPD02010005HPCPHI20000700080021800 00005  2500 00005  
HPD02010005HPCPHI20000700230032000 00008  2100 00001  2500 00009  
HPD02010005HPCPHI20000800010030100 00000g 2000 00005  2500 00005  
HPD02010005HPCPHI20000800140031500 00005  1600 00010  2500 00015  
HPD02010005HPCPHI20000800150030600 00005  1900 00004  2500 00009  
HPD02010005HPCPHI20000800160020600 00003  2500 00003  
HPD02010005HPCPHI20000800180022000 00010  2500 00010  
HPD02010005HPCPHI20000800240022000 00030  2500 00030  
HPD02010005HPCPHI20000800270031100 00004  1200 00001  2500 00005  
HPD02010005HPCPHI20000800290100600 00010  0700 00009  0800 00015  0900 00010  1000 00015  1100 00010  1200 00018  1300 00010  1400 00010  2500 00107  
HPD02010005HPCPHI20000900010020100 00000g 2500 00000  
HPD02010005HPCPHI20001000010020100 00000g 2500 00000  
HPD02010005HPCPHI20001000210052100 00005  2200 00040  2300 00014  2400 00006  2500 00065  
HPD02010005HPCPHI20001000220060100 00015  0200 00022  0300 00007  0400 00015  0500 00003  2500 00062  
HPD02010005HPCPHI20001000230021400 00010  2500 00010  
HPD02010005HPCPHI20001000270040200 00012  0900 00003  1000 00020  2500 00035  
HPD02010005HPCPHT20001100010020100 00000g 2500 00000  
HPD02010005HPCPHI20001200010020100 00000g 2500 00000  
