HPD02927102HPCPHT20060100010020100 00000g 2500 00000  
HPD02927102HPCPHT20060100250021800 00010  2500 00010  
HPD02927102HPCPHT20060200010020100 00000g 2500 00000  
HPD02927102HPCPHT20060300010020100 00000g 2500 00000  
HPD02927102HPCPHT20060300020021400 00010  2500 00010  
HPD02927102HPCPHT20060300080022000 00010  2500 00010  
HPD02927102HPCPHT20060300100021300 00010  2500 00010  
HPD02927102HPCPHT20060300110071300 00010  1500 00010  1600 00010  1700 00010  1900 00010  2400 00010  2500 00060  
HPD02927102HPCPHT20060300120031100 00040  1200 00010  2500 00050  
HPD02927102HPCPHT20060300200020100 00010  2500 00010  
HPD02927102HPCPHT20060300210022200 00010  2500 00010  
HPD02927102HPCPHT20060300220020900 00010  2500 00010  
HPD02927102HPCPHT20060300300020200 00020  2500 00020  
HPD02927102HPCPHT20060400010020100 00000g 2500 00000  
HPD02927102HPCPHT20060400050050700 00010  0800 00010  0900 00020  1300 00010  2500 00050  
HPD02927102HPCPHT20060500010020100 00000g 2500 00000  
HPD02927102HPCPHT20060600010020100 00000g 2500 00000  
HPD02927102HPCPHT20060600070021800 00010  2500 00010  
HPD02927102HPCPHT20060600090020700 00010  2500 00010  
HPD02927102HPCPHT20060600290021000 00010  2500 00010  
HPD02927102HPCPHT20060700010030100 00000g 1400 00010  2500 00010  
HPD02927102HPCPHT20060700040021600 00010  2500 00010  
HPD02927102HPCPHT20060700060031300 00010  1600 00010  2500 00020  
HPD02927102HPCPHT20060700070021800 00010  2500 00010  
HPD02927102HPCPHT20060700160031600 00010  1700 00010  2500 00020  
HPD02927102HPCPHT20060700170021500 00010  2500 00010  
HPD02927102HPCPHT20060700180022000 00010  2500 00010  
HPD02927102HPCPHT20060700190020100 00010  2500 00010  
HPD02927102HPCPHT20060700200021100 00010  2500 00010  
HPD02927102HPCPHT20060700220020900 00010  2500 00010  
HPD02927102HPCPHT20060700260040800 00010  2200 00040  2400 00010  2500 00060  
HPD02927102HPCPHT20060700270021200 00010  2500 00010  
HPD02927102HPCPHT20060700280060100 00020  0400 00010  0900 00050  1200 00030  2100 00020  2500 00130  
HPD02927102HPCPHT20060700290100400 00050  0500 00010  0600 00020  0700 00020  0900 00010  2000 00040  2100 00120  2200 00020  2300 00010  2500 00300  
HPD02927102HPCPHT20060700300022400 00040  2500 00040  
HPD02927102HPCPHT20060700310031100 00010  1200 00010  2500 00020  
HPD02927102HPCPHT20060800010030100 00000g 2300 00010  2500 00010  
HPD02927102HPCPHT20060800030041500 00020  1600 00010  2200 00010  2500 00040  
HPD02927102HPCPHT20060800040061500 00020  1700 00010  1900 00010  2000 00010  2100 00010  2500 00060  
HPD02927102HPCPHT20060800080032200 00010  2300 00010  2500 00020  
HPD02927102HPCPHT20060800090021500 00010  2500 00010  
HPD02927102HPCPHT20060800100021600 00010  2500 00010  
HPD02927102HPCPHT20060800110021900 00010  2500 00010  
HPD02927102HPCPHT20060800120030600 00010  0700 00010  2500 00020  
HPD02927102HPCPHT20060800130021600 00010  2500 00010  
HPD02927102HPCPHT20060800140031500 00010  2400 00010  2500 00020  
HPD02927102HPCPHT20060800150021900 00010  2500 00010  
HPD02927102HPCPHT20060800170032000 00020  2300 00010  2500 00030  
HPD02927102HPCPHT20060800210061400 00010  1500 00030  1700 00020  2000 00020  2200 00010  2500 00090  
HPD02927102HPCPHT20060800230021500 00010  2500 00010  
HPD02927102HPCPHT20060800250031600 00010  1800 00010  2500 00020  
HPD02927102HPCPHT20060800300021700 00010  2500 00010  
HPD02927102HPCPHT20060900010020100 00000g 2500 00000  
HPD02927102HPCPHT20060900040031600 00020  1800 00010  2500 00030  
HPD02927102HPCPHT20060900050031400 00020  1500 00010  2500 00030  
HPD02927102HPCPHT20060900070051300 00020  1400 00020  1800 00010  2000 00010  2500 00060  
HPD02927102HPCPHT20060900080032000 00020  2100 00010  2500 00030  
HPD02927102HPCPHT20060900130021100 00010  2500 00010  
HPD02927102HPCPHT20060900140021000 00010  2500 00010  
HPD02927102HPCPHT20060900300031900 99999[ 2400 99999] 2500 00000I 
HPD02927102HPCPHT20061000010020100 00000g 2500 00000  
HPD02927102HPCPHT20061000050040300 00010  0700 00010  1300 99999{ 2500 00020P 
HPD02927102HPCPHT20061000100021300 99999} 2500 00000P 
HPD02927102HPCPHT20061000220021500 00010  2500 00010  
HPD02927102HPCPHT20061000250031100 99999{ 1300 99999} 2500 00000P 
HPD02927102HPCPHT20061000310031600 99999[ 2400 99999] 2500 00000I 
HPD02927102HPCPHT20061100010020100 00000g 2500 00000  
HPD02927102HPCPHT20061100290020500 00010  2500 00010  
HPD02927102HPCPHT20061200010020100 00000g 2500 00000  
HPD02927102HPCPHT20061200210021300 00010  2500 00010  
HPD02927102HPCPHT20061200290021100 00010  2500 00010  
