HPD02632304HPCPHT20000100010030100 00000g 1700 99999[ 2500 00000I 
HPD02632304HPCPHT20000100310022400 99999] 2500 00000I 
HPD02632304HPCPHT20000200010020100 99999[ 2500 00000I 
HPD02632304HPCPHT20000200290022400 99999] 2500 00000I 
HPD02632304HPCPHT20000300010020100 99999[ 2500 00000I 
HPD02632304HPCPHT20000300310022400 99999] 2500 00000I 
HPD02632304HPCPHT20000400010020100 99999[ 2500 00000I 
HPD02632304HPCPHT20000400040021300 99999] 2500 00000I 
HPD02632304HPCPHT20000500010040100 00000g 1600 99999[ 1800 99999] 2500 00000I 
HPD02632304HPCPHT20000600010020100 00000g 2500 00000  
HPD02632304HPCPHT20000600170022100 00010  2500 00010  
HPD02632304HPCPHT20000600180020100 00010  2500 00010  
HPD02632304HPCPHT20000600220021200 00010  2500 00010  
HPD02632304HPCPHT20000600290022400 00010  2500 00010  
HPD02632304HPCPHT20000600300032100 00020  2200 00010  2500 00030  
HPD02632304HPCPHT20000700010020100 00000g 2500 00000  
HPD02632304HPCPHT20000700220022200 00010  2500 00010  
HPD02632304HPCPHT20000800010050100 00000g 0900 99999a 1000 00010A 2000 00010  2500 00020  
HPD02632304HPCPHT20000800050040900 00010  1400 00020  2400 00010  2500 00040  
HPD02632304HPCPHT20000800070022100 00010  2500 00010  
HPD02632304HPCPHT20000800090040900 00010  1800 00030  2000 00010  2500 00050  
HPD02632304HPCPHT20000800110030900 00010  1500 00010  2500 00020  
HPD02632304HPCPHT20000800120030500 00010  1600 00010  2500 00020  
HPD02632304HPCPHT20000800140022300 00010  2500 00010  
HPD02632304HPCPHT20000800150021000 00010  2500 00010  
HPD02632304HPCPHT20000800220042200 00020  2300 00010  2400 00010  2500 00040  
HPD02632304HPCPHT20000800270041600 00010  1700 00020  1800 00020  2500 00050  
HPD02632304HPCPHT20000800280050600 00010  0900 00020  1000 00010  1400 00010  2500 00050  
HPD02632304HPCPHT20000800290040400 00030  0500 00020  0600 00010  2500 00060  
HPD02632304HPCPHT20000900010020100 00000g 2500 00000  
HPD02632304HPCPHT20000900020021000 99999{ 2500 00000P 
HPD02632304HPCPHT20000900300022400 99999} 2500 00000P 
HPD02632304HPCPHT20001000010030100 99999{ 1300 99999} 2500 00000P 
HPD02632304HPCPHT20001000040041000 00010  1100 00010  1500 00010  2500 00030  
HPD02632304HPCPHT20001000100050700 00020  0800 00010  0900 00020  1000 00010  2500 00060  
HPD02632304HPCPHT20001000110040300 00010  0400 00010  0500 00010  2500 00030  
HPD02632304HPCPHT20001000190030300 00010  0900 00010  2500 00020  
HPD02632304HPCPHT20001000210042000 00010  2100 00010  2400 00010  2500 00030  
HPD02632304HPCPHT20001000220120100 00020  0200 00020  0400 00010  0600 00020  0700 00010  0900 00010  1000 00010  1100 00010  1200 00010  1300 00010  2200 00010  2500 00140  
HPD02632304HPCPHT20001000230080300 00020  0600 00010  2000 00010  2100 00010  2200 00010  2300 00010  2400 00010  2500 00080  
HPD02632304HPCPHT20001000240040200 00010  0400 00010  0700 00010  2500 00030  
HPD02632304HPCPHT20001000270101300 00010  1400 00010  1500 00010  1600 00030  1700 00030  1800 00030  1900 00010  2000 00010  2200 00010  2500 00150  
HPD02632304HPCPHT20001000280021400 00010  2500 00010  
HPD02632304HPCPHT20001000300051800 00010  1900 00040  2000 00010  2100 00010  2500 00070  
HPD02632304HPCPHT20001000310021100 00010  2500 00010  
HPD02632304HPCPHT20001100010050100 00000g 1100 00010  1200 00010  1700 00010  2500 00030  
HPD02632304HPCPHT20001100040060500 00010  0600 00020  0700 00010  0800 00020  1000 00010  2500 00070  
HPD02632304HPCPHT20001100050021000 00010  2500 00010  
HPD02632304HPCPHT20001100060021100 00010  2500 00010  
HPD02632304HPCPHT20001100100031100 00010  1700 00010  2500 00020  
HPD02632304HPCPHT20001100110031100 00010  1200 00010  2500 00020  
HPD02632304HPCPHT20001100300031100 99999[ 2400 99999] 2500 00000I 
HPD02632304HPCPHT20001200010020100 00000g 2500 00000  
HPD02632304HPCPHT20001200130021200 00010  2500 00010  
