HPD02927102HPCPHT20100100010030100 00000g 1200 00010  2500 00010  
HPD02927102HPCPHT20100100120021400 00010  2500 00010  
HPD02927102HPCPHT20100100150021200 00010  2500 00010  
HPD02927102HPCPHT20100100190060200 00010  0600 00010  0700 00010  0800 00010  2400 00010  2500 00050  
HPD02927102HPCPHT20100100200060100 00010  0200 00020  0300 00010  0900 00010  1000 00010  2500 00060  
HPD02927102HPCPHT20100100210170700 00010  0800 00010  0900 00010  1200 00010  1300 00010  1400 00010  1500 00010  1600 00010  1700 00020  1800 00010  1900 00020  2000 00010  2100 00020  2200 00020  2300 00030  2400 00020  2500 00230  
HPD02927102HPCPHT20100100220150100 00030  0200 00010  0300 00020  0400 00010  0500 00010  0600 00010  0700 00010  0900 00010  1100 00040  1200 00010  1300 00010  1400 00010  2200 00010  2400 00010  2500 00200  
HPD02927102HPCPHT20100100230050600 00010  0900 00010  1000 00010  1400 00010  2500 00040  
HPD02927102HPCPHT20100100270022200 00010  2500 00010  
HPD02927102HPCPHT20100100280040400 00010  1200 00010  1300 00010  2500 00030  
HPD02927102HPCPHT20100100290021100 00020  2500 00020  
HPD02927102HPCPHT20100100300021100 00020  2500 00020  
HPD02927102HPCPHT20100100310021100 00020  2500 00020  
HPD02927102HPCPHI20100400010020100 99999[ 2500 00000I 
HPD02927102HPCPHI20100400300022400 99999] 2500 00000I 
HPD02927102HPCPHT20100500010020100 99999[ 2500 00000I 
HPD02927102HPCPHT20100500060031400 99999] 1500 99999[ 2500 00000I 
HPD02927102HPCPHT20100500310022400 99999] 2500 00000I 
HPD02927102HPCPHT20100600010030100 00000g 0800 00010  2500 00010  
HPD02927102HPCPHT20100600200020800 00010  2500 00010  
HPD02927102HPCPHT20100600250021900 00010  2500 00010  
HPD02927102HPCPHT20100600290021500 00010  2500 00010  
HPD02927102HPCPHT20100700010030100 00000g 1500 00010  2500 00010  
HPD02927102HPCPHT20100700080021400 00010  2500 00010  
HPD02927102HPCPHT20100700110031400 00090  1500 00010  2500 00100  
HPD02927102HPCPHT20100700120031000 00010  1600 00010  2500 00020  
HPD02927102HPCPHT20100700150021500 00060  2500 00060  
HPD02927102HPCPHT20100700170021200 00010  2500 00010  
HPD02927102HPCPHT20100700180042100 00110  2200 00010  2300 00010  2500 00130  
HPD02927102HPCPHT20100700190032200 00010  2300 00010  2500 00020  
HPD02927102HPCPHT20100700220031000 00010  1200 00010  2500 00020  
HPD02927102HPCPHT20100700230031500 00060  1600 00010  2500 00070  
HPD02927102HPCPHT20100700260031400 00010  1800 00010  2500 00020  
HPD02927102HPCPHT20100700270021400 00080  2500 00080  
HPD02927102HPCPHT20100700280041500 00010  2000 00030  2100 00010  2500 00050  
HPD02927102HPCPHT20100700290041700 00030  1800 00040  1900 00020  2500 00090  
HPD02927102HPCPHT20100700300031500 00010  1900 00010  2500 00020  
HPD02927102HPCPHT20100700310041900 00010  2000 00020  2100 00010  2500 00040  
HPD02927102HPCPHT20100800010030100 00000g 0200 99999{ 2500 00000P 
HPD02927102HPCPHT20100800310022400 99999} 2500 00000P 
HPD02927102HPCPHT20100900010020100 99999[ 2500 00000I 
HPD02927102HPCPHT20100900040030900 99999] 1600 00010  2500 00010I 
HPD02927102HPCPHT20100900070022200 00010  2500 00010  
HPD02927102HPCPHT20100900080021300 00010  2500 00010  
HPD02927102HPCPHT20100900220071000 00010  1100 00010  1200 00010  1400 00030  1500 00040  2400 00070  2500 00170  
HPD02927102HPCPHT20100900230030100 00020  1600 00010  2500 00030  
HPD02927102HPCPHT20100900260030800 99999[ 1100 99999] 2500 00000I 
HPD02927102HPCPHT20101000010030100 00000g 1200 00010  2500 00010  
HPD02927102HPCPHT20101000020031400 00010  1500 00030  2500 00040  
HPD02927102HPCPHT20101000050050300 00020  0600 00010  1100 00010  2200 00010  2500 00050  
HPD02927102HPCPHT20101000070021400 00010  2500 00010  
HPD02927102HPCPHT20101000240021400 00010  2500 00010  
HPD02927102HPCPHT20101100010030100 00000g 1200 00010  2500 00010  
HPD02927102HPCPHT20101100210022400 00010  2500 00010  
HPD02927102HPCPHT20101100220020700 00010  2500 00010  
HPD02927102HPCPHT20101100290021400 00010  2500 00010  
HPD02927102HPCPHT20101200010030100 00000g 1200 00010  2500 00010  
HPD02927102HPCPHT20101200160051600 00010  1800 00010  2000 00010  2200 00010  2500 00040  
HPD02927102HPCPHT20101200170020100 00010  2500 00010  
HPD02927102HPCPHT20101200220021100 00010  2500 00010  
HPD02927102HPCPHT20101200230050300 00010  0500 00010  0600 00010  0700 00010  2500 00040  
HPD02927102HPCPHT20101200290031700 00010  1900 00010  2500 00020  
HPD02927102HPCPHT20101200300070100 00010  0400 00010  0600 00010  0700 00010  1300 00010  1900 00010  2500 00060  
HPD02927102HPCPHT20101200310021600 00010  2500 00010  
