HPD02563503HPCPHT20030100010020100 99999{ 2500 00000P 
HPD02563503HPCPHT20030100040031500 99999} 1600 99999{ 2500 00000P 
HPD02563503HPCPHT20030100310022400 99999} 2500 00000P 
HPD02563503HPCPHT20030200010020100 99999{ 2500 00000P 
HPD02563503HPCPHT20030200050021300 99999} 2500 00000P 
HPD02563503HPCPHT20030200080021600 00010  2500 00010  
HPD02563503HPCPHT20030200120042100 00010  2300 00010  2400 00010  2500 00030  
HPD02563503HPCPHT20030200130120100 00010  0200 00010  0300 00010  0500 00010  0600 00010  0700 00010  0800 00010  0900 00010  1000 00020  1100 00010  2200 00010  2500 00120  
HPD02563503HPCPHT20030200140020200 00010  2500 00010  
HPD02563503HPCPHT20030200250091200 00010  1300 00010  1700 00010  1900 00010  2000 00010  2100 00010  2300 00010  2400 00010  2500 00080  
HPD02563503HPCPHT20030200260030900 00010  1300 00010  2500 00020  
HPD02563503HPCPHT20030200270021300 00010  2500 00010  
HPD02563503HPCPHT20030200280050600 00010  1000 00010  1400 00010  1500 00010  2500 00040  
HPD02563503HPCPHT20030300010050100 00000g 1300 00010  2000 00010  2100 00010  2500 00030  
HPD02563503HPCPHT20030300160050600 00010  1400 00010  1700 00010  2100 00010  2500 00040  
HPD02563503HPCPHT20030300170040100 00010  0500 00010  1600 00010  2500 00030  
HPD02563503HPCPHT20030400010020100 00000g 2500 00000  
HPD02563503HPCPHT20030400150030400 00010  1700 00010  2500 00020  
HPD02563503HPCPHT20030500010040100 00000g 0800 99999[ 1400 99999] 2500 00000I 
HPD02563503HPCPHT20030600010020100 00000g 2500 00000  
HPD02563503HPCPHT20030700010030100 00000g 1300 99999{ 2500 00000P 
HPD02563503HPCPHT20030700150021000 99999} 2500 00000P 
HPD02563503HPCPHT20030700180022100 00010  2500 00010  
HPD02563503HPCPHT20030700240021900 00010  2500 00010  
HPD02563503HPCPHT20030700280030300 00010  1600 00010  2500 00020  
HPD02563503HPCPHT20030700310031800 00010  1900 00030  2500 00040  
HPD02563503HPCPHT20030800010020100 00000g 2500 00000  
HPD02563503HPCPHT20030800080041600 00010  1700 00020  1900 00010  2500 00040  
HPD02563503HPCPHT20030800140052000 00060  2100 00060  2200 00010  2400 00010  2500 00140  
HPD02563503HPCPHT20030800190021900 00040  2500 00040  
HPD02563503HPCPHT20030800230031700 00010  1900 00010  2500 00020  
HPD02563503HPCPHT20030800270040900 00010  1000 00010  1100 00010  2500 00030  
HPD02563503HPCPHT20030900010030100 00000g 2100 00010  2500 00010  
HPD02563503HPCPHT20030900090021700 00020  2500 00020  
HPD02563503HPCPHT20030900100021100 00020  2500 00020  
HPD02563503HPCPHT20031000010020100 00000g 2500 00000  
HPD02563503HPCPHT20031100010020100 00000g 2500 00000  
HPD02563503HPCPHT20031100120090500 00010  1000 00010  1300 00010  1500 00010  1800 00010  1900 00010  2000 00010  2400 00010  2500 00080  
HPD02563503HPCPHT20031100130040100 00010  0300 00010  1000 00010  2500 00030  
HPD02563503HPCPHT20031200010020100 00000g 2500 00000  
HPD02563503HPCPHT20031200110022400 00010  2500 00010  
HPD02563503HPCPHT20031200260020500 00010  2500 00010  
