HPD02187007HPCPHT19990100010020100 00000g 2500 00000  
HPD02187007HPCPHT19990200010020100 00000g 2500 00000  
HPD02187007HPCPHT19990300010020100 00000g 2500 00000  
HPD02187007HPCPHT19990300160021900 00010  2500 00010  
HPD02187007HPCPHT19990300170030500 00010  0900 00010  2500 00020  
HPD02187007HPCPHT19990400010020100 00000g 2500 00000  
HPD02187007HPCPHT19990400020040200 00010  0800 00010  1000 00010  2500 00030  
HPD02187007HPCPHT19990400050021000 00010  2500 00010  
HPD02187007HPCPHT19990500010020100 00000g 2500 00000  
HPD02187007HPCPHT19990500060030800 99999[ 1000 99999] 2500 00000I 
HPD02187007HPCPHT19990600010020100 00000g 2500 00000  
HPD02187007HPCPHT19990700010020100 00000g 2500 00000  
HPD02187007HPCPHT19990700080021900 00010  2500 00010  
HPD02187007HPCPHT19990700100021600 00030  2500 00030  
HPD02187007HPCPHT19990700130022300 00010  2500 00010  
HPD02187007HPCPHT19990700140071100 00010  1700 00010  2000 00030  2100 00030  2200 00020  2400 00010  2500 00110  
HPD02187007HPCPHT19990700200030500 99999{ 1100 99999} 2500 00000P 
HPD02187007HPCPHT19990700210032100 00040  2200 00040  2500 00080  
HPD02187007HPCPHT19990700220030100 00010  0200 00010  2500 00020  
HPD02187007HPCPHT19990700230031800 00010  2200 00010  2500 00020  
HPD02187007HPCPHT19990800010020100 00000g 2500 00000  
HPD02187007HPCPHT19990800040022400 00040  2500 00040  
HPD02187007HPCPHT19990800050070100 00020  0200 00010  0500 00010  0800 00010  1500 00010  1700 00010  2500 00070  
HPD02187007HPCPHT19990800090021200 00010  2500 00010  
HPD02187007HPCPHT19990800100040100 00010  1500 00030  1600 00010  2500 00050  
HPD02187007HPCPHT19990800110020600 00010  2500 00010  
HPD02187007HPCPHT19990800190041500 00030  1600 00010  1700 00010  2500 00050  
HPD02187007HPCPHT19990800250022300 00010  2500 00010  
HPD02187007HPCPHT19990800280031500 00010  1600 00020  2500 00030  
HPD02187007HPCPHT19990800310021600 00010  2500 00010  
HPD02187007HPCPHT19990900010020100 00000g 2500 00000  
HPD02187007HPCPHT19990900140032200 00030  2300 00010  2500 00040  
HPD02187007HPCPHT19990900160030200 00010  2000 00010  2500 00020  
HPD02187007HPCPHT19990900170020400 00010  2500 00010  
HPD02187007HPCPHT19990900220021900 00010  2500 00010  
HPD02187007HPCPHT19991000010020100 00000g 2500 00000  
HPD02187007HPCPHT19991100010020100 00000g 2500 00000  
HPD02187007HPCPHT19991200010020100 00000g 2500 00000  
