HPD02849506HPCPHI20000100010020100 00000g 2500 00000  
HPD02849506HPCPHI20000100020020700 00001  2500 00001  
HPD02849506HPCPHI20000200010020100 00000g 2500 00000  
HPD02849506HPCPHI20000200210022200 00003  2500 00003  
HPD02849506HPCPHI20000300010020100 00000g 2500 00000  
HPD02849506HPCPHI20000300040022400 00001  2500 00001  
HPD02849506HPCPHI20000300050160500 00003  0600 00001  0700 00001  1000 00001  1100 00001  1200 00013  1400 00010  1500 00002  1600 00001  1900 00002  2000 00010  2100 00010  2200 00010  2300 00008  2400 00011  2500 00084  
HPD02849506HPCPHI20000300060250100 00017  0200 00030  0300 00009  0400 00006  0500 00011  0600 00006  0700 00005  0800 00002  0900 00006  1000 00005  1100 00005  1200 00006  1300 00004  1400 00007  1500 00005  1600 00003  1700 00004  1800 00004  1900 00006  2000 00003  2100 00003  2200 00003  2300 00004  2400 00003  2500 00157  
HPD02849506HPCPHI20000300070080100 00004  0200 00003  0300 00006  0400 00004  0500 00007  0600 00004  0700 00002  2500 00030  
HPD02849506HPCPHI20000300280040300 00001  0400 00001  0500 00002  2500 00004  
HPD02849506HPCPHI20000300310031400 00017  1500 00007  2500 00024  
HPD02849506HPCPHI20000400010020100 00000g 2500 00000  
HPD02849506HPCPHI20000500010020100 00000g 2500 00000  
HPD02849506HPCPHI20000600010020100 00000g 2500 00000  
HPD02849506HPCPHI20000600110031100 00006  1300 00004  2500 00010  
HPD02849506HPCPHI20000600200021500 00010  2500 00010  
HPD02849506HPCPHI20000600220021500 00003  2500 00003  
HPD02849506HPCPHI20000600280032200 00001  2300 00001  2500 00002  
HPD02849506HPCPHI20000600290030100 00001  0200 00001  2500 00002  
HPD02849506HPCPHI20000700010020100 00000g 2500 00000  
HPD02849506HPCPHI20000700070022300 00068  2500 00068  
HPD02849506HPCPHI20000700300022400 00004  2500 00004  
HPD02849506HPCPHI20000800010020100 00000g 2500 00000  
HPD02849506HPCPHI20000800030032200 00001  2300 00001  2500 00002  
HPD02849506HPCPHI20000800170032100 00010  2200 00020  2500 00030  
HPD02849506HPCPHI20000800220022100 00002  2500 00002  
HPD02849506HPCPHI20000800240020300 00002  2500 00002  
HPD02849506HPCPHI20000800260032100 00002  2200 00003  2500 00005  
HPD02849506HPCPHI20000800280050600 00005  0700 00007  0800 00005  1600 00001  2500 00018  
HPD02849506HPCPHI20000900010020100 00000g 2500 00000  
HPD02849506HPCPHI20001000010020100 00000g 2500 00000  
HPD02849506HPCPHI20001000040040700 00001  1000 00002  1100 00001  2500 00004  
HPD02849506HPCPHI20001000090030200 00001  2100 00001  2500 00002  
HPD02849506HPCPHI20001000100040400 00001  0500 00020  0700 00022  2500 00043  
HPD02849506HPCPHI20001000110040200 00012  0600 00001  0700 00001  2500 00014  
HPD02849506HPCPHI20001000210051800 00011  1900 00001  2000 00006  2100 00022  2500 00040  
HPD02849506HPCPHI20001000220070600 00006  0700 00001  0900 00002  1100 00001  1300 00001  2200 00001  2500 00012  
HPD02849506HPCPHI20001000230022000 00009  2500 00009  
HPD02849506HPCPHI20001000270081300 00015  1400 00006  1500 00028  1600 00002  1700 00005  1800 00001  1900 00010  2500 00067  
HPD02849506HPCPHI20001000280030500 00003  0600 00002  2500 00005  
HPD02849506HPCPHI20001000300061600 00005  1700 00006  1800 00002  1900 00005  2000 00001  2500 00019  
HPD02849506HPCPHI20001100010020100 00000g 2500 00000  
HPD02849506HPCPHI20001100060061100 00004  1200 00007  1500 00031  1600 00001  1700 00001  2500 00044  
HPD02849506HPCPHI20001200010020100 00000g 2500 00000  
