HPD02300700HPCPHI19480700010040100 00000g 1300 99999[ 2400 99999] 2500 00000I 
HPD02300700HPCPHI19480700180032000 00002  2100 00003  2500 00005  
HPD02300700HPCPHI19480700210051400 00003  1600 00002  1700 00002  1900 00001  2500 00008  
HPD02300700HPCPHI19480700220050600 00001  1600 00001  1700 00002  1800 00003  2500 00007  
HPD02300700HPCPHI19480700230060300 00001  0500 00001  0700 00006  0800 00007  0900 00002  2500 00017  
HPD02300700HPCPHI19480700250061400 00002  1500 00009  1600 00007  1700 00009  1800 00003  2500 00030  
HPD02300700HPCPHI19480700270030400 00001  0600 00001  2500 00002  
HPD02300700HPCPHI19480800010040100 00000g 1300 99999[ 2400 99999] 2500 00000I 
HPD02300700HPCPHI19480800020051400 00012  1500 00016  1700 00001  2300 00001  2500 00030  
HPD02300700HPCPHI19480800030021200 00001  2500 00001  
HPD02300700HPCPHI19480800040080200 00008  1300 00002  1400 00001  2000 00006  2100 00003  2300 00007  2400 00020  2500 00047  
HPD02300700HPCPHI19480800050040100 00006  0600 00001  0700 00001  2500 00008  
HPD02300700HPCPHI19480800060051400 00017  1800 00010  1900 00001  2100 00001  2500 00029  
HPD02300700HPCPHI19480800120101300 00001  1400 00001  1500 00036  1700 00001  1800 00023  1900 00001  2000 00006  2100 00007  2200 00002  2500 00078  
HPD02300700HPCPHI19480800210030800 99999a 1000 00005A 2500 00005  
HPD02300700HPCPHI19480800220021500 00001  2500 00001  
HPD02300700HPCPHI19480900010040100 00000g 1300 99999[ 2400 99999] 2500 00000I 
HPD02300700HPCPHI19480900150071800 00001  1900 00004  2000 00003  2100 00001  2200 00003  2400 00001  2500 00013  
HPD02300700HPCPHI19480900160090200 00002  0600 00005  0900 00004  1000 00015  1300 00001  1400 00006  1500 00008  1600 00001  2500 00042  
HPD02300700HPCPHI19480900180021800 00001  2500 00001  
HPD02300700HPCPHI19480900270041500 00001  1600 00016  1700 00006  2500 00023  
HPD02300700HPCPHI19480900300041300 00003  1400 00004  1500 00009  2500 00016  
HPD02300700HPCPHI19481000010040100 00000g 1300 99999[ 2400 99999] 2500 00000I 
HPD02300700HPCPHI19481000040080800 00002  0900 00004  1000 00002  1100 00001  1200 00001  1500 00017  1600 00001  2500 00028  
HPD02300700HPCPHI19481000180070800 00001  1000 00002  1100 00006  1200 00007  1300 00001  2200 00006  2500 00023  
HPD02300700HPCPHI19481000190070600 00001  0700 00001  0800 00003  0900 00002  1000 00008  1200 00001  2500 00016  
HPD02300700HPCPHI19481000270091500 00014  1600 00001  1900 00003  2000 00013  2100 00005  2200 00001  2300 00001  2400 00002  2500 00040  
HPD02300700HPCPHI19481000280120100 00002  0400 00004  0500 00003  0600 00001  0800 00005  0900 00001  1000 00001  1100 00003  1200 00005  1300 00003  1400 00001  2500 00029  
HPD02300700HPCPHI19481000290051800 00001  2100 00004  2200 00007  2400 00002  2500 00014  
HPD02300700HPCPHI19481000300150200 00001  0300 00008  0400 00001  0600 00002  0900 00003  1300 00001  1400 00001  1500 00001  1700 00002  1800 00001  2000 00001  2100 00001  2200 00001  2400 00001  2500 00025  
HPD02300700HPCPHI19481000310030900 00001  1300 00001  2500 00002  
HPD02300700HPCPHI19481100010040100 00000g 1300 99999[ 2400 99999] 2500 00000I 
HPD02300700HPCPHI19481200010040100 00000g 1300 99999[ 2400 99999] 2500 00000I 
HPD02300700HPCPHI19481200040030500 00001  0600 00005  2500 00006  
HPD02300700HPCPHI19481200140041700 00002  2000 00001  2300 00001  2500 00004  
HPD02300700HPCPHI19481200160022400 00002  2500 00002  
HPD02300700HPCPHI19481200170200100 00002  0300 00002  0400 00002  0500 00001  0600 00002  0700 00001  0800 00001  0900 00001  1000 00001  1100 00001  1200 00002  1300 00001  1500 00001  1600 00001  1700 00002  1800 00002  1900 00001  2000 00001  2200 00001  2500 00026  
HPD02300700HPCPHI19481200220020700 99999a 2500 00000I 
HPD02300700HPCPHI19481200230021800 00166A 2500 00166P 
HPD02300700HPCPHI19481200250091600 00001  1700 00005  1800 00005  1900 00001  2000 00001  2100 00002  2200 00001  2300 00001  2500 00017  
HPD02300700HPCPHI19481200260100800 00001  1000 00001  1400 00001  1700 00001  1800 00002  2000 00001  2100 00002  2300 00002  2400 00002  2500 00013  
HPD02300700HPCPHI19481200270090300 00001  0900 00001  1000 00004  1100 00008  1200 00009  1300 00003  1400 00002  2400 00001  2500 00029  
HPD02300700HPCPHI19481200280030200 00001  0800 00001  2500 00002  
HPD02300700HPCPHI19481200310160500 00001  0600 00008  0700 00008  0800 00011  0900 00006  1000 00004  1100 00006  1200 00007  1300 00003  1400 00007  1500 00003  1600 00001  1700 00004  1800 00003  2400 00001  2500 00073  
HPD02300700HPCPHI19490100010040100 00000g 0300 00001  2400 00001  2500 00002  
HPD02300700HPCPHI19490100020110100 00001  0200 00001  0400 00009  0500 00008  0600 00004  0700 00005  0800 00004  0900 00006  1000 00007  1100 00001  2500 00046  
HPD02300700HPCPHI19490100090131300 00001  1400 00002  1500 00003  1600 00006  1700 00008  1800 00006  1900 00005  2000 00004  2100 00003  2200 00004  2300 00017  2400 00019  2500 00078  
HPD02300700HPCPHI19490100100250100 00006  0200 00004  0300 00006  0400 00003  0500 00004  0600 00002  0700 00004  0800 00006  0900 00003  1000 00005  1100 00005  1200 00003  1300 00005  1400 00004  1500 00004  1600 00002  1700 00007  1800 00001  1900 00002  2000 00006  2100 00013  2200 00007  2300 00002  2400 00004  2500 00108  
HPD02300700HPCPHI19490100110170100 00003  0200 00004  0300 00004  0400 00003  0500 00005  0600 00003  0700 00004  0800 00002  0900 00002  1000 00002  1100 00003  1200 00001  1300 00001  1400 00001  1900 00001  2200 00002  2500 00041  
HPD02300700HPCPHI19490100120031000 00001  1100 00001  2500 00002  
HPD02300700HPCPHI19490100130190300 00006  0400 00005  0500 00008  0600 00007  0700 00012  0800 00015  0900 00008  1000 00006  1100 00003  1200 00001  1400 00002  1600 00001  1700 00001  1800 00002  1900 00002  2000 00001  2100 00004  2200 00004  2500 00088  
HPD02300700HPCPHI19490100140061600 00003  1700 00006  1800 00001  2200 00001  2400 00001  2500 00012  
HPD02300700HPCPHI19490100150070400 00001  0600 00001  0700 00001  1200 00001  1400 00002  1700 00001  2500 00007  
HPD02300700HPCPHI19490100160230200 00001  0300 00001  0500 00001  0600 00001  0700 00003  0800 00003  0900 00003  1000 00005  1100 00003  1200 00004  1300 00001  1400 00001  1500 00003  1600 00001  1700 00002  1800 00002  1900 00001  2000 00002  2100 00004  2200 00003  2300 00002  2400 00004  2500 00051  
HPD02300700HPCPHI19490100170050100 00002  0200 00001  0600 00001  0700 00001  2500 00005  
HPD02300700HPCPHI19490100190081600 00001  1700 00001  1900 00001  2000 00001  2200 00002  2300 00001  2400 00003  2500 00010  
HPD02300700HPCPHI19490100200110200 00002  0300 00002  0400 00004  0500 00004  0600 00005  0700 00002  0800 00005  0900 00003  2200 00001  2400 00001  2500 00029  
HPD02300700HPCPHI19490100220031800 99999a 2400 00001A 2500 00001  
HPD02300700HPCPHI19490100230070600 99999a 1200 00026A 1300 99999a 1800 00012A 1900 99999a 2400 00020A 2500 00058  
HPD02300700HPCPHI19490100240090100 99999a 0600 00028A 0700 99999a 1200 00017A 1300 99999a 1800 00025A 1900 99999a 2400 00050A 2500 00120  
HPD02300700HPCPHI19490100250090100 99999a 0600 00024A 0700 99999a 1200 00001A 1300 99999a 1800 00010A 1900 99999a 2400 00007A 2500 00042  
HPD02300700HPCPHI19490200010040100 00000g 1300 99999[ 2400 99999] 2500 00000I 
HPD02300700HPCPHI19490200020061300 00001  1600 00001  1700 00001  2000 00001  2200 00001  2500 00005  
HPD02300700HPCPHI19490200030170400 00001  0500 00001  0600 00001  0700 00001  1000 00001  1100 00001  1200 00003  1600 00002  1700 00003  1800 00001  1900 00001  2000 00004  2100 00001  2200 00001  2300 00001  2400 00002  2500 00025  
HPD02300700HPCPHI19490200040060600 00002  0800 00001  0900 00001  1700 00001  1800 00001  2500 00006  
HPD02300700HPCPHI19490200050051500 00001  1700 00001  1800 00001  2100 00001  2500 00004  
HPD02300700HPCPHI19490200070111200 00001  1500 00001  1600 00001  1700 00003  1800 00003  1900 00003  2000 00005  2100 00001  2200 00001  2400 00002  2500 00021  
HPD02300700HPCPHI19490200080070100 00001  0200 00001  0300 00001  0400 00001  0500 00001  0600 00001  2500 00006  
HPD02300700HPCPHI19490200120101200 00003  1300 00003  1400 00005  1500 00004  1600 00005  1700 00003  1800 00003  1900 00003  2000 00001  2500 00030  
HPD02300700HPCPHI19490200130110600 00001  0700 00001  0900 00001  1000 00001  1100 00002  1200 00002  1300 00001  1500 00001  1600 00003  1700 00004  2500 00017  
HPD02300700HPCPHI19490200270052100 00009  2200 00013  2300 00007  2400 00002  2500 00031  
HPD02300700HPCPHI19490200280041100 00004  1200 00009  1300 00006  2500 00019  
HPD02300700HPCPHI19490300010040100 00000g 1300 99999[ 2400 99999] 2500 00000I 
HPD02300700HPCPHI19490300070030400 00002  0500 00002  2500 00004  
HPD02300700HPCPHI19490300200060200 00001  0300 00001  0400 00002  0500 00001  1100 00001  2500 00006  
HPD02300700HPCPHI19490300230071100 00003  1500 00001  1600 00001  1700 00002  1800 00005  1900 00002  2500 00014  
HPD02300700HPCPHI19490300240021900 00001  2500 00001  
HPD02300700HPCPHI19490300250070300 00001  0400 00001  0500 00001  0600 00001  1400 00001  1600 00002  2500 00007  
HPD02300700HPCPHI19490300280032300 00003  2400 00010  2500 00013  
HPD02300700HPCPHI19490300290110600 00001  0800 00001  0900 00005  1000 00005  1100 00001  1200 00002  1900 00002  2000 00001  2200 00001  2300 00001  2500 00020  
HPD02300700HPCPHI19490300310061400 00001  1500 00004  1600 00002  1700 00002  1800 00001  2500 00010  
HPD02300700HPCPHI19490400010070100 00000g 0800 00001  1100 00001  1300 00002  1400 00004  1500 00009  2500 00017  
HPD02300700HPCPHI19490400080050100 00001  0200 00003  0300 00009  0400 00001  2500 00014  
HPD02300700HPCPHI19490500010040100 00000g 1300 99999[ 2400 99999] 2500 00000I 
HPD02300700HPCPHI19490500050062000 00002  2100 00002  2200 00004  2300 00002  2400 00002  2500 00012  
HPD02300700HPCPHI19490500060060100 00010  0200 00010  0300 00010  0400 00010  0500 00007  2500 00047  
HPD02300700HPCPHI19490500160070300 00005  0400 00006  0500 00003  1100 00001  1400 00001  1500 00001  2500 00017  
HPD02300700HPCPHI19490500270041300 00012  1400 00014  1500 00001  2500 00027  
HPD02300700HPCPHI19490600010040100 00000g 1300 99999[ 2400 99999] 2500 00000I 
HPD02300700HPCPHI19490600030031500 00010  1600 00001  2500 00011  
HPD02300700HPCPHI19490600050031800 00008  1900 00002  2500 00010  
HPD02300700HPCPHI19490600060060500 00002  0800 00001  1100 00003  1200 00004  1400 00010  2500 00020  
HPD02300700HPCPHI19490600080031500 00010  1600 00020  2500 00030  
HPD02300700HPCPHI19490600090061500 00001  1700 00002  1800 00001  1900 00002  2000 00001  2500 00007  
HPD02300700HPCPHI19490600100051100 00001  1200 00025  1400 00004  1500 00001  2500 00031  
HPD02300700HPCPHI19490600110060800 00001  0900 00001  1500 00003  1600 00002  1700 00001  2500 00008  
HPD02300700HPCPHI19490600170070500 00001  1200 00002  1300 00002  1400 00002  2200 00005  2300 00001  2500 00013  
HPD02300700HPCPHI19490600180130200 00001  0500 00001  0600 00026  0700 00016  0800 00006  0900 00003  1000 00002  1100 00008  1200 00011  1300 00002  1400 00006  1500 00007  2500 00089  
HPD02300700HPCPHI19490700010050100 00000g 1400 00001  1500 00001  1600 00003  2500 00005  
HPD02300700HPCPHI19490700020051400 00002  1800 00002  1900 00003  2300 00001  2500 00008  
HPD02300700HPCPHI19490700030051700 00009  1800 00002  1900 00001  2000 00002  2500 00014  
HPD02300700HPCPHI19490700040060400 00001  0500 00001  0700 00001  0800 00003  0900 00001  2500 00007  
HPD02300700HPCPHI19490700050031900 00002  2000 00001  2500 00003  
HPD02300700HPCPHI19490700060061200 00006  1600 00005  1700 00006  1800 00002  1900 00008  2500 00027  
HPD02300700HPCPHI19490700100061500 00013  1600 00002  2100 00003  2200 00013  2300 00009  2500 00040  
HPD02300700HPCPHI19490700140021300 00007  2500 00007  
HPD02300700HPCPHI19490700200030300 00005  1600 00002  2500 00007  
HPD02300700HPCPHI19490700220080700 00002  1400 00030  1500 00069  1600 00012  1700 00028  1800 00007  1900 00001  2500 00149  
HPD02300700HPCPHI19490700230060300 00001  0500 00001  1400 00001  1500 00002  1600 00001  2500 00006  
HPD02300700HPCPHI19490700310022100 00001  2500 00001  
HPD02300700HPCPHI19490800010040100 00000g 1300 99999[ 2400 99999] 2500 00000I 
HPD02300700HPCPHI19490800020041500 00002  1600 00025  1700 00004  2500 00031  
HPD02300700HPCPHI19490800030030200 00001  1800 00001  2500 00002  
HPD02300700HPCPHI19490800070060300 00001  1100 00010  1200 00005  1300 00004  1400 00001  2500 00021  
HPD02300700HPCPHI19490800080120300 00001  0800 00005  0900 00010  1000 00003  1300 00003  1400 00004  1600 00016  1700 00010  1800 00004  1900 00007  2000 00009  2500 00072  
HPD02300700HPCPHI19490900010040100 00000g 1300 99999[ 2400 99999] 2500 00000I 
HPD02300700HPCPHI19490900030021600 00001  2500 00001  
HPD02300700HPCPHI19490900060041400 00020  1500 00005  1600 00001  2500 00026  
HPD02300700HPCPHI19490900070021700 00001  2500 00001  
HPD02300700HPCPHI19490900080041400 00009  1500 00057  1800 00009  2500 00075  
HPD02300700HPCPHI19490900090120800 00016  0900 00010  1000 00011  1100 00009  1200 00003  1300 00017  1700 00012  1800 00012  1900 00008  2200 00002  2400 00018  2500 00118  
HPD02300700HPCPHI19490900100050100 00004  1400 00001  1600 00001  1700 00002  2500 00008  
HPD02300700HPCPHI19490900110040100 00020  0200 00015  1700 00001  2500 00036  
HPD02300700HPCPHI19490900120020200 00001  2500 00001  
HPD02300700HPCPHI19490900130020900 00001  2500 00001  
HPD02300700HPCPHI19490900140051700 00019  1800 00006  1900 00001  2000 00001  2500 00027  
HPD02300700HPCPHI19490900230031600 00002  1700 00001  2500 00003  
HPD02300700HPCPHI19490900240021300 00007  2500 00007  
HPD02300700HPCPHI19490900260021700 00006  2500 00006  
HPD02300700HPCPHI19490900270021600 00001  2500 00001  
HPD02300700HPCPHI19490900280070100 00012  0200 00001  0600 00001  0800 00008  0900 00004  1500 00010  2500 00036  
HPD02300700HPCPHI19491000010040100 00000g 1300 99999[ 2400 99999] 2500 00000I 
HPD02300700HPCPHI19491000080140400 00004  0500 00008  0600 00011  0700 00005  0800 00004  0900 00010  1000 00009  1500 00002  1600 00003  1700 00001  1800 00003  1900 00002  2100 00003  2500 00065  
HPD02300700HPCPHI19491000150021600 00003  2500 00003  
HPD02300700HPCPHI19491000170150100 00003  0200 00020  0300 00002  0600 00002  1400 00002  1500 00018  1600 00015  1700 00003  1800 00002  1900 00001  2000 00001  2200 00005  2300 00001  2400 00002  2500 00077  
HPD02300700HPCPHI19491000180230100 00003  0300 00001  0500 00001  0600 00001  0700 00002  0800 00002  0900 00002  1000 00002  1100 00002  1200 00001  1300 00007  1400 00018  1500 00010  1600 00016  1700 00016  1800 00028  1900 00028  2000 00015  2100 00014  2200 00003  2300 00002  2400 00001  2500 00175  
HPD02300700HPCPHI19491000190150100 00003  0200 00011  0300 00005  0400 00005  0500 00001  0600 00005  0900 00005  1000 00006  1100 00001  1200 00001  1300 00005  1400 00005  1500 00004  1600 00003  2500 00060  
HPD02300700HPCPHI19491000200021700 00004  2500 00004  
HPD02300700HPCPHI19491100010040100 00000g 1300 99999[ 2400 99999] 2500 00000I 
HPD02300700HPCPHI19491100100091500 00007  1600 00006  1700 00002  1800 00015  1900 00015  2000 00019  2100 00006  2200 00016  2500 00086  
HPD02300700HPCPHI19491200010040100 00000g 1300 99999[ 2400 99999] 2500 00000I 
HPD02300700HPCPHI19491200090052100 00002  2200 00002  2300 00001  2400 00001  2500 00006  
HPD02300700HPCPHI19491200100220200 00003  0300 00001  0400 00008  0500 00010  0600 00010  0700 00001  0800 00002  0900 00003  1000 00012  1100 00008  1200 00008  1300 00003  1400 00001  1500 00001  1600 00003  1700 00001  1800 00001  1900 00001  2000 00006  2300 00001  2400 00003  2500 00087  
HPD02300700HPCPHI19491200110030200 00001  0300 00001  2500 00002  
HPD02300700HPCPHI19491200160061700 00001  1800 00001  2200 00006  2300 00006  2400 00003  2500 00017  
HPD02300700HPCPHI19491200180040800 00002  0900 00001  1300 00001  2500 00004  
HPD02300700HPCPHI19491200190071900 00002  2000 00003  2100 00005  2200 00006  2300 00002  2400 00004  2500 00022  
HPD02300700HPCPHI19491200200060100 00001  0200 00004  0300 00003  0400 00002  0500 00001  2500 00011  
HPD02300700HPCPHI19500100010040100 00000g 1300 99999[ 2400 99999] 2500 00000I 
HPD02300700HPCPHI19500100030020500 00002  2500 00002  
HPD02300700HPCPHI19500100090070400 00002  0500 00005  0600 00002  0700 00003  0800 00002  0900 00002  2500 00016  
HPD02300700HPCPHI19500100120150700 00001  0800 00005  0900 00004  1000 00005  1100 00005  1200 00003  1300 00003  1400 00001  1500 00004  1600 00004  1700 00003  1800 00003  2000 00003  2100 00006  2500 00050  
HPD02300700HPCPHI19500100130080200 00001  0300 00001  0400 00001  0500 00001  0600 00001  0700 00001  0800 00001  2500 00007  
HPD02300700HPCPHI19500100140032100 00001  2200 00001  2500 00002  
HPD02300700HPCPHI19500100240032300 00002  2400 00003  2500 00005  
HPD02300700HPCPHI19500100280042200 00002  2300 00003  2400 00003  2500 00008  
HPD02300700HPCPHI19500100290210100 00003  0200 00004  0300 00002  0400 00002  0500 00002  0600 00001  0700 00001  0800 00002  0900 00001  1200 00001  1400 00001  1500 00002  1600 00002  1700 00003  1800 00003  2000 00001  2100 00001  2200 00001  2300 00001  2400 00002  2500 00036  
HPD02300700HPCPHI19500100300060200 00001  0400 00001  0500 00001  0700 00001  1400 00001  2500 00005  
HPD02300700HPCPHI19500200010040100 00000g 1300 99999[ 2400 99999] 2500 00000I 
HPD02300700HPCPHI19500200020031400 00003  1500 00002  2500 00005  
HPD02300700HPCPHI19500200070200100 00001  0200 00001  0400 00001  0500 00003  0600 00008  0700 00006  0800 00005  0900 00003  1000 00002  1100 00001  1200 00001  1300 00005  1400 00003  1500 00001  1600 00002  1700 00002  2000 00007  2200 00001  2300 00001  2500 00054  
HPD02300700HPCPHI19500200080040800 00001  0900 00001  1000 00001  2500 00003  
HPD02300700HPCPHI19500200100052000 00001  2200 00001  2300 00001  2400 00001  2500 00004  
HPD02300700HPCPHI19500200110150100 00001  0200 00001  0300 00001  0400 00001  0600 00001  0700 00002  0800 00001  0900 00003  1000 00007  1100 00004  1200 00001  1600 00001  2300 00001  2400 00001  2500 00026  
HPD02300700HPCPHI19500200260052100 00001  2200 00004  2300 00005  2400 00008  2500 00018  
HPD02300700HPCPHI19500200270080100 00007  0200 00007  0300 00005  0400 00002  0500 00001  0600 00002  0700 00003  2500 00027  
HPD02300700HPCPHI19500300010060100 00000g 1500 00003  1600 00005  1700 00004  1800 00001  2500 00013  
HPD02300700HPCPHI19500300020080200 00002  0300 00007  0400 00001  0600 00001  0700 00001  0900 00002  1000 00001  2500 00015  
HPD02300700HPCPHI19500300250120600 00002  0700 00002  0800 00006  0900 00007  1000 00003  1100 00010  1200 00006  1300 00006  1400 00003  1500 00007  1600 00006  2500 00058  
HPD02300700HPCPHI19500300260070600 00001  0700 00002  0800 00001  0900 00002  1000 00002  1100 00003  2500 00011  
HPD02300700HPCPHI19500400010040100 00000g 1300 99999[ 2400 99999] 2500 00000I 
HPD02300700HPCPHI19500400070061800 00001  1900 00002  2100 00001  2200 00001  2400 00002  2500 00007  
HPD02300700HPCPHI19500400080070100 00003  0300 00003  0400 00003  0700 00001  0900 00002  1200 00001  2500 00013  
HPD02300700HPCPHI19500400090020400 00004  2500 00004  
HPD02300700HPCPHI19500500010040100 00000g 1300 99999[ 2400 99999] 2500 00000I 
HPD02300700HPCPHI19500500040150200 00001  0300 00005  0400 00004  0500 00007  0600 00004  0700 00002  0800 00001  0900 00001  1000 00003  1100 00002  1200 00001  1300 00001  1500 00001  1800 00001  2500 00034  
HPD02300700HPCPHI19500600010020100 00000g 2500 00000  
HPD02300700HPCPHI19500600210022100 99999a 2500 00000I 
HPD02300700HPCPHI19500600220020300 00030A 2500 00030P 
HPD02300700HPCPHI19500700010020100 99999[ 2500 00000I 
HPD02300700HPCPHI19500700090021900 99999] 2500 00000I 
HPD02300700HPCPHI19500700160032000 00001  2200 00001  2500 00002  
HPD02300700HPCPHI19500700170080100 00001  0400 00002  0800 00026  0900 00002  1000 00010  1100 00002  1300 00002  2500 00045  
HPD02300700HPCPHI19500700190030300 00001  1600 00006  2500 00007  
HPD02300700HPCPHI19500700200031600 00011  1700 00023  2500 00034  
HPD02300700HPCPHI19500700220031400 00006  1500 00001  2500 00007  
HPD02300700HPCPHI19500700230051400 00001  1500 00003  1600 00005  2100 00001  2500 00010  
HPD02300700HPCPHI19500700250071100 00005  1200 00074  1300 00003  1400 00004  1500 00002  1800 00002  2500 00090  
HPD02300700HPCPHI19500700270021800 00017  2500 00017  
HPD02300700HPCPHI19500700300051500 00011  1600 00009  1700 00005  1800 00002  2500 00027  
HPD02300700HPCPHI19500800010020100 00000g 2500 00000  
HPD02300700HPCPHI19500800040021800 00005  2500 00005  
HPD02300700HPCPHI19500800060031100 00002  1200 00003  2500 00005  
HPD02300700HPCPHI19500800100021900 00001  2500 00001  
HPD02300700HPCPHI19500800110090800 00002  0900 00001  1100 00006  1200 00018  1300 00012  1400 00002  1600 00001  2100 00001  2500 00043  
HPD02300700HPCPHI19500800180031300 00002  1600 00002  2500 00004  
HPD02300700HPCPHI19500800190031200 00003  1400 00002  2500 00005  
HPD02300700HPCPHI19500800210021400 00011  2500 00011  
HPD02300700HPCPHI19500800220022000 00001  2500 00001  
HPD02300700HPCPHI19500800240081300 00002  1400 00007  1500 00005  1600 00005  1700 00006  1900 00001  2100 00001  2500 00027  
HPD02300700HPCPHI19500800260041300 00003  1400 00002  2100 00005  2500 00010  
HPD02300700HPCPHI19500800270051200 00002  1400 00001  1500 00002  1600 00005  2500 00010  
HPD02300700HPCPHI19500900010020100 00000g 2500 00000  
HPD02300700HPCPHI19500900050041500 00001  1800 00002  2100 00001  2500 00004  
HPD02300700HPCPHI19500900060100400 00001  0500 00001  0900 00010  1000 00006  1100 00008  1200 00003  1300 00006  1400 00001  1500 00001  2500 00037  
HPD02300700HPCPHI19500900070020100 99999[ 2500 00000I 
HPD02300700HPCPHI19500900190021300 99999] 2500 00000I 
HPD02300700HPCPHI19501000010040100 00000g 1300 99999[ 2400 99999] 2500 00000I 
HPD02300700HPCPHI19501100010020100 00000g 2500 00000  
HPD02300700HPCPHI19501100140141000 00001  1100 00003  1300 00001  1400 00002  1500 00007  1600 00003  1700 00010  1800 00003  1900 00001  2000 00002  2100 00006  2200 00001  2300 00002  2500 00042  
HPD02300700HPCPHI19501200010020100 00000g 2500 00000  
HPD02300700HPCPHI19501200310081400 00001  1700 00001  1800 00005  1900 00002  2000 00004  2100 00001  2400 00003  2500 00017  
HPD02300700HPCPHI19510200010040100 00000g 1300 99999[ 2400 99999] 2500 00000I 
HPD02300700HPCPHI19510200120042000 00003  2100 00003  2200 00003  2500 00009  
HPD02300700HPCPHI19510200190050300 00001  0400 00001  0500 00001  0600 00001  2500 00004  
HPD02300700HPCPHI19510200230081500 00003  1600 00002  1700 00001  1800 00002  1900 00001  2200 00001  2400 00001  2500 00011  
HPD02300700HPCPHI19510200240130100 00002  0200 00005  0300 00004  0400 00002  0500 00001  0600 00001  1000 00001  1100 00001  1200 00001  2200 00001  2300 00001  2400 00008  2500 00028  
HPD02300700HPCPHI19510200250080100 00001  0200 00001  0600 00001  0900 00001  1000 00001  1100 00001  1400 00001  2500 00007  
HPD02300700HPCPHI19510200260110200 00001  0300 00001  0600 00001  0700 00001  0800 00002  0900 00001  1000 00001  1100 00001  2200 00001  2300 00002  2500 00012  
HPD02300700HPCPHI19510200270190100 00001  0200 00001  0400 00001  0500 00002  0600 00002  0700 00005  0800 00012  0900 00004  1000 00004  1100 00004  1200 00001  1300 00003  1400 00001  1500 00001  1700 00001  1900 00003  2000 00001  2100 00001  2500 00048  
HPD02300700HPCPHI19510300010090100 00000g 1800 00001  1900 00001  2000 00006  2100 00005  2200 00004  2300 00009  2400 00003  2500 00029  
HPD02300700HPCPHI19510300020220100 00001  0200 00002  0300 00001  0400 00007  0500 00004  0600 00001  0700 00001  0800 00002  0900 00001  1000 00001  1100 00001  1200 00003  1300 00001  1500 00002  1600 00003  1700 00003  1800 00001  1900 00002  2000 00001  2100 00002  2400 00001  2500 00041  
HPD02300700HPCPHI19510300030020200 00002  2500 00002  
HPD02300700HPCPHI19510300070031800 99999[ 2400 99999] 2500 00000I 
