HPD02849506HPCPHI20010100010020100 00000g 2500 00000  
HPD02849506HPCPHI20010100080052100 00001  2200 00006  2300 00006  2400 00008  2500 00021  
HPD02849506HPCPHI20010100090060100 00011  0200 00004  0300 00002  0400 00001  1200 00001  2500 00019  
HPD02849506HPCPHI20010100120110500 00002  0600 00001  0700 00005  0800 00016  0900 00014  1000 00007  1100 00002  1700 00001  1900 00008  2300 00004  2500 00060  
HPD02849506HPCPHI20010100150022400 00003  2500 00003  
HPD02849506HPCPHI20010100160080200 00010  0300 00007  0400 00001  1200 00001  1400 00002  1500 00008  1600 00001  2500 00030  
HPD02849506HPCPHI20010100270100300 00002  0400 00010  0500 00012  0600 00016  0700 00012  1900 00006  2000 00011  2100 00002  2400 00001  2500 00072  
HPD02849506HPCPHI20010200010020100 00000g 2500 00000  
HPD02849506HPCPHI20010200130041500 00001  1600 00002  1700 00003  2500 00006  
HPD02849506HPCPHI20010200140061400 00002  1500 00010  1800 00002  2200 00004  2300 00003  2500 00021  
