HPD02048703HPCPHT20010100010020100 00000g 2500 00000  
HPD02048703HPCPHT20010100080022400 00010  2500 00010  
HPD02048703HPCPHT20010100100020100 00020  2500 00020  
HPD02048703HPCPHT20010100110022400 00070 R2500 00070 R
HPD02048703HPCPHT20010100120050100 00010  0200 00010  0300 00010  0700 00010  2500 00040  
HPD02048703HPCPHT20010100140020900 00010  2500 00010  
HPD02048703HPCPHT20010100260021600 99999[ 2500 00000I 
HPD02048703HPCPHT20010100310022400 99999] 2500 00000I 
HPD02048703HPCPHT20010200010020100 00000g 2500 00000  
HPD02048703HPCPHT20010200150020100 00010  2500 00010  
HPD02048703HPCPHT20010200270040300 00010  0600 00010  1500 00010  2500 00030  
HPD02048703HPCPHT20010200280032000 00010  2400 00010  2500 00020  
HPD02048703HPCPHT20010300010030100 00000g 1600 00010  2500 00010  
HPD02048703HPCPHT20010300020031000 00010  1700 00020  2500 00030  
HPD02048703HPCPHT20010300040021100 00010  2500 00010  
HPD02048703HPCPHT20010300080050700 00010  0800 00010  1700 00010  2000 00010  2500 00040  
HPD02048703HPCPHT20010300090032200 00010  2300 00010  2500 00020  
HPD02048703HPCPHT20010300100040200 00010  0400 00010  1800 00010  2500 00030  
HPD02048703HPCPHT20010300110050700 00010  1600 00010  1700 00010  2000 00010  2500 00040  
HPD02048703HPCPHT20010300210021100 00010  2500 00010  
HPD02048703HPCPHT20010400010020100 00000g 2500 00000  
HPD02048703HPCPHT20010400060020600 00010  2500 00010  
HPD02048703HPCPHT20010400100060600 00010  0700 00010  1000 99999[ 1100 99999] 1200 99999{ 2500 00020P 
HPD02048703HPCPHT20010400300022400 99999} 2500 00000P 
HPD02048703HPCPHT20010500010020100 99999{ 2500 00000P 
HPD02048703HPCPHT20010500150021300 99999} 2500 00000P 
HPD02048703HPCPHT20010500190041500 00010  1800 00020  1900 00010  2500 00040  
HPD02048703HPCPHT20010500250021700 00010  2500 00010  
HPD02048703HPCPHT20010600010040100 99999[ 0500 99999] 1000 00010  2500 00010I 
HPD02048703HPCPHT20010600250022400 00010  2500 00010  
HPD02048703HPCPHT20010700010030100 99999[ 0800 99999] 2500 00000I 
HPD02048703HPCPHT20010700040041500 00010  1600 00020  2200 00070 R2500 00100 R
HPD02048703HPCPHT20010700050031800 00010  1900 00010  2500 00020  
HPD02048703HPCPHT20010700060020400 00010  2500 00010  
HPD02048703HPCPHT20010700100050200 00020  0300 00020  1600 00010  1700 00010  2500 00060  
HPD02048703HPCPHT20010700250041000 00010  1100 00020  1200 00010  2500 00040  
HPD02048703HPCPHT20010700260020300 00010  2500 00010  
HPD02048703HPCPHT20010800010020100 00000g 2500 00000  
HPD02048703HPCPHT20010800040020100 00010  2500 00010  
HPD02048703HPCPHT20010800080042200 00010  2300 00010  2400 00010  2500 00030  
HPD02048703HPCPHT20010800090031200 00010  1900 00100  2500 00110  
HPD02048703HPCPHT20010800100031300 00010  1600 00010  2500 00020  
HPD02048703HPCPHT20010800120032200 00020  2300 00030  2500 00050  
HPD02048703HPCPHT20010800160031700 00010  1800 00010  2500 00020  
HPD02048703HPCPHT20010800190022200 00010  2500 00010  
HPD02048703HPCPHT20010800200030800 00010  1000 00010  2500 00020  
HPD02048703HPCPHT20010900010030100 99999[ 0500 99999] 2500 00000I 
HPD02048703HPCPHT20010900120021600 00010  2500 00010  
HPD02048703HPCPHT20011000010020100 00000g 2500 00000  
HPD02048703HPCPHT20011000060032100 00020  2300 00020  2500 00040  
HPD02048703HPCPHT20011000070060200 00010  0300 00010  0400 00010  0700 00010  1100 00010  2500 00050  
HPD02048703HPCPHT20011100010020100 00000g 2500 00000  
HPD02048703HPCPHT20011100050030700 00010  0800 00020  2500 00030  
HPD02048703HPCPHT20011100250030500 00010  1300 00010  2500 00020  
HPD02048703HPCPHT20011100300021300 00010  2500 00010  
HPD02048703HPCPHT20011200010040100 99999[ 0500 99999] 1100 00010  2500 00010I 
HPD02048703HPCPHT20011200040041000 00010  1200 00010  1500 00010  2500 00030  
HPD02048703HPCPHT20011200050031200 00010  1900 00010  2500 00020  
HPD02048703HPCPHT20011200230021600 00010  2500 00010  
HPD02048703HPCPHT20011200290021700 00010  2500 00010  
HPD02048703HPCPHT20011200310031000 00010  1300 00010  2500 00020  
