HPD02232903HPCPHT20090100010030100 00000g 1300 00010  2500 00010  
HPD02232903HPCPHT20090100040041600 00010  1700 00010  1900 00010  2500 00030  
HPD02232903HPCPHT20090100220030400 00010  0600 00010  2500 00020  
HPD02232903HPCPHT20090100240020100 00010  2500 00010  
HPD02232903HPCPHT20090100260031400 99999[ 1700 99999] 2500 00000I 
HPD02232903HPCPHT20090100280021100 00010  2500 00010  
HPD02232903HPCPHT20090200010030100 00000g 1100 00010  2500 00010  
HPD02232903HPCPHT20090200070042200 00020  2300 00020  2400 00010  2500 00050  
HPD02232903HPCPHT20090200080080100 00020  0200 00010  0300 00010  1200 00010  1300 00010  1500 00020  2400 00010  2500 00090  
HPD02232903HPCPHT20090200090170300 00010  0500 00010  0600 00010  0700 00010  0800 00010  0900 00010  1200 00010  1300 00010  1400 00020  1500 00010  1600 00010  1700 00020  1800 00010  1900 00010  2000 00010  2100 00020  2500 00190  
HPD02232903HPCPHT20090200100050200 00010  0400 00010  0500 00010  1200 00010  2500 00040  
HPD02232903HPCPHT20090200160022400 00010  2500 00010  
HPD02232903HPCPHT20090200170040100 00020  0200 00010  1100 00010  2500 00040  
HPD02232903HPCPHT20090300010030100 00000g 1100 00010  2500 00010  
HPD02232903HPCPHT20090300100021500 00010  2500 00010  
HPD02232903HPCPHT20090300130031600 00010  1900 00010  2500 00020  
HPD02232903HPCPHT20090400010020100 00000g 2500 00000  
HPD02232903HPCPHT20090400090021500 00010  2500 00010  
HPD02232903HPCPHT20090400110110200 00010  1100 00010  1200 00010  1300 00010  1700 00010  1800 00010  2000 00010  2100 00010  2200 00010  2400 00010  2500 00100  
HPD02232903HPCPHT20090400120020200 00010  2500 00010  
HPD02232903HPCPHT20090400130021500 00010  2500 00010  
HPD02232903HPCPHT20090400150021500 99999[ 2500 00000I 
HPD02232903HPCPHT20090400170020700 99999] 2500 00000I 
HPD02232903HPCPHT20090400200021200 00010  2500 00010  
HPD02232903HPCPHT20090400280021400 00010  2500 00010  
HPD02232903HPCPHT20090500010030100 00000g 1100 00010  2500 00010  
HPD02232903HPCPHT20090500120021000 00010  2500 00010  
HPD02232903HPCPHT20090500210041700 00010  1800 00010  2300 00010  2500 00030  
HPD02232903HPCPHT20090500220100200 00020  0300 00010  0400 00010  0500 00010  0600 00010  0700 00010  1500 00020  1600 00010  2200 00010  2500 00110  
HPD02232903HPCPHT20090500230040400 00020  0500 00010  1100 00010  2500 00040  
HPD02232903HPCPHT20090600010020100 00000g 2500 00000  
HPD02232903HPCPHT20090600090021200 99999[ 2500 00000I 
HPD02232903HPCPHT20090600300022400 99999] 2500 00000I 
HPD02232903HPCPHT20090700010020100 99999[ 2500 00000I 
HPD02232903HPCPHT20090700240031100 99999] 1300 00010  2500 00010I 
HPD02232903HPCPHT20090700250041700 00010  1800 00070  1900 00010  2500 00090  
HPD02232903HPCPHT20090800010020100 00000g 2500 00000  
HPD02232903HPCPHT20090800040021600 00010  2500 00010  
HPD02232903HPCPHT20090800110021200 00010  2500 00010  
HPD02232903HPCPHT20090800130030800 00010  1400 00010  2500 00020  
HPD02232903HPCPHT20090900010020100 00000g 2500 00000  
HPD02232903HPCPHT20090900030022300 00010  2500 00010  
HPD02232903HPCPHT20090900040041200 00010  1300 00010  1500 00010  2500 00030  
HPD02232903HPCPHT20090900090031300 00030  1400 00020  2500 00050  
HPD02232903HPCPHT20090900100021400 00010  2500 00010  
HPD02232903HPCPHT20090900120031800 00010  1900 00010  2500 00020  
HPD02232903HPCPHT20090900130022000 00010  2500 00010  
HPD02232903HPCPHT20090900140021400 00010  2500 00010  
HPD02232903HPCPHT20090900150021400 99999[ 2500 00000I 
HPD02232903HPCPHT20090900240020600 99999] 2500 00000I 
HPD02232903HPCPHT20091000010020100 00000g 2500 00000  
HPD02232903HPCPHT20091100010020100 00000g 2500 00000  
HPD02232903HPCPHT20091100130040500 00010  0700 00020  1000 00010  2500 00040  
HPD02232903HPCPHT20091100160021200 99999[ 2500 00000I 
HPD02232903HPCPHT20091100300022400 99999] 2500 00000I 
HPD02232903HPCPHI20091200010020100 99999[ 2500 00000I 
HPD02232903HPCPHI20091200310022400 99999] 2500 00000I 
