HPD02899507HPCPHT20010100010020100 00000g 2500 00000  
HPD02899507HPCPHT20010100080022100 00010  2500 00010  
HPD02899507HPCPHT20010100090060100 00010  0800 00010  1300 00010  1500 00010  1600 00010  2500 00050  
HPD02899507HPCPHT20010100120051300 00010  1400 00010  1500 00010  1600 00010  2500 00040  
HPD02899507HPCPHT20010100160030900 00010  1600 00010  2500 00020  
HPD02899507HPCPHT20010100270031300 00010  1900 00010  2500 00020  
HPD02899507HPCPHT20010100280021000 00010  2500 00010  
HPD02899507HPCPHT20010100290021100 00010  2500 00010  
HPD02899507HPCPHT20010200010020100 00000g 2500 00000  
HPD02899507HPCPHT20010200150030700 00010  1000 00010  2500 00020  
HPD02899507HPCPHT20010300010020100 00000g 2500 00000  
HPD02899507HPCPHT20010300070081000 00010  1100 00010  1200 00020  1300 00020  1400 00010  1500 00010  2200 00010  2500 00090  
HPD02899507HPCPHT20010400010020100 00000g 2500 00000  
HPD02899507HPCPHT20010400050042100 00010  2300 00010  2400 00010  2500 00030  
HPD02899507HPCPHT20010400060060100 00020  0200 00010  0800 00010  0900 00010  1100 00010  2500 00060  
HPD02899507HPCPHT20010400100021100 00010  2500 00010  
HPD02899507HPCPHT20010500010020100 00000g 2500 00000  
HPD02899507HPCPHT20010600010020100 00000g 2500 00000  
HPD02899507HPCPHT20010600220021800 00030  2500 00030  
HPD02899507HPCPHT20010700010020100 00000g 2500 00000  
HPD02899507HPCPHT20010700170020200 00010  2500 00010  
HPD02899507HPCPHT20010700190031800 00030  1900 00010  2500 00040  
HPD02899507HPCPHT20010700250031800 00020  1900 00010  2500 00030  
HPD02899507HPCPHT20010700260020700 00020  2500 00020  
HPD02899507HPCPHT20010800010020100 00000g 2500 00000  
HPD02899507HPCPHT20010800020022100 00010  2500 00010  
HPD02899507HPCPHT20010800030031500 00010  1600 00010  2500 00020  
HPD02899507HPCPHT20010800040032000 00020  2100 00040  2500 00060  
HPD02899507HPCPHT20010800050031800 00020  1900 00010  2500 00030  
HPD02899507HPCPHT20010800110041600 00020  1700 00070  2300 00010  2500 00100  
HPD02899507HPCPHT20010800290041900 00060  2000 00050  2100 00020  2500 00130  
HPD02899507HPCPHT20010800310021400 00020  2500 00020  
HPD02899507HPCPHT20010900010020100 00000g 2500 00000  
HPD02899507HPCPHT20010900020032200 99999{ 2300 99999} 2500 00000P 
HPD02899507HPCPHT20010900140040400 00020  0800 00010  0900 00010  2500 00040  
HPD02899507HPCPHT20011000010020100 00000g 2500 00000  
HPD02899507HPCPHT20011100010020100 00000g 2500 00000  
HPD02899507HPCPHT20011100150030900 99999{ 1000 99999} 2500 00000P 
HPD02899507HPCPHT20011200010020100 00000g 2500 00000  
HPD02899507HPCPHT20011200040031300 00010  1500 00010  2500 00020  
HPD02899507HPCPHT20011200050020100 00010  2500 00010  
HPD02899507HPCPHT20011200110061100 00010  1700 00010  1800 00010  1900 00020  2200 00010  2500 00060  
HPD02899507HPCPHT20011200120021500 00010  2500 00010  
HPD02899507HPCPHT20011200130021600 00010  2500 00010  
HPD02899507HPCPHT20011200150031600 00010  1900 00010  2500 00020  
