HPD02080807HPCPHT20010100010020100 00000g 2500 00000  
HPD02080807HPCPHT20010100020031400 99999[ 2300 99999] 2500 00000I 
HPD02080807HPCPHT20010100070020100 00010  2500 00010  
HPD02080807HPCPHT20010100090031800 00010  2000 00010  2500 00020  
HPD02080807HPCPHT20010100100020200 00010  2500 00010  
HPD02080807HPCPHT20010100120022400 00010  2500 00010  
HPD02080807HPCPHT20010100130022000 00010  2500 00010  
HPD02080807HPCPHT20010100160031500 00010  1900 00010  2500 00020  
HPD02080807HPCPHT20010100180020400 00010  2500 00010  
HPD02080807HPCPHT20010100270022100 00010  2500 00010  
HPD02080807HPCPHT20010100280040100 00010  0800 00010  1900 00010  2500 00030  
HPD02080807HPCPHT20010200010020100 00000g 2500 00000  
HPD02080807HPCPHT20010200070031900 00010  2300 00010  2500 00020  
HPD02080807HPCPHT20010200080040500 00010  0600 00010  1300 00010  2500 00030  
HPD02080807HPCPHT20010200140020600 00010  2500 00010  
HPD02080807HPCPHT20010200230021900 00010  2500 00010  
HPD02080807HPCPHT20010200250032100 00010  2400 00010  2500 00020  
HPD02080807HPCPHT20010200280030200 00010  0900 00010  2500 00020  
HPD02080807HPCPHT20010300010020100 00000g 2500 00000  
HPD02080807HPCPHT20010300070051500 00010  1600 00010  1700 00010  2100 00010  2500 00040  
HPD02080807HPCPHT20010300100021200 00010  2500 00010  
HPD02080807HPCPHT20010300120020900 00010  2500 00010  
HPD02080807HPCPHT20010400010020100 00000g 2500 00000  
HPD02080807HPCPHT20010400050071800 00010  2000 00010  2100 00010  2200 00010  2300 00010  2400 00010  2500 00060  
HPD02080807HPCPHT20010400060070100 00010  0200 00010  0300 00010  0400 00020  0600 00010  1300 00010  2500 00070  
HPD02080807HPCPHT20010400100021700 00010  2500 00010  
HPD02080807HPCPHT20010400110020100 00010  2500 00010  
HPD02080807HPCPHT20010400210022200 00010  2500 00010  
HPD02080807HPCPHT20010400220021000 00010  2500 00010  
HPD02080807HPCPHT20010400230021700 00010  2500 00010  
HPD02080807HPCPHT20010500010020100 00000g 2500 00000  
HPD02080807HPCPHT20010500120032200 00010  2400 00010  2500 00020  
HPD02080807HPCPHT20010500130020100 00010  2500 00010  
HPD02080807HPCPHT20010500140031500 00030  1600 00030  2500 00060  
HPD02080807HPCPHT20010500150021400 00010  2500 00010  
HPD02080807HPCPHT20010500190050800 00030  0900 00020  1000 00030  1100 00010  2500 00090  
HPD02080807HPCPHT20010500260020700 00010  2500 00010  
HPD02080807HPCPHT20010600010020100 00000g 2500 00000  
HPD02080807HPCPHT20010600040030700 99999{ 0800 99999} 2500 00000P 
HPD02080807HPCPHT20010600220021300 00010  2500 00010  
HPD02080807HPCPHT20010600300030800 99999[ 2400 99999] 2500 00000I 
HPD02080807HPCPHT20010700010040100 99999[ 1100 99999] 1200 99999{ 2500 00000P 
HPD02080807HPCPHT20010700310022400 99999} 2500 00000P 
HPD02080807HPCPHT20010800010030100 00000g 0200 99999{ 2500 00000P 
HPD02080807HPCPHT20010800310022400 99999} 2500 00000P 
HPD02080807HPCPHT20010900010020100 99999{ 2500 00000P 
HPD02080807HPCPHT20010900020020900 99999} 2500 00000P 
HPD02080807HPCPHT20010900130021700 00010  2500 00010  
HPD02080807HPCPHT20010900140031500 00060  1600 00010  2500 00070  
HPD02080807HPCPHT20010900150020800 00010  2500 00010  
HPD02080807HPCPHT20011000010030100 00000g 0900 99999{ 2500 00000P 
HPD02080807HPCPHT20011000310022400 99999} 2500 00000P 
HPD02080807HPCPHT20011100010020100 99999{ 2500 00000P 
HPD02080807HPCPHT20011100060020900 99999} 2500 00000P 
HPD02080807HPCPHT20011100230020400 00010  2500 00010  
HPD02080807HPCPHT20011200010040100 00000g 1000 99999[ 1200 99999] 2500 00000I 
HPD02080807HPCPHT20011200040021600 00010  2500 00010  
HPD02080807HPCPHT20011200110031000 00010  1900 00010  2500 00020  
HPD02080807HPCPHT20011200120021100 00010  2500 00010  
HPD02080807HPCPHT20011200150030600 00010  0800 00010  2500 00020  
HPD02080807HPCPHT20011200240020800 00010  2500 00010  
