HPD02770802HPCPHT19990100010020100 00000g 2500 00000  
HPD02770802HPCPHT19990100250022400 00010  2500 00010  
HPD02770802HPCPHT19990100260030100 00010  0200 00010  2500 00020  
HPD02770802HPCPHT19990200010020100 00000g 2500 00000  
HPD02770802HPCPHT19990200040051900 00010  2100 00010  2300 00010  2400 00010  2500 00040  
HPD02770802HPCPHT19990200050030100 00010  2200 00010  2500 00020  
HPD02770802HPCPHT19990200100020700 00010  2500 00010  
HPD02770802HPCPHT19990300010020100 00000g 2500 00000  
HPD02770802HPCPHT19990300070021900 00010  2500 00010  
HPD02770802HPCPHT19990300160032100 00010  2400 00010  2500 00020  
HPD02770802HPCPHT19990300170050200 00010  0700 00010  0900 00010  1200 00010  2500 00040  
HPD02770802HPCPHT19990400010120100 00000g 0300 00010  0400 00010  0500 00010  0600 00010  0700 00010  0900 00010  1100 00010  1400 00010  1600 00010  2000 00010  2500 00100  
HPD02770802HPCPHT19990400020051000 00020  1200 00010  1400 00010  2400 00010  2500 00050  
HPD02770802HPCPHT19990400040050600 00020  0700 00020  1000 00010  1100 00010  2500 00060  
HPD02770802HPCPHT19990400050021200 00010  2500 00010  
HPD02770802HPCPHT19990400070020900 00010  2500 00010  
HPD02770802HPCPHT19990400130021300 00010  2500 00010  
HPD02770802HPCPHT19990400230021200 00010  2500 00010  
HPD02770802HPCPHT19990500010040100 00000g 0700 00010  1300 00010  2500 00020  
HPD02770802HPCPHT19990500110021200 99999[ 2500 00000I 
HPD02770802HPCPHT19990500310022400 99999] 2500 00000I 
HPD02770802HPCPHT19990600010020100 00000g 2500 00000  
HPD02770802HPCPHT19990600020050400 00020  0500 00020  0900 00030  1100 00010  2500 00080  
HPD02770802HPCPHT19990600240020800 99999[ 2500 00000I 
HPD02770802HPCPHT19990600300022400 99999] 2500 00000I 
HPD02770802HPCPHT19990700010020100 00000g 2500 00000  
HPD02770802HPCPHT19990700080021800 00010  2500 00010  
HPD02770802HPCPHT19990700110031500 00010  1600 00030  2500 00040  
HPD02770802HPCPHT19990700120031900 00010  2100 00010  2500 00020  
HPD02770802HPCPHT19990700140100400 00020  0500 00010  0600 00010  0900 00020  1000 00010  1100 00020  1200 00010  2300 00010  2400 00020  2500 00130  
HPD02770802HPCPHT19990700150040100 00040  0500 00030  0700 00010  2500 00080  
HPD02770802HPCPHT19990700160021400 00030  2500 00030  
HPD02770802HPCPHT19990700210021500 00020  2500 00020  
HPD02770802HPCPHT19990700250021500 00010  2500 00010  
HPD02770802HPCPHT19990700260021200 00010  2500 00010  
HPD02770802HPCPHT19990700270021400 00010  2500 00010  
HPD02770802HPCPHT19990700290021600 00010  2500 00010  
HPD02770802HPCPHT19990800010020100 00000g 2500 00000  
HPD02770802HPCPHT19990800100022000 00010  2500 00010  
HPD02770802HPCPHT19990800160041300 00020  1400 00010  1700 00010  2500 00040  
HPD02770802HPCPHT19990800220020900 00000 q2500 00000P 
HPD02770802HPCPHT19990800300031100 00020  1600 00010  2500 00030  
HPD02770802HPCPHT19990800310031500 00020  1600 00010  2500 00030  
HPD02770802HPCPHT19990900010050100 00000g 0700 99999[ 1200 99999] 2400 00010  2500 00010I 
HPD02770802HPCPHT19990900100021700 99999{ 2500 00000P 
HPD02770802HPCPHT19990900240021600 99999} 2500 00000P 
HPD02770802HPCPHT19991000010040100 00000g 0700 99999[ 0900 99999] 2500 00000I 
HPD02770802HPCPHT19991100010020100 00000g 2500 00000  
HPD02770802HPCPHT19991200010020100 00000g 2500 00000  
HPD02770802HPCPHT19991200060020900 99999[ 2500 00000I 
HPD02770802HPCPHT19991200310022400 99999] 2500 00000I 
