HPD02787604HPCPHT20110100010040100 00000g 1200 00010  1300 00020  2500 00030  
HPD02787604HPCPHT20110100120021600 00010  2500 00010  
HPD02787604HPCPHT20110100310022400 00010  2500 00010  
HPD02787604HPCPHT20110200010020100 00000g 2500 00000  
HPD02787604HPCPHT20110200120021700 00010  2500 00010  
HPD02787604HPCPHT20110200190061600 00010  1700 00010  1800 00020  1900 00020  2000 00010  2500 00070  
HPD02787604HPCPHT20110200200050400 00010  0800 00010  1400 00020  1600 00010  2500 00050  
HPD02787604HPCPHT20110200210021400 00010  2500 00010  
HPD02787604HPCPHT20110200270080300 00010  0400 00020  0600 00010  0800 00010  0900 00010  1100 00010  1200 00010  2500 00080  
HPD02787604HPCPHT20110300010030100 00000g 1300 00010  2500 00010  
HPD02787604HPCPHT20110300020021700 99999[ 2500 00000I 
HPD02787604HPCPHT20110300100021000 99999] 2500 00000I 
HPD02787604HPCPHT20110300130030300 99999[ 0400 99999] 2500 00000I 
HPD02787604HPCPHT20110300210031800 00030  2000 00010  2500 00040  
HPD02787604HPCPHT20110300220020300 00010  2500 00010  
HPD02787604HPCPHT20110300300021600 00010  2500 00010  
HPD02787604HPCPHT20110400010030100 00000g 1100 00010  2500 00010  
HPD02787604HPCPHT20110400090050800 00020  0900 00010  1100 00010  1400 00010  2500 00050  
HPD02787604HPCPHT20110400100021000 00010  2500 00010  
HPD02787604HPCPHT20110400120021800 00010  2500 00010  
HPD02787604HPCPHT20110400140020700 99999{ 2500 00000P 
HPD02787604HPCPHT20110400300022400 99999} 2500 00000P 
HPD02787604HPCPHT20110500010020100 00000g 2500 00000  
HPD02787604HPCPHT20110500030021500 00010  2500 00010  
HPD02787604HPCPHT20110500100020800 00010  2500 00010  
HPD02787604HPCPHT20110500120021500 00010  2500 00010  
HPD02787604HPCPHT20110500180022400 00010  2500 00010  
HPD02787604HPCPHT20110500190021100 00010  2500 00010  
HPD02787604HPCPHT20110500270021500 00010  2500 00010  
HPD02787604HPCPHT20110600010030100 00000g 0200 99999{ 2500 00000P 
HPD02787604HPCPHT20110600300022400 99999} 2500 00000P 
HPD02787604HPCPHT20110700010030100 00000g 1300 99999[ 2500 00000I 
HPD02787604HPCPHT20110700100030900 99999] 1500 00010  2500 00010I 
HPD02787604HPCPHT20110700110021100 00010  2500 00010  
HPD02787604HPCPHT20110700200031500 00030  1600 00060  2500 00090  
HPD02787604HPCPHT20110700230031900 00070  2000 00010  2500 00080  
HPD02787604HPCPHT20110700240032100 00010  2200 00030  2500 00040  
HPD02787604HPCPHT20110700250021400 00010  2500 00010  
HPD02787604HPCPHT20110700290021100 00010  2500 00010  
HPD02787604HPCPHT20110700300021800 00020  2500 00020  
HPD02787604HPCPHT20110700310041400 00010  1800 00040  2400 00010  2500 00060  
HPD02787604HPCPHT20110800010040100 00000g 1300 00010  1700 00010  2500 00020  
HPD02787604HPCPHT20110800020021500 00010  2500 00010  
HPD02787604HPCPHT20110800130021200 00010  2500 00010  
HPD02787604HPCPHT20110800150031800 00040  1900 00020  2500 00060  
HPD02787604HPCPHT20110800160021900 00010  2500 00010  
HPD02787604HPCPHT20110800170021200 00010  2500 00010  
HPD02787604HPCPHT20110800190031800 00020  1900 00020  2500 00040  
HPD02787604HPCPHT20110800220021600 00010  2500 00010  
HPD02787604HPCPHT20110800230021800 00020  2500 00020  
HPD02787604HPCPHT20110800270021700 00010  2500 00010  
HPD02787604HPCPHT20110800300021600 00010  2500 00010  
HPD02787604HPCPHT20110900010030100 00000g 1400 99999[ 2500 00000I 
HPD02787604HPCPHT20110900300022400 99999] 2500 00000I 
HPD02787604HPCPHI20111000010020100 99999[ 2500 00000I 
HPD02787604HPCPHI20111000310022400 99999] 2500 00000I 
HPD02787604HPCPHI20111100010020100 99999[ 2500 00000I 
HPD02787604HPCPHI20111100300022400 99999] 2500 00000I 
