HPD02300902HPCPHT20110100010020100 00000g 2500 00000  
HPD02300902HPCPHT20110100290021200 99999[ 2500 00000I 
HPD02300902HPCPHT20110100310022400 99999] 2500 00000I 
HPD02300902HPCPHI20110200010020100 99999[ 2500 00000I 
HPD02300902HPCPHI20110200280022400 99999] 2500 00000I 
HPD02300902HPCPHT20110300010020100 99999[ 2500 00000I 
HPD02300902HPCPHT20110300100020300 99999] 2500 00000I 
HPD02300902HPCPHT20110300120022300 99999[ 2500 00000I 
HPD02300902HPCPHT20110300310022400 99999] 2500 00000I 
HPD02300902HPCPHT20110400010020100 99999[ 2500 00000I 
HPD02300902HPCPHT20110400210031400 99999] 1500 00040  2500 00040I 
HPD02300902HPCPHT20110500010030100 00000g 0800 00010  2500 00010  
HPD02300902HPCPHT20110500090030200 00010  1100 00010  2500 00020  
HPD02300902HPCPHT20110500180061200 00010  1300 00010  1400 00020  1700 00010  1900 00010  2500 00060  
HPD02300902HPCPHT20110500190041000 00010  1100 00010  1500 00010  2500 00030  
HPD02300902HPCPHT20110500200021500 00010  2500 00010  
HPD02300902HPCPHT20110600010020100 00000g 2500 00000  
HPD02300902HPCPHT20110700010030100 00000g 0800 00010  2500 00010  
HPD02300902HPCPHT20110700040021400 00010  2500 00010  
HPD02300902HPCPHT20110700060020900 00010  2500 00010  
HPD02300902HPCPHT20110700070021700 00020  2500 00020  
HPD02300902HPCPHT20110700090022300 00020  2500 00020  
HPD02300902HPCPHT20110700100021600 00030  2500 00030  
HPD02300902HPCPHT20110700110021000 99999[ 2500 00000I 
HPD02300902HPCPHT20110700220031100 99999] 1300 00010  2500 00010I 
HPD02300902HPCPHT20110700260031200 00010  1400 00010  2500 00020  
HPD02300902HPCPHT20110700280021600 00010  2500 00010  
HPD02300902HPCPHT20110700290020900 00010  2500 00010  
HPD02300902HPCPHT20110700310021400 00010  2500 00010  
HPD02300902HPCPHT20110800010040100 00000g 1200 00010  1600 00040  2500 00050  
HPD02300902HPCPHT20110800020040800 00010  0900 00010  1400 00010  2500 00030  
HPD02300902HPCPHT20110800140091400 00010  1500 00010  1600 00010  1800 00010  1900 00010  2100 00020  2200 00010  2300 00010  2500 00090  
HPD02300902HPCPHT20110800150020900 00010  2500 00010  
HPD02300902HPCPHT20110800170021500 00010  2500 00010  
HPD02300902HPCPHT20110800190021600 00070  2500 00070  
HPD02300902HPCPHT20110800200020900 00010  2500 00010  
HPD02300902HPCPHT20110800290021600 00010  2500 00010  
HPD02300902HPCPHT20110900010030100 00000g 1600 00010  2500 00010  
HPD02300902HPCPHT20110900060031100 00020  1300 00010  2500 00030  
HPD02300902HPCPHT20110900080031900 00020  2100 00010  2500 00030  
HPD02300902HPCPHT20110900100022400 00040  2500 00040  
HPD02300902HPCPHT20110900110021900 00010  2500 00010  
HPD02300902HPCPHT20110900120050700 00050  1400 00010  2200 00010  2400 00010  2500 00080  
HPD02300902HPCPHT20110900130030800 00010  1600 99999[ 2500 00010I 
HPD02300902HPCPHT20110900300022400 99999] 2500 00000I 
HPD02300902HPCPHI20111000010020100 99999[ 2500 00000I 
HPD02300902HPCPHI20111000310022400 99999] 2500 00000I 
HPD02300902HPCPHI20111100010020100 99999[ 2500 00000I 
HPD02300902HPCPHI20111100300022400 99999] 2500 00000I 
