HPD02080807HPCPHT20000100010030100 00000g 1100 00010  2500 00010  
HPD02080807HPCPHT20000100020031100 00030  1600 00010  2500 00040  
HPD02080807HPCPHT20000200010020100 00000g 2500 00000  
HPD02080807HPCPHT20000200210032200 00010  2400 00010  2500 00020  
HPD02080807HPCPHT20000200220060100 00020  0300 00010  0400 00010  0500 00010  0900 00010  2500 00060  
HPD02080807HPCPHT20000200270021400 00010  2500 00010  
HPD02080807HPCPHT20000300010020100 00000g 2500 00000  
HPD02080807HPCPHT20000300030021100 00010  2500 00010  
HPD02080807HPCPHT20000300050030600 00020  2300 00010  2500 00030  
HPD02080807HPCPHT20000300070050300 00000 q0700 00000 q0800 00000 q1700 00000 q2500 00000P 
HPD02080807HPCPHT20000300200041800 00010  1900 00010  2000 00010  2500 00030  
HPD02080807HPCPHT20000300210020900 00010  2500 00010  
HPD02080807HPCPHT20000300220031600 00010  2100 00010  2500 00020  
HPD02080807HPCPHT20000300310020700 00010  2500 00010  
HPD02080807HPCPHT20000400010020100 00000g 2500 00000  
HPD02080807HPCPHT20000400290031000 99999{ 1100 99999} 2500 00000P 
HPD02080807HPCPHT20000500010040100 00000g 1400 99999[ 1500 99999] 2500 00000I 
HPD02080807HPCPHT20000600010020100 00000g 2500 00000  
HPD02080807HPCPHT20000600110021200 00010  2500 00010  
HPD02080807HPCPHT20000600270031500 00040  1600 00010  2500 00050  
HPD02080807HPCPHT20000600280051400 00090  1500 00040  2300 00020  2400 00010  2500 00160  
HPD02080807HPCPHT20000600290022100 00010  2500 00010  
HPD02080807HPCPHT20000600300020700 00010  2500 00010  
HPD02080807HPCPHT20000700010030100 00000g 1800 00020  2500 00020  
HPD02080807HPCPHT20000700050021000 99999{ 2500 00000P 
HPD02080807HPCPHT20000700310022400 99999} 2500 00000P 
HPD02080807HPCPHT20000800010030100 00000g 0200 99999{ 2500 00000P 
HPD02080807HPCPHT20000800310022400 99999} 2500 00000P 
HPD02080807HPCPHT20000900010030100 99999[ 1200 99999] 2500 00000I 
HPD02080807HPCPHT20000900090021000 00010  2500 00010  
HPD02080807HPCPHT20000900190022200 00010  2500 00010  
HPD02080807HPCPHT20000900300020200 00010  2500 00010  
HPD02080807HPCPHT20001000010020100 00000g 2500 00000  
HPD02080807HPCPHT20001000090060300 00010  0800 00010  1400 00010  1600 00010  2000 00010  2500 00050  
HPD02080807HPCPHT20001000100141000 00030  1100 00010  1200 00010  1300 00020  1400 00020  1500 00030  1600 00020  1700 00010  1900 00020  2000 00010  2100 00020  2300 00010  2400 00010  2500 00220  
HPD02080807HPCPHT20001000110030200 00010  0300 00010  2500 00020  
HPD02080807HPCPHT20001000180020900 00010  2500 00010  
HPD02080807HPCPHT20001000190021700 00010  2500 00010  
HPD02080807HPCPHT20001000200051200 00010  1500 00010  1700 00010  2200 00010  2500 00040  
HPD02080807HPCPHT20001000210060100 00010  0800 00010  1000 00010  1400 00010  2400 00010  2500 00050  
HPD02080807HPCPHT20001000220070100 00020  0200 00020  0400 00010  0600 00010  0700 00010  0800 00010  2500 00080  
HPD02080807HPCPHT20001000230021100 00010  2500 00010  
HPD02080807HPCPHT20001000260041900 00030  2300 00010  2400 00020  2500 00060  
HPD02080807HPCPHT20001000270030100 00010  0200 00010  2500 00020  
HPD02080807HPCPHT20001000290022400 00010  2500 00010  
HPD02080807HPCPHT20001000300020200 00010  2500 00010  
HPD02080807HPCPHT20001100010020100 00000g 2500 00000  
HPD02080807HPCPHT20001100020021800 00010  2500 00010  
HPD02080807HPCPHT20001100030050300 00010  0400 00030  0500 00010  1000 99999[ 2500 00050I 
HPD02080807HPCPHT20001100040050900 99999] 1300 00010  1700 00010  1800 00010  2500 00030I 
HPD02080807HPCPHT20001100050021000 00010  2500 00010  
HPD02080807HPCPHT20001100060061100 00010  1300 00010  1400 00020  1500 00010  1700 00010  2500 00060  
HPD02080807HPCPHT20001100070030900 00020  1000 00010  2500 00030  
HPD02080807HPCPHT20001100100022400 00010  2500 00010  
HPD02080807HPCPHT20001200010020100 00000g 2500 00000  
HPD02080807HPCPHT20001200120021800 00010  2500 00010  
HPD02080807HPCPHT20001200130021000 00010  2500 00010  
HPD02080807HPCPHT20001200260021000 00010  2500 00010  
