HPD02619406HPCPHI20060100010020100 00000g 2500 00000  
HPD02619406HPCPHI20060200010020100 00000g 2500 00000  
HPD02619406HPCPHI20060300010020100 00000g 2500 00000  
HPD02619406HPCPHI20060300110180300 00004  0400 00007  0500 00004  0600 00008  0700 00008  0800 00013  0900 00022  1000 00009  1100 00001  1300 00008  1400 00007  1600 00006  1700 00008  1800 00002  1900 00001  2100 00001  2200 00003  2500 00112  
HPD02619406HPCPHI20060300190020600 00007  2500 00007  
HPD02619406HPCPHI20060300200020100 00001  2500 00001  
HPD02619406HPCPHI20060400010020100 00000g 2500 00000  
HPD02619406HPCPHI20060400270031500 00001  1600 00009  2500 00010  
HPD02619406HPCPHI20060500010020100 00000g 2500 00000  
HPD02619406HPCPHI20060600010020100 00000g 2500 00000  
HPD02619406HPCPHI20060700010020100 00000g 2500 00000  
HPD02619406HPCPHI20060700050040400 00008  0500 00017  0700 00001  2500 00026  
HPD02619406HPCPHI20060700060022000 00004  2500 00004  
HPD02619406HPCPHI20060700070051100 00009  1200 00005  1300 00002  1400 00001  2500 00017  
HPD02619406HPCPHI20060700250032300 00010  2400 00066  2500 00076  
HPD02619406HPCPHI20060700260040100 00005  0200 00004  0300 00004  2500 00013  
HPD02619406HPCPHI20060800010020100 00000g 2500 00000  
HPD02619406HPCPHI20060800090020700 00003  2500 00003  
HPD02619406HPCPHI20060800100042000 00025  2100 00001  2200 00001  2500 00027  
HPD02619406HPCPHI20060800140022200 00008  2500 00008  
HPD02619406HPCPHI20060800240041900 00006  2000 00007  2100 00001  2500 00014  
HPD02619406HPCPHI20060800300021900 00029  2500 00029  
HPD02619406HPCPHI20060900010020100 00000g 2500 00000  
HPD02619406HPCPHI20060900020022000 00001  2500 00001  
HPD02619406HPCPHI20060900040022100 00006  2500 00006  
HPD02619406HPCPHI20060900070050100 00019  0200 00033  0300 00008  0400 00007  2500 00067  
HPD02619406HPCPHI20060900080030400 00001  0800 00001  2500 00002  
HPD02619406HPCPHI20060900120030200 00005  0300 00002  2500 00007  
HPD02619406HPCPHI20060900140031900 00002  2000 00001  2500 00003  
HPD02619406HPCPHI20061000010020100 00000g 2500 00000  
HPD02619406HPCPHI20061000130021800 00001  2500 00001  
HPD02619406HPCPHI20061000240031400 00002  1500 00001  2500 00003  
HPD02619406HPCPHI20061100010020100 99999[ 2500 00000I 
HPD02619406HPCPHI20061100300022400 99999] 2500 00000I 
HPD02619406HPCPHI20061200010020100 00000g 2500 00000  
HPD02619406HPCPHI20061200280020300 00002  2500 00002  
