HPD02619406HPCPHI19990100010020100 00000g 2500 00000  
HPD02619406HPCPHI19990100200021700 99999a 2500 00000I 
HPD02619406HPCPHI19990100260020600 00012A 2500 00012P 
HPD02619406HPCPHI19990200010020100 00000g 2500 00000  
HPD02619406HPCPHI19990200040052000 00009  2100 00002  2200 00002  2300 00002  2500 00015  
HPD02619406HPCPHI19990300010020100 00000g 2500 00000  
HPD02619406HPCPHI19990400010080100 00000g 1900 00001  2000 00002  2100 00005  2200 00005  2300 00003  2400 00010  2500 00026  
HPD02619406HPCPHI19990400020080100 00011  0200 00006  0300 00012  0400 00003  0500 00009  0600 00007  0700 00003  2500 00051  
HPD02619406HPCPHI19990400300031700 00003  1800 00001  2500 00004  
HPD02619406HPCPHI19990500010020100 00000g 2500 00000  
HPD02619406HPCPHI19990600010040100 00000g 0800 99999a 2400 00005A 2500 00005  
HPD02619406HPCPHI19990600020020800 00010  2500 00010  
HPD02619406HPCPHI19990700010020100 00000g 2500 00000  
HPD02619406HPCPHI19990700060032000 00003  2100 00001  2500 00004  
HPD02619406HPCPHI19990700080030700 00030  0800 00005  2500 00035  
HPD02619406HPCPHI19990700100042200 00045  2300 00029  2400 00003  2500 00077  
HPD02619406HPCPHI19990700110030100 00002  0200 00002  2500 00004  
HPD02619406HPCPHI19990700120031500 00035  2000 00002  2500 00037  
HPD02619406HPCPHI19990700130030100 00002  0400 00005  2500 00007  
HPD02619406HPCPHI19990700140031400 00001  1600 00029  2500 00030  
HPD02619406HPCPHI19990700270021200 00005  2500 00005  
HPD02619406HPCPHI19990700280020800 00005  2500 00005  
HPD02619406HPCPHI19990800010020100 00000g 2500 00000  
HPD02619406HPCPHI19990800230020200 00010  2500 00010  
HPD02619406HPCPHI19990800270071900 00045  2000 00024  2100 00006  2200 00005  2300 00001  2400 00001  2500 00082  
HPD02619406HPCPHI19990800300031200 99999a 1400 00016A 2500 00016  
HPD02619406HPCPHI19990900010020100 00000g 2500 00000  
HPD02619406HPCPHI19990900150032000 00001  2100 00001  2500 00002  
HPD02619406HPCPHI19991000010020100 00000g 2500 00000  
HPD02619406HPCPHI19991100010020100 00000g 2500 00000  
HPD02619406HPCPHI19991200010020100 00000g 2500 00000  
