HPD02464500HPCPHI19670800010020100 99999[ 2500 00000I 
HPD02464500HPCPHI19670800220021400 99999] 2500 00000I 
HPD02464500HPCPHI19670800300031800 00033  1900 00002  2500 00035  
HPD02464500HPCPHI19670900010070100 00000g 0200 00001  0300 00001  0400 00002  1500 00006  1600 00004  2500 00014  
HPD02464500HPCPHI19670900020041300 00002  1500 00002  1600 00001  2500 00005  
HPD02464500HPCPHI19670900030070900 00004  1000 00003  1100 00001  1200 00001  1300 00001  1500 00002  2500 00012  
HPD02464500HPCPHI19670900050020900 00002  2500 00002  
HPD02464500HPCPHI19670900070031700 99999[ 2400 99999] 2500 00000I 
HPD02464500HPCPHI19670900230031500 00004  1600 00001  2500 00005  
HPD02464500HPCPHI19670900240020300 00003  2500 00003  
HPD02464500HPCPHI19670900250051300 00008  1400 00047  1500 00030  1600 00001  2500 00086  
HPD02464500HPCPHI19670900280041600 00005  1700 00003  1800 00001  2500 00009  
HPD02464500HPCPHI19671000010020100 00000g 2500 00000  
HPD02464500HPCPHI19671100010020100 00000g 2500 00000  
HPD02464500HPCPHI19671100200090300 00005  0400 00002  0500 00002  0600 00001  1900 00002  2100 00001  2200 00001  2400 00001  2500 00015  
HPD02464500HPCPHI19671100210062000 00008  2100 00006  2200 00012  2300 00006  2400 00004  2500 00036  
HPD02464500HPCPHI19671100280041800 00018  1900 00006  2000 00001  2500 00025  
HPD02464500HPCPHI19671100300022400 00004  2500 00004  
HPD02464500HPCPHI19671200010020100 00002  2500 00002  
HPD02464500HPCPHI19671200130031300 00002  1400 00001  2500 00003  
HPD02464500HPCPHI19671200140111200 00004  1300 00003  1400 00009  1500 00006  1600 00004  1700 00003  1800 00002  1900 00001  2000 00002  2100 00001  2500 00035  
HPD02464500HPCPHI19671200150020100 99999a 2500 00000I 
HPD02464500HPCPHI19671200190021500 00130A 2500 00130P 
HPD02464500HPCPHI19680100010020100 00000g 2500 00000  
HPD02464500HPCPHI19680100030020700 00002  2500 00002  
HPD02464500HPCPHI19680100270021100 99999[ 2500 00000I 
HPD02464500HPCPHI19680100280021000 99999] 2500 00000I 
HPD02464500HPCPHI19680200010020100 00000g 2500 00000  
HPD02464500HPCPHI19680200100021800 99999[ 2500 00000I 
HPD02464500HPCPHI19680200120020400 99999] 2500 00000I 
HPD02464500HPCPHI19680200130051700 00004  1800 00016  1900 00004  2400 00009  2500 00033  
HPD02464500HPCPHI19680200140030100 00005  0200 00001  2500 00006  
HPD02464500HPCPHI19680300010020100 00000g 2500 00000  
HPD02464500HPCPHI19680300080070400 00004  0500 00001  1300 00004  1400 00014  1500 00019  1600 00003  2500 00045  
HPD02464500HPCPHI19680400010030100 00000g 2300 00007  2500 00007  
HPD02464500HPCPHI19680400020040100 00002  0200 00003  1200 00002  2500 00007  
HPD02464500HPCPHI19680400110021900 00001  2500 00001  
HPD02464500HPCPHI19680500010020100 00000g 2500 00000  
HPD02464500HPCPHI19680500030031700 00004  1800 00001  2500 00005  
HPD02464500HPCPHI19680500120041200 00005  1600 00005  1700 00005  2500 00015  
HPD02464500HPCPHI19680600010020100 00000g 2500 00000  
HPD02464500HPCPHI19680600070021700 99999a 2500 00000I 
HPD02464500HPCPHI19680600080030800 00070A 0900 99999[ 2500 00070P 
HPD02464500HPCPHI19680600090021700 99999] 2500 00000I 
HPD02464500HPCPHI19680700010020100 00000g 2500 00000  
HPD02464500HPCPHT19680700030021400 00010  2500 00010  
HPD02464500HPCPHT19680700060021700 00010  2500 00010  
HPD02464500HPCPHT19680700070020400 00010  2500 00010  
HPD02464500HPCPHT19680700150021100 00010  2500 00010  
HPD02464500HPCPHT19680700220031700 00010  2200 00010  2500 00020  
HPD02464500HPCPHT19680700270021200 00010  2500 00010  
HPD02464500HPCPHT19680800010020100 00000g 2500 00000  
HPD02464500HPCPHT19680800040021700 00020  2500 00020  
HPD02464500HPCPHT19680800060021300 00010  2500 00010  
HPD02464500HPCPHT19680900010020100 00000g 2500 00000  
HPD02464500HPCPHT19681000010020100 00000g 2500 00000  
HPD02464500HPCPHT19681000030050800 00020  1900 00010  2000 00020  2100 00010  2500 00060  
HPD02464500HPCPHT19681100010020100 00000g 2500 00000  
HPD02464500HPCPHT19681100150040600 00010  1100 00010  2100 00010  2500 00030  
HPD02464500HPCPHT19681200010020100 00000g 2500 00000  
HPD02464500HPCPHT19681200200030100 99999a 1900 00010A 2500 00010  
HPD02464500HPCPHT19681200260031400 00010  1600 00010  2500 00020  
HPD02464500HPCPHT19690100010020100 00000g 2500 00000  
HPD02464500HPCPHT19690100130022400 99999[ 2500 00000I 
HPD02464500HPCPHT19690100290020400 99999] 2500 00000I 
HPD02464500HPCPHT19690200010020100 00000g 2500 00000  
HPD02464500HPCPHT19690200060031500 00010  1900 00010  2500 00020  
HPD02464500HPCPHT19690200070041100 00010  1200 00020  1300 00010  2500 00040  
HPD02464500HPCPHT19690200180031900 00010  2200 00010  2500 00020  
HPD02464500HPCPHT19690200220021400 00020  2500 00020  
HPD02464500HPCPHT19690200250042100 00010  2300 00010  2400 00010  2500 00030  
HPD02464500HPCPHT19690200260050100 00010  0400 00010  0600 00010  0700 00020  2500 00050  
HPD02464500HPCPHT19690300010020100 00000g 2500 00000  
HPD02464500HPCPHT19690300100090600 00010  1000 00010  1100 00010  1200 00010  1300 00010  1500 00020  1600 00010  2300 00010  2500 00090  
HPD02464500HPCPHT19690300110031000 00010  1100 00010  2500 00020  
HPD02464500HPCPHT19690300130021800 00010  2500 00010  
HPD02464500HPCPHT19690300220020800 00010  2500 00010  
HPD02464500HPCPHT19690400010020100 00000g 2500 00000  
HPD02464500HPCPHT19690500010020100 00000g 2500 00000  
HPD02464500HPCPHT19690500050060400 00010  0500 00010  0700 00020  0800 00020  0900 00010  2500 00070  
HPD02464500HPCPHT19690600010020100 00000g 2500 00000  
HPD02464500HPCPHT19690700010020100 00000g 2500 00000  
HPD02464500HPCPHT19690700170040700 00010  1300 00030  1400 00010  2500 00050  
HPD02464500HPCPHT19690700190040200 00010  1500 00010  1600 00010  2500 00030  
HPD02464500HPCPHT19690700200021700 00010  2500 00010  
HPD02464500HPCPHT19690700230031700 00030  1800 00010  2500 00040  
HPD02464500HPCPHT19690700240021700 00010  2500 00010  
HPD02464500HPCPHT19690700280041500 00010  1600 00010  1700 00010  2500 00030  
HPD02464500HPCPHT19690800010020100 00000g 2500 00000  
HPD02464500HPCPHT19690800080022000 00020  2500 00020  
HPD02464500HPCPHT19690800110021300 00010  2500 00010  
HPD02464500HPCPHT19690800130020500 00010  2500 00010  
HPD02464500HPCPHT19690800180032000 00010  2100 00010  2500 00020  
HPD02464500HPCPHT19690800190021500 00010  2500 00010  
HPD02464500HPCPHT19690800300021200 00010  2500 00010  
HPD02464500HPCPHT19690900010020100 00000g 2500 00000  
HPD02464500HPCPHT19690900050022100 00010  2500 00010  
HPD02464500HPCPHT19690900100021200 00010  2500 00010  
HPD02464500HPCPHT19690900130021600 00010  2500 00010  
HPD02464500HPCPHT19691000010020100 00000g 2500 00000  
HPD02464500HPCPHT19691000210031300 00010  1700 00010  2500 00020  
HPD02464500HPCPHT19691100010020100 00000g 2500 00000  
HPD02464500HPCPHT19691100070020400 00010  2500 00010  
HPD02464500HPCPHT19691100090021400 00010  2500 00010  
HPD02464500HPCPHT19691100100030300 00010  0400 00010  2500 00020  
HPD02464500HPCPHT19691100160020700 00010  2500 00010  
HPD02464500HPCPHT19691200010020100 00000g 2500 00000  
HPD02464500HPCPHT19700100010020100 00000g 2500 00000  
HPD02464500HPCPHT19700100140022300 99999a 2500 00000I 
HPD02464500HPCPHT19700100150020400 00010A 2500 00010P 
HPD02464500HPCPHT19700200010020100 00000g 2500 00000  
HPD02464500HPCPHT19700200280052000 00010  2100 00010  2200 00040  2400 00010  2500 00070  
HPD02464500HPCPHT19700300010060100 00020  0200 00020  1100 00010  1200 00010  2000 00010  2500 00070  
HPD02464500HPCPHT19700300020020400 00010  2500 00010  
HPD02464500HPCPHT19700300030030400 00010  1000 00010  2500 00020  
HPD02464500HPCPHT19700300050030200 00010  0800 00010  2500 00020  
HPD02464500HPCPHT19700300100021800 00010  2500 00010  
HPD02464500HPCPHT19700300260021000 00010  2500 00010  
HPD02464500HPCPHT19700300300020900 99999[ 2500 00000I 
HPD02464500HPCPHT19700300310021100 99999] 2500 00000I 
HPD02464500HPCPHT19700400010020100 00000g 2500 00000  
HPD02464500HPCPHT19700400170021200 00010  2500 00010  
HPD02464500HPCPHT19700400270031300 00010  1600 00010  2500 00020  
HPD02464500HPCPHT19700500010020100 00000g 2500 00000  
HPD02464500HPCPHT19700600010020100 00000g 2500 00000  
HPD02464500HPCPHT19700600060021100 99999a 2500 00000I 
HPD02464500HPCPHT19700600070021600 00030A 2500 00030P 
HPD02464500HPCPHT19700700010020100 00000g 2500 00000  
HPD02464500HPCPHT19700700050021400 00040  2500 00040  
HPD02464500HPCPHT19700700190021800 00010  2500 00010  
HPD02464500HPCPHT19700800010020100 00000g 2500 00000  
HPD02464500HPCPHT19700800020022300 00010  2500 00010  
HPD02464500HPCPHT19700800030020300 00010  2500 00010  
HPD02464500HPCPHT19700800100020700 00010  2500 00010  
HPD02464500HPCPHT19700800110030900 00010  1000 00010  2500 00020  
HPD02464500HPCPHT19700800140030200 00010  0300 00090  2500 00100  
HPD02464500HPCPHT19700800160020700 00010  2500 00010  
HPD02464500HPCPHT19700800170021500 00030  2500 00030  
HPD02464500HPCPHT19700800230020700 00030  2500 00030  
HPD02464500HPCPHT19700900010020100 00000g 2500 00000  
HPD02464500HPCPHT19700900040022300 00010  2500 00010  
HPD02464500HPCPHT19700900050030900 00010  1000 00050  2500 00060  
HPD02464500HPCPHT19700900110021400 00010  2500 00010  
HPD02464500HPCPHT19701000010020100 00000g 2500 00000  
HPD02464500HPCPHT19701000020021800 00010  2500 00010  
HPD02464500HPCPHT19701100010020100 00000g 2500 00000  
HPD02464500HPCPHT19701100260030200 00010  1000 00010  2500 00020  
HPD02464500HPCPHT19701100290050200 00010  2200 00010  2300 00030  2400 00020  2500 00070  
HPD02464500HPCPHT19701200010020100 00000g 2500 00000  
HPD02464500HPCPHT19701200170031800 00010  1900 00010  2500 00020  
HPD02464500HPCPHT19701200190031300 00010  1500 00010  2500 00020  
HPD02464500HPCPHT19701200200021400 00010  2500 00010  
HPD02464500HPCPHT19701200210041500 00010  1700 00010  1900 00010  2500 00030  
HPD02464500HPCPHT19710100010020100 00000g 2500 00000  
HPD02464500HPCPHT19710200010020100 00000g 2500 00000  
HPD02464500HPCPHT19710200160022300 00010  2500 00010  
HPD02464500HPCPHT19710200170050800 00010  0900 00010  1000 00010  1300 00010  2500 00040  
HPD02464500HPCPHT19710200180020300 00010  2500 00010  
HPD02464500HPCPHT19710200190021700 00010  2500 00010  
HPD02464500HPCPHT19710300010020100 00000g 2500 00000  
HPD02464500HPCPHT19710300130021400 00010  2500 00010  
HPD02464500HPCPHT19710400010020100 00000g 2500 00000  
HPD02464500HPCPHT19710400210041700 00010  1800 00010  1900 00010  2500 00030  
HPD02464500HPCPHT19710500010020100 00000g 2500 00000  
HPD02464500HPCPHT19710500070022400 00010  2500 00010  
HPD02464500HPCPHT19710500080040300 00010  0500 00010  0700 00010  2500 00030  
HPD02464500HPCPHT19710500290030100 00010  0200 00010  2500 00020  
HPD02464500HPCPHT19710600010020100 00000g 2500 00000  
HPD02464500HPCPHT19710700010020100 00000g 2500 00000  
HPD02464500HPCPHT19710700180021400 00010  2500 00010  
HPD02464500HPCPHT19710700210021700 00060  2500 00060  
HPD02464500HPCPHT19710800010040100 00000g 1600 00040  1700 00010  2500 00050  
HPD02464500HPCPHT19710800020021100 00010  2500 00010  
HPD02464500HPCPHT19710800070021700 00010  2500 00010  
HPD02464500HPCPHT19710800100021400 00010  2500 00010  
HPD02464500HPCPHT19710800120022100 00010  2500 00010  
HPD02464500HPCPHT19710800140022000 00040  2500 00040  
HPD02464500HPCPHT19710800190041500 00010  1600 00010  2100 00010  2500 00030  
HPD02464500HPCPHT19710800230021200 00040  2500 00040  
HPD02464500HPCPHT19710800240021700 00010  2500 00010  
HPD02464500HPCPHT19710800260031800 00030  2000 00010  2500 00040  
HPD02464500HPCPHT19710800270021700 00060  2500 00060  
HPD02464500HPCPHT19710900010020100 00000g 2500 00000  
HPD02464500HPCPHT19710900290030900 99999[ 1600 99999] 2500 00000I 
HPD02464500HPCPHT19711000010020100 00000g 2500 00000  
HPD02464500HPCPHT19711000160021300 00010  2500 00010  
HPD02464500HPCPHT19711000170031100 00010  1300 00010  2500 00020  
HPD02464500HPCPHT19711000180040800 00020  0900 00020  1100 00010  2500 00050  
HPD02464500HPCPHT19711000240020800 00010  2500 00010  
HPD02464500HPCPHT19711000250070700 00010  0800 00010  1100 00010  1800 00020  2000 00010  2100 00010  2500 00070  
HPD02464500HPCPHT19711000290031200 00010  1400 00010  2500 00020  
HPD02464500HPCPHT19711000300021700 00010  2500 00010  
HPD02464500HPCPHT19711100010020100 00000g 2500 00000  
HPD02464500HPCPHT19711200010020100 00000g 2500 00000  
HPD02464500HPCPHT19711200040031000 00010  1100 00010  2500 00020  
HPD02464500HPCPHT19711200130021400 00010  2500 00010  
HPD02464500HPCPHT19711200220020800 00020  2500 00020  
HPD02464500HPCPHT19711200240042000 00010  2100 00010  2200 00010  2500 00030  
HPD02464500HPCPHT19711200250022300 00010  2500 00010  
HPD02464500HPCPHT19711200260020200 00010  2500 00010  
HPD02464500HPCPHT19711200270022300 00010  2500 00010  
HPD02464500HPCPHT19711200280030100 00010  0300 00010  2500 00020  
HPD02464500HPCPHT19720100010020100 00000g 2500 00000  
HPD02464500HPCPHT19720200010020100 00000g 2500 00000  
HPD02464500HPCPHT19720300010020100 00000g 2500 00000  
HPD02464500HPCPHT19720400010020100 00000g 2500 00000  
HPD02464500HPCPHT19720400170021400 00010  2500 00010  
HPD02464500HPCPHT19720400190030300 00010  1600 00010  2500 00020  
HPD02464500HPCPHT19720500010020100 00000g 2500 00000  
HPD02464500HPCPHT19720500310041900 00010  2000 00050  2200 00010  2500 00070  
HPD02464500HPCPHT19720600010040100 00000g 1700 00030  1800 00010  2500 00040  
HPD02464500HPCPHT19720600070040100 00010  1400 00010  2000 00010  2500 00030  
HPD02464500HPCPHT19720700010020100 00000g 2500 00000  
HPD02464500HPCPHT19720700080021900 00040  2500 00040  
HPD02464500HPCPHT19720700160022200 00010  2500 00010  
HPD02464500HPCPHT19720800010020100 00000g 2500 00000  
HPD02464500HPCPHT19720800060031700 00080  1800 00010  2500 00090  
HPD02464500HPCPHT19720800120021000 00010  2500 00010  
HPD02464500HPCPHT19720800280021200 00010  2500 00010  
HPD02464500HPCPHT19720900010020100 00000g 2500 00000  
HPD02464500HPCPHT19720900030020200 00010  2500 00010  
HPD02464500HPCPHT19720900040021600 00010  2500 00010  
HPD02464500HPCPHT19720900170022400 00010  2500 00010  
HPD02464500HPCPHT19720900180060100 00010  0800 00050  2000 00020  2200 00010  2300 00010  2500 00100  
HPD02464500HPCPHT19721000010020100 00000g 2500 00000  
HPD02464500HPCPHT19721000030022300 00010  2500 00010  
HPD02464500HPCPHT19721000040020200 00010  2500 00010  
HPD02464500HPCPHT19721000060080900 00010  1100 00010  1200 00010  1300 00010  1500 00010  1700 00010  1900 00020  2500 00080  
HPD02464500HPCPHT19721000090021300 00010  2500 00010  
HPD02464500HPCPHT19721000150020700 00010  2500 00010  
HPD02464500HPCPHT19721000170022300 00010  2500 00010  
HPD02464500HPCPHT19721000180060400 00010  0900 00010  1100 00010  1200 00010  1300 00010  2500 00050  
HPD02464500HPCPHT19721100010020100 00000g 2500 00000  
HPD02464500HPCPHT19721100110051200 00010  1300 00030  1500 00010  2100 00010  2500 00060  
HPD02464500HPCPHT19721100140021800 00010  2500 00010  
HPD02464500HPCPHT19721100160052000 00010  2100 00030  2200 00030  2300 00010  2500 00080  
HPD02464500HPCPHT19721100190032000 00010  2100 00010  2500 00020  
HPD02464500HPCPHT19721200010020100 00000g 2500 00000  
HPD02464500HPCPHT19721200040041900 00020  2000 00020  2100 00010  2500 00050  
HPD02464500HPCPHT19721200080031800 00010  1900 00010  2500 00020  
HPD02464500HPCPHT19721200280021100 00010  2500 00010  
HPD02464500HPCPHT19730100010020100 00000g 2500 00000  
HPD02464500HPCPHT19730100090021600 00010  2500 00010  
HPD02464500HPCPHT19730100160022000 00010  2500 00010  
HPD02464500HPCPHT19730100170030200 00010  0400 00010  2500 00020  
HPD02464500HPCPHT19730100190030400 00010  0500 00010  2500 00020  
HPD02464500HPCPHT19730200010020100 00000g 2500 00000  
HPD02464500HPCPHT19730200060050500 00010  0600 00010  0700 00010  1200 00010  2500 00040  
HPD02464500HPCPHT19730200110051300 00010  1500 00010  1900 00010  2000 00010  2500 00040  
HPD02464500HPCPHT19730200130021300 00010  2500 00010  
HPD02464500HPCPHT19730200150021900 00010  2500 00010  
HPD02464500HPCPHT19730200210050500 00010  0600 00010  1100 00010  2200 00010  2500 00040  
HPD02464500HPCPHT19730200220020200 00010  2500 00010  
HPD02464500HPCPHT19730200280021000 00010  2500 00010  
HPD02464500HPCPHT19730300010020100 00000g 2500 00000  
HPD02464500HPCPHT19730300070080100 00010  0300 00010  0400 00010  0500 00010  0700 00010  0900 00010  1000 00010  2500 00070  
HPD02464500HPCPHT19730300110081700 00010  1800 00020  1900 00020  2100 00020  2200 00020  2300 00020  2400 00020  2500 00130  
HPD02464500HPCPHT19730300120050100 00010  0400 00010  0900 00010  1000 00010  2500 00040  
HPD02464500HPCPHT19730300130021800 00010  2500 00010  
HPD02464500HPCPHT19730300170021300 00010  2500 00010  
HPD02464500HPCPHT19730300200061000 00010  1500 00010  1600 00020  1700 00010  2000 00010  2500 00060  
HPD02464500HPCPHT19730300210021100 00010  2500 00010  
HPD02464500HPCPHT19730300220020900 00010  2500 00010  
HPD02464500HPCPHT19730300260021200 00010  2500 00010  
HPD02464500HPCPHT19730300270022200 00010  2500 00010  
HPD02464500HPCPHT19730300280041800 00010  1900 00010  2100 00010  2500 00030  
HPD02464500HPCPHT19730400010030100 00000g 1800 00010  2500 00010  
HPD02464500HPCPHT19730500010020100 00000g 2500 00000  
HPD02464500HPCPHT19730500140021700 00010  2500 00010  
HPD02464500HPCPHT19730500300021900 00010  2500 00010  
HPD02464500HPCPHT19730600010030100 00000g 2400 00020  2500 00020  
HPD02464500HPCPHT19730600020020100 00010  2500 00010  
HPD02464500HPCPHT19730600130021800 00010  2500 00010  
HPD02464500HPCPHT19730700010020100 00000g 2500 00000  
HPD02464500HPCPHT19730700110021700 00030  2500 00030  
HPD02464500HPCPHT19730700120031800 00020  2000 00030  2500 00050  
HPD02464500HPCPHT19730700170021800 00010  2500 00010  
HPD02464500HPCPHT19730700270022300 00010  2500 00010  
HPD02464500HPCPHT19730700290021100 00010  2500 00010  
HPD02464500HPCPHT19730800010020100 00000g 2500 00000  
HPD02464500HPCPHT19730800160021700 00020  2500 00020  
HPD02464500HPCPHT19730900010020100 00000g 2500 00000  
HPD02464500HPCPHT19730900100020700 00010  2500 00010  
HPD02464500HPCPHT19731000010020100 00000g 2500 00000  
HPD02464500HPCPHT19731100010020100 00000g 2500 00000  
HPD02464500HPCPHT19731100180051200 00010  1300 00030  1400 00010  1500 00010  2500 00060  
HPD02464500HPCPHT19731100190021100 00010  2500 00010  
HPD02464500HPCPHT19731100240032200 00010  2300 00010  2500 00020  
HPD02464500HPCPHT19731100250030500 00010  1200 00010  2500 00020  
HPD02464500HPCPHT19731100260020300 00010  2500 00010  
HPD02464500HPCPHT19731200010030100 00000g 2400 00010  2500 00010  
HPD02464500HPCPHT19740100010020100 00000g 2500 00000  
HPD02464500HPCPHT19740100050030700 00010  0800 99999[ 2500 00010I 
HPD02464500HPCPHT19740100310022400 99999] 2500 00000I 
HPD02464500HPCPHT19740200010020100 00000g 2500 00000  
HPD02464500HPCPHT19740200130021300 99999[ 2500 00000I 
HPD02464500HPCPHT19740200280022400 99999] 2500 00000I 
HPD02464500HPCPHT19740300010020100 00000g 2500 00000  
HPD02464500HPCPHT19740300090061200 00010  1400 00010  1500 00010  1700 00010  2300 00010  2500 00050  
HPD02464500HPCPHT19740300100030100 00010  0400 00010  2500 00020  
HPD02464500HPCPHT19740400010020100 00000g 2500 00000  
HPD02464500HPCPHT19740400020020300 00010  2500 00010  
HPD02464500HPCPHT19740500010020100 00000g 2500 00000  
HPD02464500HPCPHT19740500240030200 00010  0300 00010  2500 00020  
HPD02464500HPCPHT19740600010020100 00000g 2500 00000  
HPD02464500HPCPHT19740700010020100 00000g 2500 00000  
HPD02464500HPCPHT19740700140021600 00010  2500 00010  
HPD02464500HPCPHT19740700160020400 00020  2500 00020  
HPD02464500HPCPHT19740700190061800 00010  1900 00100  2000 00010  2200 00010  2400 00010  2500 00140  
HPD02464500HPCPHT19740700210031400 00020  1600 00010  2500 00030  
HPD02464500HPCPHT19740700230031300 00010  1800 00010  2500 00020  
HPD02464500HPCPHT19740800010030100 00000g 1600 00040  2500 00040  
HPD02464500HPCPHT19740800030020200 00020  2500 00020  
HPD02464500HPCPHT19740900010020100 00000g 2500 00000  
HPD02464500HPCPHT19740900250031800 00010  2000 00010  2500 00020  
HPD02464500HPCPHT19741000010020100 00000g 2500 00000  
HPD02464500HPCPHT19741000260032300 00010  2400 00010  2500 00020  
HPD02464500HPCPHT19741000280031600 00010  2000 00020  2500 00030  
HPD02464500HPCPHT19741000300020200 00010  2500 00010  
HPD02464500HPCPHT19741100010020100 00000g 2500 00000  
HPD02464500HPCPHT19741100020022400 00010  2500 00010  
HPD02464500HPCPHT19741100040021100 00010  2500 00010  
HPD02464500HPCPHT19741200010020100 00000g 2500 00000  
HPD02464500HPCPHT19741200040051400 00010  1500 00010  1700 00010  2200 00020  2500 00050  
HPD02464500HPCPHT19741200050020200 00010  2500 00010  
HPD02464500HPCPHT19741200290021200 00010  2500 00010  
HPD02464500HPCPHT19750100010020100 00000g 2500 00000  
HPD02464500HPCPHT19750100300021500 00010  2500 00010  
HPD02464500HPCPHT19750200010020100 00000g 2500 00000  
HPD02464500HPCPHT19750200030021400 00010  2500 00010  
HPD02464500HPCPHT19750200090022100 00010  2500 00010  
HPD02464500HPCPHT19750200150030200 00010  0800 00010  2500 00020  
HPD02464500HPCPHT19750300010020100 00000g 2500 00000  
HPD02464500HPCPHT19750300080031700 00020  2200 00010  2500 00030  
HPD02464500HPCPHT19750300110030100 00010  1300 00010  2500 00020  
HPD02464500HPCPHT19750300120021500 00010  2500 00010  
HPD02464500HPCPHT19750300140030400 00010  1100 00010  2500 00020  
HPD02464500HPCPHT19750300150020800 00010  2500 00010  
HPD02464500HPCPHT19750300260030500 00010  1100 00010  2500 00020  
HPD02464500HPCPHT19750400010030100 00000g 0600 00010  2500 00010  
HPD02464500HPCPHT19750400090021200 00010  2500 00010  
HPD02464500HPCPHT19750400110050200 00010  0600 00010  0900 00010  1300 00010  2500 00040  
HPD02464500HPCPHT19750400120021300 00010  2500 00010  
HPD02464500HPCPHT19750500010020100 00000g 2500 00000  
HPD02464500HPCPHT19750600010020100 00000g 2500 00000  
HPD02464500HPCPHT19750700010020100 00000g 2500 00000  
HPD02464500HPCPHT19750700030021200 00050  2500 00050  
HPD02464500HPCPHT19750700080021700 00040  2500 00040  
HPD02464500HPCPHT19750700110021700 00030  2500 00030  
HPD02464500HPCPHT19750700250021700 00010  2500 00010  
HPD02464500HPCPHT19750700260021700 00010  2500 00010  
HPD02464500HPCPHT19750700280021400 00010  2500 00010  
HPD02464500HPCPHT19750800010020100 00000g 2500 00000  
HPD02464500HPCPHT19750800190020500 00010  2500 00010  
HPD02464500HPCPHT19750800200020100 00010  2500 00010  
HPD02464500HPCPHT19750900010020100 00000g 2500 00000  
HPD02464500HPCPHT19750900070041600 00060  1700 00010  2100 00010  2500 00080  
HPD02464500HPCPHT19750900080021700 00010  2500 00010  
HPD02464500HPCPHT19750900090022000 00020  2500 00020  
HPD02464500HPCPHT19750900160022100 00020  2500 00020  
HPD02464500HPCPHT19751000010020100 00000g 2500 00000  
HPD02464500HPCPHT19751000300032200 00010  2300 00010  2500 00020  
HPD02464500HPCPHT19751100010020100 00000g 2500 00000  
HPD02464500HPCPHT19751100270022100 00010  2500 00010  
HPD02464500HPCPHT19751100280050100 00010  0200 00010  0300 00020  1900 00010  2500 00050  
HPD02464500HPCPHT19751200010020100 00000g 2500 00000  
HPD02464500HPCPHT19751200210020100 00010  2500 00010  
HPD02464500HPCPHT19760100010020100 00000g 2500 00000  
HPD02464500HPCPHT19760200010020100 00000g 2500 00000  
HPD02464500HPCPHT19760200040022400 00020  2500 00020  
HPD02464500HPCPHT19760200050071000 00010  2000 00010  2100 00030  2200 00010  2300 00010  2400 00010  2500 00080  
HPD02464500HPCPHT19760200080051500 00010  1700 00010  2100 00010  2200 00010  2500 00040  
HPD02464500HPCPHT19760200090050400 00030  0500 00020  0600 00030  0700 00030  2500 00110  
HPD02464500HPCPHT19760200130021600 00010  2500 00010  
HPD02464500HPCPHT19760300010040100 00000g 2000 00020  2100 00030  2500 00050  
HPD02464500HPCPHT19760300030021200 00010  2500 00010  
HPD02464500HPCPHT19760300040021000 00010  2500 00010  
HPD02464500HPCPHT19760300110020700 00010  2500 00010  
HPD02464500HPCPHT19760400010020100 00000g 2500 00000  
HPD02464500HPCPHT19760400130100300 00010  0400 00010  0600 00010  1500 00010  1600 00010  1800 00010  1900 00010  2000 00010  2300 00010  2500 00090  
HPD02464500HPCPHT19760400140060100 00020  0200 00010  0300 00010  0600 00010  2100 00010  2500 00060  
HPD02464500HPCPHT19760400150022200 00020  2500 00020  
HPD02464500HPCPHT19760400160022100 00010  2500 00010  
HPD02464500HPCPHT19760500010020100 00000g 2500 00000  
HPD02464500HPCPHT19760500070021300 00010  2500 00010  
HPD02464500HPCPHT19760600010020100 00000g 2500 00000  
HPD02464500HPCPHT19760700010020100 00000g 2500 00000  
HPD02464500HPCPHT19760700170031400 00010  1500 00010  2500 00020  
HPD02464500HPCPHT19760700230021400 00010  2500 00010  
HPD02464500HPCPHT19760700240041300 00010  1900 00010  2000 00010  2500 00030  
HPD02464500HPCPHT19760700250022100 00010  2500 00010  
HPD02464500HPCPHT19760700290032100 00010  2200 00010  2500 00020  
HPD02464500HPCPHT19760800010020100 00000g 2500 00000  
HPD02464500HPCPHT19760900010020100 00000g 2500 00000  
HPD02464500HPCPHT19760900040032300 00010  2400 00010  2500 00020  
HPD02464500HPCPHT19760900050040100 00010  0300 00010  1400 00010  2500 00030  
HPD02464500HPCPHT19760900100021500 00010  2500 00010  
HPD02464500HPCPHT19760900230120600 00010  0800 00010  0900 00020  1000 00030  1100 00040  1200 00010  1500 00010  1600 00020  1700 00020  1800 00010  2200 00010  2500 00190  
HPD02464500HPCPHT19760900240032200 00010  2300 00010  2500 00020  
HPD02464500HPCPHT19760900250061200 00010  1300 00010  1600 00010  2100 00010  2200 00010  2500 00050  
HPD02464500HPCPHT19761000010050100 00000g 0700 00010  2200 00030  2400 00010  2500 00050  
HPD02464500HPCPHT19761000030031600 00010  1700 00060  2500 00070  
HPD02464500HPCPHT19761000130020800 00010  2500 00010  
HPD02464500HPCPHT19761000230021900 00010  2500 00010  
HPD02464500HPCPHT19761100010020100 00000g 2500 00000  
HPD02464500HPCPHT19761100140022400 00010  2500 00010  
HPD02464500HPCPHT19761200010020100 00000g 2500 00000  
HPD02464500HPCPHT19761200300032300 00010  2400 00010  2500 00020  
HPD02464500HPCPHT19761200310030100 00010  0200 00010  2500 00020  
HPD02464500HPCPHT19770100010020100 00000g 2500 00000  
HPD02464500HPCPHT19770100020021200 00010  2500 00010  
HPD02464500HPCPHT19770100030050300 00010  0500 00010  0800 00020  0900 00010  2500 00050  
HPD02464500HPCPHT19770100210021900 00010  2500 00010  
HPD02464500HPCPHT19770200010020100 00000g 2500 00000  
HPD02464500HPCPHT19770300010020100 00000g 2500 00000  
HPD02464500HPCPHT19770300250021500 00010  2500 00010  
HPD02464500HPCPHT19770400010040100 00000g 2100 00010  2200 00020  2500 00030  
HPD02464500HPCPHT19770400020021500 00010  2500 00010  
HPD02464500HPCPHT19770500010020100 00000g 2500 00000  
HPD02464500HPCPHT19770500230020900 99999[ 2500 00000I 
HPD02464500HPCPHT19770500250020900 99999] 2500 00000I 
HPD02464500HPCPHT19770600010020100 00000g 2500 00000  
HPD02464500HPCPHT19770600070031200 00080  1400 00010  2500 00090  
HPD02464500HPCPHT19770700010020100 00000g 2500 00000  
HPD02464500HPCPHT19770700230051200 00020  1500 00020  1600 00010  1700 00010  2500 00060  
HPD02464500HPCPHT19770700240020800 00010  2500 00010  
HPD02464500HPCPHT19770800010020100 00000g 2500 00000  
HPD02464500HPCPHT19770800040020100 00010  2500 00010  
HPD02464500HPCPHT19770800130060200 00020  0300 00010  0400 00010  0500 00010  0900 00010  2500 00060  
HPD02464500HPCPHT19770800160030800 00010  1100 99999a 2500 00010I 
HPD02464500HPCPHT19770800170020800 00120A 2500 00120P 
HPD02464500HPCPHT19770900010020100 00000g 2500 00000  
HPD02464500HPCPHT19770900110031200 00010  1700 00020  2500 00030  
HPD02464500HPCPHT19771000010020100 00000g 2500 00000  
HPD02464500HPCPHT19771000060020200 00010  2500 00010  
HPD02464500HPCPHT19771000190021700 00020  2500 00020  
HPD02464500HPCPHT19771000200021500 00020  2500 00020  
HPD02464500HPCPHT19771000210041500 00010  1600 00010  1800 00010  2500 00030  
HPD02464500HPCPHT19771100010020100 00000g 2500 00000  
HPD02464500HPCPHT19771100060061400 00010  1500 00010  1700 00010  2100 00010  2200 00010  2500 00050  
HPD02464500HPCPHT19771100070020400 00010  2500 00010  
HPD02464500HPCPHT19771200010020100 00000g 2500 00000  
HPD02464500HPCPHT19771200180021200 00010  2500 00010  
HPD02464500HPCPHT19771200260030900 00010  1900 00010  2500 00020  
HPD02464500HPCPHT19771200270020100 00010  2500 00010  
HPD02464500HPCPHT19771200280040500 00010  0900 00010  2400 99999a 2500 00020I 
HPD02464500HPCPHT19771200310022400 00100A 2500 00100P 
HPD02464500HPCPHT19780100010020100 00000g 2500 00000  
HPD02464500HPCPHT19780100030021700 99999[ 2500 00000I 
HPD02464500HPCPHT19780100040050900 99999] 2100 00010  2200 00010  2300 00010  2500 00030I 
HPD02464500HPCPHT19780100090021700 99999a 2500 00000I 
HPD02464500HPCPHT19780100310022400 00330A 2500 00330P 
HPD02464500HPCPHT19780200010020100 99999[ 2500 00000I 
HPD02464500HPCPHT19780200280022400 99999] 2500 00000I 
HPD02464500HPCPHT19780300010020100 99999[ 2500 00000I 
HPD02464500HPCPHT19780300020051800 99999] 1900 00010  2300 00010  2400 00010  2500 00030I 
HPD02464500HPCPHT19780300040060800 00010  1300 00010  2200 00010  2300 00020  2400 00040  2500 00090  
HPD02464500HPCPHT19780300050020100 00020  2500 00020  
HPD02464500HPCPHT19780300110040800 00010  2200 00010  2300 00010  2500 00030  
HPD02464500HPCPHT19780300120021400 00010  2500 00010  
HPD02464500HPCPHT19780300220032000 00010  2100 00010  2500 00020  
HPD02464500HPCPHT19780300310050700 00010  0900 00010  1000 00010  1500 00010  2500 00040  
HPD02464500HPCPHT19780400010060100 00000g 0600 00030  0700 00020  0800 00010  1500 00010  2500 00070  
HPD02464500HPCPHT19780400040022400 00010  2500 00010  
HPD02464500HPCPHT19780400070021100 00010  2500 00010  
HPD02464500HPCPHT19780400080021800 00010  2500 00010  
HPD02464500HPCPHT19780400090020700 00010  2500 00010  
HPD02464500HPCPHT19780400160020700 00020  2500 00020  
HPD02464500HPCPHT19780400300032200 00020  2300 00010  2500 00030  
HPD02464500HPCPHT19780500010020100 00000g 2500 00000  
HPD02464500HPCPHT19780500020021000 00010  2500 00010  
HPD02464500HPCPHT19780600010020100 00000g 2500 00000  
HPD02464500HPCPHT19780700010020100 00000g 2500 00000  
HPD02464500HPCPHT19780700170030800 00040  0900 00010  2500 00050  
HPD02464500HPCPHT19780700260030100 00010  0500 00010  2500 00020  
HPD02464500HPCPHT19780700270021400 00020  2500 00020  
HPD02464500HPCPHT19780800010020100 00000g 2500 00000  
HPD02464500HPCPHT19780800030022000 00030  2500 00030  
HPD02464500HPCPHT19780800070022000 00010  2500 00010  
HPD02464500HPCPHT19780800080022300 00010  2500 00010  
HPD02464500HPCPHT19780800090022100 00030  2500 00030  
HPD02464500HPCPHT19780800120022300 00010  2500 00010  
HPD02464500HPCPHT19780900010020100 00000g 2500 00000  
HPD02464500HPCPHT19780900160031400 00020  1500 00010  2500 00030  
HPD02464500HPCPHT19781000010020100 00000g 2500 00000  
HPD02464500HPCPHT19781000200040400 00010  0600 00010  0900 00010  2500 00030  
HPD02464500HPCPHT19781000210050600 00030  0700 00010  1100 00010  1300 00010  2500 00060  
HPD02464500HPCPHT19781000240020300 00010  2500 00010  
HPD02464500HPCPHT19781000300021800 00010  2500 00010  
HPD02464500HPCPHT19781100010020100 00000g 2500 00000  
HPD02464500HPCPHT19781100110020800 99999a 2500 00000I 
HPD02464500HPCPHT19781100250020800 00200A 2500 00200P 
HPD02464500HPCPHT19781200010050100 00000g 1800 00010  1900 00010  2200 00010  2500 00030  
HPD02464500HPCPHT19781200170100400 00010  0600 00010  0700 00010  0800 00010  0900 00010  1200 00010  1600 00010  1800 00010  2100 00010  2500 00090  
HPD02464500HPCPHT19781200180040500 00020  0800 00010  0900 00010  2500 00040  
HPD02464500HPCPHT19790100010020100 99999[ 2500 00000I 
HPD02464500HPCPHT19790100310022400 99999] 2500 00000I 
HPD02464500HPCPHT19790200010040100 00000g 0900 00010  1100 00020  2500 00030  
HPD02464500HPCPHT19790200020020200 00010  2500 00010  
HPD02464500HPCPHT19790200210030800 00010  1000 00020  2500 00030  
HPD02464500HPCPHT19790300010030100 00000g 2200 00010  2500 00010  
HPD02464500HPCPHT19790300180022200 00010  2500 00010  
HPD02464500HPCPHT19790300190071100 00010  1200 00020  1500 00010  1700 00010  1800 00010  2200 00010  2500 00070  
HPD02464500HPCPHT19790300200051200 00010  1600 00010  2000 00010  2100 00010  2500 00040  
HPD02464500HPCPHT19790300210031300 00010  1400 00010  2500 00020  
HPD02464500HPCPHT19790300220021400 00010  2500 00010  
HPD02464500HPCPHT19790300270032000 00010  2200 00010  2500 00020  
HPD02464500HPCPHT19790300280060400 00010  0700 00010  1000 00010  1500 00020  1800 00010  2500 00060  
HPD02464500HPCPHT19790400010020100 00000g 2500 00000  
HPD02464500HPCPHT19790500010020100 00000g 2500 00000  
HPD02464500HPCPHT19790500260020700 00010  2500 00010  
HPD02464500HPCPHT19790600010020100 00000g 2500 00000  
HPD02464500HPCPHT19790600080030300 00010  1300 00010  2500 00020  
HPD02464500HPCPHT19790700010020100 00000g 2500 00000  
HPD02464500HPCPHT19790700190031900 00010  2300 00010  2500 00020  
HPD02464500HPCPHT19790700200080200 00010  0300 00020  0400 00020  0500 00010  0600 00010  1600 00040  1800 00010  2500 00120  
HPD02464500HPCPHT19790800010020100 99999[ 2500 00000I 
HPD02464500HPCPHT19790800220021300 99999] 2500 00000I 
HPD02464500HPCPHT19790900010020100 00000g 2500 00000  
HPD02464500HPCPHT19791000010020100 00000g 2500 00000  
HPD02464500HPCPHT19791000200041900 00010  2000 00030  2200 00010  2500 00050  
HPD02464500HPCPHT19791100010020100 00000g 2500 00000  
HPD02464500HPCPHT19791200010020100 00000g 2500 00000  
HPD02464500HPCPHT19791200210021200 00010  2500 00010  
HPD02464500HPCPHT19791200260090100 00010  0200 00010  0300 00020  0500 00010  1100 00010  1300 00010  1500 00010  1600 00010  2500 00090  
HPD02464500HPCPHT19800100010020100 00000g 2500 00000  
HPD02464500HPCPHT19800100090061000 00010  1200 00010  1700 00010  1900 00010  2000 00010  2500 00050  
HPD02464500HPCPHT19800100100030700 00010  2000 00010  2500 00020  
HPD02464500HPCPHT19800100110070200 00010  0400 00010  0600 00010  0800 00010  0900 00010  1500 00010  2500 00060  
HPD02464500HPCPHT19800100140022100 00020  2500 00020  
HPD02464500HPCPHT19800100180071100 00010  1200 00010  1400 00010  1500 00010  1700 00010  2300 00010  2500 00060  
HPD02464500HPCPHT19800100190040400 00010  0700 00010  1800 00010  2500 00030  
HPD02464500HPCPHT19800100280022200 00010  2500 00010  
HPD02464500HPCPHT19800100290060300 00010  0800 00010  1500 00010  2300 00020  2400 00020  2500 00070  
HPD02464500HPCPHT19800100300030200 00010  0300 00010  2500 00020  
HPD02464500HPCPHT19800200010020100 00000g 2500 00000  
HPD02464500HPCPHT19800200130041600 00010  1700 00010  2000 00010  2500 00030  
HPD02464500HPCPHT19800200140060300 00020  0500 00010  0800 00010  1400 00010  2000 00010  2500 00060  
HPD02464500HPCPHT19800200150021400 00020  2500 00020  
HPD02464500HPCPHT19800200160032000 00010  2300 00010  2500 00020  
HPD02464500HPCPHT19800200180021300 00010  2500 00010  
HPD02464500HPCPHT19800200190051400 00010  1700 00010  2000 00020  2200 00010  2500 00050  
HPD02464500HPCPHT19800200200020100 00010  2500 00010  
HPD02464500HPCPHT19800200210020300 00010  2500 00010  
HPD02464500HPCPHT19800300010020100 00000g 2500 00000  
HPD02464500HPCPHT19800300030040500 00030  0600 00010  1800 00010  2500 00050  
HPD02464500HPCPHT19800300060051200 00010  1400 00010  1600 00020  1900 00010  2500 00050  
HPD02464500HPCPHT19800300100042100 00010  2200 00010  2400 00010  2500 00030  
HPD02464500HPCPHT19800300110020400 00010  2500 00010  
HPD02464500HPCPHT19800400010020100 00000g 2500 00000  
HPD02464500HPCPHT19800400290021500 00010  2500 00010  
HPD02464500HPCPHT19800500010020100 00000g 2500 00000  
HPD02464500HPCPHT19800500100022000 00010  2500 00010  
HPD02464500HPCPHT19800500140021700 00040  2500 00040  
HPD02464500HPCPHT19800500220021700 00010  2500 00010  
HPD02464500HPCPHT19800600010020100 00000g 2500 00000  
HPD02464500HPCPHT19800700010040100 00000g 1100 00010  2000 00020  2500 00030  
HPD02464500HPCPHT19800700020021100 00010  2500 00010  
HPD02464500HPCPHT19800700070050900 00010  1100 00020  2300 00010  2400 00010  2500 00050  
HPD02464500HPCPHT19800700230021800 00010  2500 00010  
HPD02464500HPCPHT19800700290020700 00010  2500 00010  
HPD02464500HPCPHT19800700300021400 00010  2500 00010  
HPD02464500HPCPHT19800800010020100 00000g 2500 00000  
HPD02464500HPCPHT19800800110021900 00010  2500 00010  
HPD02464500HPCPHT19800800240022400 00030  2500 00030  
HPD02464500HPCPHT19800800250020100 00010  2500 00010  
HPD02464500HPCPHT19800900010020100 00000g 2500 00000  
HPD02464500HPCPHT19800900040021800 00010  2500 00010  
HPD02464500HPCPHT19800900090031400 00010  1500 00010  2500 00020  
HPD02464500HPCPHT19801000010020100 00000g 2500 00000  
HPD02464500HPCPHT19801000120021600 00010  2500 00010  
HPD02464500HPCPHT19801000260020600 00010  2500 00010  
HPD02464500HPCPHT19801100010020100 00000g 2500 00000  
HPD02464500HPCPHT19801200010020100 00000g 2500 00000  
HPD02464500HPCPHT19801200070030300 00010  1700 00010  2500 00020  
HPD02464500HPCPHT19810100010020100 00000g 2500 00000  
HPD02464500HPCPHT19810100110021500 00010  2500 00010  
HPD02464500HPCPHT19810100280021500 00010  2500 00010  
HPD02464500HPCPHT19810100300030400 00010  0500 00010  2500 00020  
HPD02464500HPCPHT19810200010020100 99999[ 2500 00000I 
HPD02464500HPCPHT19810200280022400 99999] 2500 00000I 
HPD02464500HPCPHT19810300010020100 99999[ 2500 00000I 
HPD02464500HPCPHT19810300060021400 99999] 2500 00000I 
HPD02464500HPCPHT19810300130031600 00010  2100 00010  2500 00020  
HPD02464500HPCPHT19810300140020800 00010  2500 00010  
HPD02464500HPCPHT19810300200030300 99999a 0500 00030A 2500 00030  
HPD02464500HPCPHT19810400010020100 00000g 2500 00000  
HPD02464500HPCPHT19810400020021600 00010  2500 00010  
HPD02464500HPCPHT19810400030020100 99999[ 2500 00000I 
HPD02464500HPCPHT19810400300022400 99999] 2500 00000I 
HPD02464500HPCPHT19810500010020100 00000g 2500 00000  
HPD02464500HPCPHT19810500270020400 00010  2500 00010  
HPD02464500HPCPHT19810500280021600 00010  2500 00010  
HPD02464500HPCPHT19810600010020100 00000g 2500 00000  
HPD02464500HPCPHT19810700010020100 00000g 2500 00000  
HPD02464500HPCPHT19810700150021000 00010  2500 00010  
HPD02464500HPCPHT19810800010020100 00000g 2500 00000  
HPD02464500HPCPHT19810800080020800 99999[ 2500 00000I 
HPD02464500HPCPHT19810800260020900 99999] 2500 00000I 
HPD02464500HPCPHT19810900010020100 00000g 2500 00000  
HPD02464500HPCPHT19810900040022400 00010  2500 00010  
HPD02464500HPCPHT19810900050030200 00010  2400 00030  2500 00040  
HPD02464500HPCPHT19810900060070200 00020  0300 00010  0400 00010  0500 00010  0600 00010  1200 00010  2500 00070  
HPD02464500HPCPHT19810900140021600 00010  2500 00010  
HPD02464500HPCPHT19810900150021600 00010  2500 00010  
HPD02464500HPCPHT19810900180021600 00010  2500 00010  
HPD02464500HPCPHT19811000010050100 00000g 1100 00010  1200 00010  1900 00010  2500 00030  
HPD02464500HPCPHT19811000280021400 00010  2500 00010  
HPD02464500HPCPHT19811100010020100 00000g 2500 00000  
HPD02464500HPCPHT19811100270030500 00010  0800 00010  2500 00020  
HPD02464500HPCPHT19811100280031400 00020  1500 00020  2500 00040  
HPD02464500HPCPHT19811200010020100 00000g 2500 00000  
HPD02464500HPCPHT19820100010030100 00000g 1300 00010  2500 00010  
HPD02464500HPCPHT19820100050020900 00010  2500 00010  
HPD02464500HPCPHT19820100100022200 00010  2500 00010  
HPD02464500HPCPHT19820100210040200 00010  0800 00020  1700 00010  2500 00040  
HPD02464500HPCPHT19820100280022000 00010  2500 00010  
HPD02464500HPCPHT19820200010020100 00000g 2500 00000  
HPD02464500HPCPHT19820200100091500 00010  1800 00010  1900 00010  2000 00010  2100 00010  2200 00020  2300 00010  2400 00010  2500 00090  
HPD02464500HPCPHT19820200110030100 00020  0200 00010  2500 00030  
HPD02464500HPCPHT19820200170021900 00010  2500 00010  
HPD02464500HPCPHT19820300010020100 00000g 2500 00000  
HPD02464500HPCPHT19820300020021000 00010  2500 00010  
HPD02464500HPCPHT19820300110041400 00010  1500 00010  1700 00010  2500 00030  
HPD02464500HPCPHT19820300140032100 00030  2400 00010  2500 00040  
HPD02464500HPCPHT19820300150020400 00010  2500 00010  
HPD02464500HPCPHT19820300180080600 00010  0800 00010  0900 00020  1000 00020  1100 00010  1200 00010  1500 00010  2500 00090  
HPD02464500HPCPHT19820300260021000 00010  2500 00010  
HPD02464500HPCPHT19820400010050100 00000g 1700 00010  1800 00010  2000 00010  2500 00030  
HPD02464500HPCPHT19820400220020300 00010  2500 00010  
HPD02464500HPCPHT19820500010030100 00000g 2200 00010  2500 00010  
HPD02464500HPCPHT19820500030021000 00010  2500 00010  
HPD02464500HPCPHT19820600010020100 00000g 2500 00000  
HPD02464500HPCPHT19820700010020100 00000g 2500 00000  
HPD02464500HPCPHT19820800010020100 99999[ 2500 00000I 
HPD02464500HPCPHT19820800310022400 99999] 2500 00000I 
HPD02464500HPCPHT19820900010020100 99999[ 2500 00000I 
HPD02464500HPCPHT19820900130031400 99999] 1600 00040  2500 00040I 
HPD02464500HPCPHT19820900160021800 00010  2500 00010  
HPD02464500HPCPHT19821000010020100 00000g 2500 00000  
HPD02464500HPCPHT19821000260021900 00020  2500 00020  
HPD02464500HPCPHT19821000270020800 00010  2500 00010  
HPD02464500HPCPHT19821000300022200 00010  2500 00010  
HPD02464500HPCPHT19821100010020100 00000g 2500 00000  
HPD02464500HPCPHT19821100020021100 99999[ 2500 00000I 
HPD02464500HPCPHT19821100300022400 99999] 2500 00000I 
HPD02464500HPCPHT19821200010020100 99999[ 2500 00000I 
HPD02464500HPCPHT19821200310022400 99999] 2500 00000I 
HPD02464500HPCPHT19830100010020100 99999[ 2500 00000I 
HPD02464500HPCPHT19830100310022400 99999] 2500 00000I 
HPD02464500HPCPHT19830200010020100 99999[ 2500 00000I 
HPD02464500HPCPHT19830200280022400 99999] 2500 00000I 
HPD02464500HPCPHT19830300010020100 99999[ 2500 00000I 
HPD02464500HPCPHT19830300310022400 99999] 2500 00000I 
HPD02464500HPCPHT19830400010020100 99999[ 2500 00000I 
HPD02464500HPCPHT19830400300022400 99999] 2500 00000I 
HPD02464500HPCPHT19830500010020100 99999[ 2500 00000I 
HPD02464500HPCPHT19830500310022400 99999] 2500 00000I 
HPD02464500HPCPHT19830600010020100 00000g 2500 00000  
HPD02464500HPCPHT19830700010020100 00000g 2500 00000  
HPD02464500HPCPHT19830700080021900 00010  2500 00010  
HPD02464500HPCPHT19830700310020200 00010  2500 00010  
HPD02464500HPCPHT19830800010020100 00000g 2500 00000  
HPD02464500HPCPHT19830800060042100 00040  2300 00010  2400 00010  2500 00060  
HPD02464500HPCPHT19830800070030100 00010  0200 00010  2500 00020  
HPD02464500HPCPHT19830800080021400 00010  2500 00010  
HPD02464500HPCPHT19830800100030600 00070  0700 00010  2500 00080  
HPD02464500HPCPHT19830800110031400 00100  1500 00030  2500 00130  
HPD02464500HPCPHT19830800150020900 00010  2500 00010  
HPD02464500HPCPHT19830800160031900 00030  2000 00040  2500 00070  
HPD02464500HPCPHT19830800170080900 00030  1100 00010  1200 00020  1300 00010  2200 00020  2300 00010  2400 00010  2500 00110  
HPD02464500HPCPHT19830900010020100 00000g 2500 00000  
HPD02464500HPCPHT19830900070020100 00010  2500 00010  
HPD02464500HPCPHT19830900120021300 99999[ 2500 00000I 
HPD02464500HPCPHT19830900300022400 99999] 2500 00000I 
HPD02464500HPCPHT19831000010020100 99999[ 2500 00000I 
HPD02464500HPCPHT19831000100021700 99999] 2500 00000I 
HPD02464500HPCPHT19831100010020100 00000g 2500 00000  
HPD02464500HPCPHT19831100200021800 00010  2500 00010  
HPD02464500HPCPHT19831100250040500 00010  0600 00010  0700 00010  2500 00030  
HPD02464500HPCPHT19831200010030100 00000g 1700 00010  2500 00010  
HPD02464500HPCPHT19831200240032200 00010  2400 00010  2500 00020  
HPD02464500HPCPHT19831200250041100 00030  1200 00010  2100 00010  2500 00050  
HPD02464500HPCPHT19831200280020100 00010  2500 00010  
HPD02464500HPCPHT19840100010020100 99999[ 2500 00000I 
HPD02464500HPCPHT19840100310022400 99999] 2500 00000I 
HPD02464500HPCPHT19840200010020100 00000g 2500 00000  
HPD02464500HPCPHT19840300010020100 00000g 2500 00000  
HPD02464500HPCPHT19840300310021600 00010  2500 00010  
HPD02464500HPCPHT19840400010020100 00000g 2500 00000  
HPD02464500HPCPHT19840400080022100 00010  2500 00010  
HPD02464500HPCPHT19840400120021800 99999{ 2500 00000P 
HPD02464500HPCPHT19840400300022400 99999} 2500 00000P 
HPD02464500HPCPHT19840500010030100 99999{ 0900 99999} 2500 00000P 
HPD02464500HPCPHT19840500040021100 99999[ 2500 00000I 
HPD02464500HPCPHT19840500140021000 99999] 2500 00000I 
HPD02464500HPCPHT19840500150021700 00010  2500 00010  
HPD02464500HPCPHT19840600010030100 00000g 0800 99999a 2500 00000I 
HPD02464500HPCPHT19840600300022400 99999A 2500 00000I 
HPD02464500HPCPHT19840700010020100 99999, 2500 00000I 
HPD02464500HPCPHT19840700050030700 00150A 0800 99999{ 2500 00150P 
HPD02464500HPCPHT19840700310022400 99999} 2500 00000P 
HPD02464500HPCPHT19840800010020100 99999{ 2500 00000P 
HPD02464500HPCPHT19840800310022400 99999} 2500 00000P 
HPD02464500HPCPHT19840900010020100 99999{ 2500 00000P 
HPD02464500HPCPHT19840900120020900 99999} 2500 00000P 
HPD02464500HPCPHT19840900170021600 00030  2500 00030  
HPD02464500HPCPHT19840900300021700 00010  2500 00010  
HPD02464500HPCPHT19841000010020100 00000g 2500 00000  
HPD02464500HPCPHT19841100010020100 00000g 2500 00000  
HPD02464500HPCPHT19841100240022400 00010  2500 00010  
HPD02464500HPCPHT19841100250030200 00020  0300 00010  2500 00030  
HPD02464500HPCPHT19841200010020100 00000g 2500 00000  
HPD02464500HPCPHT19841200030031900 00010  2200 00010  2500 00020  
HPD02464500HPCPHT19841200050020500 99999{ 2500 00000P 
HPD02464500HPCPHT19841200080021000 99999} 2500 00000P 
HPD02464500HPCPHT19841200130052000 00010  2100 00010  2300 00010  2400 00010  2500 00040  
HPD02464500HPCPHT19841200140080100 00010  0200 00010  0400 00010  0600 00010  0700 00010  0900 00010  1400 00010  2500 00070  
HPD02464500HPCPHT19841200150050200 00010  0400 00020  0600 00010  0700 00010  2500 00050  
HPD02464500HPCPHT19841200250050300 00010  0700 00010  1200 00070  1800 99999{ 2500 00090P 
HPD02464500HPCPHT19841200310022400 99999} 2500 00000P 
HPD02464500HPCPHT19850100010020100 99999{ 2500 00000P 
HPD02464500HPCPHT19850100310022400 99999} 2500 00000P 
HPD02464500HPCPHT19850200010020100 99999[ 2500 00000I 
HPD02464500HPCPHT19850200270020900 99999] 2500 00000I 
HPD02464500HPCPHT19850300010020100 00000g 2500 00000  
HPD02464500HPCPHT19850300020021500 00010  2500 00010  
HPD02464500HPCPHT19850300140021400 00010  2500 00010  
HPD02464500HPCPHT19850300150021200 00010  2500 00010  
HPD02464500HPCPHT19850300280031900 00010  2000 00010  2500 00020  
HPD02464500HPCPHT19850300290020900 00010  2500 00010  
HPD02464500HPCPHT19850400010020100 00000g 2500 00000  
HPD02464500HPCPHT19850400020021400 00010  2500 00010  
HPD02464500HPCPHT19850400180021400 00010  2500 00010  
HPD02464500HPCPHT19850400270020600 00010  2500 00010  
HPD02464500HPCPHT19850500010020100 00000g 2500 00000  
HPD02464500HPCPHT19850600010020100 00000g 2500 00000  
HPD02464500HPCPHT19850600070021400 00010  2500 00010  
HPD02464500HPCPHT19850700010020100 00000g 2500 00000  
HPD02464500HPCPHT19850700180090900 00010  1000 00010  1100 00110  1200 00030  1300 00010  1400 00020  1500 00010  1600 00010  2500 00210  
HPD02464500HPCPHT19850700190032000 00030  2200 00010  2500 00040  
HPD02464500HPCPHT19850800010020100 00000g 2500 00000  
HPD02464500HPCPHT19850900010020100 00000g 2500 00000  
HPD02464500HPCPHT19850900180040800 00010  1000 00010  1600 00020  2500 00040  
HPD02464500HPCPHT19851000010020100 00000g 2500 00000  
HPD02464500HPCPHT19851000060021600 00010  2500 00010  
HPD02464500HPCPHT19851000090051000 00010  1100 00020  1200 00010  1300 00010  2500 00050  
HPD02464500HPCPHT19851000100020200 00010  2500 00010  
HPD02464500HPCPHT19851100010020100 00000g 2500 00000  
HPD02464500HPCPHT19851100110081800 00010  1900 00020  2000 00020  2100 00020  2200 00020  2300 00020  2400 00010  2500 00120  
HPD02464500HPCPHT19851100120080100 00010  0400 00010  0600 00010  0700 00010  1600 00010  1700 00010  2000 00020  2500 00080  
HPD02464500HPCPHT19851100250040500 00010  0800 00010  1400 00010  2500 00030  
HPD02464500HPCPHT19851100290051200 00010  2000 00030  2100 00030  2200 00010  2500 00080  
HPD02464500HPCPHT19851200010020100 00000g 2500 00000  
HPD02464500HPCPHT19851200020021500 00010  2500 00010  
HPD02464500HPCPHT19860100010020100 00000g 2500 00000  
HPD02464500HPCPHT19860100140022100 00010  2500 00010  
HPD02464500HPCPHT19860100150020900 99999{ 2500 00000P 
HPD02464500HPCPHT19860100310022400 99999} 2500 00000P 
HPD02464500HPCPHT19860200010020100 99999{ 2500 00000P 
HPD02464500HPCPHT19860200280022400 99999} 2500 00000P 
HPD02464500HPCPHT19860300010020100 00000g 2500 00000  
HPD02464500HPCPHT19860300100020200 99999{ 2500 00000P 
HPD02464500HPCPHT19860300200021100 99999} 2500 00000P 
HPD02464500HPCPHT19860300220021300 00010  2500 00010  
HPD02464500HPCPHT19860300280022000 00010  2500 00010  
HPD02464500HPCPHT19860400010060100 00000g 0600 00010  0700 00010  0900 00010  2100 00010  2500 00040  
HPD02464500HPCPHT19860500010020100 00000g 2500 00000  
HPD02464500HPCPHT19860500300021900 00010  2500 00010  
HPD02464500HPCPHT19860500310022200 00020  2500 00020  
HPD02464500HPCPHT19860600010020100 00000g 2500 00000  
HPD02464500HPCPHT19860700010020100 00000g 2500 00000  
HPD02464500HPCPHT19860700200021600 00010  2500 00010  
HPD02464500HPCPHT19860800010020100 00000g 2500 00000  
HPD02464500HPCPHT19860800110041500 00030  1600 00070  2200 00010  2500 00110  
HPD02464500HPCPHT19860800270031200 00010  2400 00010  2500 00020  
HPD02464500HPCPHT19860900010020100 00000g 2500 00000  
HPD02464500HPCPHT19860900230081100 00010  1200 00020  1300 00010  1400 00020  1500 00030  1600 00010  1700 00010  2500 00110  
HPD02464500HPCPHT19861000010020100 00000g 2500 00000  
HPD02464500HPCPHT19861000090022300 00010  2500 00010  
HPD02464500HPCPHT19861100010020100 00000g 2500 00000  
HPD02464500HPCPHT19861100180060600 00030  0700 00020  1000 00010  1100 00010  1200 00010  2500 00080  
HPD02464500HPCPHT19861200010020100 00000g 2500 00000  
HPD02464500HPCPHT19861200060050500 00010  1000 00010  2200 00010  2300 00010  2500 00040  
HPD02464500HPCPHT19861200070070100 00010  0400 00010  0500 00010  0600 00010  0700 00010  1000 00010  2500 00060  
HPD02464500HPCPHT19861200200050500 00020  0600 00020  0700 00010  0800 00010  2500 00060  
HPD02464500HPCPHT19870100010020100 00000g 2500 00000  
HPD02464500HPCPHT19870100050060300 00010  0400 00010  0500 00010  0600 00010  0800 00010  2500 00050  
HPD02464500HPCPHT19870100070021500 00010  2500 00010  
HPD02464500HPCPHT19870100280020500 00010  2500 00010  
HPD02464500HPCPHT19870200010020100 00000g 2500 00000  
HPD02464500HPCPHT19870200090031100 99999{ 1400 99999} 2500 00000P 
HPD02464500HPCPHT19870200210030900 99999{ 1200 99999} 2500 00000P 
HPD02464500HPCPHT19870200230031200 00010  2200 00020  2500 00030  
HPD02464500HPCPHT19870200240031100 00010  1400 00010  2500 00020  
HPD02464500HPCPHT19870200250060500 00010  0900 00010  1500 00010  1800 00010  2300 00010  2500 00050  
HPD02464500HPCPHT19870300010020100 00000g 2500 00000  
HPD02464500HPCPHT19870300070022200 00010  2500 00010  
HPD02464500HPCPHT19870300150030900 00010  2300 00010  2500 00020  
HPD02464500HPCPHT19870300210032200 00020  2300 00010  2500 00030  
HPD02464500HPCPHT19870400010020100 00000g 2500 00000  
HPD02464500HPCPHT19870400260021500 00010  2500 00010  
HPD02464500HPCPHT19870400270021400 00020  2500 00020  
HPD02464500HPCPHT19870500010020100 00000g 2500 00000  
HPD02464500HPCPHT19870500080021500 00010  2500 00010  
HPD02464500HPCPHT19870500150021100 00010  2500 00010  
HPD02464500HPCPHT19870500160020600 00010  2500 00010  
HPD02464500HPCPHT19870500260021200 00010  2500 00010  
HPD02464500HPCPHT19870600010020100 00000g 2500 00000  
HPD02464500HPCPHT19870600040032100 00010  2300 00010  2500 00020  
HPD02464500HPCPHT19870600060030700 00010  1100 00010  2500 00020  
HPD02464500HPCPHT19870700010020100 00000g 2500 00000  
HPD02464500HPCPHT19870700200022100 00010E 2500 00010  
HPD02464500HPCPHT19870800010020100 00000g 2500 00000  
HPD02464500HPCPHT19870800020031800 00070  1900 00020  2500 00090  
HPD02464500HPCPHT19870800040021700 00010  2500 00010  
HPD02464500HPCPHT19870800060021900 00010  2500 00010  
HPD02464500HPCPHT19870800230021900 00020  2500 00020  
HPD02464500HPCPHT19870800250022000 00010  2500 00010  
HPD02464500HPCPHT19870900010030100 00000g 1700 00010  2500 00010  
HPD02464500HPCPHT19870900050020200 00010  2500 00010  
HPD02464500HPCPHT19870900220021800 00010  2500 00010  
HPD02464500HPCPHT19870900230021400 00010  2500 00010  
HPD02464500HPCPHT19871000010020100 00000g 2500 00000  
HPD02464500HPCPHT19871000120020800 99999{ 2500 00000P 
HPD02464500HPCPHT19871000310022400 99999} 2500 00000P 
HPD02464500HPCPHT19871100010040100 00000g 1400 00010  1500 00010  2500 00020  
HPD02464500HPCPHT19871200010020100 00000g 2500 00000  
HPD02464500HPCPHT19871200050050200 00010  0300 00010  0400 00020  1200 00010  2500 00050  
HPD02464500HPCPHT19871200170050600 00010  0900 00010  1200 00010  1400 00010  2500 00040  
HPD02464500HPCPHT19871200190021600 00010  2500 00010  
HPD02464500HPCPHT19880100010020100 00000g 2500 00000  
HPD02464500HPCPHT19880100050021900 00010  2500 00010  
HPD02464500HPCPHT19880100170060700 00010  1000 00010  1700 00020  1800 00030  1900 00010  2500 00080  
HPD02464500HPCPHT19880100180020200 00010  2500 00010  
HPD02464500HPCPHT19880200010020100 00000g 2500 00000  
HPD02464500HPCPHT19880200020120400 00010  0500 00010  0600 00010  0800 00010  1000 00010  1200 00010  1400 00010  1500 00010  1700 00010  1800 00010  2000 00010  2500 00110  
HPD02464500HPCPHT19880300010020100 00000g 2500 00000  
HPD02464500HPCPHT19880400010020100 00000g 2500 00000  
HPD02464500HPCPHT19880400150051100 00010  1700 00010  1800 00010  1900 00010  2500 00040  
HPD02464500HPCPHT19880400170021600 00010  2500 00010  
HPD02464500HPCPHT19880400200032300 00020  2400 00010  2500 00030  
HPD02464500HPCPHT19880400210100300 00020  0400 00020  0500 00010  1100 00010  1400 00010  1600 00010  1700 00010  1800 00010  1900 00010  2500 00110  
HPD02464500HPCPHT19880400220030100 00010  0200 00010  2500 00020  
HPD02464500HPCPHT19880400230022100 00010  2500 00010  
HPD02464500HPCPHT19880500010020100 00000g 2500 00000  
HPD02464500HPCPHT19880600010020100 00000g 2500 00000  
HPD02464500HPCPHT19880700010020100 00000g 2500 00000  
HPD02464500HPCPHT19880700210021700 00010  2500 00010  
HPD02464500HPCPHT19880700220022000 00010  2500 00010  
HPD02464500HPCPHT19880700270041900 00020  2000 00010  2100 00020  2500 00050  
HPD02464500HPCPHT19880700290021600 00020  2500 00020  
HPD02464500HPCPHT19880700310020100 00010  2500 00010  
HPD02464500HPCPHT19880800010030100 00000g 1700 00010  2500 00010  
HPD02464500HPCPHT19880800050020800 00010  2500 00010  
HPD02464500HPCPHT19880800180021600 00010  2500 00010  
HPD02464500HPCPHT19880800190021700 00010  2500 00010  
HPD02464500HPCPHT19880800200032300 00020  2400 00090  2500 00110  
HPD02464500HPCPHT19880800210030100 00030  0200 00010  2500 00040  
HPD02464500HPCPHT19880800270020900 00010  2500 00010  
HPD02464500HPCPHT19880800290052100 00120  2200 00020  2300 00010  2400 00010  2500 00160  
HPD02464500HPCPHT19880800310021700 00010  2500 00010  
HPD02464500HPCPHT19880900010020100 00000g 2500 00000  
HPD02464500HPCPHT19880900020021900 00010  2500 00010  
HPD02464500HPCPHT19881000010020100 00000g 2500 00000  
HPD02464500HPCPHT19881100010020100 00000g 2500 00000  
HPD02464500HPCPHT19881100140021500 00010  2500 00010  
HPD02464500HPCPHT19881100250050900 00010  1100 00010  1600 00010  1900 00010  2500 00040  
HPD02464500HPCPHT19881200010020100 00000g 2500 00000  
HPD02464500HPCPHT19881200210021100 00010  2500 00010  
HPD02464500HPCPHT19881200250030100 00010  0500 00010  2500 00020  
HPD02464500HPCPHT19890100010020100 00000g 2500 00000  
HPD02464500HPCPHT19890100040110100 00020  0200 00020  0300 00010  0800 00010  0900 00010  1000 00010  1300 00020  1400 00010  1800 00010  2200 00010  2500 00130  
HPD02464500HPCPHT19890100060030600 00010  0700 00010  2500 00020  
HPD02464500HPCPHT19890100240031700 00020  1900 00010  2500 00030  
HPD02464500HPCPHT19890200010020100 00000g 2500 00000  
HPD02464500HPCPHT19890200040051800 00020  1900 00010  2000 00010  2100 00010  2500 00050  
HPD02464500HPCPHT19890300010020100 00000g 2500 00000  
HPD02464500HPCPHT19890300250032300 00020  2400 00020  2500 00040  
HPD02464500HPCPHT19890300260020300 00010  2500 00010  
HPD02464500HPCPHT19890400010020100 00000g 2500 00000  
HPD02464500HPCPHT19890500010020100 00000g 2500 00000  
HPD02464500HPCPHT19890500140021200 00010  2500 00010  
HPD02464500HPCPHT19890600010020100 00000g 2500 00000  
HPD02464500HPCPHT19890700010020100 00000g 2500 00000  
HPD02464500HPCPHT19890700110020800 00010  2500 00010  
HPD02464500HPCPHT19890800010020100 00000g 2500 00000  
HPD02464500HPCPHT19890900010020100 00000g 2500 00000  
HPD02464500HPCPHT19890900240020200 99999[ 2500 00000I 
HPD02464500HPCPHT19890900300022400 99999] 2500 00000I 
HPD02464500HPCPHT19891000010020100 00000g 2500 00000  
HPD02464500HPCPHT19891000210031100 00010  1200 00010  2500 00020  
HPD02464500HPCPHT19891000250021400 00010  2500 00010  
HPD02464500HPCPHT19891100010020100 00000g 2500 00000  
HPD02464500HPCPHT19891200010020100 00000g 2500 00000  
HPD02464500HPCPHT19891200070020100 99999{ 2500 00000P 
HPD02464500HPCPHT19891200310022400 99999} 2500 00000P 
HPD02464500HPCPHT19900100010020100 99999{ 2500 00000P 
HPD02464500HPCPHT19900100070031300 99999} 1400 99999[ 2500 00000P 
HPD02464500HPCPHT19900100150021300 99999] 2500 00000I 
HPD02464500HPCPHT19900100170080200 00010  0800 00010  0900 00010  1000 00010  1100 00010  1200 00020  1700 00010  2500 00080  
HPD02464500HPCPHT19900100310040900 00010  1300 00010  1500 00010  2500 00030  
HPD02464500HPCPHT19900200010020100 00000g 2500 00000  
HPD02464500HPCPHT19900200020021200 00010  2500 00010  
HPD02464500HPCPHT19900200140030900 00010  1400 00010  2500 00020  
HPD02464500HPCPHT19900200180051900 00020  2100 00020  2300 00020  2400 00010  2500 00070  
HPD02464500HPCPHT19900200190021000 00010  2500 00010  
HPD02464500HPCPHT19900300010020100 00000g 2500 00000  
HPD02464500HPCPHT19900300110041200 00030  1300 00010  1400 00010  2500 00050  
HPD02464500HPCPHT19900300300021400 00010  2500 00010  
HPD02464500HPCPHT19900300310020100 00010  2500 00010  
HPD02464500HPCPHT19900400010030100 00000g 1500 00010  2500 00010  
HPD02464500HPCPHT19900400040021600 00010  2500 00010  
HPD02464500HPCPHT19900400240030500 00010  0600 00010  2500 00020  
HPD02464500HPCPHT19900500010020100 00000g 2500 00000  
HPD02464500HPCPHT19900500270100600 00010  0700 00010  0800 00010  0900 00010  1000 00010  1100 00030  1700 00040  1800 00010  2000 00020  2500 00150  
HPD02464500HPCPHT19900500280020800 00010  2500 00010  
HPD02464500HPCPHT19900600010020100 00000g 2500 00000  
HPD02464500HPCPHT19900600090031900 00010  2200 00030  2500 00040  
HPD02464500HPCPHT19900700010020100 00000g 2500 00000  
HPD02464500HPCPHT19900700080090100 00010  0200 00020  0300 00020  0400 00040  0500 00010  0600 00010  0700 00010  0800 00010  2500 00130  
HPD02464500HPCPHT19900700120021600 00010  2500 00010  
HPD02464500HPCPHT19900700130042100 00070  2200 00130  2300 00010  2500 00210  
HPD02464500HPCPHT19900700140030100 00020  0200 00020  2500 00040  
HPD02464500HPCPHT19900800010020100 00000g 2500 00000  
HPD02464500HPCPHT19900800060021500 00010  2500 00010  
HPD02464500HPCPHT19900800090022000 00010  2500 00010  
HPD02464500HPCPHT19900800100031800 00020  2000 00010  2500 00030  
HPD02464500HPCPHT19900800130021700 00030  2500 00030  
HPD02464500HPCPHT19900800140022300 00010  2500 00010  
HPD02464500HPCPHT19900800150020500 00010  2500 00010  
HPD02464500HPCPHT19900900010020100 00000g 2500 00000  
HPD02464500HPCPHT19900900030041700 00040  1800 00020  2200 00010  2500 00070  
HPD02464500HPCPHT19900900220031100 00030  1400 00010  2500 00040  
HPD02464500HPCPHT19901000010030100 00000g 1400 00040  2500 00040  
HPD02464500HPCPHT19901000020020100 00010  2500 00010  
HPD02464500HPCPHT19901100010020100 00000g 2500 00000  
HPD02464500HPCPHT19901100200030400 00030  0500 00010  2500 00040  
HPD02464500HPCPHT19901100270021200 00010  2500 00010  
HPD02464500HPCPHT19901200010020100 00000g 2500 00000  
HPD02464500HPCPHT19910100010020100 00000g 2500 00000  
HPD02464500HPCPHT19910100030051300 00010  1800 00010  2100 00010  2300 00010  2500 00040  
HPD02464500HPCPHT19910100040070100 00020  0200 00010  0300 00020  0400 00010  0700 00010  1000 00010  2500 00080  
HPD02464500HPCPHT19910100050040100 00010  0200 00010  0300 00010  2500 00030  
HPD02464500HPCPHT19910100100021500 00010  2500 00010  
HPD02464500HPCPHT19910200010020100 00000g 2500 00000  
HPD02464500HPCPHT19910200280070100 00010  0200 00010  0300 00010  0600 00010  1700 00010  2100 00010  2500 00060  
HPD02464500HPCPHT19910300010110100 00000g 0600 00010  0800 00010  0900 00010  1000 00010  1100 00010  1300 00010  1400 00050  1500 00010  1700 00010  2500 00130  
HPD02464500HPCPHT19910300130032300 00010  2400 00010  2500 00020  
HPD02464500HPCPHT19910300140020100 00010  2500 00010  
HPD02464500HPCPHT19910300150041300 00010  1600 00010  1700 00030  2500 00050  
HPD02464500HPCPHT19910300190040700 00010  0800 00010  1300 00010  2500 00030  
HPD02464500HPCPHT19910300200041600 00010  1700 00010  2400 00010  2500 00030  
HPD02464500HPCPHT19910300210021400 00010  2500 00010  
HPD02464500HPCPHT19910300220021000 00010  2500 00010  
HPD02464500HPCPHT19910300250022000 00010  2500 00010  
HPD02464500HPCPHT19910300260070700 00010  0800 00020  0900 00010  1000 00010  1100 00020  1400 00010  2500 00080  
HPD02464500HPCPHT19910300270031200 00010  1300 00010  2500 00020  
HPD02464500HPCPHT19910300290021700 00010  2500 00010  
HPD02464500HPCPHT19910400010020100 00000g 2500 00000  
HPD02464500HPCPHT19910500010020100 00000g 2500 00000  
HPD02464500HPCPHT19910600010050100 00000g 0500 00020  0600 00010  0700 00010  2500 00040  
HPD02464500HPCPHT19910700010020100 00000g 2500 00000  
HPD02464500HPCPHT19910700070021500 00010  2500 00010  
HPD02464500HPCPHT19910700080020200 00010  2500 00010  
HPD02464500HPCPHT19910700310021600 00010  2500 00010  
HPD02464500HPCPHT19910800010020100 00000g 2500 00000  
HPD02464500HPCPHT19910800100041900 00010  2000 00030  2100 00010  2500 00050  
HPD02464500HPCPHT19910800110020300 00010  2500 00010  
HPD02464500HPCPHT19910800220031500 00010  1600 00010  2500 00020  
HPD02464500HPCPHT19910800230031800 00010  1900 00030  2500 00040  
HPD02464500HPCPHT19910800250021800 00010  2500 00010  
HPD02464500HPCPHT19910900010020100 00000g 2500 00000  
HPD02464500HPCPHT19910900040021700 00010  2500 00010  
HPD02464500HPCPHT19910900050020900 99999{ 2500 00000P 
HPD02464500HPCPHT19910900060020800 99999} 2500 00000P 
HPD02464500HPCPHT19910900220021700 00010  2500 00010  
HPD02464500HPCPHT19910900280020900 99999{ 2500 00000P 
HPD02464500HPCPHT19910900290020800 99999} 2500 00000P 
HPD02464500HPCPHT19911000010020100 00000g 2500 00000  
HPD02464500HPCPHT19911000120032000 00010  2200 00010  2500 00020  
HPD02464500HPCPHT19911000270040400 00010  0500 00010  0600 00010  2500 00030  
HPD02464500HPCPHT19911000300021000 00010  2500 00010  
HPD02464500HPCPHT19911100010020100 00000g 2500 00000  
HPD02464500HPCPHT19911100150050300 00010  0500 00010  0800 00010  1300 00010  2500 00040  
HPD02464500HPCPHT19911200010020100 00000g 2500 00000  
HPD02464500HPCPHT19911200100020900 00010  2500 00010  
HPD02464500HPCPHT19911200190041100 00010  1200 00010  1400 00010  2500 00030  
HPD02464500HPCPHT19911200290032300 00010  2400 00010  2500 00020  
HPD02464500HPCPHT19911200300040100 00010  0800 00010  1200 00020  2500 00040  
HPD02464500HPCPHT19920100010020100 00000g 2500 00000  
HPD02464500HPCPHT19920100030061400 00010  1600 00010  1700 00010  1800 00010  2000 00010  2500 00050  
HPD02464500HPCPHT19920100060050100 00020  0200 00020  0300 00020  0500 00010  2500 00070  
HPD02464500HPCPHT19920100120021200 00010  2500 00010  
HPD02464500HPCPHT19920200010020100 00000g 2500 00000  
HPD02464500HPCPHT19920200070040500 00010  1400 00010  2400 00010  2500 00030  
HPD02464500HPCPHT19920200100030900 00020  1300 00010  2500 00030  
HPD02464500HPCPHT19920200130080300 00010  0400 00010  0600 00010  0700 00020  0800 00020  1100 00010  1700 00010  2500 00090  
HPD02464500HPCPHT19920200150042000 00030  2100 00020  2200 00010  2500 00060  
HPD02464500HPCPHT19920300010020100 00000g 2500 00000  
HPD02464500HPCPHT19920300020031900 00020  2000 00010  2500 00030  
HPD02464500HPCPHT19920300030021500 00010  2500 00010  
HPD02464500HPCPHT19920300070032100 00010  2300 00010  2500 00020  
HPD02464500HPCPHT19920300080140100 00010  0200 00010  0300 00010  0400 00010  0500 00010  0700 00010  1000 00010  1300 00010  1600 00010  1700 00010  1900 00010  2100 00010  2200 00010  2500 00130  
HPD02464500HPCPHT19920300090030100 00010  0200 00010  2500 00020  
HPD02464500HPCPHT19920300200032300 00020  2400 00030  2500 00050  
HPD02464500HPCPHT19920300210070100 00010  0200 00010  1000 00010  1600 00020  1700 00010  1800 00010  2500 00070  
HPD02464500HPCPHT19920300230031600 00020  1800 00010  2500 00030  
HPD02464500HPCPHT19920300260022400 00010  2500 00010  
HPD02464500HPCPHT19920300270030200 00010  1100 00010  2500 00020  
HPD02464500HPCPHT19920300280020800 00010  2500 00010  
HPD02464500HPCPHT19920300300041800 00040  1900 00010  2400 00020  2500 00070  
HPD02464500HPCPHT19920300310020100 00010  2500 00010  
HPD02464500HPCPHT19920400010020100 00000g 2500 00000  
HPD02464500HPCPHT19920500010020100 00000g 2500 00000  
HPD02464500HPCPHT19920500030020900 99999{ 2500 00000P 
HPD02464500HPCPHT19920500060020800 99999} 2500 00000P 
HPD02464500HPCPHT19920500210021500 00010  2500 00010  
HPD02464500HPCPHT19920500230022000 00010  2500 00010  
HPD02464500HPCPHT19920500240021900 00010  2500 00010  
HPD02464500HPCPHT19920500290022300 00010  2500 00010  
HPD02464500HPCPHT19920500300031500 00010  2300 00020  2500 00030  
HPD02464500HPCPHT19920600010020100 00000g 2500 00000  
HPD02464500HPCPHT19920600030020100 00010  2500 00010  
HPD02464500HPCPHT19920700010020100 00000g 2500 00000  
HPD02464500HPCPHT19920800010020100 00000g 2500 00000  
HPD02464500HPCPHT19920800040020900 99999{ 2500 00000P 
HPD02464500HPCPHT19920800050050500 99999} 0600 00010  1400 00010  1500 99999{ 2500 00020P 
HPD02464500HPCPHT19920800060030800 99999} 1600 00010  2500 00010P 
HPD02464500HPCPHT19920800230020900 00010  2500 00010  
HPD02464500HPCPHT19920800300021600 00010  2500 00010  
HPD02464500HPCPHT19920900010020100 00000g 2500 00000  
HPD02464500HPCPHT19921000010020100 00000g 2500 00000  
HPD02464500HPCPHT19921000240060400 00040  0500 00010  0600 00010  1500 00020  1800 00030  2500 00110  
HPD02464500HPCPHT19921000280030600 00010  0700 00030  2500 00040  
HPD02464500HPCPHT19921000300032300 00040  2400 00010  2500 00050  
HPD02464500HPCPHT19921100010020100 00000g 2500 00000  
HPD02464500HPCPHT19921200010020100 00000g 2500 00000  
HPD02464500HPCPHT19921200040030500 00010  0900 00010  2500 00020  
HPD02464500HPCPHT19921200070022400 00010  2500 00010  
HPD02464500HPCPHT19921200080030300 00010  0400 00010  2500 00020  
HPD02464500HPCPHT19921200180030500 00010  0800 00010  2500 00020  
HPD02464500HPCPHT19921200270032200 00010  2400 00010  2500 00020  
HPD02464500HPCPHT19921200280080100 00010  0200 00010  0300 00010  0400 00010  0600 00020  0700 00010  0900 00010  2500 00080  
HPD02464500HPCPHT19930100010020100 00000g 2500 00000  
HPD02464500HPCPHT19930100060070400 00010  1300 00010  1600 00010  1700 00010  2100 00010  2400 00010  2500 00060  
HPD02464500HPCPHT19930100070090700 00010  0800 00010  0900 00010  1100 00010  1200 00010  2100 00010  2200 00010  2400 00010  2500 00080  
HPD02464500HPCPHT19930100080060100 00010  0200 00030  0400 00010  0600 00010  0800 00010  2500 00070  
HPD02464500HPCPHT19930100100061300 00010  1800 00010  1900 00020  2000 00020  2200 00010  2500 00070  
HPD02464500HPCPHT19930100120022200 00010  2500 00010  
HPD02464500HPCPHT19930100140020600 00010  2500 00010  
HPD02464500HPCPHT19930100150031700 00010  2200 00010  2500 00020  
HPD02464500HPCPHT19930100160080500 00010  0700 00010  1500 00010  1600 00010  1700 00030  1800 00020  1900 00020  2500 00110  
HPD02464500HPCPHT19930100170021700 00010  2500 00010  
HPD02464500HPCPHT19930100180031200 00010  1700 00020  2500 00030  
HPD02464500HPCPHT19930100190020600 00010  2500 00010  
HPD02464500HPCPHT19930100300060800 00010  0900 00010  1000 00010  1100 00030  1400 00010  2500 00070  
HPD02464500HPCPHT19930200010020100 00000g 2500 00000  
HPD02464500HPCPHT19930200080200100 00010  0500 00010  0600 00010  0700 00010  0800 00010  0900 00010  1000 00010  1100 00010  1200 00020  1300 00010  1400 00010  1500 00020  1600 00030  1700 00010  2000 00010  2100 00010  2200 00010  2300 00010  2400 00010  2500 00230  
HPD02464500HPCPHT19930200180032000 00010  2200 00010  2500 00020  
HPD02464500HPCPHT19930200190031100 00020  2400 00010  2500 00030  
HPD02464500HPCPHT19930200200040100 00010  1000 00010  1500 00020  2500 00040  
HPD02464500HPCPHT19930200230032300 00010  2400 00010  2500 00020  
HPD02464500HPCPHT19930200240040100 00020  0200 00020  0600 00010  2500 00050  
HPD02464500HPCPHT19930200270032000 00020  2300 00020  2500 00040  
HPD02464500HPCPHT19930200280030300 00010  1900 00010  2500 00020  
HPD02464500HPCPHT19930300010020100 00000g 2500 00000  
HPD02464500HPCPHT19930300260031800 00010  2300 00010  2500 00020  
HPD02464500HPCPHT19930300270020300 00010  2500 00010  
HPD02464500HPCPHT19930300280020800 00010  2500 00010  
HPD02464500HPCPHT19930400010020100 00000g 2500 00000  
HPD02464500HPCPHT19930500010020100 00000g 2500 00000  
HPD02464500HPCPHT19930500140022200 00010  2500 00010  
HPD02464500HPCPHT19930500150021300 00010  2500 00010  
HPD02464500HPCPHT19930500160020800 00010  2500 00010  
HPD02464500HPCPHT19930600010020100 00000g 2500 00000  
HPD02464500HPCPHT19930600050022200 00010  2500 00010  
HPD02464500HPCPHT19930700010020100 00000g 2500 00000  
HPD02464500HPCPHT19930800010020100 00000g 2500 00000  
HPD02464500HPCPHT19930800030022400 99999{ 2500 00000P 
HPD02464500HPCPHT19930800110031100 99999} 1200 99999[ 2500 00000P 
HPD02464500HPCPHT19930800170021300 99999] 2500 00000I 
HPD02464500HPCPHT19930800290021600 00020  2500 00020  
HPD02464500HPCPHT19930800300022100 00010  2500 00010  
HPD02464500HPCPHT19930900010020100 00000g 2500 00000  
HPD02464500HPCPHT19931000010020100 00000g 2500 00000  
HPD02464500HPCPHT19931000050021400 00010  2500 00010  
HPD02464500HPCPHT19931000060020600 00010  2500 00010  
HPD02464500HPCPHT19931000070022100 99999[ 2500 00000I 
HPD02464500HPCPHT19931000310022400 99999] 2500 00000I 
