HPD02157402HPCPHT20090100010030100 00000g 1200 00010  2500 00010  
HPD02157402HPCPHT20090100040030900 00010  1800 00010  2500 00020  
HPD02157402HPCPHT20090100060021900 00010  2500 00010  
HPD02157402HPCPHT20090100080021300 00010  2500 00010  
HPD02157402HPCPHT20090100090021300 00010  2500 00010  
HPD02157402HPCPHT20090100220040900 00010  1000 00010  1400 00010  2500 00030  
HPD02157402HPCPHT20090100240020700 00010  2500 00010  
HPD02157402HPCPHT20090200010020100 00000g 2500 00000  
HPD02157402HPCPHT20090200080050600 00010  0800 00010  1100 00010  1300 00010  2500 00040  
HPD02157402HPCPHT20090200090091300 00010  1700 00010  1900 00010  2000 00010  2100 00020  2200 00010  2300 00020  2400 00010  2500 00100  
HPD02157402HPCPHT20090200100021400 00010  2500 00010  
HPD02157402HPCPHT20090200110031200 00010  1300 00010  2500 00020  
HPD02157402HPCPHT20090200170030800 00010  1300 00010  2500 00020  
HPD02157402HPCPHT20090300010030100 00000g 1200 00010  2500 00010  
HPD02157402HPCPHT20090300080021300 00010  2500 00010  
HPD02157402HPCPHT20090300100031300 00010  1600 00010  2500 00020  
HPD02157402HPCPHT20090300160021100 00010  2500 00010  
HPD02157402HPCPHT20090400010030100 00000g 1400 00010  2500 00010  
HPD02157402HPCPHT20090400020021600 00010  2500 00010  
HPD02157402HPCPHT20090400030022000 00010  2500 00010  
HPD02157402HPCPHT20090400060031600 00010  1700 00010  2500 00020  
HPD02157402HPCPHT20090400100021100 00010  2500 00010  
HPD02157402HPCPHT20090400110020400 00010  2500 00010  
HPD02157402HPCPHT20090400120031100 00010  1200 00010  2500 00020  
HPD02157402HPCPHT20090400130031100 00010  1500 00010  2500 00020  
HPD02157402HPCPHT20090400180021800 00010  2500 00010  
HPD02157402HPCPHT20090500010020100 00000g 2500 00000  
HPD02157402HPCPHT20090500150022300 00010  2500 00010  
HPD02157402HPCPHT20090500200031400 00030  1500 00010  2500 00040  
HPD02157402HPCPHT20090500210021400 00010  2500 00010  
HPD02157402HPCPHT20090500220070100 00010  0500 00010  0900 00010  1000 00050  1100 00010  1400 00010  2500 00100  
HPD02157402HPCPHT20090500230050800 00010  1200 00010  1600 00010  1900 00010  2500 00040  
HPD02157402HPCPHT20090500280031700 00010  1800 00010  2500 00020  
HPD02157402HPCPHT20090500310022400 00010  2500 00010  
HPD02157402HPCPHT20090600010020100 00000g 2500 00000  
HPD02157402HPCPHT20090600170022200 00010  2500 00010  
HPD02157402HPCPHT20090600200020300 00010  2500 00010  
HPD02157402HPCPHT20090600280022400 00010  2500 00010  
HPD02157402HPCPHT20090700010040100 00000g 2000 00010  2200 00010  2500 00020  
HPD02157402HPCPHT20090700020041000 00010  1500 00020  1600 00010  2500 00040  
HPD02157402HPCPHT20090700030021200 00010  2500 00010  
HPD02157402HPCPHT20090700040031000 00010  1100 00010  2500 00020  
HPD02157402HPCPHT20090700080022000 00010  2500 00010  
HPD02157402HPCPHT20090700140021500 00010  2500 00010  
HPD02157402HPCPHT20090700200021400 00080  2500 00080  
HPD02157402HPCPHT20090700210031100 00020  1200 00020  2500 00040  
HPD02157402HPCPHT20090700220041100 00010  1900 00010  2000 00060  2500 00080  
HPD02157402HPCPHT20090700230041000 00010  1100 00020  1700 00040  2500 00070  
HPD02157402HPCPHT20090700240021800 00030  2500 00030  
HPD02157402HPCPHT20090700250021500 00040  2500 00040  
HPD02157402HPCPHT20090700310031800 00010  1900 00010  2500 00020  
HPD02157402HPCPHT20090800010030100 00000g 1000 00010  2500 00010  
HPD02157402HPCPHT20090800120031300 00010  1600 00010  2500 00020  
HPD02157402HPCPHT20090800140031100 00030  1200 00010  2500 00040  
HPD02157402HPCPHT20090800270021900 00010  2500 00010  
HPD02157402HPCPHT20090900010020100 00000g 2500 00000  
HPD02157402HPCPHT20090900020021100 99999[ 2500 00000I 
HPD02157402HPCPHT20090900110020800 99999] 2500 00000I 
HPD02157402HPCPHT20090900160031500 00010  1700 00010  2500 00020  
HPD02157402HPCPHT20090900190021200 00020  2500 00020  
HPD02157402HPCPHT20090900200021200 00010  2500 00010  
HPD02157402HPCPHT20091000010020100 00000g 2500 00000  
HPD02157402HPCPHT20091000070030600 00010  1200 00010  2500 00020  
HPD02157402HPCPHT20091000120022400 00010  2500 00010  
HPD02157402HPCPHT20091000140021100 00010  2500 00010  
HPD02157402HPCPHT20091000190021800 00010  2500 00010  
HPD02157402HPCPHT20091000270032300 00010  2400 00010  2500 00020  
HPD02157402HPCPHT20091100010030100 00000g 1200 00010  2500 00010  
HPD02157402HPCPHT20091100030021300 99999[ 2500 00000I 
HPD02157402HPCPHT20091100150021000 99999] 2500 00000I 
HPD02157402HPCPHT20091200010030100 00000g 1300 00010  2500 00010  
HPD02157402HPCPHT20091200070071300 00010  1500 00010  1700 00010  2000 00010  2100 00010  2300 00010  2500 00060  
HPD02157402HPCPHT20091200080030200 00010  2200 00010  2500 00020  
HPD02157402HPCPHT20091200090021300 00020  2500 00020  
HPD02157402HPCPHT20091200130031400 00010  2200 00010  2500 00020  
HPD02157402HPCPHT20091200220051600 00010  1700 00010  1800 00010  2000 00010  2500 00040  
HPD02157402HPCPHT20091200230040800 00010  1000 00010  1600 00010  2500 00030  
