HPD02058600HPCPHI19491200010040100 00000g 1300 99999[ 2400 99999] 2500 00000I 
HPD02058600HPCPHI19491200090081800 00002  1900 00002  2000 00001  2100 00003  2200 00006  2300 00009  2400 00007  2500 00030  
HPD02058600HPCPHI19491200100080200 00002  0300 00001  0400 00001  0700 00004  1000 00013  1100 00002  1400 00002  2500 00025  
HPD02058600HPCPHI19491200110060200 00001  0400 00001  0800 00003  0900 00001  1000 00001  2500 00007  
HPD02058600HPCPHI19491200160051400 00001  1500 00001  1700 00002  1800 00005  2500 00009  
HPD02058600HPCPHI19491200190041500 00004  1600 00012  1700 00003  2500 00019  
HPD02058600HPCPHI19491200200021200 00003  2500 00003  
HPD02058600HPCPHI19500100010040100 00000g 1300 99999[ 2400 99999] 2500 00000I 
HPD02058600HPCPHI19500100090020500 00004  2500 00004  
HPD02058600HPCPHI19500100120040600 00002  0700 00013  0800 00005  2500 00020  
HPD02058600HPCPHI19500100130030500 00001  0600 00005  2500 00006  
HPD02058600HPCPHI19500100290080200 00001  0300 00001  0600 00001  0700 00003  0800 00004  0900 00004  1000 00006  2500 00020  
HPD02058600HPCPHI19500200010040100 00000g 1300 99999[ 2400 99999] 2500 00000I 
HPD02058600HPCPHI19500200060022400 00002  2500 00002  
HPD02058600HPCPHI19500200070070100 00003  0900 00001  1000 00001  1100 00001  1200 00005  1300 00001  2500 00012  
HPD02058600HPCPHI19500200100042200 00001  2300 00016  2400 00009  2500 00026  
HPD02058600HPCPHI19500200110070100 00002  0200 00010  0300 00005  0400 00014  0500 00001  0700 00003  2500 00035  
HPD02058600HPCPHI19500200260061300 00003  1400 00003  1500 00004  1600 00002  1700 00001  2500 00013  
HPD02058600HPCPHI19500200280040500 00001  0600 00001  0700 00001  2500 00003  
HPD02058600HPCPHI19500300010030100 00000g 1700 00004  2500 00004  
HPD02058600HPCPHI19500300240042200 00005  2300 00011  2400 00005  2500 00021  
HPD02058600HPCPHI19500300250040100 00004  0200 00004  0300 00001  2500 00009  
HPD02058600HPCPHI19500400010040100 00000g 1300 99999[ 2400 99999] 2500 00000I 
HPD02058600HPCPHI19500400070080700 00003  0800 00006  1000 00004  1100 00002  1200 00002  1300 00001  1400 00001  2500 00019  
HPD02058600HPCPHI19500500010020100 00000g 2500 00000  
HPD02058600HPCPHI19500600010020100 00000g 2500 00000  
HPD02058600HPCPHI19500700010020100 00000g 2500 00000  
HPD02058600HPCPHI19500700050050300 00017  0400 00081  0500 00001  2100 00007  2500 00106  
HPD02058600HPCPHI19500700060121000 00001  1100 00034  1200 00004  1400 00007  1500 00006  1600 00010  1700 00001  1900 00002  2000 00002  2100 00001  2400 00001  2500 00069  
HPD02058600HPCPHI19500700070070100 00001  0300 00001  1000 00001  1100 00005  1200 00006  1300 00001  2500 00015  
HPD02058600HPCPHI19500700080040600 00007  0800 00010  0900 00006  2500 00023  
HPD02058600HPCPHI19500700090020200 00020  2500 00020  
HPD02058600HPCPHI19500700170020300 00002  2500 00002  
HPD02058600HPCPHI19500700220021500 00002  2500 00002  
HPD02058600HPCPHI19500700230021300 00028  2500 00028  
HPD02058600HPCPHI19500700240091400 00031  1500 00006  1600 00008  1700 00010  1800 00002  1900 00003  2000 00002  2300 00001  2500 00063  
HPD02058600HPCPHI19500700260041000 00001  1100 00009  1200 00018  2500 00028  
HPD02058600HPCPHI19500800010020100 00000g 2500 00000  
HPD02058600HPCPHI19500800110022400 00005  2500 00005  
HPD02058600HPCPHI19500800120020100 00004  2500 00004  
HPD02058600HPCPHI19500800190022000 00002  2500 00002  
HPD02058600HPCPHI19500800270021900 00005  2500 00005  
HPD02058600HPCPHI19500900010020100 00000g 2500 00000  
HPD02058600HPCPHI19500900050022200 00015  2500 00015  
HPD02058600HPCPHI19500900060060900 00001  1000 00008  1100 00005  2200 00001  2400 00008  2500 00023  
HPD02058600HPCPHI19500900070030100 00002  0200 00018  2500 00020  
HPD02058600HPCPHI19501000010020100 00000g 2500 00000  
HPD02058600HPCPHI19501100010020100 00000g 2500 00000  
HPD02058600HPCPHI19501100140060500 00005  0600 00001  0800 00002  1300 00002  1400 00002  2500 00012  
HPD02058600HPCPHI19501200010020100 00000g 2500 00000  
HPD02058600HPCPHI19510100010020100 99999a 2500 00000I 
HPD02058600HPCPHI19510100310022400 99999A 2500 00000I 
HPD02058600HPCPHI19510200010020100 99999, 2500 00000I 
HPD02058600HPCPHI19510200280022400 99999A 2500 00000I 
HPD02058600HPCPHI19510300010020100 99999, 2500 00000I 
HPD02058600HPCPHI19510300310022400 00391A 2500 00391P 
HPD02058600HPCPHI19510400010020100 00000g 2500 00000  
HPD02058600HPCPHI19510500010020100 00000g 2500 00000  
HPD02058600HPCPHI19510600010020100 00000g 2500 00000  
HPD02058600HPCPHI19510700010020100 00000g 2500 00000  
HPD02058600HPCPHI19510800010020100 00000g 2500 00000  
HPD02058600HPCPHI19510900010020100 00000g 2500 00000  
HPD02058600HPCPHI19511000010020100 00000g 2500 00000  
HPD02058600HPCPHI19511000250041900 00007  2000 00012  2100 00002  2500 00021  
HPD02058600HPCPHI19511000260021000 00005  2500 00005  
HPD02058600HPCPHI19511000300140700 00006  0800 00002  1000 00001  1100 00003  1300 00001  1400 00004  1600 00008  1700 00007  1800 00033  1900 00035  2000 00025  2100 00011  2200 00004  2500 00140  
HPD02058600HPCPHI19511100010020100 00000g 2500 00000  
HPD02058600HPCPHI19511100220021500 00005  2500 00005  
HPD02058600HPCPHI19511100230110100 00011  0200 00010  0300 00010  0400 00014  1900 00003  2000 00002  2100 00008  2200 00003  2300 00001  2400 00001  2500 00063  
HPD02058600HPCPHI19511100240060100 00009  0200 00004  0300 00003  0400 00004  0800 00008  2500 00028  
HPD02058600HPCPHI19511200010020100 00000g 2500 00000  
HPD02058600HPCPHI19511200050040500 00006  0600 00019  0700 00007  2500 00032  
HPD02058600HPCPHI19511200120050900 00007  1000 00005  1200 00002  1300 00002  2500 00016  
HPD02058600HPCPHI19511200130021100 00005  2500 00005  
HPD02058600HPCPHI19511200190070800 00005  0900 00018  1000 00005  1600 00006  1700 00004  1800 00002  2500 00040  
HPD02058600HPCPHI19511200290150100 00002  0200 00003  0400 00003  0900 00002  1000 00001  1100 00001  1200 00001  1300 00002  1400 00001  2000 00001  2100 00001  2200 00001  2300 00001  2400 00001  2500 00021  
HPD02058600HPCPHI19511200300160200 00006  0300 00005  0400 00011  0500 00006  0600 00008  0700 00012  0800 00010  0900 00012  1000 00011  1100 00009  1200 00010  1300 00015  1400 00005  2200 00001  2300 00005  2500 00126  
HPD02058600HPCPHI19520100010020100 00000g 2500 00000  
HPD02058600HPCPHI19520100060032300 00004  2400 00009  2500 00013  
HPD02058600HPCPHI19520100070050100 00010  0200 00005  0300 00001  0900 00001  2500 00017  
HPD02058600HPCPHI19520100130070900 00005  1000 00020  1100 00012  1200 00008  1300 00005  1400 00002  2500 00052  
HPD02058600HPCPHI19520100170081600 00002  1700 00006  1800 00008  1900 00008  2000 00006  2100 00010  2200 00012  2500 00052  
HPD02058600HPCPHI19520100180040300 00010  0400 00025  0500 00001  2500 00036  
HPD02058600HPCPHI19520200010020100 00000g 2500 00000  
HPD02058600HPCPHI19520200110060200 00002  0300 00002  0400 00002  0500 00002  0600 00002  2500 00010  
HPD02058600HPCPHI19520300010020100 99999[ 2500 00000I 
HPD02058600HPCPHI19520300310022400 99999] 2500 00000I 
HPD02058600HPCPHI19520400010020100 00000g 2500 00000  
HPD02058600HPCPHI19520400190051900 00002  2000 00010  2200 00003  2400 00003  2500 00018  
HPD02058600HPCPHI19520400200050300 00002  0400 00005  2300 00003  2400 00002  2500 00012  
HPD02058600HPCPHI19520400210050100 00002  0200 00001  0300 00002  0400 00001  2500 00006  
HPD02058600HPCPHI19520400240061900 00023  2000 00002  2100 00010  2200 00003  2300 00002  2500 00040  
HPD02058600HPCPHI19520400270111400 00010  1500 00015  1600 00007  1700 00001  1900 00002  2000 00002  2100 00001  2200 00001  2300 00002  2400 00005  2500 00046  
HPD02058600HPCPHI19520400280100100 00002  0200 00008  0300 00011  0400 00007  0500 00006  0600 00002  0700 00005  0800 00003  0900 00002  2500 00046  
HPD02058600HPCPHI19520500010020100 00000g 2500 00000  
HPD02058600HPCPHI19520600010020100 00000g 2500 00000  
HPD02058600HPCPHI19520600020091400 00200  1500 00045  1600 00028  1700 00008  1800 00002  2100 00002  2200 00002  2300 00004  2500 00291  
HPD02058600HPCPHI19520700010020100 00000g 2500 00000  
HPD02058600HPCPHI19520700230061500 00003  1600 00001  1700 00005  1800 00003  1900 00001  2500 00013  
HPD02058600HPCPHI19520700260021700 00010  2500 00010  
HPD02058600HPCPHI19520700290021700 00012  2500 00012  
HPD02058600HPCPHI19520800010020100 00000g 2500 00000  
HPD02058600HPCPHI19520800130020800 00005  2500 00005  
HPD02058600HPCPHI19520800140021300 00040  2500 00040  
HPD02058600HPCPHI19520800150021800 00012  2500 00012  
HPD02058600HPCPHI19520800250022200 00030  2500 00030  
HPD02058600HPCPHI19520800260020500 00010  2500 00010  
HPD02058600HPCPHI19520900010020100 00000g 2500 00000  
HPD02058600HPCPHI19520900190070500 00001  1000 00003  1100 00001  1200 00001  2300 00004  2400 00024  2500 00034  
HPD02058600HPCPHI19520900230030300 00002  0400 00016  2500 00018  
HPD02058600HPCPHI19521000010020100 00000g 2500 00000  
HPD02058600HPCPHI19521100010020100 00000g 2500 00000  
HPD02058600HPCPHI19521100070042100 00001  2200 00008  2400 00004  2500 00013  
HPD02058600HPCPHI19521100080050100 00004  0200 00006  0300 00001  0700 00010  2500 00021  
HPD02058600HPCPHI19521100140041400 00009  1600 00002  1700 00005  2500 00016  
HPD02058600HPCPHI19521100150081400 00001  1500 00007  1600 00015  1700 00017  1800 00012  1900 00010  2000 00003  2500 00065  
HPD02058600HPCPHI19521100160100100 00002  0400 00001  0500 00001  0600 00008  0700 00009  0800 00007  1000 00006  1400 00013  1500 00003  2500 00050  
HPD02058600HPCPHI19521100300090100 00006  0200 00002  0300 00003  0400 00004  0500 00004  0600 00004  0700 00004  0900 00001  2500 00028  
HPD02058600HPCPHI19521200010020100 00000g 2500 00000  
HPD02058600HPCPHI19521200160021900 00002  2500 00002  
HPD02058600HPCPHI19521200170110300 00002  0400 00001  0500 00005  0600 00002  1300 00001  1400 00001  1500 00002  1600 00004  1700 00002  1800 00001  2500 00021  
HPD02058600HPCPHI19521200200180500 00001  0600 00002  0700 00010  1100 00002  1200 00002  1300 00002  1400 00006  1500 00002  1600 00003  1700 00003  1800 00002  1900 00002  2000 00002  2100 00004  2200 00008  2300 00016  2400 00008  2500 00075  
HPD02058600HPCPHI19521200300061400 00004  1500 00001  1600 00001  1700 00004  2300 00004  2500 00014  
HPD02058600HPCPHI19521200310030100 99999[ 2400 99999] 2500 00000I 
HPD02058600HPCPHI19530100010020100 00000g 2500 00000  
HPD02058600HPCPHI19530100060110400 00001  0500 00006  0600 00003  0700 00001  1200 00007  1300 00006  1400 00007  1500 00003  1600 00002  1700 00002  2500 00038  
HPD02058600HPCPHI19530100070110400 00001  0500 00006  0600 00003  0700 00001  1200 00007  1300 00006  1400 00007  1500 00003  1600 00002  1700 00002  2500 00038  
HPD02058600HPCPHI19530200010020100 00000g 2500 00000  
HPD02058600HPCPHI19530200230021900 99999a 2500 00000I 
HPD02058600HPCPHI19530200240021800 00036A 2500 00036P 
HPD02058600HPCPHI19530200280030900 99999a 2000 00038A 2500 00038  
HPD02058600HPCPHI19530300010030100 99999a 2400 00015A 2500 00015  
HPD02058600HPCPHI19530400010020100 00000g 2500 00000  
HPD02058600HPCPHI19530400220051200 00004  1300 00015  1400 00020  1500 00001  2500 00040  
HPD02058600HPCPHI19530400280080400 00001  0500 00009  0800 00005  0900 00013  1000 00025  1100 00017  1400 00030  2500 00100  
HPD02058600HPCPHI19530400300030100 99999[ 2400 99999] 2500 00000I 
HPD02058600HPCPHI19530500010020100 00000g 2500 00000  
HPD02058600HPCPHI19530500150071300 00001  1400 00001  1500 00009  1600 00005  1700 00001  2000 00003  2500 00020  
HPD02058600HPCPHI19530500310030100 99999[ 2400 99999] 2500 00000I 
HPD02058600HPCPHI19530600010020100 00000g 2500 00000  
HPD02058600HPCPHI19530600300030100 99999[ 2400 99999] 2500 00000I 
HPD02058600HPCPHI19530700010020100 00000g 2500 00000  
HPD02058600HPCPHI19530700090061300 00001  1500 00025  1800 00027  1900 00002  2100 00003  2500 00058  
HPD02058600HPCPHI19530700110020900 00044  2500 00044  
HPD02058600HPCPHI19530700160031400 00003  1500 00001  2500 00004  
HPD02058600HPCPHI19530700170041600 00007  1700 00001  1800 00001  2500 00009  
HPD02058600HPCPHI19530700210031300 00011  1400 00004  2500 00015  
HPD02058600HPCPHI19530700280021100 00037  2500 00037  
HPD02058600HPCPHI19530700310030100 99999[ 2400 99999] 2500 00000I 
HPD02058600HPCPHI19530800010020100 00000g 2500 00000  
HPD02058600HPCPHI19530800080041900 00001  2000 00002  2100 00001  2500 00004  
HPD02058600HPCPHI19530800130031200 00001  1300 00003  2500 00004  
HPD02058600HPCPHI19530800150051000 00006  1100 00010  1200 00001  1300 00001  2500 00018  
HPD02058600HPCPHI19530800230051000 00017  1100 00100  1400 00005  1500 00002  2500 00124  
HPD02058600HPCPHI19530800260050300 00002  0700 00001  1000 00001  1400 00012  2500 00016  
HPD02058600HPCPHI19530800270050300 00004  0600 00003  1500 00005  2000 00001  2500 00013  
HPD02058600HPCPHI19530800310030100 99999[ 2400 99999] 2500 00000I 
HPD02058600HPCPHI19530900010020100 00000g 2500 00000  
HPD02058600HPCPHI19530900300030100 99999[ 2400 99999] 2500 00000I 
HPD02058600HPCPHI19531000010020100 00000g 2500 00000  
HPD02058600HPCPHI19531000200020100 99999a 2500 00000I 
HPD02058600HPCPHI19531000310022400 99999A 2500 00000I 
HPD02058600HPCPHI19531100010020100 99999, 2500 00000I 
HPD02058600HPCPHI19531100300022400 99999A 2500 00000I 
HPD02058600HPCPHI19531200010020100 99999, 2500 00000I 
HPD02058600HPCPHI19531200310022400 99999A 2500 00000I 
HPD02058600HPCPHI19540100010020100 99999, 2500 00000I 
HPD02058600HPCPHI19540100310022400 99999A 2500 00000I 
HPD02058600HPCPHI19540200010020100 99999, 2500 00000I 
HPD02058600HPCPHI19540200280022400 99999A 2500 00000I 
HPD02058600HPCPHI19540300010020100 99999, 2500 00000I 
HPD02058600HPCPHI19540300310022400 00801A 2500 00801P 
HPD02058600HPCPHI19540400010020100 00000g 2500 00000  
HPD02058600HPCPHI19540400300042200 00002  2300 00002  2400 00001  2500 00005  
HPD02058600HPCPHI19540500010030100 00002  0500 00003  2500 00005  
HPD02058600HPCPHI19540500210030300 00001  0400 00001  2500 00002  
HPD02058600HPCPHI19540500310030100 99999[ 2400 99999] 2500 00000I 
HPD02058600HPCPHI19540600010020100 00000g 2500 00000  
HPD02058600HPCPHI19540600260030600 00032  1000 00012  2500 00044  
HPD02058600HPCPHI19540600300030100 99999[ 2400 99999] 2500 00000I 
HPD02058600HPCPHI19540700010020100 00000g 2500 00000  
HPD02058600HPCPHI19540700110030100 00002  0200 00001  2500 00003  
HPD02058600HPCPHI19540700130020800 00002  2500 00002  
HPD02058600HPCPHI19540700180030200 00013  0300 00005  2500 00018  
HPD02058600HPCPHI19540700220050200 00013  0400 00058  0700 00004  2400 00006  2500 00081  
HPD02058600HPCPHI19540700230050100 00011  0200 00003  2200 00002  2300 00002  2500 00018  
HPD02058600HPCPHI19540700240021000 00016  2500 00016  
HPD02058600HPCPHI19540700310030100 99999[ 2400 99999] 2500 00000I 
HPD02058600HPCPHI19540800010020100 00000g 2500 00000  
HPD02058600HPCPHI19540800040031000 00003  1100 00015  2500 00018  
HPD02058600HPCPHI19540800060020300 00011  2500 00011  
HPD02058600HPCPHI19540800090030200 00003  0300 00001  2500 00004  
HPD02058600HPCPHI19540800100080300 00001  0400 00002  0700 00001  0800 00003  0900 00002  1000 00019  1100 00005  2500 00033  
HPD02058600HPCPHI19540800310020500 00003  2500 00003  
HPD02058600HPCPHI19540900010040100 00000g 0200 00002  0900 00002  2500 00004  
HPD02058600HPCPHI19540900020051200 00005  1300 00009  1400 00001  1500 00001  2500 00016  
HPD02058600HPCPHI19540900070030400 00057  0500 00002  2500 00059  
HPD02058600HPCPHI19540900120040100 00001  0500 00001  1100 00007  2500 00009  
HPD02058600HPCPHI19540900240020200 00003  2500 00003  
HPD02058600HPCPHI19540900300030100 99999[ 2400 99999] 2500 00000I 
HPD02058600HPCPHI19541000010020100 00000g 2500 00000  
HPD02058600HPCPHI19541000030071400 00003  1500 00001  1600 00003  1700 00003  1800 00006  1900 00001  2500 00017  
HPD02058600HPCPHI19541000310030100 99999[ 2400 99999] 2500 00000I 
HPD02058600HPCPHI19541100010020100 00000g 2500 00000  
HPD02058600HPCPHI19541100110031500 99999a 2000 00018A 2500 00018  
HPD02058600HPCPHI19541100300030100 99999[ 2400 99999] 2500 00000I 
HPD02058600HPCPHI19541200010020100 99999a 2500 00000I 
HPD02058600HPCPHI19541200310022400 99999A 2500 00000I 
HPD02058600HPCPHI19550100010020100 99999, 2500 00000I 
HPD02058600HPCPHI19550100310022400 99999A 2500 00000I 
HPD02058600HPCPHI19550200010020100 99999, 2500 00000I 
HPD02058600HPCPHI19550200280022400 99999A 2500 00000I 
HPD02058600HPCPHI19550300010020100 99999, 2500 00000I 
HPD02058600HPCPHI19550300310022400 00403A 2500 00403P 
HPD02058600HPCPHI19550400010020100 00000g 2500 00000  
HPD02058600HPCPHI19550400220031300 00010  1600 00007  2500 00017  
HPD02058600HPCPHI19550400300030100 99999[ 2400 99999] 2500 00000I 
HPD02058600HPCPHI19550500010030100 00000g 1100 00004  2500 00004  
HPD02058600HPCPHI19550500020030100 00003  0200 00001  2500 00004  
HPD02058600HPCPHI19550500310030100 99999[ 2400 99999] 2500 00000I 
HPD02058600HPCPHI19550600010020100 00000g 2500 00000  
HPD02058600HPCPHI19550600130030500 99999a 1800 00114A 2500 00114  
HPD02058600HPCPHI19550600300030100 99999[ 2400 99999] 2500 00000I 
HPD02058600HPCPHI19550700010020100 00000g 2500 00000  
HPD02058600HPCPHI19550700150021300 99999a 2500 00000I 
HPD02058600HPCPHI19550700310021800 00424A 2500 00424P 
HPD02058600HPCPHI19550800010020100 00000g 2500 00000  
HPD02058600HPCPHI19550800020021300 99999a 2500 00000I 
HPD02058600HPCPHI19550800240021800 00360A 2500 00360P 
HPD02058600HPCPHI19550800310030100 99999[ 2400 99999] 2500 00000I 
HPD02058600HPCPHI19550900010020100 00000g 2500 00000  
HPD02058600HPCPHI19550900300030100 99999[ 2400 99999] 2500 00000I 
HPD02058600HPCPHI19551000010020100 00000g 2500 00000  
HPD02058600HPCPHI19551000310030100 99999[ 2400 99999] 2500 00000I 
HPD02058600HPCPHI19551100010020100 00000g 2500 00000  
HPD02058600HPCPHI19551100130090200 00001  0300 00003  0400 00003  0800 00003  0900 00002  1900 00012  2000 00002  2100 00004  2500 00030  
HPD02058600HPCPHI19551100140090300 00008  0400 00012  0700 00017  0800 00007  0900 00003  1000 00002  1200 00002  1300 00002  2500 00053  
HPD02058600HPCPHI19551100170040900 00003  1000 00003  1100 00002  2500 00008  
HPD02058600HPCPHI19551100210032200 00005  2300 00005  2500 00010  
HPD02058600HPCPHI19551100300030100 99999[ 2400 99999] 2500 00000I 
HPD02058600HPCPHI19551200010030100 00000g 2400 00003  2500 00003  
HPD02058600HPCPHI19551200020090100 00002  0200 00011  0300 00012  0400 00007  0500 00006  0600 00012  0700 00001  2100 00002  2500 00053  
HPD02058600HPCPHI19551200270021600 00002  2500 00002  
HPD02058600HPCPHI19551200310030100 99999[ 2400 99999] 2500 00000I 
HPD02058600HPCPHI19560100010020100 00000g 2500 00000  
HPD02058600HPCPHI19560100160021600 00003  2500 00003  
HPD02058600HPCPHI19560100210030600 00003  0900 00003  2500 00006  
HPD02058600HPCPHI19560100260020800 00001  2500 00001  
HPD02058600HPCPHI19560100270020900 00002  2500 00002  
HPD02058600HPCPHI19560100310030100 99999[ 2400 99999] 2500 00000I 
HPD02058600HPCPHI19560200010020100 00000g 2500 00000  
HPD02058600HPCPHI19560200060031400 00002  1500 00001  2500 00003  
HPD02058600HPCPHI19560200080021100 00002  2500 00002  
HPD02058600HPCPHI19560200160100800 00001  0900 00001  1000 00001  1100 00002  1200 00001  1300 00005  1400 00002  1500 00006  1700 00001  2500 00020  
HPD02058600HPCPHI19560200290030100 99999[ 2400 99999] 2500 00000I 
HPD02058600HPCPHI19560300010020100 00000g 2500 00000  
HPD02058600HPCPHI19560400010020100 00000g 2500 00000  
HPD02058600HPCPHI19560500010020100 00000g 2500 00000  
HPD02058600HPCPHI19560600010020100 00000g 2500 00000  
HPD02058600HPCPHI19560600290051800 00002  1900 00001  2000 00021  2100 00002  2500 00026  
HPD02058600HPCPHI19560600300030100 99999[ 2400 99999] 2500 00000I 
HPD02058600HPCPHI19560700010020100 00000g 2500 00000  
HPD02058600HPCPHI19560700190041500 00021  1600 00006  1700 00007  2500 00034  
HPD02058600HPCPHI19560700250041200 00028  1300 00008  1400 00003  2500 00039  
HPD02058600HPCPHI19560700300021500 00032  2500 00032  
HPD02058600HPCPHI19560700310031500 00001  1600 00007  2500 00008  
HPD02058600HPCPHI19560800010020100 00000g 2500 00000  
HPD02058600HPCPHI19560800110041400 00012  1500 00003  1600 00014  2500 00029  
HPD02058600HPCPHI19560800130030900 00002  1000 00004  2500 00006  
HPD02058600HPCPHI19560800150041000 00001  1100 00024  1200 00005  2500 00030  
HPD02058600HPCPHI19560800220021200 00010  2500 00010  
HPD02058600HPCPHI19560900010020100 99999[ 2500 00000I 
HPD02058600HPCPHI19560900300022400 99999] 2500 00000I 
HPD02058600HPCPHI19561000010020100 00000g 2500 00000  
HPD02058600HPCPHI19561000280081400 00001  1800 00004  1900 00006  2000 00005  2100 00001  2200 00002  2300 00007  2500 00026  
HPD02058600HPCPHI19561000310030100 99999[ 2400 99999] 2500 00000I 
HPD02058600HPCPHI19561100010020100 99999a 2500 00000I 
HPD02058600HPCPHI19561100300022400 99999A 2500 00000I 
HPD02058600HPCPHI19561200010020100 99999, 2500 00000I 
HPD02058600HPCPHI19561200310022400 99999A 2500 00000I 
HPD02058600HPCPHI19570100010020100 99999, 2500 00000I 
HPD02058600HPCPHI19570100310022400 99999A 2500 00000I 
HPD02058600HPCPHI19570200010020100 99999, 2500 00000I 
HPD02058600HPCPHI19570200280022400 99999A 2500 00000I 
HPD02058600HPCPHI19570300010020100 99999, 2500 00000I 
HPD02058600HPCPHI19570300310022400 00510A 2500 00510P 
HPD02058600HPCPHI19570400010020100 00000g 2500 00000  
HPD02058600HPCPHI19570400210110400 00001  0500 00001  0700 00002  0800 00006  0900 00009  1000 00010  1100 00008  1200 00007  1300 00007  1400 00005  2500 00056  
HPD02058600HPCPHI19570400220040700 00004  0800 00010  1000 00007  2500 00021  
HPD02058600HPCPHI19570400300030100 99999[ 2400 99999] 2500 00000I 
HPD02058600HPCPHI19570500010020100 00000g 2500 00000  
HPD02058600HPCPHI19570500060021700 00003  2500 00003  
HPD02058600HPCPHI19570500100031000 00005  1100 00004  2500 00009  
HPD02058600HPCPHI19570500110032000 00003  2100 00004  2500 00007  
HPD02058600HPCPHI19570500120030900 00006  1000 00003  2500 00009  
HPD02058600HPCPHI19570500310030100 99999[ 2400 99999] 2500 00000I 
HPD02058600HPCPHI19570600010020100 99999a 2500 00000I 
HPD02058600HPCPHI19570600300022400 99999A 2500 00000I 
HPD02058600HPCPHI19570700010020100 99999, 2500 00000I 
HPD02058600HPCPHI19570700310022400 99999A 2500 00000I 
HPD02058600HPCPHI19570800010020100 99999, 2500 00000I 
HPD02058600HPCPHI19570800310022400 99999A 2500 00000I 
HPD02058600HPCPHI19570900010020100 99999, 2500 00000I 
HPD02058600HPCPHI19570900300022400 00440A 2500 00440P 
HPD02058600HPCPHI19571000010020100 00000g 2500 00000  
HPD02058600HPCPHI19571000110101200 00004  1300 00001  1400 00005  1600 00002  1700 00010  1900 00024  2000 00023  2100 00001  2200 00001  2500 00071  
HPD02058600HPCPHI19571000120020100 99999a 2500 00000I 
HPD02058600HPCPHI19571000310022400 99999A 2500 00000I 
HPD02058600HPCPHI19571100010020100 99999, 2500 00000I 
HPD02058600HPCPHI19571100300022400 99999A 2500 00000I 
HPD02058600HPCPHI19571200010020100 99999, 2500 00000I 
HPD02058600HPCPHI19571200310022400 99999A 2500 00000I 
HPD02058600HPCPHI19580100010020100 99999, 2500 00000I 
HPD02058600HPCPHI19580100310022400 99999A 2500 00000I 
HPD02058600HPCPHI19580200010020100 99999, 2500 00000I 
HPD02058600HPCPHI19580200280022400 99999A 2500 00000I 
HPD02058600HPCPHI19580300010020100 99999, 2500 00000I 
HPD02058600HPCPHI19580300310022400 99999A 2500 00000I 
HPD02058600HPCPHI19580400010020100 99999, 2500 00000I 
HPD02058600HPCPHI19580400080021600 01071A 2500 01071P 
HPD02058600HPCPHI19580400160031400 99999a 1800 00036A 2500 00036  
HPD02058600HPCPHI19580500010020100 00000g 2500 00000  
HPD02058600HPCPHI19580500020041100 00006  1200 00003  1300 00003  2500 00012  
HPD02058600HPCPHI19580500100042100 00002  2200 00002  2300 00001  2500 00005  
HPD02058600HPCPHI19580500110070200 00001  0300 00011  0400 00001  1000 00001  1200 00016  1300 00005  2500 00035  
HPD02058600HPCPHI19580600010020100 00000g 2500 00000  
HPD02058600HPCPHI19580600150021800 00004  2500 00004  
HPD02058600HPCPHI19580600190021400 00003  2500 00003  
HPD02058600HPCPHI19580600200090900 00018  1000 00006  1200 00001  1300 00011  1600 00007  1700 00019  1800 00027  1900 00004  2500 00093  
HPD02058600HPCPHI19580700010020100 00000g 2500 00000  
HPD02058600HPCPHI19580700290040400 00003  0500 00009  0600 00005  2500 00017  
HPD02058600HPCPHI19580800010020100 00000g 2500 00000  
HPD02058600HPCPHI19580800060050700 00021  0800 00001  0900 00003  1900 00008  2500 00033  
HPD02058600HPCPHI19580800120042100 00006  2200 00001  2400 00002  2500 00009  
HPD02058600HPCPHI19580800130020100 00001  2500 00001  
HPD02058600HPCPHI19580800140051000 00003  1900 00004  2000 00002  2400 00001  2500 00010  
HPD02058600HPCPHI19580800150020100 00001  2500 00001  
HPD02058600HPCPHI19580800190061600 00004  1900 00014  2000 00007  2100 00004  2200 00001  2500 00030  
HPD02058600HPCPHI19580800200031600 00010  1700 00002  2500 00012  
HPD02058600HPCPHI19580800210020200 00003  2500 00003  
HPD02058600HPCPHI19580800240021500 00003  2500 00003  
HPD02058600HPCPHI19580800270051600 00001  1800 00002  2100 00001  2200 00001  2500 00005  
HPD02058600HPCPHI19580900010020100 00000g 2500 00000  
HPD02058600HPCPHI19580900040081400 00001  1500 00052  1600 00013  2000 00003  2200 00002  2300 00003  2400 00005  2500 00079  
HPD02058600HPCPHI19580900050020400 00002  2500 00002  
HPD02058600HPCPHI19580900060021700 00009  2500 00009  
HPD02058600HPCPHI19580900120110400 00001  0600 00001  0700 00001  0800 00050  0900 00003  1000 00016  1100 00001  1200 00016  1300 00003  1700 00001  2500 00093  
HPD02058600HPCPHI19580900230040600 00002  0900 00001  1000 00001  2500 00004  
HPD02058600HPCPHI19580900240030800 00015  1000 00001  2500 00016  
HPD02058600HPCPHI19580900280040900 00005  1600 00005  1800 00022  2500 00032  
HPD02058600HPCPHI19581000010020100 00000g 2500 00000  
HPD02058600HPCPHI19581000040031900 00008  2200 00002  2500 00010  
HPD02058600HPCPHI19581000050051000 00001  1100 00001  1200 00001  1300 00002  2500 00005  
HPD02058600HPCPHI19581100010020100 00000g 2500 00000  
HPD02058600HPCPHI19581100150022100 99999a 2500 00000I 
HPD02058600HPCPHI19581100160021300 00173A 2500 00173P 
HPD02058600HPCPHI19581200010020100 00000g 2500 00000  
HPD02058600HPCPHI19590100010020100 00000g 2500 00000  
HPD02058600HPCPHI19590100060031400 99999a 1800 00005A 2500 00005  
HPD02058600HPCPHI19590200010020100 00000g 2500 00000  
HPD02058600HPCPHI19590200080021900 99999a 2500 00000I 
HPD02058600HPCPHI19590200090021000 00095A 2500 00095P 
HPD02058600HPCPHI19590200120030200 99999a 1400 00070A 2500 00070  
HPD02058600HPCPHI19590200160030200 99999a 1500 00100A 2500 00100  
HPD02058600HPCPHI19590200170031100 99999a 1400 00005A 2500 00005  
HPD02058600HPCPHI19590200210021600 99999a 2500 00000I 
HPD02058600HPCPHI19590200220020400 00065A 2500 00065P 
HPD02058600HPCPHI19590300010020100 00000g 2500 00000  
HPD02058600HPCPHI19590400010020100 00000g 2500 00000  
HPD02058600HPCPHI19590400070021400 00003  2500 00003  
HPD02058600HPCPHI19590400260030500 99999a 1000 00012A 2500 00012  
HPD02058600HPCPHI19590500010020100 99999[ 2500 00000I 
HPD02058600HPCPHI19590500310022400 99999] 2500 00000I 
HPD02058600HPCPHI19590600010020100 00000g 2500 00000  
HPD02058600HPCPHI19590600200022100 00002  2500 00002  
HPD02058600HPCPHI19590700010020100 99999[ 2500 00000I 
HPD02058600HPCPHI19590700310022400 99999] 2500 00000I 
HPD02058600HPCPHI19590800010020100 00000g 2500 00000  
HPD02058600HPCPHI19590800060031300 99999a 1800 00037A 2500 00037  
HPD02058600HPCPHI19590800080041500 00002  1600 00002  1700 00001  2500 00005  
HPD02058600HPCPHI19590800110031100 99999a 1400 00055A 2500 00055  
HPD02058600HPCPHI19590800130031300 99999a 1800 00013A 2500 00013  
HPD02058600HPCPHI19590800180030100 99999a 0600 00057A 2500 00057  
HPD02058600HPCPHI19590800310030100 99999[ 2400 99999] 2500 00000I 
HPD02058600HPCPHI19590900010020100 00000g 2500 00000  
HPD02058600HPCPHI19590900130030100 99999a 1500 00008A 2500 00008  
HPD02058600HPCPHI19590900150031500 99999a 1800 00006A 2500 00006  
HPD02058600HPCPHI19591000010020100 00000g 2500 00000  
HPD02058600HPCPHI19591000300160600 00020  0700 00017  0800 00012  0900 00006  1000 00005  1100 00005  1200 00010  1300 00010  1400 00005  1500 00007  1600 00005  1700 00015  1800 00011  1900 00006  2000 00001  2500 00135  
HPD02058600HPCPHI19591000310040900 00008  1000 00006  1100 00004  2500 00018  
HPD02058600HPCPHI19591100010020100 99999[ 2500 00000I 
HPD02058600HPCPHI19591100300022400 99999] 2500 00000I 
HPD02058600HPCPHI19591200010020100 99999[ 2500 00000I 
HPD02058600HPCPHI19591200310022400 99999] 2500 00000I 
HPD02058600HPCPHI19600100010020100 00000g 2500 00000  
HPD02058600HPCPHI19600100110040200 00001  0300 00002  1400 00002  2500 00005  
HPD02058600HPCPHI19600100120111000 00008  1100 00007  1200 00009  1300 00015  1400 00020  1500 00019  1600 00018  1700 00006  2300 00003  2400 00033  2500 00138  
HPD02058600HPCPHI19600100130040100 00004  0300 00001  0500 00002  2500 00007  
HPD02058600HPCPHI19600500010020100 00000g 2500 00000  
HPD02058600HPCPHI19600500040021700 99999a 2500 00000I 
HPD02058600HPCPHI19600500050020300 00267A 2500 00267P 
HPD02058600HPCPHI19600600010020100 00000g 2500 00000  
HPD02058600HPCPHI19600700010020100 00000g 2500 00000  
HPD02058600HPCPHI19600700300030400 99999a 0900 00105A 2500 00105  
HPD02058600HPCPHI19600700310030100 99999[ 2400 99999] 2500 00000I 
HPD02058600HPCPHI19600800010020100 00000g 2500 00000  
HPD02058600HPCPHI19600800220030600 99999a 1500 00074A 2500 00074  
HPD02058600HPCPHI19600900010020100 99999a 2500 00000I 
HPD02058600HPCPHI19600900300022400 00087A 2500 00087P 
HPD02058600HPCPHI19601100010020100 00000g 2500 00000  
HPD02058600HPCPHI19601100040021400 99999a 2500 00000I 
HPD02058600HPCPHI19601100060021700 00066A 2500 00066P 
HPD02058600HPCPHI19601100260022400 99999[ 2500 00000I 
HPD02058600HPCPHI19601100270021100 99999] 2500 00000I 
HPD02058600HPCPHI19601200010020100 00000g 2500 00000  
HPD02058600HPCPHI19601200090030100 99999[ 0700 99999] 2500 00000I 
HPD02058600HPCPHI19610100010020100 99999[ 2500 00000I 
HPD02058600HPCPHI19610100310022400 99999] 2500 00000I 
HPD02058600HPCPHI19610200010020100 00000g 2500 00000  
HPD02058600HPCPHI19610300010020100 99999a 2500 00000I 
HPD02058600HPCPHI19610300310022400 99999A 2500 00000I 
HPD02058600HPCPHI19610400010020100 99999, 2500 00000I 
HPD02058600HPCPHI19610400300022400 00284A 2500 00284P 
HPD02058600HPCPHI19610500010020100 00000g 2500 00000  
HPD02058600HPCPHI19610600010020100 99999[ 2500 00000I 
HPD02058600HPCPHI19610600300022400 99999] 2500 00000I 
HPD02058600HPCPHI19610700010020100 99999[ 2500 00000I 
HPD02058600HPCPHI19610700310022400 99999] 2500 00000I 
HPD02058600HPCPHI19610800010020100 99999[ 2500 00000I 
HPD02058600HPCPHI19610800310022400 99999] 2500 00000I 
HPD02058600HPCPHI19610900010020100 99999[ 2500 00000I 
HPD02058600HPCPHI19610900300022400 99999] 2500 00000I 
HPD02058600HPCPHI19611000010020100 99999[ 2500 00000I 
HPD02058600HPCPHI19611000310022400 99999] 2500 00000I 
HPD02058600HPCPHI19611100010020100 99999[ 2500 00000I 
HPD02058600HPCPHI19611100300022400 99999] 2500 00000I 
HPD02058600HPCPHI19611200010020100 99999[ 2500 00000I 
HPD02058600HPCPHI19611200310022400 99999] 2500 00000I 
HPD02058600HPCPHI19620100010020100 99999[ 2500 00000I 
HPD02058600HPCPHI19620100310022400 99999] 2500 00000I 
HPD02058600HPCPHI19620200010020100 99999[ 2500 00000I 
HPD02058600HPCPHI19620200280022400 99999] 2500 00000I 
HPD02058600HPCPHI19620300010020100 00000g 2500 00000  
HPD02058600HPCPHI19620300090031300 99999[ 2400 99999] 2500 00000I 
HPD02058600HPCPHI19620300100080200 00001  0300 00001  0400 00013  0500 00001  0600 00003  1300 99999[ 2400 99999] 2500 00019I 
HPD02058600HPCPHI19620300200130400 00001  0500 00002  1000 00001  1100 00004  1200 00001  1600 00001  1800 00001  1900 00002  2000 00015  2100 00013  2200 00014  2300 00003  2500 00058  
HPD02058600HPCPHI19620300230041000 00005  1200 00001  1300 00001  2500 00007  
HPD02058600HPCPHI19620400010020100 00000g 2500 00000  
HPD02058600HPCPHI19620500010020100 00000g 2500 00000  
HPD02058600HPCPHI19620600010020100 99999[ 2500 00000I 
HPD02058600HPCPHI19620600300022400 99999] 2500 00000I 
HPD02058600HPCPHI19620700010020100 99999[ 2500 00000I 
HPD02058600HPCPHI19620700310022400 99999] 2500 00000I 
HPD02058600HPCPHI19620800010020100 99999[ 2500 00000I 
HPD02058600HPCPHI19620800310022400 99999] 2500 00000I 
HPD02058600HPCPHI19620900010020100 99999[ 2500 00000I 
HPD02058600HPCPHI19620900300022400 99999] 2500 00000I 
HPD02058600HPCPHI19621000010020100 99999[ 2500 00000I 
HPD02058600HPCPHI19621000310022400 99999] 2500 00000I 
HPD02058600HPCPHI19621100010020100 99999[ 2500 00000I 
HPD02058600HPCPHI19621100300022400 99999] 2500 00000I 
HPD02058600HPCPHI19621200010020100 99999[ 2500 00000I 
HPD02058600HPCPHI19621200310022400 99999] 2500 00000I 
HPD02058600HPCPHI19630100010020100 00000g 2500 00000  
HPD02058600HPCPHI19630100030120100 00003  0200 00005  0300 00006  0400 00003  0500 00001  0600 00001  1200 00004  1400 00003  1500 00001  1700 00001  2200 00001  2500 00029  
HPD02058600HPCPHI19630100310030100 99999[ 2400 99999] 2500 00000I 
HPD02058600HPCPHI19630200010020100 00000g 2500 00000  
HPD02058600HPCPHI19630200090032300 00003  2400 00009  2500 00012  
HPD02058600HPCPHI19630200100190100 00023  0200 00009  0300 00003  0500 00010  0600 00008  0700 00002  1300 00001  1400 00002  1500 00001  1600 00002  1700 00001  1800 00001  1900 00001  2000 00008  2100 00007  2200 00013  2300 00009  2400 00001  2500 00102  
HPD02058600HPCPHI19630200110150100 00007  0200 00007  0300 00001  0400 00001  0500 00001  0600 00001  0700 00003  0800 00002  0900 00006  1000 00007  1100 00007  1200 00002  1300 00001  1400 00003  2500 00049  
HPD02058600HPCPHI19630300010020100 00000g 2500 00000  
HPD02058600HPCPHI19630300170100800 00003  0900 00016  1000 00018  1100 00015  1200 00011  1300 00006  1400 00003  1500 00013  1600 00001  2500 00086  
HPD02058600HPCPHI19630400010020100 99999[ 2500 00000I 
HPD02058600HPCPHI19630400300022400 99999] 2500 00000I 
HPD02058600HPCPHI19630500010020100 00000g 2500 00000  
HPD02058600HPCPHI19630600010020100 00000g 2500 00000  
HPD02058600HPCPHI19630700010020100 99999[ 2500 00000I 
HPD02058600HPCPHI19630700310022400 99999] 2500 00000I 
HPD02058600HPCPHI19630800010020100 99999[ 2500 00000I 
HPD02058600HPCPHI19630800310022400 99999] 2500 00000I 
HPD02058600HPCPHI19640100010020100 99999a 2500 00000I 
HPD02058600HPCPHI19640100310022400 99999A 2500 00000I 
HPD02058600HPCPHI19640200010020100 99999, 2500 00000I 
HPD02058600HPCPHI19640200290022400 99999A 2500 00000I 
HPD02058600HPCPHI19640300010020100 99999, 2500 00000I 
HPD02058600HPCPHI19640300130021100 00688A 2500 00688P 
HPD02058600HPCPHI19640300230040600 99999[ 1500 99999] 2300 99999[ 2500 00000I 
HPD02058600HPCPHI19640300240021200 99999] 2500 00000I 
HPD02058600HPCPHI19640900010020100 00000g 2500 00000  
HPD02058600HPCPHI19640900150030100 99999a 1800 00707A 2500 00707  
HPD02058600HPCPHI19641000010020100 99999a 2500 00000I 
HPD02058600HPCPHI19641000310022400 99999A 2500 00000I 
HPD02058600HPCPHI19641100010020100 99999, 2500 00000I 
HPD02058600HPCPHI19641100300022400 99999A 2500 00000I 
HPD02058600HPCPHI19641200010020100 99999, 2500 00000I 
HPD02058600HPCPHI19641200310022400 99999A 2500 00000I 
HPD02058600HPCPHI19650100010020100 99999, 2500 00000I 
HPD02058600HPCPHI19650100310022400 99999A 2500 00000I 
HPD02058600HPCPHI19650200010020100 99999, 2500 00000I 
HPD02058600HPCPHI19650200280022400 99999A 2500 00000I 
HPD02058600HPCPHI19650300010020100 99999, 2500 00000I 
HPD02058600HPCPHI19650300160021200 00904A 2500 00904P 
HPD02058600HPCPHI19650400010020100 99999[ 2500 00000I 
HPD02058600HPCPHI19650400300022400 99999] 2500 00000I 
HPD02058600HPCPHI19650500010020100 99999[ 2500 00000I 
HPD02058600HPCPHI19650500310022400 99999] 2500 00000I 
HPD02058600HPCPHI19650600010020100 99999[ 2500 00000I 
HPD02058600HPCPHI19650600300022400 99999] 2500 00000I 
HPD02058600HPCPHI19650700010020100 99999[ 2500 00000I 
HPD02058600HPCPHI19650700310022400 99999] 2500 00000I 
HPD02058600HPCPHI19650800010020100 99999[ 2500 00000I 
HPD02058600HPCPHI19650800310022400 99999] 2500 00000I 
HPD02058600HPCPHI19650900010020100 00000g 2500 00000  
HPD02058600HPCPHI19650900020021500 99999[ 2500 00000I 
HPD02058600HPCPHI19650900050021800 99999] 2500 00000I 
HPD02058600HPCPHI19650900190031500 99999a 2400 00069A 2500 00069  
HPD02058600HPCPHI19651000010020100 00000g 2500 00000  
HPD02058600HPCPHI19651100010020100 00000g 2500 00000  
HPD02058600HPCPHI19651100220021100 99999a 2500 00000I 
HPD02058600HPCPHI19651100250022400 00492A 2500 00492P 
HPD02058600HPCPHI19651200010020100 99999a 2500 00000I 
HPD02058600HPCPHI19651200310022400 00446A 2500 00446P 
HPD02058600HPCPHI19660100010020100 99999[ 2500 00000I 
HPD02058600HPCPHI19660100310022400 99999] 2500 00000I 
HPD02058600HPCPHI19660200010020100 99999[ 2500 00000I 
HPD02058600HPCPHI19660200280022400 99999] 2500 00000I 
HPD02058600HPCPHI19660300010020100 00000g 2500 00000  
HPD02058600HPCPHI19660300260031300 00001  1400 00008  2500 00009  
HPD02058600HPCPHI19660300310030100 99999[ 2400 99999] 2500 00000I 
HPD02058600HPCPHI19660400010020100 00000g 2500 00000  
HPD02058600HPCPHI19660400160021200 00007  2500 00007  
HPD02058600HPCPHI19660400300030100 99999[ 2400 99999] 2500 00000I 
HPD02058600HPCPHI19660500010020100 00000g 2500 00000  
HPD02058600HPCPHI19660600010020100 00000g 2500 00000  
HPD02058600HPCPHI19660700010020100 99999[ 2500 00000I 
HPD02058600HPCPHI19660700310022400 99999] 2500 00000I 
HPD02058600HPCPHI19660800010020100 00000g 2500 00000  
HPD02058600HPCPHI19660900010020100 99999[ 2500 00000I 
HPD02058600HPCPHI19660900300022400 99999] 2500 00000I 
HPD02058600HPCPHI19661000010020100 99999[ 2500 00000I 
HPD02058600HPCPHI19661000310022400 99999] 2500 00000I 
HPD02058600HPCPHI19661100010020100 99999[ 2500 00000I 
HPD02058600HPCPHI19661100300022400 99999] 2500 00000I 
HPD02058600HPCPHI19661200010020100 99999[ 2500 00000I 
HPD02058600HPCPHI19661200310022400 99999] 2500 00000I 
HPD02058600HPCPHI19670100010020100 00000g 2500 00000  
HPD02058600HPCPHI19670100230070400 00003  0500 00007  0600 00002  1000 00003  1100 00005  1200 00014  2500 00034  
HPD02058600HPCPHI19670100250020100 00010  2500 00010  
HPD02058600HPCPHI19670200010020100 00000g 2500 00000  
HPD02058600HPCPHI19670300010020100 99999[ 2500 00000I 
HPD02058600HPCPHI19670300310022400 99999] 2500 00000I 
HPD02058600HPCPHI19670400010020100 99999[ 2500 00000I 
HPD02058600HPCPHI19670400300022400 99999] 2500 00000I 
HPD02058600HPCPHI19670500010020100 99999[ 2500 00000I 
HPD02058600HPCPHI19670500310022400 99999] 2500 00000I 
HPD02058600HPCPHI19670600010020100 99999[ 2500 00000I 
HPD02058600HPCPHI19670600300022400 99999] 2500 00000I 
HPD02058600HPCPHI19670700010020100 99999[ 2500 00000I 
HPD02058600HPCPHI19670700310022400 99999] 2500 00000I 
HPD02058600HPCPHI19670800010020100 99999[ 2500 00000I 
HPD02058600HPCPHI19670800310022400 99999] 2500 00000I 
HPD02058600HPCPHI19670900010050100 00000g 1200 00004  1500 00001  2200 00012  2500 00017  
HPD02058600HPCPHI19670900020110300 00001  0400 00002  0500 00002  0600 00001  0700 00005  0800 00005  0900 00004  1000 00002  1300 00003  1700 00001  2500 00026  
HPD02058600HPCPHI19671000010020100 00000g 2500 00000  
HPD02058600HPCPHI19671000020030800 99999a 1300 00018A 2500 00018  
HPD02058600HPCPHI19671100010020100 99999[ 2500 00000I 
HPD02058600HPCPHI19671100300022400 99999] 2500 00000I 
HPD02058600HPCPHI19671200010020100 99999[ 2500 00000I 
HPD02058600HPCPHI19671200310022400 99999] 2500 00000I 
HPD02058600HPCPHI19680100010020100 99999[ 2500 00000I 
HPD02058600HPCPHI19680100310022400 99999] 2500 00000I 
HPD02058600HPCPHI19680200010020100 00000g 2500 00000  
HPD02058600HPCPHI19680200090051800 00002  2000 00001  2100 00003  2200 00007  2500 00013  
HPD02058600HPCPHI19680200120070600 00004  0700 00001  0800 00002  0900 00001  1100 00016  1800 00003  2500 00027  
HPD02058600HPCPHI19680200130051800 00006  1900 00006  2000 00022  2100 00013  2500 00047  
HPD02058600HPCPHI19680200140070400 00001  0700 00001  1000 00001  1100 00001  1200 00001  2000 00004  2500 00009  
HPD02058600HPCPHI19680300010020100 99999[ 2500 00000I 
HPD02058600HPCPHI19680300310022400 99999] 2500 00000I 
HPD02058600HPCPHI19680400010020100 99999[ 2500 00000I 
HPD02058600HPCPHI19680400300022400 99999] 2500 00000I 
HPD02058600HPCPHI19680500010020100 99999[ 2500 00000I 
HPD02058600HPCPHI19680500310022400 99999] 2500 00000I 
HPD02058600HPCPHI19680600010020100 99999[ 2500 00000I 
HPD02058600HPCPHI19680600300022400 99999] 2500 00000I 
HPD02058600HPCPHI19680700010020100 00000g 2500 00000  
HPD02058600HPCPHI19680700030022000 00005  2500 00005  
HPD02058600HPCPHI19680700050090500 00074  0600 00002  1000 00007  1100 00001  1400 00010  1500 00001  1600 00063  2100 00002  2500 00160  
HPD02058600HPCPHI19680700060030300 00004  0700 00006  2500 00010  
HPD02058600HPCPHI19680700070022000 00002  2500 00002  
HPD02058600HPCPHI19680700090022200 00002  2500 00002  
HPD02058600HPCPHI19680700110031500 00002  2200 00001  2500 00003  
HPD02058600HPCPHI19680700120022300 00006  2500 00006  
HPD02058600HPCPHI19680700130032300 00001  2400 00001  2500 00002  
HPD02058600HPCPHI19680700160041300 00001  1400 00002  1500 00001  2500 00004  
HPD02058600HPCPHI19680700170021900 00004  2500 00004  
HPD02058600HPCPHI19680700200051900 00003  2000 00001  2100 00001  2400 00016  2500 00021  
HPD02058600HPCPHI19680700210040100 00014  0200 00006  1700 00002  2500 00022  
HPD02058600HPCPHI19680700220020300 00004  2500 00004  
HPD02058600HPCPHI19680700230050200 00009  0300 00002  0500 00005  2400 00001  2500 00017  
HPD02058600HPCPHI19680700240030600 00003  1700 00026  2500 00029  
HPD02058600HPCPHI19680700250030300 00001  1700 00001  2500 00002  
HPD02058600HPCPHI19680700260050300 00001  1500 00002  1600 00003  1700 00004  2500 00010  
HPD02058600HPCPHI19680700270040300 00001  1600 00002  1700 00002  2500 00005  
HPD02058600HPCPHI19680700290022300 00012  2500 00012  
HPD02058600HPCPHI19680700300050800 00002  0900 00002  1700 00002  1800 00010  2500 00016  
HPD02058600HPCPHI19680800010020100 99999a 2500 00000I 
HPD02058600HPCPHI19680800310022400 99999A 2500 00000I 
HPD02058600HPCPHI19680900010020100 99999, 2500 00000I 
HPD02058600HPCPHI19680900300022400 99999A 2500 00000I 
HPD02058600HPCPHI19681000010020100 99999, 2500 00000I 
HPD02058600HPCPHI19681000180022400 00261A 2500 00261P 
HPD02058600HPCPHI19681100010020100 00000g 2500 00000  
HPD02058600HPCPHI19681100020020100 99999[ 2500 00000I 
HPD02058600HPCPHI19681100130022400 99999] 2500 00000I 
HPD02058600HPCPHI19681100140042200 00021  2300 00001  2400 00002  2500 00024  
HPD02058600HPCPHI19681100150020100 00006  2500 00006  
HPD02058600HPCPHI19681100160020100 99999[ 2500 00000I 
HPD02058600HPCPHI19681100300022400 99999] 2500 00000I 
HPD02058600HPCPHI19681200010020100 00000g 2500 00000  
HPD02058600HPCPHI19681200020020100 99999[ 2500 00000I 
HPD02058600HPCPHI19681200180022400 99999] 2500 00000I 
HPD02058600HPCPHI19681200190021600 00002  2500 00002  
HPD02058600HPCPHI19681200200090300 00003  0700 00001  0800 00001  0900 00001  1900 00001  2000 00001  2100 00001  2400 00001  2500 00010  
HPD02058600HPCPHI19681200210030200 00003  0300 00019  2500 00022  
HPD02058600HPCPHI19681200220020100 99999[ 2500 00000I 
HPD02058600HPCPHI19681200240022400 99999] 2500 00000I 
HPD02058600HPCPHI19681200250021900 00002  2500 00002  
HPD02058600HPCPHI19681200260050700 00004  0900 00002  2300 00001  2400 00008  2500 00015  
HPD02058600HPCPHI19681200270020100 00003  2500 00003  
HPD02058600HPCPHI19681200280020100 99999[ 2500 00000I 
HPD02058600HPCPHI19681200310022400 99999] 2500 00000I 
HPD02058600HPCPHI19690100010020100 00000g 2500 00000  
HPD02058600HPCPHI19690100130021700 00002  2500 00002  
HPD02058600HPCPHI19690100140220200 00003  0300 00004  0400 00007  0500 00010  0600 00018  0700 00014  0800 00008  0900 00014  1000 00006  1100 00002  1200 00005  1300 00004  1400 00005  1500 00004  1600 00003  1700 00004  1800 00004  1900 00003  2000 00001  2200 00001  2300 00002  2500 00122  
HPD02058600HPCPHI19690100150070200 00001  0900 00001  1000 00001  1200 00001  1300 00004  1400 00004  2500 00012  
HPD02058600HPCPHI19690100190140100 00001  0200 00003  0300 00002  0400 00005  0500 00004  0600 00002  0700 00003  1000 00001  1500 00001  1900 00001  2000 00002  2100 00005  2200 00001  2500 00031  
HPD02058600HPCPHI19690100200050200 00002  0300 00002  0400 00006  0700 00002  2500 00012  
HPD02058600HPCPHI19690100210070300 00002  1000 00004  1100 00001  1200 00006  1300 00038  1400 00010  2500 00061  
HPD02058600HPCPHI19690100220020100 00003  2500 00003  
HPD02058600HPCPHI19690100240180600 00001  0700 00003  0800 00003  0900 00004  1000 00008  1100 00004  1200 00003  1300 00002  1400 00001  1500 00002  1600 00002  1900 00001  2000 00003  2100 00004  2200 00005  2300 00004  2400 00001  2500 00051  
HPD02058600HPCPHI19690100250080100 00001  0200 00016  0300 00003  1100 00003  1200 00005  1300 00027  1400 00006  2500 00061  
HPD02058600HPCPHI19690100260020100 00002  2500 00002  
HPD02058600HPCPHI19690200010020100 00000g 2500 00000  
HPD02058600HPCPHI19690200060081300 00010  1400 00009  1500 00012  1600 00006  1700 00001  1800 00008  1900 00004  2500 00050  
HPD02058600HPCPHI19690200070020100 00001  2500 00001  
HPD02058600HPCPHI19690200120022100 00002  2500 00002  
HPD02058600HPCPHI19690200130040500 00002  0800 00001  1100 00001  2500 00004  
HPD02058600HPCPHI19690200140022400 00003  2500 00003  
HPD02058600HPCPHI19690200150020100 00014  2500 00014  
HPD02058600HPCPHI19690200160020200 00001  2500 00001  
HPD02058600HPCPHI19690200180081100 00003  1200 00011  1300 00003  1400 00020  1500 00007  1700 00002  2300 00002  2500 00048  
HPD02058600HPCPHI19690200190110300 00002  0400 00002  0500 00002  0600 00003  0900 00001  1200 00002  1400 00001  1500 00001  1600 00001  2100 00001  2500 00016  
HPD02058600HPCPHI19690200200070700 00001  0800 00001  0900 00001  1500 00001  1600 00001  1900 00009  2500 00014  
HPD02058600HPCPHI19690200210110800 00005  0900 00001  1000 00001  1100 00005  1200 00007  1300 00011  1400 00013  1500 00008  1600 00003  2100 00001  2500 00055  
HPD02058600HPCPHI19690200220020800 00004  2500 00004  
HPD02058600HPCPHI19690200230021300 00001  2500 00001  
HPD02058600HPCPHI19690200250052100 00001  2200 00001  2300 00001  2400 00002  2500 00005  
HPD02058600HPCPHI19690200260060100 00001  0200 00004  0300 00007  0400 00004  2100 00001  2500 00017  
HPD02058600HPCPHI19690300010040100 00000g 0300 00001  0400 00001  2500 00002  
HPD02058600HPCPHI19690300030022000 00001  2500 00001  
HPD02058600HPCPHI19690300040020900 00001  2500 00001  
HPD02058600HPCPHI19690300090071500 00003  1900 00003  2100 00003  2200 00004  2300 00001  2400 00002  2500 00016  
HPD02058600HPCPHI19690300100080100 00003  0200 00031  0300 00014  1300 00001  2200 00002  2300 00004  2400 00001  2500 00056  
HPD02058600HPCPHI19690300130080200 00001  0300 00001  0500 00001  0600 00005  0700 00004  1500 00002  1800 00002  2500 00016  
HPD02058600HPCPHI19690300140050100 00001  0700 00001  0900 00001  2300 00002  2500 00005  
HPD02058600HPCPHI19690300210021100 00004  2500 00004  
HPD02058600HPCPHI19690400010020100 99999[ 2500 00000I 
HPD02058600HPCPHI19690400300022400 99999] 2500 00000I 
HPD02058600HPCPHI19690500010020100 99999[ 2500 00000I 
HPD02058600HPCPHI19690500310022400 99999] 2500 00000I 
HPD02058600HPCPHI19690600010020100 99999[ 2500 00000I 
HPD02058600HPCPHI19690600300022400 99999] 2500 00000I 
HPD02058600HPCPHI19690700010020100 99999[ 2500 00000I 
HPD02058600HPCPHI19690700310022400 99999] 2500 00000I 
HPD02058600HPCPHI19690800010020100 99999[ 2500 00000I 
HPD02058600HPCPHI19690800310022400 99999] 2500 00000I 
HPD02058600HPCPHI19690900010020100 99999[ 2500 00000I 
HPD02058600HPCPHI19690900300022400 99999] 2500 00000I 
HPD02058600HPCPHI19691000010020100 99999[ 2500 00000I 
HPD02058600HPCPHI19691000310022400 99999] 2500 00000I 
HPD02058600HPCPHI19691100010020100 99999[ 2500 00000I 
HPD02058600HPCPHI19691100300022400 99999] 2500 00000I 
