HPD02646802HPCPHT20040100010040100 00000g 1100 99999[ 1300 99999] 2500 00000I 
HPD02646802HPCPHT20040100200021100 00010  2500 00010  
HPD02646802HPCPHT20040100210021500 00010  2500 00010  
HPD02646802HPCPHT20040200010050100 00000g 1000 99999{ 1200 99999} 1300 99999{ 2500 00000P 
HPD02646802HPCPHT20040200290022400 99999} 2500 00000P 
HPD02646802HPCPHT20040300010030100 99999{ 1300 99999} 2500 00000P 
HPD02646802HPCPHT20040300040031800 00010  2400 00010  2500 00020  
HPD02646802HPCPHT20040300050030900 00010  1000 00020  2500 00030  
HPD02646802HPCPHT20040300060021600 00020  2500 00020  
HPD02646802HPCPHT20040300120022300 00010  2500 00010  
HPD02646802HPCPHT20040400010020100 00000g 2500 00000  
HPD02646802HPCPHT20040400020040600 00010  0800 00010  0900 00010  2500 00030  
HPD02646802HPCPHT20040400030041000 00020  2000 00010  2400 00020  2500 00050  
HPD02646802HPCPHT20040400050030700 00010  0900 00010  2500 00020  
HPD02646802HPCPHT20040400070022300 00010  2500 00010  
HPD02646802HPCPHT20040400080021100 00010  2500 00010  
HPD02646802HPCPHT20040400090021700 00020  2500 00020  
HPD02646802HPCPHT20040400100021500 00010  2500 00010  
HPD02646802HPCPHT20040500010020100 00000g 2500 00000  
HPD02646802HPCPHT20040600010040100 00000g 1400 99999[ 1500 99999] 2500 00000I 
HPD02646802HPCPHT20040600280021900 00010  2500 00010  
HPD02646802HPCPHT20040600290021800 00010  2500 00010  
HPD02646802HPCPHT20040700010020100 00000g 2500 00000  
HPD02646802HPCPHT20040700120031600 00010  1700 00010  2500 00020  
HPD02646802HPCPHT20040700140031900 00110  2000 00070  2500 00180  
HPD02646802HPCPHT20040800010040100 00000g 1300 99999{ 1400 99999} 2500 00000P 
HPD02646802HPCPHT20040800050021700 00010  2500 00010  
HPD02646802HPCPHT20040800090021500 00020  2500 00020  
HPD02646802HPCPHT20040800140021900 00030  2500 00030  
HPD02646802HPCPHT20040800150031900 00080  2100 00010  2500 00090  
HPD02646802HPCPHT20040900010020100 00000g 2500 00000  
HPD02646802HPCPHT20040900030022300 00010  2500 00010  
HPD02646802HPCPHT20040900040020500 00010  2500 00010  
HPD02646802HPCPHT20040900190021100 00010  2500 00010  
HPD02646802HPCPHT20040900290060100 00010  0200 00020  0300 00010  0400 00010  1400 00010  2500 00060  
HPD02646802HPCPHT20041000010020100 00000g 2500 00000  
HPD02646802HPCPHT20041000030020600 00010  2500 00010  
HPD02646802HPCPHT20041000100021400 00010  2500 00010  
HPD02646802HPCPHT20041000210021900 00010  2500 00010  
HPD02646802HPCPHT20041000260021900 00010  2500 00010  
HPD02646802HPCPHT20041000270030200 00010  0300 00010  2500 00020  
HPD02646802HPCPHT20041000280061500 00020  1600 00020  1700 00020  1800 00010  2200 00010  2500 00080  
HPD02646802HPCPHT20041100010020100 00000g 2500 00000  
HPD02646802HPCPHT20041100100021600 00010  2500 00010  
HPD02646802HPCPHT20041100220030500 00010  1600 00010  2500 00020  
HPD02646802HPCPHT20041100230020100 00010  2500 00010  
HPD02646802HPCPHT20041100280021300 00010  2500 00010  
HPD02646802HPCPHT20041100290031200 00010  1400 00010  2500 00020  
HPD02646802HPCPHT20041200010020100 00000g 2500 00000  
HPD02646802HPCPHT20041200060021100 00010  2500 00010  
HPD02646802HPCPHT20041200290021600 00020  2500 00020  
HPD02646802HPCPHT20041200300020200 00010  2500 00010  
