HPD02927102HPCPHT19990100010020100 99999[ 2500 00000I 
HPD02927102HPCPHT19990100310022400 99999] 2500 00000I 
HPD02927102HPCPHT19990200010020100 99999[ 2500 00000I 
HPD02927102HPCPHT19990200050031600 99999] 2200 00010  2500 00010I 
HPD02927102HPCPHT19990200070020200 00010  2500 00010  
HPD02927102HPCPHT19990300010020100 00000g 2500 00000  
HPD02927102HPCPHT19990300090021700 00010  2500 00010  
HPD02927102HPCPHT19990300160031500 00010  2300 00010  2500 00020  
HPD02927102HPCPHT19990300170031300 00010  2100 00010  2500 00020  
HPD02927102HPCPHT19990400010080100 00000g 1200 00010  1300 00010  1500 00010  1700 00010  1900 00010  2200 00010  2500 00060  
HPD02927102HPCPHT19990400020080100 00010  0500 00010  0600 00010  0800 00010  0900 00010  2200 00010  2400 00010  2500 00070  
HPD02927102HPCPHT19990400040021400 00010  2500 00010  
HPD02927102HPCPHT19990400060021100 00010  2500 00010  
HPD02927102HPCPHT19990400140020900 00010  2500 00010  
HPD02927102HPCPHT19990400240021200 00010  2500 00010  
HPD02927102HPCPHT19990400280021900 00010  2500 00010  
HPD02927102HPCPHT19990500010030100 00000g 1200 00010  2500 00010  
HPD02927102HPCPHT19990600010020100 00000g 2500 00000  
HPD02927102HPCPHT19990600020021500 99999{ 2500 00000P 
HPD02927102HPCPHT19990600300022400 99999} 2500 00000P 
HPD02927102HPCPHT19990700010020100 99999[ 2500 00000I 
HPD02927102HPCPHT19990700310022400 99999] 2500 00000I 
HPD02927102HPCPHT19990800010030100 00000g 1500 99999{ 2500 00000P 
HPD02927102HPCPHT19990800030040100 99999} 0200 99999[ 1400 99999] 2500 00000P 
HPD02927102HPCPHT19990800050080500 00010  1000 00010  1100 00010  1200 00020  1300 00010  1500 00010  1600 00010  2500 00080  
HPD02927102HPCPHT19990800100050200 00040  0300 00010  0400 00020  0500 00010  2500 00080  
HPD02927102HPCPHT19990800150040100 00020  0200 00020  2300 00010  2500 00050  
HPD02927102HPCPHT19990800160032100 00010  2200 00010  2500 00020  
HPD02927102HPCPHT19990800220021800 00010  2500 00010  
HPD02927102HPCPHT19990800240021300 00010  2500 00010  
HPD02927102HPCPHT19990800270021500 00080  2500 00080  
HPD02927102HPCPHT19990800280030300 00020  2400 00030  2500 00050  
HPD02927102HPCPHT19990800290031500 00010  2000 00010  2500 00020  
HPD02927102HPCPHT19990800310032300 00010  2400 00010  2500 00020  
HPD02927102HPCPHT19990900010020100 00000g 2500 00000  
HPD02927102HPCPHT19990900020031400 00010  2100 00010  2500 00020  
HPD02927102HPCPHT19990900140042100 00010  2200 00020  2400 00010  2500 00040  
HPD02927102HPCPHT19990900150050600 00010  0900 00010  1100 00020  1200 00010  2500 00050  
HPD02927102HPCPHT19990900170040100 00010  0200 00010  1700 00010  2500 00030  
HPD02927102HPCPHT19990900200020800 00010  2500 00010  
HPD02927102HPCPHT19990900230021900 00010  2500 00010  
HPD02927102HPCPHT19991000010040100 00000g 0700 99999[ 0900 99999] 2500 00000I 
HPD02927102HPCPHT19991000210021600 99999{ 2500 00000P 
HPD02927102HPCPHT19991000310022400 99999} 2500 00000P 
HPD02927102HPCPHT19991100010030100 00000g 0200 99999{ 2500 00000P 
HPD02927102HPCPHT19991100020031300 99999} 1400 99999[ 2500 00000P 
HPD02927102HPCPHT19991100300022400 99999] 2500 00000I 
HPD02927102HPCPHT19991200010020100 99999[ 2500 00000I 
HPD02927102HPCPHT19991200310022400 99999] 2500 00000I 
