HPD02232903HPCPHT20010100010020100 00000g 2500 00000  
HPD02232903HPCPHT20010100080041600 00010  2300 00010  2400 00010  2500 00030  
HPD02232903HPCPHT20010100090070100 00030  0200 00020  0300 00010  0400 00010  0500 00010  1800 00010  2500 00090  
HPD02232903HPCPHT20010100120090300 00010  0400 00020  0500 00020  0600 00020  0700 00020  0800 00020  0900 00010  1500 00010  2500 00130  
HPD02232903HPCPHT20010100150032000 00010  2200 00010  2500 00020  
HPD02232903HPCPHT20010100160030300 00010  1400 00010  2500 00020  
HPD02232903HPCPHT20010100270100400 00010  0500 00010  0700 00020  0800 00010  0900 00010  1100 00010  1400 00010  1700 00010  2000 00010  2500 00100  
HPD02232903HPCPHT20010100300021200 99999{ 2500 00000P 
HPD02232903HPCPHT20010100310022400 99999} 2500 00000P 
HPD02232903HPCPHT20010200010020100 00000g 2500 00000  
HPD02232903HPCPHT20010200080020600 00010  2500 00010  
HPD02232903HPCPHT20010200130101400 00020  1500 00020  1600 00010  1800 00020  1900 00010  2000 00010  2200 00010  2300 00010  2400 00010  2500 00120  
HPD02232903HPCPHT20010200140050900 00010  1100 00010  1300 00010  1400 00010  2500 00040  
HPD02232903HPCPHT20010200150020100 00010  2500 00010  
HPD02232903HPCPHT20010200260050100 00010  0200 00010  0300 00010  0900 00010  2500 00040  
HPD02232903HPCPHT20010200270061900 00010  2100 00010  2200 00010  2300 00010  2400 00010  2500 00050  
HPD02232903HPCPHT20010200280060300 00010  0400 00010  1000 00010  1200 00010  1300 00010  2500 00050  
HPD02232903HPCPHT20010300010020100 00000g 2500 00000  
HPD02232903HPCPHT20010300030030500 00010  0600 00010  2500 00020  
HPD02232903HPCPHT20010300070110200 00010  0300 00010  0400 00020  0500 00020  0600 00010  0700 00010  0800 00010  0900 00030  1100 00010  1200 00010  2500 00140  
HPD02232903HPCPHT20010300090022400 00020  2500 00020  
HPD02232903HPCPHT20010300100031500 00010  1600 00010  2500 00020  
HPD02232903HPCPHT20010300110021800 00010  2500 00010  
HPD02232903HPCPHT20010300120020200 00010  2500 00010  
HPD02232903HPCPHT20010400010020100 00000g 2500 00000  
HPD02232903HPCPHT20010400050022300 00030  2500 00030  
HPD02232903HPCPHT20010400060020100 00010  2500 00010  
HPD02232903HPCPHT20010400100080600 00010  0700 00010  1000 00010  1100 00010  1200 00010  1400 00020  1800 00010  2500 00080  
HPD02232903HPCPHT20010400210031600 00020  2100 00010  2500 00030  
HPD02232903HPCPHT20010500010020100 00000g 2500 00000  
HPD02232903HPCPHT20010500190040500 00010  0700 00010  2300 00010  2500 00030  
HPD02232903HPCPHT20010600010020100 00000g 2500 00000  
HPD02232903HPCPHT20010600140031500 00000 q1800 99999{ 2500 00000P 
HPD02232903HPCPHT20010600300022400 99999} 2500 00000P 
HPD02232903HPCPHT20010700010030100 00000g 0200 99999{ 2500 00000P 
HPD02232903HPCPHT20010700310022400 99999} 2500 00000P 
HPD02232903HPCPHT20010800010030100 00000g 1000 99999{ 2500 00000P 
HPD02232903HPCPHT20010800310022400 99999} 2500 00000P 
HPD02232903HPCPHT20010900010040100 99999{ 0800 99999} 0900 99999[ 2500 00000P 
HPD02232903HPCPHT20010900050021400 99999] 2500 00000I 
HPD02232903HPCPHT20010900150031000 00010  1100 00020  2500 00030  
HPD02232903HPCPHT20011000010040100 00000g 1200 99999{ 1400 99999} 2500 00000P 
HPD02232903HPCPHT20011000070050800 00030  0900 00010  1000 00010  1100 00010  2500 00060  
HPD02232903HPCPHT20011000080041400 00030  1600 00010  1700 00010  2500 00050  
HPD02232903HPCPHT20011100010020100 00000g 2500 00000  
HPD02232903HPCPHT20011100050030400 00010  0500 00020  2500 00030  
HPD02232903HPCPHT20011200010020100 00000g 2500 00000  
HPD02232903HPCPHT20011200040070500 00010  0600 00010  0700 00010  0900 99999{ 1000 99999} 1100 99999{ 2500 00030P 
HPD02232903HPCPHT20011200310022400 99999} 2500 00000P 
