HPD02232903HPCPHT20000100010020100 00000g 2500 00000  
HPD02232903HPCPHT20000100020021000 99999[ 2500 00000I 
HPD02232903HPCPHT20000100310022400 99999] 2500 00000I 
HPD02232903HPCPHT20000200010030100 00000g 0200 99999[ 2500 00000I 
HPD02232903HPCPHT20000200030021200 99999] 2500 00000I 
HPD02232903HPCPHT20000200210130100 00010  0200 00030  0300 00010  0500 00010  0800 00010  0900 00010  1000 00020  1100 00010  1200 00020  1800 00010  1900 00010  2000 00010  2500 00160  
HPD02232903HPCPHT20000200220020500 00010  2500 00010  
HPD02232903HPCPHT20000200240020500 00020  2500 00020  
HPD02232903HPCPHT20000300010040100 00000g 0700 99999{ 0800 99999} 2500 00000P 
HPD02232903HPCPHT20000300040022400 00010  2500 00010  
HPD02232903HPCPHT20000300050170600 00010  0700 00010  0800 00010  0900 00010  1100 00010  1200 00010  1300 00010  1400 00010  1600 00010  1700 00010  1900 00010  2000 00010  2100 00010  2200 00010  2300 00010  2400 00010  2500 00160  
HPD02232903HPCPHT20000300060050100 00010  0200 00010  0300 00010  0600 00010  2500 00040  
HPD02232903HPCPHT20000300070021200 00120 Z2500 00120 Z
HPD02232903HPCPHT20000300090022100 00010  2500 00010  
HPD02232903HPCPHT20000300210020900 00010  2500 00010  
HPD02232903HPCPHT20000300280040200 00010  0500 00010  1500 00010  2500 00030  
HPD02232903HPCPHT20000300310090500 00020  0600 00030  0700 00020  0800 00020  0900 00010  1000 00010  1200 00010  2300 00010  2500 00130  
HPD02232903HPCPHT20000400010020100 00000g 2500 00000  
HPD02232903HPCPHT20000500010020100 00000g 2500 00000  
HPD02232903HPCPHT20000600010020100 00000g 2500 00000  
HPD02232903HPCPHT20000600200031500 00040  1600 00010  2500 00050  
HPD02232903HPCPHT20000600220021100 99999[ 2500 00000I 
HPD02232903HPCPHT20000600300022400 99999] 2500 00000I 
HPD02232903HPCPHT20000700010020100 99999[ 2500 00000I 
HPD02232903HPCPHT20000700140031100 99999] 1200 00010  2500 00010I 
HPD02232903HPCPHT20000700300021900 00010  2500 00010  
HPD02232903HPCPHT20000800010050100 99999[ 0200 99999] 1100 00010  2200 00020  2500 00030I 
HPD02232903HPCPHT20000800050031400 00010  1800 00010  2500 00020  
HPD02232903HPCPHT20000800060031900 00010  2000 00010  2500 00020  
HPD02232903HPCPHT20000800070042000 00020  2300 00010  2400 00010  2500 00040  
HPD02232903HPCPHT20000800100021600 00010  2500 00010  
HPD02232903HPCPHT20000800110031200 00010  1400 00010  2500 00020  
HPD02232903HPCPHT20000800120041400 00030  1600 00010  1800 00010  2500 00050  
HPD02232903HPCPHT20000800130020900 00010  2500 00010  
HPD02232903HPCPHT20000800230030200 00010  0700 00010  2500 00020  
HPD02232903HPCPHT20000800250021300 00010  2500 00010  
HPD02232903HPCPHT20000800260041400 00030  1500 00020  1600 00020  2500 00070  
HPD02232903HPCPHT20000800270030900 00010  1000 00050  2500 00060  
HPD02232903HPCPHT20000800280021300 00010  2500 00010  
HPD02232903HPCPHT20000800290050800 00020  0900 00050  1000 00040  1200 00010  2500 00120  
HPD02232903HPCPHT20000800300051400 00020  1800 00040  1900 00010  2000 00010  2500 00080  
HPD02232903HPCPHT20000900010020100 99999[ 2500 00000I 
HPD02232903HPCPHT20000900200030900 99999] 1000 99999{ 2500 00000P 
HPD02232903HPCPHT20000900300022400 99999} 2500 00000P 
HPD02232903HPCPHT20001000010030100 00000g 0200 99999{ 2500 00000P 
HPD02232903HPCPHT20001000060021000 99999} 2500 00000P 
HPD02232903HPCPHT20001000100040500 00010  0600 00020  0700 00020  2500 00050  
HPD02232903HPCPHT20001000110030200 00010  0300 00010  2500 00020  
HPD02232903HPCPHT20001000210052100 00010  2200 00020  2300 00020  2400 00010  2500 00060  
HPD02232903HPCPHT20001000220140100 00020  0200 00030  0300 00030  0400 00020  0600 00020  0700 00010  0900 00010  1000 00010  1100 00010  1200 00010  1300 00010  1600 00010  2400 00010  2500 00200  
HPD02232903HPCPHT20001000230110100 00010  0200 00010  0400 00010  0500 00020  0600 00010  0700 00010  0900 00010  1100 00010  1800 00010  2200 00010  2500 00110  
HPD02232903HPCPHT20001000270080500 00010  0700 00010  0800 00040  1100 00010  1300 00030  1500 00070  1600 00010  2500 00180  
HPD02232903HPCPHT20001000300021200 99999[ 2500 00000I 
HPD02232903HPCPHT20001000310022400 99999] 2500 00000I 
HPD02232903HPCPHT20001100010020100 00000g 2500 00000  
HPD02232903HPCPHT20001200010020100 00000g 2500 00000  
