HPD02300902HPCPHT20080500010020100 00000g 2500 00000  
HPD02300902HPCPHT20080500070020800 00010  2500 00010  
HPD02300902HPCPHT20080500130070300 00010  0400 00010  0600 00010  0700 00010  1000 00010  1300 00010  2500 00060  
HPD02300902HPCPHT20080500230060500 00010  0800 00010  0900 00010  1600 00010  2300 00010  2500 00050  
HPD02300902HPCPHT20080500240021500 00010  2500 00010  
HPD02300902HPCPHT20080600010020100 00000g 2500 00000  
HPD02300902HPCPHT20080600300021700 00010  2500 00010  
HPD02300902HPCPHT20080700010040100 00000g 1200 00010  1400 00010  2500 00020  
HPD02300902HPCPHT20080700020021800 00010  2500 00010  
HPD02300902HPCPHT20080700070021500 00010  2500 00010  
HPD02300902HPCPHT20080700120041500 00020  1600 00010  1700 00010  2500 00040  
HPD02300902HPCPHT20080700130031400 00050  2400 00030  2500 00080  
HPD02300902HPCPHT20080700140030700 00010  1500 00010  2500 00020  
HPD02300902HPCPHT20080700150031300 00030  1400 00030  2500 00060  
HPD02300902HPCPHT20080700160020800 00020  2500 00020  
HPD02300902HPCPHT20080700190021400 00010  2500 00010  
HPD02300902HPCPHT20080700250051500 00010  2000 00010  2100 00010  2200 00010  2500 00040  
HPD02300902HPCPHT20080700280021600 00010  2500 00010  
HPD02300902HPCPHT20080800010030100 00000g 1100 00010  2500 00010  
HPD02300902HPCPHT20080800040031300 00020  2300 00010  2500 00030  
HPD02300902HPCPHT20080800050021800 00010  2500 00010  
HPD02300902HPCPHT20080800060031400 00090  1500 00020  2500 00110  
HPD02300902HPCPHT20080800070030800 00010  1600 00010  2500 00020  
HPD02300902HPCPHT20080800080031500 00070  1600 00010  2500 00080  
HPD02300902HPCPHT20080800090021300 00010  2500 00010  
HPD02300902HPCPHT20080800110021400 00010  2500 00010  
HPD02300902HPCPHT20080800150021800 00010  2500 00010  
HPD02300902HPCPHT20080800160060500 00020  1400 00010  1700 00060  1800 00010  1900 00010  2500 00110  
HPD02300902HPCPHT20080800170031000 00010  1600 00020  2500 00030  
HPD02300902HPCPHT20080800180022200 00010  2500 00010  
HPD02300902HPCPHT20080800190030800 00010  0900 00010  2500 00020  
HPD02300902HPCPHT20080800250030900 00010  1500 00010  2500 00020  
HPD02300902HPCPHT20080800270020800 00010  2500 00010  
HPD02300902HPCPHT20080900010030100 00000g 1200 00010  2500 00010  
HPD02300902HPCPHT20080900070021700 00010  2500 00010  
HPD02300902HPCPHT20080900080021400 99999[ 2500 00000I 
HPD02300902HPCPHT20080900180030700 99999] 0900 00010  2500 00010I 
HPD02300902HPCPHT20080900230031300 99999[ 1400 99999] 2500 00000I 
HPD02300902HPCPHT20080900270022000 00010  2500 00010  
HPD02300902HPCPHT20081000010020100 00000g 2500 00000  
HPD02300902HPCPHT20081000040021400 00020  2500 00020  
HPD02300902HPCPHT20081100010020100 00000g 2500 00000  
HPD02300902HPCPHT20081100090041800 00010  2100 00010  2200 00010  2500 00030  
HPD02300902HPCPHT20081100260051100 00010  1400 00010  1700 00010  2000 00020  2500 00050  
HPD02300902HPCPHT20081100270050200 00010  0400 00020  0500 00010  0800 00010  2500 00050  
HPD02300902HPCPHT20081100280031300 00010  1600 00010  2500 00020  
HPD02300902HPCPHT20081200010020100 00000g 2500 00000  
HPD02300902HPCPHT20081200130022300 00010  2500 00010  
HPD02300902HPCPHT20081200140030200 00010  1300 00010  2500 00020  
HPD02300902HPCPHT20081200150052000 00010  2200 00010  2300 00010  2400 00010  2500 00040  
HPD02300902HPCPHT20081200160080100 00010  0200 00010  0400 00010  0500 00010  0800 00010  1200 00010  1500 00010  2500 00070  
HPD02300902HPCPHT20081200170071100 00010  1300 00010  1400 00010  2100 00010  2300 00010  2400 00010  2500 00060  
HPD02300902HPCPHT20081200180070100 00010  0300 00010  0400 00010  0900 00010  1200 00010  1500 00010  2500 00060  
HPD02300902HPCPHT20081200190040200 00010  1300 00040  1500 00010  2500 00060  
HPD02300902HPCPHT20081200220051500 00010  1700 00010  1900 00010  2200 00010  2500 00040  
HPD02300902HPCPHT20081200230040100 00010  0500 00010  0700 00010  2500 00030  
HPD02300902HPCPHT20081200240022400 00010  2500 00010  
HPD02300902HPCPHT20081200250100200 00010  0500 00010  0600 00010  1100 00010  1400 00010  1900 00010  2100 00010  2200 00020  2300 00010  2500 00100  
HPD02300902HPCPHT20081200260050100 00010  0200 00010  0400 00020  1200 00010  2500 00050  
HPD02300902HPCPHT20081200280021600 00010  2500 00010  
