HPD02849506HPCPHI19961000010020100 99999[ 2500 00000I 
HPD02849506HPCPHI19961000310022400 99999] 2500 00000I 
HPD02849506HPCPHI19961100010020100 99999[ 2500 00000I 
HPD02849506HPCPHI19961100300022400 99999] 2500 00000I 
HPD02849506HPCPHI19961200010020100 99999[ 2500 00000I 
HPD02849506HPCPHI19961200310022400 99999] 2500 00000I 
HPD02849506HPCPHI19970100010020100 00000g 2500 00000  
HPD02849506HPCPHI19970100060022400 00003  2500 00003  
HPD02849506HPCPHI19970100130130500 00022  0600 00027  0700 00012  0800 00004  0900 00002  1000 00002  1900 00002  2000 00003  2100 00005  2200 00002  2300 00001  2400 00002  2500 00084  
HPD02849506HPCPHI19970100140040400 00002  0500 00001  0600 00001  2500 00004  
HPD02849506HPCPHI19970100260030900 00004  1000 00004  2500 00008  
HPD02849506HPCPHI19970200010020100 99999[ 2500 00000I 
HPD02849506HPCPHI19970200280022400 99999] 2500 00000I 
HPD02849506HPCPHI19970300010020100 00000g 2500 00000  
HPD02849506HPCPHI19970400010020100 00000g 2500 00000  
HPD02849506HPCPHI19970400020030800 00002  0900 00003  2500 00005  
HPD02849506HPCPHI19970400030041500 00002  1600 00009  1700 00002  2500 00013  
HPD02849506HPCPHI19970500010020100 00000g 2500 00000  
HPD02849506HPCPHI19970500110022200 00007  2500 00007  
HPD02849506HPCPHI19970600010020100 00000g 2500 00000  
HPD02849506HPCPHI19970700010020100 99999[ 2500 00000I 
HPD02849506HPCPHI19970700310022400 99999] 2500 00000I 
HPD02849506HPCPHI19970800010020100 00000g 2500 00000  
HPD02849506HPCPHI19970800030080500 00013  0600 00001  0700 00002  0800 00050  0900 00001  1000 00009  1100 00004  2500 00080  
HPD02849506HPCPHI19970800080052000 00066  2100 00001  2300 00001  2400 00006  2500 00074  
HPD02849506HPCPHI19970800090030100 00002  0400 00002  2500 00004  
HPD02849506HPCPHI19970800170021700 00002  2500 00002  
HPD02849506HPCPHI19970800260050900 00070  1000 00022  1100 00002  1200 99999{ 2500 00094P 
HPD02849506HPCPHI19970800310022400 99999} 2500 00000P 
HPD02849506HPCPHI19970900010020100 00000g 2500 00000  
HPD02849506HPCPHI19970900050042200 00020  2300 00001  2400 00004  2500 00025  
HPD02849506HPCPHI19970900060040100 00004  0200 00001  0500 00002  2500 00007  
HPD02849506HPCPHI19970900110031400 00001  1500 00028  2500 00029  
HPD02849506HPCPHI19970900150021900 00003  2500 00003  
HPD02849506HPCPHI19970900250021700 00004  2500 00004  
HPD02849506HPCPHI19971000010020100 00000g 2500 00000  
HPD02849506HPCPHI19971000210041700 00001  1800 00003  2300 00003  2500 00007  
HPD02849506HPCPHI19971100010020100 00000g 2500 00000  
HPD02849506HPCPHI19971100130032300 00001  2400 00002  2500 00003  
HPD02849506HPCPHI19971100140040100 00002  0300 00001  0400 00001  2500 00004  
HPD02849506HPCPHI19971200010050100 00000g 2200 00002  2300 00005  2400 00004  2500 00011  
HPD02849506HPCPHI19971200020020100 00001  2500 00001  
HPD02849506HPCPHI19971200060022000 00005  2500 00005  
HPD02849506HPCPHI19971200070070200 00005  0400 00018  0500 00004  2200 00002  2300 00003  2400 00004  2500 00036  
HPD02849506HPCPHI19971200080030800 00001  0900 00005  2500 00006  
HPD02849506HPCPHI19971200190021400 00009  2500 00009  
HPD02849506HPCPHI19971200210061600 00001  2000 00003  2200 00001  2300 00004  2400 00009  2500 00018  
HPD02849506HPCPHI19971200220070100 00009  0200 00005  0300 00011  0400 00002  0500 00002  1500 00005  2500 00034  
HPD02849506HPCPHI19980100010020100 00000g 2500 00000  
HPD02849506HPCPHI19980100090032000 00001  2100 00001  2500 00002  
HPD02849506HPCPHI19980100100081100 00008  1200 00004  1300 00001  1400 00015  1500 00004  1600 00018  1700 00002  2500 00052  
HPD02849506HPCPHI19980200010020100 00000g 2500 00000  
HPD02849506HPCPHI19980200030022400 00001  2500 00001  
HPD02849506HPCPHI19980200040150200 00013  0300 00002  0400 00006  0500 00008  0600 00017  0700 00014  0900 00001  1000 00001  1100 00001  1800 00010  1900 00007  2000 00010  2100 00001  2300 00003  2500 00094  
HPD02849506HPCPHI19980200070020600 00001  2500 00001  
HPD02849506HPCPHI19980200080091100 00001  1200 00003  1300 00008  1400 00008  1500 00008  1600 00006  1700 00001  2400 00025  2500 00060  
HPD02849506HPCPHI19980200090080100 00014  0200 00004  0300 00008  0400 00010  0500 00001  0900 00005  1100 99999{ 2500 00042P 
HPD02849506HPCPHI19980200140051100 99999} 2200 00001  2300 00001  2400 00008  2500 00010P 
HPD02849506HPCPHI19980200150050100 00001  0200 00006  0300 00028  0400 00012  2500 00047  
HPD02849506HPCPHI19980200170131200 00001  1300 00008  1400 00009  1500 00008  1600 00011  1700 00005  1800 00002  2000 00002  2100 00002  2200 00009  2300 00005  2400 00011  2500 00073  
HPD02849506HPCPHI19980200180040100 00001  0200 00001  0300 00003  2500 00005  
HPD02849506HPCPHI19980200200060700 00002  1400 00002  1500 00016  1600 00006  1700 00001  2500 00027  
HPD02849506HPCPHI19980200240051100 00007  1200 00010  1300 00008  1600 00004  2500 00029  
HPD02849506HPCPHI19980300010020100 00000g 2500 00000  
HPD02849506HPCPHI19980300060032000 00002  2100 00002  2500 00004  
HPD02849506HPCPHI19980300140041600 00002  1700 00009  1800 00009  2500 00020  
HPD02849506HPCPHI19980300150040800 00001  0900 00003  1000 00003  2500 00007  
HPD02849506HPCPHI19980300260110500 00016  0600 00006  0700 00010  0800 00005  0900 00005  1000 00001  1400 00001  1500 00011  1600 00003  2000 00002  2500 00060  
HPD02849506HPCPHI19980300280051700 00004  1800 00010  1900 00020  2000 00006  2500 00040  
HPD02849506HPCPHI19980300290071600 00006  1700 00002  1800 00015  2100 00002  2200 00015  2300 00008  2500 00048  
HPD02849506HPCPHI19980400010060100 00000g 1300 00024  1400 00001  1500 00001  2200 00003  2500 00029  
HPD02849506HPCPHI19980400120050100 00002  0200 00001  0300 00002  0400 00015  2500 00020  
HPD02849506HPCPHI19980500010020100 00000g 2500 00000  
HPD02849506HPCPHI19980500040020100 00002  2500 00002  
HPD02849506HPCPHI19980500130031400 00003  1500 00005  2500 00008  
HPD02849506HPCPHI19980600010020100 00000g 2500 00000  
HPD02849506HPCPHI19980700010020100 00000g 2500 00000  
HPD02849506HPCPHI19980700050030800 00003  0900 00001  2500 00004  
HPD02849506HPCPHI19980700060032300 00001  2400 00005  2500 00006  
HPD02849506HPCPHI19980700190032200 00010  2300 00005  2500 00015  
HPD02849506HPCPHI19980700220021100 00020  2500 00020  
HPD02849506HPCPHI19980700310022200 00002  2500 00002  
HPD02849506HPCPHI19980800010020100 00000g 2500 00000  
HPD02849506HPCPHI19980800120021900 00008  2500 00008  
HPD02849506HPCPHI19980800150042100 00090  2200 00006  2300 00004  2500 00100  
HPD02849506HPCPHI19980800170042000 00014  2100 00008  2200 00006  2500 00028  
HPD02849506HPCPHI19980800280032100 00004  2200 00002  2500 00006  
HPD02849506HPCPHI19980900010020100 00000g 2500 00000  
HPD02849506HPCPHI19980900020021700 00002  2500 00002  
HPD02849506HPCPHI19980900040060500 00002  0600 00003  0900 00001  1200 00002  1700 00002  2500 00010  
HPD02849506HPCPHI19980900060070700 00001  0800 00006  0900 00004  1000 00001  1100 00002  1800 00014  2500 00028  
HPD02849506HPCPHI19980900090032200 00003  2300 00005  2500 00008  
HPD02849506HPCPHI19980900110020800 00001  2500 00001  
HPD02849506HPCPHI19980900220040200 00007  0300 00001  0500 00014  2500 00022  
HPD02849506HPCPHI19981000010020100 00000g 2500 00000  
HPD02849506HPCPHI19981000250070800 00010  1000 00005  1400 00010  1600 00030  2200 00005  2300 00002  2500 00062  
HPD02849506HPCPHI19981000260040300 00005  0500 00090  0600 00035  2500 00130  
HPD02849506HPCPHI19981000300040100 00004  1500 00015  1600 00023  2500 00042  
HPD02849506HPCPHI19981100010020100 00000g 2500 00000  
HPD02849506HPCPHI19981100280051100 00005  1200 00002  2300 00016  2400 00004  2500 00027  
HPD02849506HPCPHI19981200010020100 00000g 2500 00000  
HPD02849506HPCPHI19981200020030800 99999a 1900 00010A 2500 00010  
HPD02849506HPCPHI19981200060031400 00008  1500 00007  2500 00015  
HPD02849506HPCPHI19981200150050500 00002  0600 00021  0700 00008  1000 00004  2500 00035  
