HPD02174902HPCPHT20110100010030100 00000g 1300 00010  2500 00010  
HPD02174902HPCPHT20110100100021200 00020  2500 00020  
HPD02174902HPCPHT20110100170021500 00010  2500 00010  
HPD02174902HPCPHT20110100180031100 00010  1700 00010  2500 00020  
HPD02174902HPCPHT20110200010030100 00000g 1100 00020  2500 00020  
HPD02174902HPCPHT20110200180021000 00020  2500 00020  
HPD02174902HPCPHT20110200190061300 00010  1700 00010  1800 00020  1900 00010  2100 00010  2500 00060  
HPD02174902HPCPHT20110200200041100 00010  1200 00010  2100 00010  2500 00030  
HPD02174902HPCPHT20110200270041000 00010  1100 00010  1600 00010  2500 00030  
HPD02174902HPCPHT20110200280031000 00010  1300 00010  2500 00020  
HPD02174902HPCPHT20110300010030100 00000g 1200 00010  2500 00010  
HPD02174902HPCPHT20110300040031000 00010  1100 00010  2500 00020  
HPD02174902HPCPHT20110300080021000 99999[ 2500 00000I 
HPD02174902HPCPHT20110300270040400 99999] 0600 00010  1500 00010  2500 00020I 
HPD02174902HPCPHT20110300280030700 00010  1400 00010  2500 00020  
HPD02174902HPCPHT20110300290030900 00010  1500 00010  2500 00020  
HPD02174902HPCPHT20110400010030100 00000g 1100 00010  2500 00010  
HPD02174902HPCPHT20110400090021400 00010  2500 00010  
HPD02174902HPCPHT20110400100021000 00010  2500 00010  
HPD02174902HPCPHT20110400110021400 00010  2500 00010  
HPD02174902HPCPHT20110500010030100 00000g 1600 00010  2500 00010  
HPD02174902HPCPHT20110500180032200 00010  2400 00010  2500 00020  
HPD02174902HPCPHT20110500190040100 00010  0300 00010  0900 00010  2500 00030  
HPD02174902HPCPHT20110600010030100 00000g 1400 00010  2500 00010  
HPD02174902HPCPHT20110700010030100 00000g 0200 99999{ 2500 00000P 
HPD02174902HPCPHT20110700310022400 99999} 2500 00000P 
HPD02174902HPCPHT20110800010030100 00000g 0200 99999{ 2500 00000P 
HPD02174902HPCPHT20110800310022400 99999} 2500 00000P 
HPD02174902HPCPHT20110900010020100 00000g 2500 00000  
HPD02174902HPCPHT20110900060041200 00010  1800 00030  1900 00010  2500 00050  
HPD02174902HPCPHT20110900070022000 00030  2500 00030  
HPD02174902HPCPHT20110900080030900 00030  1000 00020  2500 00050  
HPD02174902HPCPHT20110900100041400 00010  2200 00010  2300 00010  2500 00030  
HPD02174902HPCPHT20110900110021000 00020  2500 00020  
HPD02174902HPCPHT20110900130021400 00010  2500 00010  
HPD02174902HPCPHT20110900140040200 00010  1000 00010  1100 00010  2500 00030  
HPD02174902HPCPHT20110900150021000 99999[ 2500 00000I 
HPD02174902HPCPHT20110900300022400 99999] 2500 00000I 
HPD02174902HPCPHI20111000010020100 99999[ 2500 00000I 
HPD02174902HPCPHI20111000310022400 99999] 2500 00000I 
HPD02174902HPCPHI20111100010020100 99999[ 2500 00000I 
HPD02174902HPCPHI20111100300022400 99999] 2500 00000I 
