HPD02232903HPCPHT20020100010030100 00000g 0900 99999[ 2500 00000I 
HPD02232903HPCPHT20020100310022400 99999] 2500 00000I 
HPD02232903HPCPHT20020200010030100 00000g 0200 99999[ 2500 00000I 
HPD02232903HPCPHT20020200220020900 99999] 2500 00000I 
HPD02232903HPCPHT20020300010020100 00000g 2500 00000  
HPD02232903HPCPHT20020300180030100 00010  0900 00010  2500 00020  
HPD02232903HPCPHT20020300200021600 00010  2500 00010  
HPD02232903HPCPHT20020300290040300 00010  1200 99999{ 1300 99999} 2500 00010P 
HPD02232903HPCPHT20020400010040100 00000g 0900 99999[ 1800 99999] 2500 00000I 
HPD02232903HPCPHT20020400060030900 00010  2300 00020  2500 00030  
HPD02232903HPCPHT20020500010020100 00000g 2500 00000  
HPD02232903HPCPHT20020500020021500 99999{ 2500 00000P 
HPD02232903HPCPHT20020500310022400 99999} 2500 00000P 
HPD02232903HPCPHT20020600010030100 99999{ 0800 99999} 2500 00000P 
HPD02232903HPCPHT20020600290021200 99999{ 2500 00000P 
HPD02232903HPCPHT20020600300022400 99999} 2500 00000P 
HPD02232903HPCPHT20020700010020100 00000g 2500 00000  
HPD02232903HPCPHT20020700030021900 00010  2500 00010  
HPD02232903HPCPHT20020700090032200 00030  2300 00020  2500 00050  
HPD02232903HPCPHT20020700130041600 00010  1800 00010  1900 00010  2500 00030  
HPD02232903HPCPHT20020700140042100 00020  2200 00010  2300 00010  2500 00040  
HPD02232903HPCPHT20020700160021500 00010  2500 00010  
HPD02232903HPCPHT20020700170021400 00000 q2500 00000P 
HPD02232903HPCPHT20020700180021800 00000 q2500 00000P 
HPD02232903HPCPHT20020700190031300 00000 q1400 00000 q2500 00000P 
HPD02232903HPCPHT20020700240021700 00010  2500 00010  
HPD02232903HPCPHT20020800010020100 00000g 2500 00000  
HPD02232903HPCPHT20020800020021100 00010  2500 00010  
HPD02232903HPCPHT20020800030022400 00010  2500 00010  
HPD02232903HPCPHT20020800060021000 00010  2500 00010  
HPD02232903HPCPHT20020900010020100 00000g 2500 00000  
HPD02232903HPCPHT20020900060062000 00010  2100 00020  2200 00020  2300 00100  2400 00010  2500 00160  
HPD02232903HPCPHT20020900070070100 00020  1200 00010  1300 00010  1800 00030  2000 00030  2100 00010  2500 00110  
HPD02232903HPCPHT20020900080022200 00010  2500 00010  
HPD02232903HPCPHT20020900100032200 00010  2300 00010  2500 00020  
HPD02232903HPCPHT20020900110030300 00020  0500 00010  2500 00030  
HPD02232903HPCPHT20020900290021400 00010  2500 00010  
HPD02232903HPCPHT20021000010020100 00000g 2500 00000  
HPD02232903HPCPHT20021000020021200 00010  2500 00010  
HPD02232903HPCPHT20021000230030600 00010  0900 00010  2500 00020  
HPD02232903HPCPHT20021000260041400 00010  1500 00010  1900 00010  2500 00030  
HPD02232903HPCPHT20021000270060300 00010  0400 00010  0500 00010  0600 00020  1500 00010  2500 00060  
HPD02232903HPCPHT20021100010020100 00000g 2500 00000  
HPD02232903HPCPHT20021100090060600 00010  1900 00010  2100 00010  2300 00010  2400 00010  2500 00050  
HPD02232903HPCPHT20021100290060700 00010  0900 00010  2000 00010  2100 00010  2400 00010  2500 00050  
HPD02232903HPCPHT20021100300050700 00010  0800 00010  1000 00010  1100 00010  2500 00040  
HPD02232903HPCPHT20021200010020100 00000g 2500 00000  
HPD02232903HPCPHT20021200090031400 99999{ 1500 99999} 2500 00000P 
HPD02232903HPCPHT20021200170040200 00010  0300 00010  0400 00010  2500 00030  
HPD02232903HPCPHT20021200180020300 00010  2500 00010  
HPD02232903HPCPHT20021200200021700 00010  2500 00010  
HPD02232903HPCPHT20021200220021300 00010  2500 00010  
HPD02232903HPCPHT20021200230040700 00010  1300 00010  1800 00010  2500 00030  
HPD02232903HPCPHT20021200290021600 00010  2500 00010  
