HPD02563503HPCPHT20050100010040100 00000g 0800 99999[ 1400 99999] 2500 00000I 
HPD02563503HPCPHT20050100030101300 00010  1500 00010  1600 00010  1700 00010  1800 00010  1900 00010  2000 00010  2100 00010  2300 00020  2500 00100  
HPD02563503HPCPHT20050100040090100 00010  0400 00010  0700 00010  0800 00010  0900 00010  1100 00010  1300 00010  1500 00010  2500 00080  
HPD02563503HPCPHT20050100050020600 00010  2500 00010  
HPD02563503HPCPHT20050100090021200 00010  2500 00010  
HPD02563503HPCPHT20050100110021700 00010  2500 00010  
HPD02563503HPCPHT20050100130021400 00010  2500 00010  
HPD02563503HPCPHT20050100240021400 99999[ 2500 00000I 
HPD02563503HPCPHT20050100310022400 99999] 2500 00000I 
HPD02563503HPCPHT20050200010030100 99999[ 1400 99999] 2500 00000I 
HPD02563503HPCPHT20050200060022100 00010  2500 00010  
HPD02563503HPCPHT20050200070020500 00010  2500 00010  
HPD02563503HPCPHT20050200100041800 00010  2000 00010  2300 00010  2500 00030  
HPD02563503HPCPHT20050200110080400 00010  0900 00010  1700 00010  1900 00010  2200 00010  2300 00010  2400 00010  2500 00070  
HPD02563503HPCPHT20050200120070100 00010  0200 00010  0600 00020  0700 00010  0800 00010  1400 00010  2500 00070  
HPD02563503HPCPHT20050200150022000 00010  2500 00010  
HPD02563503HPCPHT20050200170022400 00010  2500 00010  
HPD02563503HPCPHT20050200180050300 00010  0900 00010  1300 00010  1500 00010  2500 00040  
HPD02563503HPCPHT20050200190050200 00010  0600 00010  2200 00010  2400 00010  2500 00040  
HPD02563503HPCPHT20050200200020800 00010  2500 00010  
HPD02563503HPCPHT20050200220030500 00010  0700 00010  2500 00020  
HPD02563503HPCPHT20050200270020900 00010  2500 00010  
HPD02563503HPCPHT20050300010020100 00000g 2500 00000  
HPD02563503HPCPHT20050300050030100 00010  0500 00020  2500 00030  
HPD02563503HPCPHT20050300140040900 00010  1000 00010  1400 00010  2500 00030  
HPD02563503HPCPHT20050300190040400 00010  0600 00010  0800 00010  2500 00030  
HPD02563503HPCPHT20050300200020300 00010  2500 00010  
HPD02563503HPCPHT20050300250040300 00010  0800 00010  1300 00020  2500 00040  
HPD02563503HPCPHT20050400010020100 00000g 2500 00000  
HPD02563503HPCPHT20050400040030700 99999{ 0900 99999} 2500 00000P 
HPD02563503HPCPHT20050400090021700 00010  2500 00010  
HPD02563503HPCPHT20050400230021300 00020  2500 00020  
HPD02563503HPCPHT20050400240040100 00010  0600 00030  0700 00010  2500 00050  
HPD02563503HPCPHT20050500010040100 00000g 0900 99999[ 1400 99999] 2500 00000I 
HPD02563503HPCPHT20050600010040100 00000g 0800 99999[ 1200 99999] 2500 00000I 
HPD02563503HPCPHT20050600230020900 00010  2500 00010  
HPD02563503HPCPHT20050600240020100 00010  2500 00010  
HPD02563503HPCPHT20050700010020100 00000g 2500 00000  
HPD02563503HPCPHT20050700160021700 00010  2500 00010  
HPD02563503HPCPHT20050700190031800 00010  1900 00030  2500 00040  
HPD02563503HPCPHT20050700230021600 00020  2500 00020  
HPD02563503HPCPHT20050700240030200 00020  0300 00010  2500 00030  
HPD02563503HPCPHT20050700300041800 00010  1900 00010  2000 00010  2500 00030  
HPD02563503HPCPHT20050700310061700 00010  1800 00030  1900 00010  2100 00010  2300 00010  2500 00070  
HPD02563503HPCPHT20050800010030100 00000g 0900 99999[ 2500 00000I 
HPD02563503HPCPHT20050800310022400 99999] 2500 00000I 
HPD02563503HPCPHT20050900010030100 99999[ 1200 99999] 2500 00000I 
HPD02563503HPCPHT20050900020021200 00010  2500 00010  
HPD02563503HPCPHI20051000010020100 99999[ 2500 00000I 
HPD02563503HPCPHI20051000310022400 99999] 2500 00000I 
HPD02563503HPCPHT20051100010020100 00000g 2500 00000  
HPD02563503HPCPHT20051100110021000 00010  2500 00010  
HPD02563503HPCPHT20051200010020100 00000g 2500 00000  
