HPD02048703HPCPHT20110100010030100 99999[ 1100 99999] 2500 00000I 
HPD02048703HPCPHT20110100020021200 00010  2500 00010  
HPD02048703HPCPHT20110100080021700 00010  2500 00010  
HPD02048703HPCPHT20110100310031800 99999[ 2400 99999] 2500 00000I 
HPD02048703HPCPHT20110200010030100 99999[ 1000 99999] 2500 00000I 
HPD02048703HPCPHT20110200030021500 00010  2500 00010  
HPD02048703HPCPHT20110200150021400 00010  2500 00010  
HPD02048703HPCPHT20110200190090300 00010  0500 00010  0700 00010  0800 00010  1100 00020  1200 00020  1300 00010  1500 00010  2500 00100  
HPD02048703HPCPHT20110200200021200 00010  2500 00010  
HPD02048703HPCPHT20110300010030100 00000g 1300 00010  2500 00010  
HPD02048703HPCPHT20110300080021500 99999[ 2500 00000I 
HPD02048703HPCPHT20110300100030700 99999] 1300 00010  2500 00010I 
HPD02048703HPCPHT20110300130030300 99999[ 0400 99999] 2500 00000I 
HPD02048703HPCPHT20110300210021300 00020  2500 00020  
HPD02048703HPCPHT20110300230021500 00010  2500 00010  
HPD02048703HPCPHT20110400010020100 00000g 2500 00000  
HPD02048703HPCPHT20110400080032100 00010  2400 00010  2500 00020  
HPD02048703HPCPHT20110400090060100 00010  0300 00010  0500 00010  1100 00010  1200 00010  2500 00050  
HPD02048703HPCPHT20110400100021600 00010  2500 00010  
HPD02048703HPCPHT20110500010030100 00000g 1200 00010  2500 00010  
HPD02048703HPCPHT20110500180051100 00010  1200 00010  1400 00010  2100 00010  2500 00040  
HPD02048703HPCPHT20110500190021300 00010  2500 00010  
HPD02048703HPCPHT20110600010020100 00000g 2500 00000  
HPD02048703HPCPHT20110700010030100 00000g 0900 00010  2500 00010  
HPD02048703HPCPHT20110700020020700 99999[ 2500 00000I 
HPD02048703HPCPHT20110700220030700 99999] 1300 00010  2500 00010I 
HPD02048703HPCPHT20110700250021400 00010  2500 00010  
HPD02048703HPCPHT20110700310021600 00020  2500 00020  
HPD02048703HPCPHT20110800010040100 00000g 1600 00010  1700 00010  2500 00020  
HPD02048703HPCPHT20110800030021700 00010  2500 00010  
HPD02048703HPCPHT20110800140022000 00010  2500 00010  
HPD02048703HPCPHT20110800230021600 00010  2500 00010  
HPD02048703HPCPHT20110800270032000 00010  2100 00010  2500 00020  
HPD02048703HPCPHT20110800280031700 00020  1800 00010  2500 00030  
HPD02048703HPCPHT20110900010030100 00000g 1300 00010  2500 00010  
HPD02048703HPCPHT20110900050031400 00020  1700 00010  2500 00030  
HPD02048703HPCPHT20110900060040800 00010  0900 00010  1000 00010  2500 00030  
HPD02048703HPCPHT20110900100021300 00010  2500 00010  
HPD02048703HPCPHT20110900120021400 00010  2500 00010  
HPD02048703HPCPHT20110900130040100 00010  0200 00010  1200 99999[ 2500 00020I 
HPD02048703HPCPHT20110900300022400 99999] 2500 00000I 
HPD02048703HPCPHI20111000010020100 99999[ 2500 00000I 
HPD02048703HPCPHI20111000310022400 99999] 2500 00000I 
HPD02048703HPCPHI20111100010020100 99999[ 2500 00000I 
HPD02048703HPCPHI20111100300022400 99999] 2500 00000I 
