HPD02915803HPCPHT20020100010020100 00000g 2500 00000  
HPD02915803HPCPHT20020200010040100 00000g 0800 99999[ 1400 99999] 2500 00000I 
HPD02915803HPCPHT20020200200021400 00010  2500 00010  
HPD02915803HPCPHT20020300010040100 00000g 1000 99999[ 1800 99999] 2500 00000I 
HPD02915803HPCPHT20020300290040400 00010  0500 00010  1100 00010  2500 00030  
HPD02915803HPCPHT20020400010040100 00000g 0800 99999[ 1800 99999] 2500 00000I 
HPD02915803HPCPHT20020400060041400 00030  1500 00010  2400 00010  2500 00050  
HPD02915803HPCPHT20020400220031700 99999{ 1800 99999} 2500 00000P 
HPD02915803HPCPHT20020500010020100 00000g 2500 00000  
HPD02915803HPCPHT20020600010020100 00000g 2500 00000  
HPD02915803HPCPHT20020700010020100 00000g 2500 00000  
HPD02915803HPCPHT20020700080031000 99999[ 1200 99999] 2500 00000I 
HPD02915803HPCPHT20020700100021500 00010  2500 00010  
HPD02915803HPCPHT20020700120020500 00010  2500 00010  
HPD02915803HPCPHT20020700160030100 00010  1400 00010  2500 00020  
HPD02915803HPCPHT20020700170022000 00010  2500 00010  
HPD02915803HPCPHT20020700180021500 00010  2500 00010  
HPD02915803HPCPHT20020700240021700 00010  2500 00010  
HPD02915803HPCPHT20020800010020100 00000g 2500 00000  
HPD02915803HPCPHT20020800020021500 00010  2500 00010  
HPD02915803HPCPHT20020800060021100 00010  2500 00010  
HPD02915803HPCPHT20020800170022300 99999{ 2500 00000P 
HPD02915803HPCPHT20020800190022200 99999} 2500 00000P 
HPD02915803HPCPHT20020900010020100 00000g 2500 00000  
HPD02915803HPCPHT20020900060041400 00020  2100 00010  2200 00010  2500 00040  
HPD02915803HPCPHT20020900070040100 00010  1200 00030  1300 00030  2500 00070  
HPD02915803HPCPHT20020900090021900 00010  2500 00010  
HPD02915803HPCPHT20020900100021300 00010  2500 00010  
HPD02915803HPCPHT20021000010020100 00000g 2500 00000  
HPD02915803HPCPHT20021000260041400 00010  1500 00010  1900 00010  2500 00030  
HPD02915803HPCPHT20021100010020100 00000g 2500 00000  
HPD02915803HPCPHT20021100090040800 00010  1900 00010  2200 00010  2500 00030  
HPD02915803HPCPHT20021100290022200 00010  2500 00010  
HPD02915803HPCPHT20021100300070100 00020  0600 00010  0800 00010  1300 00010  1400 00010  2000 00010  2500 00070  
HPD02915803HPCPHT20021200010020100 00000g 2500 00000  
HPD02915803HPCPHT20021200170030700 00010  1000 00010  2500 00020  
HPD02915803HPCPHT20021200200022100 00010  2500 00010  
HPD02915803HPCPHT20021200290021600 00010  2500 00010  
