HPD02275407HPCPHT20020100010030100 00000g 1900 00010  2500 00010  
HPD02275407HPCPHT20020200010020100 00000g 2500 00000  
HPD02275407HPCPHT20020200030041200 00010  1400 00010  1800 00010  2500 00030  
HPD02275407HPCPHT20020300010030100 99999{ 1800 99999} 2500 00000P 
HPD02275407HPCPHT20020300090021500 00010  2500 00010  
HPD02275407HPCPHT20020400010020100 00000g 2500 00000  
HPD02275407HPCPHT20020500010030100 00000g 2100 00010  2500 00010  
HPD02275407HPCPHT20020600010020100 00000g 2500 00000  
HPD02275407HPCPHT20020700010040100 00000g 0900 99999[ 1100 99999] 2500 00000I 
HPD02275407HPCPHT20020700140021700 00010  2500 00010  
HPD02275407HPCPHT20020700150021500 00010  2500 00010  
HPD02275407HPCPHT20020700190031900 00050  2000 00010  2500 00060  
HPD02275407HPCPHT20020700210031100 00010  1700 00010  2500 00020  
HPD02275407HPCPHT20020700220022100 00010  2500 00010  
HPD02275407HPCPHT20020700260021900 99999{ 2500 00000P 
HPD02275407HPCPHT20020700280021800 99999} 2500 00000P 
HPD02275407HPCPHT20020800010020100 00000g 2500 00000  
HPD02275407HPCPHT20020800030061700 00030  1800 00010  1900 00020  2000 00010  2400 00010  2500 00080  
HPD02275407HPCPHT20020800040031100 00010  2000 00010  2500 00020  
HPD02275407HPCPHT20020800050050100 00010  1100 00010  2100 00010  2300 00010  2500 00040  
HPD02275407HPCPHT20020800060030600 00010  1100 00010  2500 00020  
HPD02275407HPCPHT20020800070021500 00010  2500 00010  
HPD02275407HPCPHT20020800080021300 00010  2500 00010  
HPD02275407HPCPHT20020800090021600 00010  2500 00010  
HPD02275407HPCPHT20020800180022400 00010  2500 00010  
HPD02275407HPCPHT20020800190020900 00010  2500 00010  
HPD02275407HPCPHT20020800200021100 00010  2500 00010  
HPD02275407HPCPHT20020800240021400 00010  2500 00010  
HPD02275407HPCPHT20020800290021500 00010  2500 00010  
HPD02275407HPCPHT20020900010030100 00000g 1400 00010  2500 00010  
HPD02275407HPCPHT20020900020021700 99999{ 2500 00000P 
HPD02275407HPCPHT20020900300022400 99999} 2500 00000P 
HPD02275407HPCPHT20021000010050100 99999{ 1400 99999} 1500 99999[ 1600 99999] 2500 00000P 
HPD02275407HPCPHT20021000070041300 00010  1500 00020  1900 00010  2500 00040  
HPD02275407HPCPHT20021000080020800 00010  2500 00010  
HPD02275407HPCPHT20021000090021100 00010  2500 00010  
HPD02275407HPCPHT20021000150021500 00010  2500 00010  
HPD02275407HPCPHT20021000230021700 00010  2500 00010  
HPD02275407HPCPHT20021000310021400 00010  2500 00010  
HPD02275407HPCPHT20021100010020100 00000g 2500 00000  
HPD02275407HPCPHT20021100070021300 00010  2500 00010  
HPD02275407HPCPHT20021200010030100 00000g 1600 00010  2500 00010  
HPD02275407HPCPHT20021200020022400 00010  2500 00010  
HPD02275407HPCPHT20021200030040500 00010  1000 00010  1700 00010  2500 00030  
HPD02275407HPCPHT20021200060021400 00010  2500 00010  
HPD02275407HPCPHT20021200140021800 00010  2500 00010  
HPD02275407HPCPHT20021200180021400 00010  2500 00010  
HPD02275407HPCPHT20021200230030500 00010  1200 00010  2500 00020  
HPD02275407HPCPHT20021200240021500 00010  2500 00010  
HPD02275407HPCPHT20021200310021600 00010  2500 00010  
