HPD02646802HPCPHT20070100010020100 00000g 2500 00000  
HPD02646802HPCPHT20070100040021600 00010  2500 00010  
HPD02646802HPCPHT20070100200021500 00010  2500 00010  
HPD02646802HPCPHT20070100220021400 00010  2500 00010  
HPD02646802HPCPHT20070100310031500 00010  2400 00010  2500 00020  
HPD02646802HPCPHT20070200010040100 00010  1500 00020  1600 00020  2500 00050  
HPD02646802HPCPHT20070200110022000 00010  2500 00010  
HPD02646802HPCPHT20070200120040200 00010  1200 00010  1300 00010  2500 00030  
HPD02646802HPCPHT20070200140030400 00010  1600 00010  2500 00020  
HPD02646802HPCPHT20070300010020100 00000g 2500 00000  
HPD02646802HPCPHT20070300060021400 00010  2500 00010  
HPD02646802HPCPHT20070300200021200 00010  2500 00010  
HPD02646802HPCPHT20070300220030700 00010  1300 00010  2500 00020  
HPD02646802HPCPHT20070300240021400 00010  2500 00010  
HPD02646802HPCPHT20070300290021300 00010  2500 00010  
HPD02646802HPCPHT20070400010030100 00000g 0900 00010  2500 00010  
HPD02646802HPCPHT20070400140021400 00010  2500 00010  
HPD02646802HPCPHT20070500010030100 00000g 0900 00010  2500 00010  
HPD02646802HPCPHT20070500020021700 00010  2500 00010  
HPD02646802HPCPHT20070500170021100 00010  2500 00010  
HPD02646802HPCPHT20070500200021000 00010  2500 00010  
HPD02646802HPCPHT20070600010020100 00000g 2500 00000  
HPD02646802HPCPHT20070600120020900 00010  2500 00010  
HPD02646802HPCPHT20070600130021600 00010  2500 00010  
HPD02646802HPCPHT20070600180021400 99999[ 2500 00000I 
HPD02646802HPCPHT20070600270021300 99999] 2500 00000I 
HPD02646802HPCPHT20070700010030100 00000g 1000 00010  2500 00010  
HPD02646802HPCPHT20070700140020800 00010  2500 00010  
HPD02646802HPCPHT20070700200041100 00010  1700 00090  2000 00010  2500 00110  
HPD02646802HPCPHT20070700210031500 00010  1800 00010  2500 00020  
HPD02646802HPCPHT20070700220020700 00010  2500 00010  
HPD02646802HPCPHT20070700260031600 00010  1700 99999{ 2500 00010P 
HPD02646802HPCPHT20070700310022400 99999} 2500 00000P 
HPD02646802HPCPHT20070800010060100 99999[ 1200 99999] 2000 00040  2100 00020  2300 00010  2500 00070I 
HPD02646802HPCPHT20070800040061900 00010  2000 00010  2100 00010  2200 00010  2300 00010  2500 00050  
HPD02646802HPCPHT20070800070020200 00010  2500 00010  
HPD02646802HPCPHT20070800160022000 00010  2500 00010  
HPD02646802HPCPHT20070800240022200 00010  2500 00010  
HPD02646802HPCPHT20070900010030100 00000g 1300 99999[ 2500 00000I 
HPD02646802HPCPHT20070900300022400 99999] 2500 00000I 
HPD02646802HPCPHT20071000010020100 99999[ 2500 00000I 
HPD02646802HPCPHT20071000310022400 99999] 2500 00000I 
HPD02646802HPCPHT20071100010020100 99999[ 2500 00000I 
HPD02646802HPCPHT20071100300022400 99999] 2500 00000I 
HPD02646802HPCPHT20071200010020100 99999[ 2500 00000I 
HPD02646802HPCPHT20071200310022400 99999] 2500 00000I 
