HPD02275407HPCPHT20050100010020100 00000g 2500 00000  
HPD02275407HPCPHT20050100020041200 00010  1400 00010  1900 00010  2500 00030  
HPD02275407HPCPHT20050100030031000 00010  1800 00010  2500 00020  
HPD02275407HPCPHT20050100040030500 00010  2000 00010  2500 00020  
HPD02275407HPCPHT20050100070021300 00010  2500 00010  
HPD02275407HPCPHT20050100260071000 00010  1200 00010  1500 00010  1700 00010  1800 00010  2100 00010  2500 00060  
HPD02275407HPCPHT20050100270040300 00010  0800 00010  1200 00010  2500 00030  
HPD02275407HPCPHT20050100290021800 00010  2500 00010  
HPD02275407HPCPHT20050200010020100 00000g 2500 00000  
HPD02275407HPCPHT20050200060030700 00010  1700 00010  2500 00020  
HPD02275407HPCPHT20050200080021300 00010  2500 00010  
HPD02275407HPCPHT20050200100022400 00010  2500 00010  
HPD02275407HPCPHT20050200110090300 00010  0700 00010  1000 00010  1300 00010  1500 00010  1700 00010  1900 00010  2200 00010  2500 00080  
HPD02275407HPCPHT20050200120050200 00010  0500 00010  0900 00010  1500 00010  2500 00040  
HPD02275407HPCPHT20050200180040100 00010  0400 00010  0800 00010  2500 00030  
HPD02275407HPCPHT20050200190020700 00010  2500 00010  
HPD02275407HPCPHT20050200200030500 00010  1200 00010  2500 00020  
HPD02275407HPCPHT20050200210021300 00010  2500 00010  
HPD02275407HPCPHT20050200240022200 00010  2500 00010  
HPD02275407HPCPHT20050200260030900 00010  2200 00010  2500 00020  
HPD02275407HPCPHT20050200270021400 00010  2500 00010  
HPD02275407HPCPHT20050300010040100 00000g 1500 99999[ 1700 99999] 2500 00000I 
HPD02275407HPCPHT20050300080021800 00010  2500 00010  
HPD02275407HPCPHT20050400010020100 00000g 2500 00000  
HPD02275407HPCPHT20050400250021100 00010  2500 00010  
HPD02275407HPCPHT20050500010030100 00000g 1700 99999[ 2500 00000I 
HPD02275407HPCPHT20050500310022400 99999] 2500 00000I 
HPD02275407HPCPHT20050600010020100 00000g 2500 00000  
HPD02275407HPCPHT20050700010020100 00000g 2500 00000  
HPD02275407HPCPHT20050700130041500 00030  1600 00030  1800 00010  2500 00070  
HPD02275407HPCPHT20050700140031000 00010  1300 00010  2500 00020  
HPD02275407HPCPHT20050700210020100 00010  2500 00010  
HPD02275407HPCPHT20050700240041800 00010  1900 00010  2100 00010  2500 00030  
HPD02275407HPCPHT20050700250020500 00010  2500 00010  
HPD02275407HPCPHT20050700270041900 00010  2100 00010  2300 00010  2500 00030  
HPD02275407HPCPHT20050700280021400 00010  2500 00010  
HPD02275407HPCPHT20050700310041500 00020  1600 00010  1800 00010  2500 00040  
HPD02275407HPCPHT20050800010020100 00000g 2500 00000  
HPD02275407HPCPHT20050800170020700 00010  2500 00010  
HPD02275407HPCPHT20050800200022300 00010  2500 00010  
HPD02275407HPCPHT20050800220021500 00010  2500 00010  
HPD02275407HPCPHT20050800240021500 00010  2500 00010  
HPD02275407HPCPHT20050900010020100 00000g 2500 00000  
HPD02275407HPCPHT20050900050031700 00020  2000 00010  2500 00030  
HPD02275407HPCPHT20050900060020900 00010  2500 00010  
HPD02275407HPCPHT20050900070031500 00010  2200 00010  2500 00020  
HPD02275407HPCPHT20050900100020700 00010  2500 00010  
HPD02275407HPCPHT20051000010020100 00000g 2500 00000  
HPD02275407HPCPHT20051000190021200 00010  2500 00010  
HPD02275407HPCPHT20051100010030100 00000g 1800 00010  2500 00010  
HPD02275407HPCPHT20051200010020100 00000g 2500 00000  
HPD02275407HPCPHT20051200120022200 99999{ 2500 00000P 
HPD02275407HPCPHT20051200310022400 99999} 2500 00000P 
