HPD02611906HPCPHT20000100010030100 99999{ 1100 99999} 2500 00000P 
HPD02611906HPCPHT20000100020051000 00020  1100 00020  1400 00010  1600 00010  2500 00060  
HPD02611906HPCPHT20000100100021300 00000 q2500 00000P 
HPD02611906HPCPHT20000200010020100 00000g 2500 00000  
HPD02611906HPCPHT20000200210042100 00020  2200 00020  2300 00010  2500 00050  
HPD02611906HPCPHT20000200220050100 00010  0200 00010  0300 00010  0400 00010  2500 00040  
HPD02611906HPCPHT20000200270021200 00010  2500 00010  
HPD02611906HPCPHT20000300010020100 00000g 2500 00000  
HPD02611906HPCPHT20000300050040200 00020  0300 00010  2400 00010  2500 00040  
HPD02611906HPCPHT20000300060101200 00010  1400 00010  1600 00010  1800 00010  1900 00010  2000 00010  2100 00010  2200 00010  2400 00010  2500 00090  
HPD02611906HPCPHT20000300070030900 00010  1100 00010  2500 00020  
HPD02611906HPCPHT20000300200031600 00010  2000 00010  2500 00020  
HPD02611906HPCPHT20000400010030100 00000g 0700 00010  2500 00010  
HPD02611906HPCPHT20000400020021100 00010  2500 00010  
HPD02611906HPCPHT20000500010020100 00000g 2500 00000  
HPD02611906HPCPHT20000600010020100 00000g 2500 00000  
HPD02611906HPCPHT20000600170061500 00010  1600 00040  1700 00030  1800 00030  1900 00010  2500 00120  
HPD02611906HPCPHT20000600180022300 00010  2500 00010  
HPD02611906HPCPHT20000600190051100 00020  2100 00010  2200 00020  2400 00010  2500 00060  
HPD02611906HPCPHT20000600200031100 00010  1600 00010  2500 00020  
HPD02611906HPCPHT20000600220031600 00010  1800 00010  2500 00020  
HPD02611906HPCPHT20000600230021500 00020  2500 00020  
HPD02611906HPCPHT20000700010030100 00000g 1800 00010  2500 00010  
HPD02611906HPCPHT20000700070032100 00040  2200 00020  2500 00060  
HPD02611906HPCPHT20000700080041300 00010  1700 00020  1800 00010  2500 00040  
HPD02611906HPCPHT20000700290031800 00040  1900 00010  2500 00050  
HPD02611906HPCPHT20000700310021400 00010  2500 00010  
HPD02611906HPCPHT20000800010020100 00000g 2500 00000  
HPD02611906HPCPHT20000800040020800 00010  2500 00010  
HPD02611906HPCPHT20000800050041000 00020  1100 00010  1200 00010  2500 00040  
HPD02611906HPCPHT20000800060021300 00010  2500 00010  
HPD02611906HPCPHT20000800070020800 00010  2500 00010  
HPD02611906HPCPHT20000800160051900 00050  2000 00010  2100 00020  2200 00010  2500 00090  
HPD02611906HPCPHT20000800170021400 00010  2500 00010  
HPD02611906HPCPHT20000800190031700 00010  1800 00010  2500 00020  
HPD02611906HPCPHT20000800200031400 00020  2100 00010  2500 00030  
HPD02611906HPCPHT20000800210021100 00010  2500 00010  
HPD02611906HPCPHT20000800220021300 00010  2500 00010  
HPD02611906HPCPHT20000800240040100 00020  0200 99999{ 1700 99999} 2500 00020P 
HPD02611906HPCPHT20000800270040400 00010  1400 00030  1500 00010  2500 00050  
HPD02611906HPCPHT20000800280032300 00010  2400 00010  2500 00020  
HPD02611906HPCPHT20000800290020200 00010  2500 00010  
HPD02611906HPCPHT20000800300022000 99999[ 2500 00000I 
HPD02611906HPCPHT20000800310022400 99999] 2500 00000I 
HPD02611906HPCPHT20000900010020100 00000g 2500 00000  
HPD02611906HPCPHT20000900090021400 00010  2500 00010  
HPD02611906HPCPHT20000900110022300 99999{ 2500 00000P 
HPD02611906HPCPHT20000900150020900 99999} 2500 00000P 
HPD02611906HPCPHT20000900280051300 00010  1800 00060  1900 00010  2000 00010  2500 00090  
HPD02611906HPCPHT20000900290022100 00060  2500 00060  
HPD02611906HPCPHT20000900300021200 00010  2500 00010  
HPD02611906HPCPHT20001000010020100 00000g 2500 00000  
HPD02611906HPCPHT20001000100030200 00020  1600 00010  2500 00030  
HPD02611906HPCPHT20001000110130700 00010  0800 00010  1200 00020  1300 00010  1500 00020  1600 00010  1800 00010  1900 00010  2000 00010  2100 00010  2200 00010  2400 00010  2500 00140  
HPD02611906HPCPHT20001000120020500 00010  2500 00010  
HPD02611906HPCPHT20001000190051500 00020  1600 00030  1700 00010  1900 00010  2500 00070  
HPD02611906HPCPHT20001000200020900 00010  2500 00010  
HPD02611906HPCPHT20001000210020400 00010  2500 00010  
HPD02611906HPCPHT20001000220090800 00010  0900 00020  1000 00010  1100 00010  1900 00010  2000 00020  2100 00020  2400 00010  2500 00110  
HPD02611906HPCPHT20001000230021200 00010  2500 00010  
HPD02611906HPCPHT20001000250021200 00010  2500 00010  
HPD02611906HPCPHT20001000270051600 00010  2000 00010  2100 00020  2200 00010  2500 00050  
HPD02611906HPCPHT20001000300042200 00010  2300 00010  2400 00020  2500 00040  
HPD02611906HPCPHT20001000310020100 00010  2500 00010  
HPD02611906HPCPHT20001100010020100 00000g 2500 00000  
HPD02611906HPCPHT20001100040051000 00010  1300 00010  1400 00020  1500 00010  2500 00050  
HPD02611906HPCPHT20001100060051500 00010  1600 00050  1700 00030  1800 00010  2500 00100  
HPD02611906HPCPHT20001100070030900 00010  1100 00020  2500 00030  
HPD02611906HPCPHT20001100100061800 00010  1900 00020  2000 00010  2100 00020  2200 00020  2500 00080  
HPD02611906HPCPHT20001100110040200 00010  0300 00010  0800 00010  2500 00030  
HPD02611906HPCPHT20001200010020100 00000g 2500 00000  
