HPD02232903HPCPHT20060100010030100 99999[ 1000 99999] 2500 00000I 
HPD02232903HPCPHT20060200010020100 00000g 2500 00000  
HPD02232903HPCPHT20060300010020100 00000g 2500 00000  
HPD02232903HPCPHT20060300080021500 00010  2500 00010  
HPD02232903HPCPHT20060300100022400 00010  2500 00010  
HPD02232903HPCPHT20060300110140500 00010  0700 00010  0900 00010  1000 00010  1100 00010  1300 00010 Z1500 00020  1800 00010  2000 00010  2100 00020  2200 00010  2300 00020  2400 00010  2500 00160 Z
HPD02232903HPCPHT20060300120050100 00010  0300 00010  0400 00010  1100 00010 Z2500 00040 Z
HPD02232903HPCPHT20060300140020900 00010  2500 00010  
HPD02232903HPCPHT20060300190051300 00010  1500 00010  1600 00010  1700 00010  2500 00040  
HPD02232903HPCPHT20060300200030100 00010  0200 00030  2500 00040  
HPD02232903HPCPHT20060300210031400 00010  1600 00020  2500 00030  
HPD02232903HPCPHT20060300220021300 00010  2500 00010  
HPD02232903HPCPHT20060300280040600 00010  1000 00010  1100 00010  2500 00030  
HPD02232903HPCPHT20060300290021600 00010  2500 00010  
HPD02232903HPCPHT20060300300021400 00010  2500 00010  
HPD02232903HPCPHT20060300310021200 00010  2500 00010  
HPD02232903HPCPHT20060400010030100 00000g 1300 00010  2500 00010  
HPD02232903HPCPHT20060400050030900 00010  1000 00010  2500 00020  
HPD02232903HPCPHT20060400070021600 00010  2500 00010  
HPD02232903HPCPHT20060400190021300 00010  2500 00010  
HPD02232903HPCPHT20060400280020800 00010  2500 00010  
HPD02232903HPCPHT20060500010020100 00000g 2500 00000  
HPD02232903HPCPHT20060500070021700 00010  2500 00010  
HPD02232903HPCPHT20060500140021200 00010  2500 00010  
HPD02232903HPCPHT20060600010030100 00000g 0900 00010  2500 00010  
HPD02232903HPCPHT20060600080021500 00010  2500 00010  
HPD02232903HPCPHT20060600130021200 00010  2500 00010  
HPD02232903HPCPHT20060600210021300 00010  2500 00010  
HPD02232903HPCPHT20060600270031600 00040  1700 00020  2500 00060  
HPD02232903HPCPHT20060600280021600 00010  2500 00010  
HPD02232903HPCPHT20060600290031600 00010  2200 00010  2500 00020  
HPD02232903HPCPHT20060700010030100 00000g 2300 00010  2500 00010  
HPD02232903HPCPHT20060700020021600 00010  2500 00010  
HPD02232903HPCPHT20060700030021600 00010  2500 00010  
HPD02232903HPCPHT20060700070031000 00030  1100 00020  2500 00050  
HPD02232903HPCPHT20060700080031400 00010  1600 00010  2500 00020  
HPD02232903HPCPHT20060700160021000 00010  2500 00010  
HPD02232903HPCPHT20060700170020800 99999[ 2500 00000I 
HPD02232903HPCPHT20060700310022400 99999] 2500 00000I 
HPD02232903HPCPHI20060800010020100 99999[ 2500 00000I 
HPD02232903HPCPHI20060800310022400 99999] 2500 00000I 
HPD02232903HPCPHI20060900010020100 99999[ 2500 00000I 
HPD02232903HPCPHI20060900300022400 99999] 2500 00000I 
HPD02232903HPCPHT20061000010020100 99999[ 2500 00000I 
HPD02232903HPCPHT20061000120031000 99999] 1200 00010  2500 00010I 
HPD02232903HPCPHT20061000140060100 00010  0600 00020  0700 00020  0800 00010  0900 00010  2500 00070  
HPD02232903HPCPHT20061000160021500 00010  2500 00010  
HPD02232903HPCPHT20061000170020600 00010  2500 00010  
HPD02232903HPCPHT20061000280021400 00010  2500 00010  
HPD02232903HPCPHT20061000310021500 00010  2500 00010  
HPD02232903HPCPHT20061100010020100 00000g 2500 00000  
HPD02232903HPCPHT20061100020021500 00010  2500 00010  
HPD02232903HPCPHT20061100230021300 00010  2500 00010  
HPD02232903HPCPHT20061200010030100 00000g 1400 00010  2500 00010  
HPD02232903HPCPHT20061200140021500 00010  2500 00010  
HPD02232903HPCPHT20061200210021400 00010  2500 00010  
HPD02232903HPCPHT20061200220021200 00010  2500 00010  
HPD02232903HPCPHT20061200240021400 00010  2500 00010  
HPD02232903HPCPHT20061200280021700 00010  2500 00010  
HPD02232903HPCPHT20061200290031500 00010  1600 00010  2500 00020  
