HPD02827306HPCPHT20010100010030100 99999[ 0600 99999] 2500 00000I 
HPD02827306HPCPHT20010100080032300 00010  2400 00010  2500 00020  
HPD02827306HPCPHT20010100090080100 00030  0200 00010  0300 00010  0400 00010  0500 00010  1500 00010  1700 00010  2500 00090  
HPD02827306HPCPHT20010100120100300 00010  0900 00020  1300 00010  1400 00010  1500 00010  1600 00010  1700 00010  1900 00010  2000 00010  2500 00100  
HPD02827306HPCPHT20010100160031400 00010  1600 00010  2500 00020  
HPD02827306HPCPHT20010100170021000 00010  2500 00010  
HPD02827306HPCPHT20010100270080500 00010  0900 00010  1000 00010  1500 00010  1700 00010  1800 00010  2200 00010  2500 00070  
HPD02827306HPCPHT20010100280031400 00030  1500 00010  2500 00040  
HPD02827306HPCPHT20010200010020100 00000g 2500 00000  
HPD02827306HPCPHT20010200080021300 00010  2500 00010  
HPD02827306HPCPHT20010200130051500 00010  1600 00020  1700 00010  1800 00010  2500 00050  
HPD02827306HPCPHT20010200140050100 00010  0300 00010  1400 00010  1600 00010  2500 00040  
HPD02827306HPCPHT20010200250022400 00010  2500 00010  
HPD02827306HPCPHT20010200270032100 00010  2200 00010  2500 00020  
HPD02827306HPCPHT20010200280070200 00010  0800 00010  1400 00010  1600 00010  1700 00010  1800 00010  2500 00060  
HPD02827306HPCPHT20010300010030100 99999[ 0400 99999] 2500 00000I 
HPD02827306HPCPHT20010300070100600 00010  0700 00020  0800 00010  0900 00010  1000 00030  1100 00010  1200 00010  1300 00010  1900 00010  2500 00120  
HPD02827306HPCPHT20010300080020200 00010  2500 00010  
HPD02827306HPCPHT20010300100050600 00010  0700 00020  0900 00010  2200 00010  2500 00050  
HPD02827306HPCPHT20010400010020100 00000g 2500 00000  
HPD02827306HPCPHT20010400050062000 00020  2100 00010  2200 00020  2300 00020  2400 00020  2500 00090  
HPD02827306HPCPHT20010400060070100 00010  0200 00020  0300 00010  0400 00020  0600 00010  0900 00010  2500 00080  
HPD02827306HPCPHT20010400100051000 00010  1200 00030  1500 00010  1600 00010  2500 00060  
HPD02827306HPCPHT20010400210061700 00020  1800 00010  1900 00010  2100 00010  2200 00010  2500 00060  
HPD02827306HPCPHT20010500010020100 00000g 2500 00000  
HPD02827306HPCPHT20010500120031900 00030  2300 00010  2500 00040  
HPD02827306HPCPHT20010500190020800 00010  2500 00010  
HPD02827306HPCPHT20010600010030100 99999[ 0500 99999] 2500 00000I 
HPD02827306HPCPHT20010700010030100 99999[ 1200 99999] 2500 00000I 
HPD02827306HPCPHT20010700250021100 00010  2500 00010  
HPD02827306HPCPHT20010700290042200 00050  2300 00010  2400 00010  2500 00070  
HPD02827306HPCPHT20010700300030100 00010  0200 00010  2500 00020  
HPD02827306HPCPHT20010700310031500 00010  1700 00030  2500 00040  
HPD02827306HPCPHT20010800010020100 00000g 2500 00000  
HPD02827306HPCPHT20010800070021600 00010  2500 00010  
HPD02827306HPCPHT20010800080022400 00010  2500 00010  
HPD02827306HPCPHT20010800090020100 00020  2500 00020  
HPD02827306HPCPHT20010800120021700 00050  2500 00050  
HPD02827306HPCPHT20010800140031400 00010  1500 00030  2500 00040  
HPD02827306HPCPHT20010900010030100 99999[ 0500 99999] 2500 00000I 
HPD02827306HPCPHT20010900140031900 00010  2000 00020  2500 00030  
HPD02827306HPCPHT20010900150020900 00010  2500 00010  
HPD02827306HPCPHT20011000010020100 00000g 2500 00000  
HPD02827306HPCPHT20011000030021800 00010  2500 00010  
HPD02827306HPCPHT20011000070051200 00010  1800 00010  2300 00010  2400 00010  2500 00040  
HPD02827306HPCPHT20011100010020100 00000g 2500 00000  
HPD02827306HPCPHT20011200010040100 00000g 0800 99999[ 1400 99999] 2500 00000I 
HPD02827306HPCPHT20011200040130700 00010  0800 00020  0900 00020  1000 00010  1200 00010  1300 00020  1400 00020  1500 00010  1700 00010  1900 00010  2000 00020  2300 00010  2500 00170  
HPD02827306HPCPHT20011200170031000 99999{ 1100 99999} 2500 00000P 
