HPD02643400HPCPHI19520400010020100 00000g 2500 00000  
HPD02643400HPCPHI19520400080040600 00007  0700 00005  0800 00002  2500 00014  
HPD02643400HPCPHI19520400100031600 00013  1800 00001  2500 00014  
HPD02643400HPCPHI19520400110060700 00007  0800 00013  1400 00002  1500 00002  1600 00004  2500 00028  
HPD02643400HPCPHI19520400190071800 00004  2000 00006  2100 00002  2200 00011  2300 00018  2400 00011  2500 00052  
HPD02643400HPCPHI19520400200150100 00011  0200 00001  0300 00001  0600 00002  0700 00001  0800 00001  1700 00001  1800 00002  1900 00005  2000 00007  2100 00006  2200 00004  2300 00009  2400 00004  2500 00055  
HPD02643400HPCPHI19520400210030100 00003  0600 00002  2500 00005  
HPD02643400HPCPHI19520400270071200 00008  1600 00002  1800 00005  2000 00003  2100 00002  2200 00004  2500 00024  
HPD02643400HPCPHI19520400280040700 00001  0800 00002  0900 00001  2500 00004  
HPD02643400HPCPHI19520400290080300 00001  0400 00001  1000 00002  1400 00001  1700 00002  1800 00001  2000 00001  2500 00009  
HPD02643400HPCPHI19520500010020100 00000g 2500 00000  
HPD02643400HPCPHI19520500260021000 00007  2500 00007  
HPD02643400HPCPHI19520500280021400 00002  2500 00002  
HPD02643400HPCPHI19520600010020100 00000g 2500 00000  
HPD02643400HPCPHI19520600020061700 00013  1800 00008  1900 00024  2000 00026  2100 00008  2500 00079  
HPD02643400HPCPHI19520600030080300 00002  0400 00003  0500 00004  1200 00003  1300 00012  1700 00014  1800 00001  2500 00039  
HPD02643400HPCPHI19520700010020100 00000g 2500 00000  
HPD02643400HPCPHI19520700060051300 00020  1400 00003  1500 00001  1600 00001  2500 00025  
HPD02643400HPCPHI19520700210021500 00002  2500 00002  
HPD02643400HPCPHI19520700260060200 00004  0500 00003  1400 00046  2100 00003  2200 00012  2500 00068  
HPD02643400HPCPHI19520700270032100 00003  2300 00002  2500 00005  
HPD02643400HPCPHI19520700280051600 00005  1700 00008  1800 00008  2000 00003  2500 00024  
HPD02643400HPCPHI19520700290031200 00044  1300 00002  2500 00046  
HPD02643400HPCPHI19520700300021300 00004  2500 00004  
HPD02643400HPCPHI19520800010020100 00000g 2500 00000  
HPD02643400HPCPHI19520800120030100 99999a 2400 00018A 2500 00018  
HPD02643400HPCPHI19520800130030100 99999a 2400 00012A 2500 00012  
HPD02643400HPCPHI19520800170030100 99999a 2400 00010A 2500 00010  
HPD02643400HPCPHI19520800200030100 99999a 2400 00026A 2500 00026  
HPD02643400HPCPHI19520800260030100 99999a 2400 00064A 2500 00064  
HPD02643400HPCPHI19520900010020100 00000g 2500 00000  
HPD02643400HPCPHI19520900200030100 99999a 2400 00156A 2500 00156  
HPD02643400HPCPHI19521000010020100 00000g 2500 00000  
HPD02643400HPCPHI19521100010030100 99999[ 1300 99999] 2500 00000I 
HPD02643400HPCPHI19521100150020100 99999[ 2500 00000I 
HPD02643400HPCPHI19521100300022400 99999] 2500 00000I 
HPD02643400HPCPHI19521200010020100 99999[ 2500 00000I 
HPD02643400HPCPHI19521200310022400 99999] 2500 00000I 
HPD02643400HPCPHI19530100010020100 99999a 2500 00000I 
HPD02643400HPCPHI19530100310022400 99999A 2500 00000I 
HPD02643400HPCPHI19530200010020100 99999, 2500 00000I 
HPD02643400HPCPHI19530200280022400 99999A 2500 00000I 
HPD02643400HPCPHI19530300010020100 99999, 2500 00000I 
HPD02643400HPCPHI19530300310022400 00345A 2500 00345P 
HPD02643400HPCPHI19530400010020100 00000g 2500 00000  
HPD02643400HPCPHI19530400220060400 00010  1100 00007  1200 00001  1400 00004  1500 00015  2500 00037  
HPD02643400HPCPHI19530400270081500 00003  1800 00002  1900 00018  2000 00005  2100 00010  2300 00004  2400 00001  2500 00043  
HPD02643400HPCPHI19530400280040500 00004  0600 00001  0700 00001  2500 00006  
HPD02643400HPCPHI19530400300030100 99999[ 2400 99999] 2500 00000I 
HPD02643400HPCPHI19530500010020100 00000g 2500 00000  
HPD02643400HPCPHI19530500150051400 00015  1500 00004  1600 00001  2000 00002  2500 00022  
HPD02643400HPCPHI19530500310030100 99999[ 2400 99999] 2500 00000I 
HPD02643400HPCPHI19530600010020100 00000g 2500 00000  
HPD02643400HPCPHI19530600100022300 00002  2500 00002  
HPD02643400HPCPHI19530600300030100 99999[ 2400 99999] 2500 00000I 
HPD02643400HPCPHI19530700010020100 00000g 2500 00000  
HPD02643400HPCPHI19530700070040600 00006  0700 00010  0800 00002  2500 00018  
HPD02643400HPCPHI19530700080040700 00001  0900 00001  1300 00001  2500 00003  
HPD02643400HPCPHI19530700100050200 00001  0300 00002  0600 00002  0700 00001  2500 00006  
HPD02643400HPCPHI19530700110030400 00008  0500 00005  2500 00013  
HPD02643400HPCPHI19530700120070400 00010  0600 00007  0800 00001  0900 00001  1000 00001  1100 00001  2500 00021  
HPD02643400HPCPHI19530700130050500 00043  0600 00003  0700 00002  0900 00007  2500 00055  
HPD02643400HPCPHI19530700140020600 00005  2500 00005  
HPD02643400HPCPHI19530700150021300 00016  2500 00016  
HPD02643400HPCPHI19530700160021000 00005  2500 00005  
HPD02643400HPCPHI19530700170040300 00002  0900 00002  1100 00002  2500 00006  
HPD02643400HPCPHI19530700180030900 00001  1100 00003  2500 00004  
HPD02643400HPCPHI19530700190041000 00001  1100 00003  2400 00018  2500 00022  
HPD02643400HPCPHI19530700200020100 00012  2500 00012  
HPD02643400HPCPHI19530700230040200 00010  0300 00024  0400 00002  2500 00036  
HPD02643400HPCPHI19530700240052100 00004  2200 00001  2300 00024  2400 00012  2500 00041  
HPD02643400HPCPHI19530700250020100 00002  2500 00002  
HPD02643400HPCPHI19530700290101300 00030  1400 00017  1500 00008  1600 00001  1700 00001  1800 00001  1900 00002  2000 00001  2100 00002  2500 00063  
HPD02643400HPCPHI19530700310030100 99999[ 2400 99999] 2500 00000I 
HPD02643400HPCPHI19530800010020100 00000g 2500 00000  
HPD02643400HPCPHI19530800070022400 00003  2500 00003  
HPD02643400HPCPHI19530800090022400 00008  2500 00008  
HPD02643400HPCPHI19530800100030200 00002  2200 00004  2500 00006  
HPD02643400HPCPHI19530800130041900 00001  2000 00017  2100 00020  2500 00038  
HPD02643400HPCPHI19530800140022100 00002  2500 00002  
HPD02643400HPCPHI19530800150050200 00007  0300 00004  1900 00004  2200 00002  2500 00017  
HPD02643400HPCPHI19530800210031900 00003  2000 00012  2500 00015  
HPD02643400HPCPHI19530800250101100 00009  1300 00078  1500 00022  1600 00021  1700 00024  1800 00024  2000 00002  2100 00060  2200 00015  2500 00255  
HPD02643400HPCPHI19530800310030100 99999[ 2400 99999] 2500 00000I 
HPD02643400HPCPHI19530900010020100 00000g 2500 00000  
HPD02643400HPCPHI19530900300030100 99999[ 2400 99999] 2500 00000I 
HPD02643400HPCPHI19531000010020100 00000g 2500 00000  
HPD02643400HPCPHI19531000190061600 00002  1700 00002  1800 00002  1900 00002  2100 00002  2500 00010  
HPD02643400HPCPHI19531000200020400 00002  2500 00002  
HPD02643400HPCPHI19531000210021600 00004  2500 00004  
HPD02643400HPCPHI19531000220050300 00002  0400 00010  0500 00002  0600 00004  2500 00018  
HPD02643400HPCPHI19531000310030100 99999[ 2400 99999] 2500 00000I 
HPD02643400HPCPHI19531100010020100 00000g 2500 00000  
HPD02643400HPCPHI19531100140051300 00002  1400 00002  2100 00002  2200 00002  2500 00008  
HPD02643400HPCPHI19531100170031100 00014  2400 00004  2500 00018  
HPD02643400HPCPHI19531100180030100 00002  1100 00002  2500 00004  
HPD02643400HPCPHI19531100300030100 99999[ 2400 99999] 2500 00000I 
HPD02643400HPCPHI19531200010020100 00000g 2500 00000  
HPD02643400HPCPHI19531200030022400 00004  2500 00004  
HPD02643400HPCPHI19531200040080300 00002  0400 00001  1800 00003  1900 00001  2000 00002  2100 00002  2200 00001  2500 00012  
HPD02643400HPCPHI19531200310030100 99999[ 2400 99999] 2500 00000I 
HPD02643400HPCPHI19540100010020100 00000g 2500 00000  
HPD02643400HPCPHI19540100090021300 99999a 2500 00000I 
HPD02643400HPCPHI19540100310022400 99999A 2500 00000I 
HPD02643400HPCPHI19540200010020100 99999, 2500 00000I 
HPD02643400HPCPHI19540200280022400 99999A 2500 00000I 
HPD02643400HPCPHI19540300010020100 99999, 2500 00000I 
HPD02643400HPCPHI19540300310022400 00502A 2500 00502P 
HPD02643400HPCPHI19540400010020100 00000g 2500 00000  
HPD02643400HPCPHI19540400300091200 00001  1300 00001  1400 00007  1500 00006  1600 00003  2000 00005  2100 00003  2200 00002  2500 00028  
HPD02643400HPCPHI19540500010030100 00000g 0400 00002  2500 00002  
HPD02643400HPCPHI19540500170021100 00005  2500 00005  
HPD02643400HPCPHI19540500200021000 00001  2500 00001  
HPD02643400HPCPHI19540500310030100 99999[ 2400 99999] 2500 00000I 
HPD02643400HPCPHI19540600010020100 00000g 2500 00000  
HPD02643400HPCPHI19540600250080100 00001  0200 00006  0300 00003  0600 00002  1300 00001  1400 00001  1500 00011  2500 00025  
HPD02643400HPCPHI19540600260060500 00019  0600 00033  0700 00005  0800 00011  1000 00001  2500 00069  
HPD02643400HPCPHI19540600300030100 99999[ 2400 99999] 2500 00000I 
HPD02643400HPCPHI19540700010020100 00000g 2500 00000  
HPD02643400HPCPHI19540700020022400 00002  2500 00002  
HPD02643400HPCPHI19540700100020500 00005  2500 00005  
HPD02643400HPCPHI19540700110030400 00002  0500 00010  2500 00012  
HPD02643400HPCPHI19540700120020900 00005  2500 00005  
HPD02643400HPCPHI19540700150020700 00004  2500 00004  
HPD02643400HPCPHI19540700160020100 99999a 2500 00000I 
HPD02643400HPCPHI19540700310022400 99999A 2500 00000I 
HPD02643400HPCPHI19540800010020100 99999, 2500 00000I 
HPD02643400HPCPHI19540800310022400 99999A 2500 00000I 
HPD02643400HPCPHI19540900010020100 99999, 2500 00000I 
HPD02643400HPCPHI19540900300022400 00383A 2500 00383P 
HPD02643400HPCPHI19541000010020100 00000g 2500 00000  
HPD02643400HPCPHI19541000310030100 99999[ 2400 99999] 2500 00000I 
HPD02643400HPCPHI19541100010040100 00000g 1500 00001  1600 00003  2500 00004  
HPD02643400HPCPHI19541100020022100 00002  2500 00002  
HPD02643400HPCPHI19541100110080500 00002  0600 00001  0700 00006  0800 00002  0900 00001  1000 00001  1100 00001  2500 00014  
HPD02643400HPCPHI19541100300030100 99999[ 2400 99999] 2500 00000I 
HPD02643400HPCPHI19541200010020100 00000g 2500 00000  
HPD02643400HPCPHI19541200030061800 00003  1900 00001  2100 00001  2300 00001  2400 00005  2500 00011  
HPD02643400HPCPHI19541200040020100 00002  2500 00002  
HPD02643400HPCPHI19541200100090100 00004  0200 00005  0300 00001  0400 00002  0500 00005  0600 00002  0700 00002  0800 00005  2500 00026  
HPD02643400HPCPHI19541200110030500 00002  0600 00001  2500 00003  
HPD02643400HPCPHI19541200310030100 99999[ 2400 99999] 2500 00000I 
HPD02643400HPCPHI19550100010020100 00000g 2500 00000  
HPD02643400HPCPHI19550100020060700 00003  0800 00007  0900 00006  1000 00004  1100 00001  2500 00021  
HPD02643400HPCPHI19550100030060600 00007  0700 00002  1100 00001  1200 00001  1400 00001  2500 00012  
HPD02643400HPCPHI19550100040040600 00002  0700 00015  0800 00002  2500 00019  
HPD02643400HPCPHI19550100050020600 00001  2500 00001  
HPD02643400HPCPHI19550100070050700 00001  0800 00001  1000 00003  1100 00003  2500 00008  
HPD02643400HPCPHI19550100110020500 00009  2500 00009  
HPD02643400HPCPHI19550100160090600 00001  0700 00004  0800 00006  0900 00005  1000 00003  1100 00002  1200 00003  1300 00002  2500 00026  
HPD02643400HPCPHI19550100190020600 00010  2500 00010  
HPD02643400HPCPHI19550100310030100 99999[ 2400 99999] 2500 00000I 
HPD02643400HPCPHI19550200010020100 00000g 2500 00000  
HPD02643400HPCPHI19550200180020600 00015  2500 00015  
HPD02643400HPCPHI19550200250051600 00002  1700 00011  1800 00010  1900 00003  2500 00026  
HPD02643400HPCPHI19550200280030100 99999[ 2400 99999] 2500 00000I 
HPD02643400HPCPHI19550300010020100 00000g 2500 00000  
HPD02643400HPCPHI19550300200030700 99999a 1400 00016A 2500 00016  
HPD02643400HPCPHI19550400010020100 00000g 2500 00000  
HPD02643400HPCPHI19550400300030100 99999[ 2400 99999] 2500 00000I 
HPD02643400HPCPHI19550500010020100 00000g 2500 00000  
HPD02643400HPCPHI19550500310030100 99999[ 2400 99999] 2500 00000I 
HPD02643400HPCPHI19550600010020100 00000g 2500 00000  
HPD02643400HPCPHI19550600120021200 00045  2500 00045  
HPD02643400HPCPHI19550600130110600 00090  0700 00012  0800 00002  1000 00035  1100 00010  1200 00006  1300 00002  1800 00004  1900 00011  2000 00002  2500 00174  
HPD02643400HPCPHI19550600300030100 99999[ 2400 99999] 2500 00000I 
HPD02643400HPCPHI19550700010020100 00000g 2500 00000  
HPD02643400HPCPHI19550700130021100 00015  2500 00015  
HPD02643400HPCPHI19550700150021600 00005  2500 00005  
HPD02643400HPCPHI19550700170031200 00040  1300 00012  2500 00052  
HPD02643400HPCPHI19550700190021300 00020  2500 00020  
HPD02643400HPCPHI19550700210031300 00050  1400 00001  2500 00051  
HPD02643400HPCPHI19550700230021700 00018  2500 00018  
HPD02643400HPCPHI19550700240030700 00002  0800 00003  2500 00005  
HPD02643400HPCPHI19550700300021700 00004  2500 00004  
HPD02643400HPCPHI19550700310030100 99999[ 2400 99999] 2500 00000I 
HPD02643400HPCPHI19550800010030100 00000g 0500 00002  2500 00002  
HPD02643400HPCPHI19550800020041400 00090  1700 00002  1800 00008  2500 00100  
HPD02643400HPCPHI19550800030050100 00002  0200 00006  0500 00001  0800 00002  2500 00011  
HPD02643400HPCPHI19550800080050900 00002  1400 00002  1500 00014  1600 00005  2500 00023  
HPD02643400HPCPHI19550800100021100 00012  2500 00012  
HPD02643400HPCPHI19550800120021500 00005  2500 00005  
HPD02643400HPCPHI19550800140030800 00010  1100 00002  2500 00012  
HPD02643400HPCPHI19550800150021100 00042  2500 00042  
HPD02643400HPCPHI19550800160031200 00017  1300 00016  2500 00033  
HPD02643400HPCPHI19550800170031300 00055  1400 00002  2500 00057  
HPD02643400HPCPHI19550800200021000 00020  2500 00020  
HPD02643400HPCPHI19550800230021100 00010  2500 00010  
HPD02643400HPCPHI19550800240021300 00003  2500 00003  
HPD02643400HPCPHI19550800310030100 99999[ 2400 99999] 2500 00000I 
HPD02643400HPCPHI19550900010020100 00000g 2500 00000  
HPD02643400HPCPHI19551000010020100 00000g 2500 00000  
HPD02643400HPCPHI19551000310030100 99999[ 2400 99999] 2500 00000I 
HPD02643400HPCPHI19551100010020100 00000g 2500 00000  
HPD02643400HPCPHI19551100120032200 00001  2400 00001  2500 00002  
HPD02643400HPCPHI19551100130070300 00001  1500 00001  1600 00001  1700 00002  1800 00004  2400 00001  2500 00010  
HPD02643400HPCPHI19551100140080200 00001  0300 00002  1700 00003  1800 00012  1900 00004  2000 00012  2100 00023  2500 00057  
HPD02643400HPCPHI19551100210032200 00007  2400 00001  2500 00008  
HPD02643400HPCPHI19551100220030800 00002  0900 00008  2500 00010  
HPD02643400HPCPHI19551100300030100 99999[ 2400 99999] 2500 00000I 
HPD02643400HPCPHI19551200010080100 00000g 1400 00001  1500 00001  1600 00001  2200 00003  2300 00005  2400 00005  2500 00016  
HPD02643400HPCPHI19551200020040700 00003  0800 00005  0900 00005  2500 00013  
HPD02643400HPCPHI19551200310030100 99999[ 2400 99999] 2500 00000I 
HPD02643400HPCPHI19560100010020100 00000g 2500 00000  
HPD02643400HPCPHI19560100160060500 00010  0600 00013  0700 00007  0800 00009  0900 00013  2500 00052  
HPD02643400HPCPHI19560100210020300 00003  2500 00003  
HPD02643400HPCPHI19560100250042100 00001  2200 00003  2300 00001  2500 00005  
HPD02643400HPCPHI19560100260080400 00001  0500 00001  1900 00001  2000 00003  2100 00002  2200 00002  2300 00013  2500 00023  
HPD02643400HPCPHI19560100270110800 00008  0900 00005  1000 00009  1100 00002  1300 00006  1400 00001  1600 00002  1700 00003  1800 00003  1900 00001  2500 00040  
HPD02643400HPCPHI19560100310030100 99999[ 2400 99999] 2500 00000I 
HPD02643400HPCPHI19560200010020100 00000g 2500 00000  
HPD02643400HPCPHI19560200160030900 99999a 1600 00025A 2500 00025  
HPD02643400HPCPHI19560200290030100 99999[ 2400 99999] 2500 00000I 
HPD02643400HPCPHI19560300010020100 00000g 2500 00000  
HPD02643400HPCPHI19560400010020100 00000g 2500 00000  
HPD02643400HPCPHI19560400140040800 00026  0900 00019  1700 00002  2500 00047  
HPD02643400HPCPHI19560400300030100 99999[ 2400 99999] 2500 00000I 
HPD02643400HPCPHI19560500010020100 00000g 2500 00000  
HPD02643400HPCPHI19560500310030100 99999[ 2400 99999] 2500 00000I 
HPD02643400HPCPHI19560600010020100 00000g 2500 00000  
HPD02643400HPCPHI19560600290031500 00024  1600 00003  2500 00027  
HPD02643400HPCPHI19560600300030100 99999[ 2400 99999] 2500 00000I 
HPD02643400HPCPHI19560700010020100 00000g 2500 00000  
HPD02643400HPCPHI19560700180030800 00003  0900 00001  2500 00004  
HPD02643400HPCPHI19560700200020800 00029  2500 00029  
HPD02643400HPCPHI19560700210020600 00032  2500 00032  
HPD02643400HPCPHI19560700220060500 00013  0800 00002  0900 00002  1200 99999[ 1300 99999] 2500 00017I 
HPD02643400HPCPHI19560700240020600 00008  2500 00008  
HPD02643400HPCPHI19560700250040500 00001  0600 00006  0800 00005  2500 00012  
HPD02643400HPCPHI19560700260050700 00001  1000 00018  1100 00001  1200 00001  2500 00021  
HPD02643400HPCPHI19560700300030600 00003  0700 00001  2500 00004  
HPD02643400HPCPHI19560700310030100 99999[ 2400 99999] 2500 00000I 
HPD02643400HPCPHI19560800010020100 00000g 2500 00000  
HPD02643400HPCPHI19560800120040300 00006  0400 00002  2400 00002  2500 00010  
HPD02643400HPCPHI19560800130030100 00005  0200 00003  2500 00008  
HPD02643400HPCPHI19560900010020100 00000g 2500 00000  
HPD02643400HPCPHI19561000010020100 00000g 2500 00000  
HPD02643400HPCPHI19561000160031600 00003  1700 00003  2500 00006  
HPD02643400HPCPHI19561000280061900 00001  2000 00002  2100 00002  2200 00001  2400 00001  2500 00007  
HPD02643400HPCPHI19561000290040100 00001  0600 00002  0700 00006  2500 00009  
HPD02643400HPCPHI19561000310030100 99999[ 2400 99999] 2500 00000I 
HPD02643400HPCPHI19561100010020100 00000g 2500 00000  
HPD02643400HPCPHI19561100300030100 99999[ 2400 99999] 2500 00000I 
HPD02643400HPCPHI19561200010020100 00000g 2500 00000  
HPD02643400HPCPHI19561200060022200 00002  2500 00002  
HPD02643400HPCPHI19561200070070100 00002  0300 00001  0600 00001  0700 00003  0800 00010  0900 00005  2500 00022  
HPD02643400HPCPHI19561200080061000 00001  1100 00002  1200 00001  1300 00001  1800 00001  2500 00006  
HPD02643400HPCPHI19561200310030100 99999[ 2400 99999] 2500 00000I 
HPD02643400HPCPHI19570100010020100 00000g 2500 00000  
HPD02643400HPCPHI19570100040051900 00002  2000 00006  2300 00006  2400 00007  2500 00021  
HPD02643400HPCPHI19570100050040100 00001  0200 00001  1000 00001  2500 00003  
HPD02643400HPCPHI19570100070190600 00003  0700 00003  0800 00001  0900 00004  1000 00001  1100 00005  1200 00008  1300 00004  1400 00001  1500 00003  1600 00002  1700 00002  1800 00001  1900 00004  2000 00001  2100 00001  2200 00001  2300 00002  2500 00047  
HPD02643400HPCPHI19570100080080500 00002  0600 00001  0700 00001  0900 00001  1000 00005  1600 00001  1700 00003  2500 00014  
HPD02643400HPCPHI19570100100050200 00014  0300 00001  0400 00003  0500 00001  2500 00019  
HPD02643400HPCPHI19570100120120100 00001  0200 00002  0300 00001  0500 00001  0800 00002  0900 00001  1200 00001  1300 00001  2000 00001  2100 00002  2400 00001  2500 00014  
HPD02643400HPCPHI19570100130060100 00003  0200 00001  0300 00005  0400 00006  0500 00001  2500 00016  
HPD02643400HPCPHI19570100210020500 00005  2500 00005  
HPD02643400HPCPHI19570100250062000 00002  2100 00005  2200 00007  2300 00005  2400 00004  2500 00023  
HPD02643400HPCPHI19570100260140600 00001  0700 00002  0800 00001  0900 00001  1000 00001  1200 00001  1300 00001  1500 00001  1600 00001  1700 00001  2000 00002  2100 00003  2300 00001  2500 00017  
HPD02643400HPCPHI19570100270030400 00004  0500 00002  2500 00006  
HPD02643400HPCPHI19570100280090800 00002  1500 00001  1700 00001  1900 00001  2100 00001  2200 00001  2300 00001  2400 00001  2500 00009  
HPD02643400HPCPHI19570100300030600 00020  0700 00008  2500 00028  
HPD02643400HPCPHI19570100310030100 99999[ 2400 99999] 2500 00000I 
HPD02643400HPCPHI19570200010020100 00000g 2500 00000  
HPD02643400HPCPHI19570200170051900 00002  2100 00002  2200 00004  2400 00004  2500 00012  
HPD02643400HPCPHI19570200180081000 00003  1700 00001  1800 00014  1900 00007  2200 00002  2300 00001  2400 00002  2500 00030  
HPD02643400HPCPHI19570200190020600 00005  2500 00005  
HPD02643400HPCPHI19570200220050100 00001  0200 00003  0300 00002  0400 00002  2500 00008  
HPD02643400HPCPHI19570200230041300 00003  1400 00003  1500 00006  2500 00012  
HPD02643400HPCPHI19570200280031500 00016  1600 00006  2500 00022  
HPD02643400HPCPHI19570300010060100 00000g 0300 00016  0400 00006  0500 00001  1600 00013  2500 00036  
HPD02643400HPCPHI19570300090052100 00003  2200 00012  2300 00018  2400 00018  2500 00051  
HPD02643400HPCPHI19570300100070100 00007  0200 00015  0300 00010  0400 00007  0500 00003  0700 00001  2500 00043  
HPD02643400HPCPHI19570300160051700 00001  1800 00001  2000 00001  2200 00010  2500 00013  
HPD02643400HPCPHI19570300190021900 00004  2500 00004  
HPD02643400HPCPHI19570300200031100 00010  1200 00009  2500 00019  
HPD02643400HPCPHI19570300300041000 00001  1400 00001  1500 00003  2500 00005  
HPD02643400HPCPHI19570400010020100 00000g 2500 00000  
HPD02643400HPCPHI19570400180040500 00001  0600 00012  0700 00001  2500 00014  
HPD02643400HPCPHI19570400200022100 00001  2500 00001  
HPD02643400HPCPHI19570400210100500 00002  0700 00005  0800 00002  0900 00006  1000 00005  1100 00004  1200 00001  1300 00004  1400 00003  2500 00032  
HPD02643400HPCPHI19570400220031900 00003  2000 00001  2500 00004  
HPD02643400HPCPHI19570400300030100 99999[ 2400 99999] 2500 00000I 
HPD02643400HPCPHI19570500010020100 00000g 2500 00000  
HPD02643400HPCPHI19570500060061400 00002  1800 00003  1900 00002  2200 00003  2300 00001  2500 00011  
HPD02643400HPCPHI19570500100040900 00002  1000 00003  2400 00005  2500 00010  
HPD02643400HPCPHI19570500120040500 00001  0600 00007  0700 00007  2500 00015  
HPD02643400HPCPHI19570500140022300 00001  2500 00001  
HPD02643400HPCPHI19570500190060400 00007  0500 00001  0700 00004  0800 00003  0900 00004  2500 00019  
HPD02643400HPCPHI19570500230070200 00001  0300 00005  0500 00004  0600 00002  0700 00001  2300 00003  2500 00016  
HPD02643400HPCPHI19570500310030100 99999[ 2400 99999] 2500 00000I 
HPD02643400HPCPHI19570600010020100 00000g 2500 00000  
HPD02643400HPCPHI19570600090041500 00001  1700 00002  1800 00003  2500 00006  
HPD02643400HPCPHI19570600100040600 00001  0800 00010  0900 00005  2500 00016  
HPD02643400HPCPHI19570700010020100 00000g 2500 00000  
HPD02643400HPCPHI19570700050032300 00001  2400 00007  2500 00008  
HPD02643400HPCPHI19570700090071700 00002  1800 00004  2100 00002  2200 00011  2300 00008  2400 00001  2500 00028  
HPD02643400HPCPHI19570700100020100 00003  2500 00003  
HPD02643400HPCPHI19570700160042200 00020  2300 00010  2400 00001  2500 00031  
HPD02643400HPCPHI19570700170041100 00002  1300 00004  1500 00014  2500 00020  
HPD02643400HPCPHI19570700250071400 00006  1500 00002  1800 00023  1900 00007  2100 00001  2400 00006  2500 00045  
HPD02643400HPCPHI19570700260021300 00017  2500 00017  
HPD02643400HPCPHI19570700270041300 00007  1400 00001  1700 00001  2500 00009  
HPD02643400HPCPHI19570700280031300 00001  1400 00001  2500 00002  
HPD02643400HPCPHI19570800010020100 00000g 2500 00000  
HPD02643400HPCPHI19570800040021700 00010  2500 00010  
HPD02643400HPCPHI19570800090022300 00020  2500 00020  
HPD02643400HPCPHI19570800110031200 00020  1300 00010  2500 00030  
HPD02643400HPCPHI19570800120040600 00001  0700 00001  0800 00005  2500 00007  
HPD02643400HPCPHI19570800130041700 00001  1800 00002  2000 00003  2500 00006  
HPD02643400HPCPHI19570800170051300 00022  1400 00003  1500 00006  1600 00001  2500 00032  
HPD02643400HPCPHI19570800180061500 00006  1600 00015  2000 00002  2300 00004  2400 00001  2500 00028  
HPD02643400HPCPHI19570800190050300 00001  0500 00001  0600 00003  1000 00005  2500 00010  
HPD02643400HPCPHI19570800200040300 00009  0400 00041  0500 00019  2500 00069  
HPD02643400HPCPHI19570800260021500 00002  2500 00002  
HPD02643400HPCPHI19570800280041300 00001  1600 00008  1700 00008  2500 00017  
HPD02643400HPCPHI19570900010020100 00000g 2500 00000  
HPD02643400HPCPHI19571000010020100 00000g 2500 00000  
HPD02643400HPCPHI19571000110121100 00001  1200 00003  1300 00011  1500 00003  1700 00016  1800 00019  1900 00012  2000 00001  2100 00009  2200 00013  2300 00001  2500 00089  
HPD02643400HPCPHI19571000130031800 00001  1900 00002  2500 00003  
HPD02643400HPCPHI19571000140060100 00001  0300 00001  0400 00001  0700 00002  0800 00001  2500 00006  
HPD02643400HPCPHI19571000150051200 00002  1300 00002  1700 00002  2200 00003  2500 00009  
HPD02643400HPCPHI19571000200070200 00011  0300 00024  0400 00004  0900 00001  1100 00023  1200 00001  2500 00064  
HPD02643400HPCPHI19571000210070400 00001  0500 00001  0600 00008  1000 00002  1700 00002  1800 00002  2500 00016  
HPD02643400HPCPHI19571000280080600 00001  0700 00001  0800 00001  0900 00001  1000 00003  1100 00003  1200 00002  2500 00012  
HPD02643400HPCPHI19571000310190100 00002  0200 00003  0300 00003  0400 00001  0500 00013  0600 00006  0700 00019  0800 00017  0900 00004  1100 00002  1200 00008  1300 00008  1400 00004  1500 00018  1600 00001  1700 00004  1800 00005  1900 00001  2500 00119  
HPD02643400HPCPHI19571100010020100 00000g 2500 00000  
HPD02643400HPCPHI19571100020140700 00002  0800 00006  1100 00005  1200 00019  1300 00005  1400 00001  1600 00002  1800 00001  1900 00005  2000 00001  2100 00001  2200 00001  2400 00002  2500 00051  
HPD02643400HPCPHI19571100030120100 00010  0200 00010  0300 00001  0400 00002  0700 00018  0800 00008  0900 00007  1000 00005  1100 00006  1200 00001  1300 00001  2500 00069  
HPD02643400HPCPHI19571100050061900 00002  2000 00003  2100 00006  2200 00002  2300 00001  2500 00014  
HPD02643400HPCPHI19571100060040900 00003  1000 00008  1900 00002  2500 00013  
HPD02643400HPCPHI19571100160040900 00002  1500 00003  1600 00006  2500 00011  
HPD02643400HPCPHI19571100170020200 00002  2500 00002  
HPD02643400HPCPHI19571100300030100 99999[ 2400 99999] 2500 00000I 
HPD02643400HPCPHI19571200010020100 00000g 2500 00000  
HPD02643400HPCPHI19571200050100100 00001  0300 00002  0400 00002  0500 00001  0600 00001  0700 00002  1000 00001  1200 00001  1400 00002  2500 00013  
HPD02643400HPCPHI19571200060030300 00008  0400 00001  2500 00009  
HPD02643400HPCPHI19571200150160600 00002  0700 00003  0800 00001  1000 00004  1100 00012  1300 00002  1400 00005  1500 00007  1600 00004  1700 00001  1800 00009  1900 00013  2000 00006  2100 00004  2200 00002  2500 00075  
HPD02643400HPCPHI19571200160020600 00001  2500 00001  
HPD02643400HPCPHI19571200310030100 99999[ 2400 99999] 2500 00000I 
HPD02643400HPCPHI19580100010020100 00000g 2500 00000  
HPD02643400HPCPHI19580100260111400 00001  1500 00002  1600 00001  1700 00001  1800 00011  2000 00004  2100 00007  2200 00001  2300 00001  2400 00001  2500 00030  
HPD02643400HPCPHI19580100270080100 00006  0200 00001  0300 00001  0400 00001  0500 00006  0600 00001  1400 00010  2500 00026  
HPD02643400HPCPHI19580200010020100 00000g 2500 00000  
HPD02643400HPCPHI19580200030091500 00002  1600 00001  1700 00001  1800 00016  1900 00011  2000 00009  2300 00001  2400 00015  2500 00056  
HPD02643400HPCPHI19580200040210100 00010  0200 00005  0300 00002  0400 00001  0500 00003  0600 00001  1000 00001  1100 00002  1200 00013  1300 00011  1500 00001  1600 00005  1700 00002  1800 00002  1900 00003  2000 00002  2100 00006  2200 00001  2300 00001  2400 00002  2500 00074  
HPD02643400HPCPHI19580200050090100 00004  0200 00002  0300 00002  0400 00001  0500 00001  0600 00005  0700 00015  0800 00001  2500 00031  
HPD02643400HPCPHI19580200090040700 00001  0800 00015  0900 00001  2500 00017  
HPD02643400HPCPHI19580200130030900 00002  1000 00006  2500 00008  
HPD02643400HPCPHI19580200200031800 00002  1900 00009  2500 00011  
HPD02643400HPCPHI19580200220051600 00012  1700 00017  1800 00002  1900 00001  2500 00032  
HPD02643400HPCPHI19580200250081000 00003  1100 00002  1200 00003  1300 00002  1400 00002  1500 00001  1600 00004  2500 00017  
HPD02643400HPCPHI19580300010020100 00000g 2500 00000  
HPD02643400HPCPHI19580300070020500 00020  2500 00020  
HPD02643400HPCPHI19580300090020500 00018  2500 00018  
HPD02643400HPCPHI19580300110022400 00001  2500 00001  
HPD02643400HPCPHI19580300120021800 00004  2500 00004  
HPD02643400HPCPHI19580300130030600 00020  0700 00007  2500 00027  
HPD02643400HPCPHI19580300150032300 00002  2400 00006  2500 00008  
HPD02643400HPCPHI19580300160080100 00004  0200 00004  0300 00002  2100 00007  2200 00007  2300 00002  2400 00002  2500 00028  
HPD02643400HPCPHI19580300170070100 00004  0800 00015  0900 00002  1000 00001  1100 00007  1200 00003  2500 00032  
HPD02643400HPCPHI19580300210052100 00014  2200 00014  2300 00005  2400 00008  2500 00041  
HPD02643400HPCPHI19580300220070100 00001  0200 00002  0300 00004  0400 00006  0800 00002  0900 00002  2500 00017  
HPD02643400HPCPHI19580300270061700 00004  1800 00001  1900 00001  2000 00001  2200 00001  2500 00008  
HPD02643400HPCPHI19580300280040700 00003  0800 00017  0900 00031  2500 00051  
HPD02643400HPCPHI19580300290022000 00002  2500 00002  
HPD02643400HPCPHI19580400010040100 00000g 2100 00001  2200 00001  2500 00002  
HPD02643400HPCPHI19580400020070500 00002  0600 00009  0700 00009  0800 00008  1000 00001  1100 00001  2500 00030  
HPD02643400HPCPHI19580400030061800 00001  1900 00008  2000 00015  2300 00004  2400 00004  2500 00032  
HPD02643400HPCPHI19580400040090100 00010  0200 00012  0300 00004  0500 00001  0600 00002  1500 00001  1700 00007  1800 00010  2500 00047  
HPD02643400HPCPHI19580400070042200 00005  2300 00007  2400 00005  2500 00017  
HPD02643400HPCPHI19580400080040200 00005  2000 00008  2100 00005  2500 00018  
HPD02643400HPCPHI19580400300022400 00003  2500 00003  
HPD02643400HPCPHI19580500010040100 00000g 1800 00006  1900 00005  2500 00011  
HPD02643400HPCPHI19580500110090300 00007  0400 00002  1000 00001  1100 00001  1200 00002  1300 00001  1400 00010  1500 00001  2500 00025  
HPD02643400HPCPHI19580600010020100 00000g 2500 00000  
HPD02643400HPCPHI19580600200041500 00013  1600 00027  1800 00012  2500 00052  
HPD02643400HPCPHI19580700010020100 00000g 2500 00000  
HPD02643400HPCPHI19580700230021200 00006  2500 00006  
HPD02643400HPCPHI19580700280042200 00002  2300 00001  2400 00002  2500 00005  
HPD02643400HPCPHI19580700290060200 00010  0300 00007  2000 00010  2100 00008  2200 00005  2500 00040  
HPD02643400HPCPHI19580700300030100 00071  0200 00009  2500 00080  
HPD02643400HPCPHI19580800010020100 00000g 2500 00000  
HPD02643400HPCPHI19580800030031700 00004  2000 00002  2500 00006  
HPD02643400HPCPHI19580800040090300 00001  0700 00001  0800 00005  0900 00005  1000 00001  1100 00002  1200 00002  1300 00004  2500 00021  
HPD02643400HPCPHI19580800050032100 00016  2200 00002  2500 00018  
HPD02643400HPCPHI19580800060022100 00013  2500 00013  
HPD02643400HPCPHI19580800090022000 00001  2500 00001  
HPD02643400HPCPHI19580800100022000 00010  2500 00010  
HPD02643400HPCPHI19580800110020100 00019  2500 00019  
HPD02643400HPCPHI19580800120041900 00005  2000 00004  2100 00003  2500 00012  
HPD02643400HPCPHI19581100010020100 00000g 2500 00000  
HPD02643400HPCPHI19581100150031900 99999a 2400 00513A 2500 00513  
HPD02643400HPCPHI19581200010020100 00000g 2500 00000  
HPD02643400HPCPHI19581200310030100 99999[ 2400 99999] 2500 00000I 
HPD02643400HPCPHI19590100010020100 00000g 2500 00000  
HPD02643400HPCPHI19590200010020100 00000g 2500 00000  
HPD02643400HPCPHI19590400010020100 00000g 2500 00000  
HPD02643400HPCPHI19590400260030600 99999a 1800 00270A 2500 00270  
HPD02643400HPCPHI19590500010020100 00000g 2500 00000  
HPD02643400HPCPHI19590500210031400 99999a 2000 00270A 2500 00270  
HPD02643400HPCPHI19590600010020100 00000g 2500 00000  
HPD02643400HPCPHI19590600180051300 00004  1400 00001  1500 00015  1600 00016  2500 00036  
HPD02643400HPCPHI19590600190051300 00006  1400 00001  1500 00001  1600 00002  2500 00010  
HPD02643400HPCPHI19590600200021300 00002  2500 00002  
HPD02643400HPCPHI19590600230021300 00001  2500 00001  
HPD02643400HPCPHI19590600300022400 00006  2500 00006  
HPD02643400HPCPHI19590700010030100 00000g 1800 00001  2500 00001  
HPD02643400HPCPHI19590700160032300 00002  2400 00003  2500 00005  
HPD02643400HPCPHI19590700180022000 00025  2500 00025  
HPD02643400HPCPHI19590700190022300 00012  2500 00012  
HPD02643400HPCPHI19590700200051700 00006  1800 00002  1900 00006  2100 00002  2500 00016  
HPD02643400HPCPHI19590700210022200 00001  2500 00001  
HPD02643400HPCPHI19590700230041900 00001  2300 00005  2400 00004  2500 00010  
HPD02643400HPCPHI19590700280022100 00002  2500 00002  
HPD02643400HPCPHI19590700290021600 00009  2500 00009  
HPD02643400HPCPHI19590700310051400 00013  1500 00028  1600 00001  1700 00004  2500 00046  
HPD02643400HPCPHI19590800010030100 00000g 1800 00008  2500 00008  
HPD02643400HPCPHI19590800020041600 00003  1700 00009  1800 00004  2500 00016  
HPD02643400HPCPHI19590800070051700 00002  1800 00051  1900 00113  2300 00003  2500 00169  
HPD02643400HPCPHI19590800080031300 00001  1400 00010  2500 00011  
HPD02643400HPCPHI19590800100021600 00011  2500 00011  
HPD02643400HPCPHI19590800110031100 00015  1200 00002  2500 00017  
HPD02643400HPCPHI19590800170131300 00041  1400 00013  1500 00004  1600 00015  1700 00013  1800 00003  1900 00001  2000 00002  2100 00007  2200 00016  2300 00017  2400 00012  2500 00144  
HPD02643400HPCPHI19590800180040100 00003  0200 00009  0300 00002  2500 00014  
HPD02643400HPCPHI19590800210021600 00003  2500 00003  
HPD02643400HPCPHI19590800220021800 00003  2500 00003  
HPD02643400HPCPHI19590800240030700 00026  0800 00016  2500 00042  
HPD02643400HPCPHI19590800310030100 99999[ 2400 99999] 2500 00000I 
HPD02643400HPCPHI19590900010020100 00000g 2500 00000  
HPD02643400HPCPHI19590900100061800 00049  1900 00010  2000 00002  2100 00003  2200 00002  2500 00066  
HPD02643400HPCPHI19590900110090300 00013  0400 00002  0700 00002  0800 00001  2000 00010  2100 00006  2200 00004  2300 00015  2500 00053  
HPD02643400HPCPHI19590900120021800 00006  2500 00006  
HPD02643400HPCPHI19590900300070900 00001  1200 00001  1300 00021  1400 00020  1500 00003  1600 00006  2500 00052  
HPD02643400HPCPHI19591000010020100 00000g 2500 00000  
HPD02643400HPCPHI19591000280061700 00003  2100 00003  2200 00010  2300 00003  2400 00001  2500 00020  
HPD02643400HPCPHI19591000290030100 00001  0200 00001  2500 00002  
HPD02643400HPCPHI19591000300062000 00007  2100 00005  2200 00006  2300 00010  2400 00001  2500 00029  
HPD02643400HPCPHI19591000310060800 00002  1000 00006  1100 00015  1200 00002  1300 00001  2500 00026  
HPD02643400HPCPHI19591100010020100 99999[ 2500 00000I 
HPD02643400HPCPHI19591100300022400 99999] 2500 00000I 
HPD02643400HPCPHI19591200010020100 99999[ 2500 00000I 
HPD02643400HPCPHI19591200310022400 99999] 2500 00000I 
HPD02643400HPCPHI19600100010020100 00000g 2500 00000  
HPD02643400HPCPHI19600100140022100 99999a 2500 00000I 
HPD02643400HPCPHI19600100150022300 00085A 2500 00085P 
HPD02643400HPCPHI19600200010040100 00000g 2300 00001  2400 00003  2500 00004  
HPD02643400HPCPHI19600200020090100 00001  0200 00002  0300 00003  0400 00005  0500 00007  0600 00003  0700 00002  0800 00003  2500 00026  
HPD02643400HPCPHI19600200100051500 00003  1600 00002  1700 00003  1800 00001  2500 00009  
HPD02643400HPCPHI19600200110020900 00001  2500 00001  
HPD02643400HPCPHI19600200190050900 00003  1000 00001  1200 00001  1400 00003  2500 00008  
HPD02643400HPCPHI19600200270021000 00002  2500 00002  
HPD02643400HPCPHI19600200280032300 00014  2400 00020  2500 00034  
HPD02643400HPCPHI19600200290060100 00010  0600 00001  0700 00002  0800 00005  0900 00002  2500 00020  
HPD02643400HPCPHI19600300010120100 00000g 0200 00001  0300 00004  0500 00002  0600 00004  0700 00004  0800 00002  0900 00004  1000 00001  1900 00002  2000 00002  2500 00026  
HPD02643400HPCPHI19600300020030800 00001  0900 00001  2500 00002  
HPD02643400HPCPHI19600300230071300 00001  1400 00002  1500 00001  1600 00001  1700 00002  1800 00003  2500 00010  
HPD02643400HPCPHI19600300240041700 00017  1800 00024  1900 00002  2500 00043  
HPD02643400HPCPHI19600400010020100 00000g 2500 00000  
HPD02643400HPCPHI19600400120040400 00010  0500 00005  0600 00003  2500 00018  
HPD02643400HPCPHI19600400270061100 00001  1200 00005  1300 00006  1400 00007  1500 00001  2500 00020  
HPD02643400HPCPHI19600400280040200 00009  0300 00003  0400 00001  2500 00013  
HPD02643400HPCPHI19600400300030100 99999[ 2400 99999] 2500 00000I 
HPD02643400HPCPHI19600500010020100 00000g 2500 00000  
HPD02643400HPCPHI19600500040071600 00004  1700 00018  1800 00027  1900 00004  2000 00005  2100 00002  2500 00060  
HPD02643400HPCPHI19600500310030100 99999[ 2400 99999] 2500 00000I 
HPD02643400HPCPHI19600600010020100 00000g 2500 00000  
HPD02643400HPCPHI19600600060021100 00002  2500 00002  
HPD02643400HPCPHI19600600300030100 99999[ 2400 99999] 2500 00000I 
HPD02643400HPCPHI19600700010030100 99999[ 2400 99999] 2500 00000I 
HPD02643400HPCPHI19600700190031700 00010  1800 00001  2500 00011  
HPD02643400HPCPHI19600700200041600 00001  1700 00005  1800 00001  2500 00007  
HPD02643400HPCPHI19600700220031700 00008  1800 00001  2500 00009  
HPD02643400HPCPHI19600700240031700 00024  2300 00002  2500 00026  
HPD02643400HPCPHI19600700270021500 00003  2500 00003  
HPD02643400HPCPHI19600700280021800 00003  2500 00003  
HPD02643400HPCPHI19600700310030100 99999[ 2400 99999] 2500 00000I 
HPD02643400HPCPHI19600800010020100 00000g 2500 00000  
HPD02643400HPCPHI19600800050032000 00003  2100 00001  2500 00004  
HPD02643400HPCPHI19600800080041500 00001  1600 00001  1700 00004  2500 00006  
HPD02643400HPCPHI19600800090031200 00010  1300 00016  2500 00026  
HPD02643400HPCPHI19600800200042100 00016  2200 00005  2300 00001  2500 00022  
HPD02643400HPCPHI19600800310130300 00001  0400 00001  0500 00002  0600 00001  1200 00016  1300 00005  1400 00003  1500 00002  1600 00002  1700 00001  1800 00001  2300 00001  2500 00036  
HPD02643400HPCPHI19600900010050100 00000g 0200 00034  1600 00030  1800 00003  2500 00067  
HPD02643400HPCPHI19600900020021400 00002  2500 00002  
HPD02643400HPCPHI19600900050030800 00003  0900 00011  2500 00014  
HPD02643400HPCPHI19600900090031300 00024  1400 00003  2500 00027  
HPD02643400HPCPHI19600900100021700 00011  2500 00011  
HPD02643400HPCPHI19600900120031600 00001  1700 00040  2500 00041  
HPD02643400HPCPHI19600900190021700 00009  2500 00009  
HPD02643400HPCPHI19601000010020100 00000g 2500 00000  
HPD02643400HPCPHI19601000090110300 00001  1300 00001  1600 00002  1700 00003  1800 00002  1900 00001  2000 00001  2200 00002  2300 00012  2400 00005  2500 00030  
HPD02643400HPCPHI19601000100090100 00020  0200 00011  0300 00001  0700 00005  0800 00007  0900 00005  1000 00011  1100 00004  2500 00064  
HPD02643400HPCPHI19601000150040100 00009  0300 00001  0800 00014  2500 00024  
HPD02643400HPCPHI19601000160040800 00003  0900 00002  1100 00001  2500 00006  
HPD02643400HPCPHI19601000170101100 00006  1200 00010  1300 00004  1700 00002  1800 00002  1900 00002  2000 00001  2100 00002  2200 00001  2500 00030  
HPD02643400HPCPHI19601000310030100 99999[ 2400 99999] 2500 00000I 
HPD02643400HPCPHI19601100010020100 00000g 2500 00000  
HPD02643400HPCPHI19601100050070400 00009  1100 00002  1200 00010  1300 00001  2300 00008  2400 00012  2500 00042  
HPD02643400HPCPHI19601100060130100 00020  0200 00010  0500 00002  0600 00004  0900 00002  1100 00001  1200 00005  1300 00005  1400 00005  1500 00005  1600 00015  1700 00002  2500 00076  
HPD02643400HPCPHI19601100260042200 00005  2300 00007  2400 00001  2500 00013  
HPD02643400HPCPHI19601100270030200 00001  0300 00010  2500 00011  
HPD02643400HPCPHI19601100300030100 99999[ 2400 99999] 2500 00000I 
HPD02643400HPCPHI19601200010020100 00000g 2500 00000  
HPD02643400HPCPHI19601200030041300 00001  1400 00001  2000 00002  2500 00004  
HPD02643400HPCPHI19601200070032100 00002  2200 00006  2500 00008  
HPD02643400HPCPHI19601200080020900 00002  2500 00002  
HPD02643400HPCPHI19601200310030100 99999[ 2400 99999] 2500 00000I 
HPD02643400HPCPHI19610100010020100 00000g 2500 00000  
HPD02643400HPCPHI19610100260130900 00002  1000 00007  1100 00004  1200 00002  1300 00003  1400 00002  1500 00001  1600 00003  1700 00002  2000 00001  2100 00001  2400 00003  2500 00031  
HPD02643400HPCPHI19610100270060100 00013  0200 00003  1000 00011  1100 00006  1700 00001  2500 00034  
HPD02643400HPCPHI19610100310030100 99999[ 2400 99999] 2500 00000I 
HPD02643400HPCPHI19610200010020100 00000g 2500 00000  
HPD02643400HPCPHI19610300010020100 00000g 2500 00000  
HPD02643400HPCPHI19610300030050900 00001  1000 00001  1100 00003  1200 00001  2500 00006  
HPD02643400HPCPHI19610300150032000 00002  2100 00001  2500 00003  
HPD02643400HPCPHI19610300160020800 00002  2500 00002  
HPD02643400HPCPHI19610300170031500 00001  1600 00006  2500 00007  
HPD02643400HPCPHI19610300180030900 00001  1000 00012  2500 00013  
HPD02643400HPCPHI19610300250051000 00002  1100 00005  1200 00006  1300 00002  2500 00015  
HPD02643400HPCPHI19610300280030900 00009  1000 00002  2500 00011  
HPD02643400HPCPHI19610300290050900 00003  1000 00027  1800 00001  1900 00001  2500 00032  
HPD02643400HPCPHI19610300300030700 00001  0800 00002  2500 00003  
HPD02643400HPCPHI19610400010020100 99999[ 2500 00000I 
HPD02643400HPCPHI19610400300022400 99999] 2500 00000I 
HPD02643400HPCPHI19610500010020100 00000g 2500 00000  
HPD02643400HPCPHI19610600010020100 99999[ 2500 00000I 
HPD02643400HPCPHI19610600300022400 99999] 2500 00000I 
HPD02643400HPCPHI19610700010020100 99999[ 2500 00000I 
HPD02643400HPCPHI19610700310022400 99999] 2500 00000I 
HPD02643400HPCPHI19610800010020100 99999[ 2500 00000I 
HPD02643400HPCPHI19610800310022400 99999] 2500 00000I 
HPD02643400HPCPHI19610900010020100 99999[ 2500 00000I 
HPD02643400HPCPHI19610900300022400 99999] 2500 00000I 
HPD02643400HPCPHI19611000010020100 99999[ 2500 00000I 
HPD02643400HPCPHI19611000310022400 99999] 2500 00000I 
HPD02643400HPCPHI19611100010020100 99999[ 2500 00000I 
HPD02643400HPCPHI19611100300022400 99999] 2500 00000I 
HPD02643400HPCPHI19611200010020100 99999[ 2500 00000I 
HPD02643400HPCPHI19611200310022400 99999] 2500 00000I 
HPD02643400HPCPHI19620100010020100 99999[ 2500 00000I 
HPD02643400HPCPHI19620100310022400 99999] 2500 00000I 
HPD02643400HPCPHI19620200010020100 99999[ 2500 00000I 
HPD02643400HPCPHI19620200280022400 99999] 2500 00000I 
HPD02643400HPCPHI19620300010020100 00000g 2500 00000  
HPD02643400HPCPHI19620300220022300 99999a 2500 00000I 
HPD02643400HPCPHI19620300230020900 00486A 2500 00486P 
HPD02643400HPCPHI19620400010020100 00000g 2500 00000  
HPD02643400HPCPHI19620500010020100 99999[ 2500 00000I 
HPD02643400HPCPHI19620500310022400 99999] 2500 00000I 
HPD02643400HPCPHI19620600010020100 99999[ 2500 00000I 
HPD02643400HPCPHI19620600300022400 99999] 2500 00000I 
HPD02643400HPCPHI19620700010020100 99999[ 2500 00000I 
HPD02643400HPCPHI19620700310022400 99999] 2500 00000I 
HPD02643400HPCPHI19620800010020100 99999[ 2500 00000I 
HPD02643400HPCPHI19620800310022400 99999] 2500 00000I 
HPD02643400HPCPHI19620900010020100 00000g 2500 00000  
HPD02643400HPCPHI19620900060040400 00001  0500 00007  1300 99999[ 2500 00008I 
HPD02643400HPCPHI19620900200041300 99999] 1900 00001  2000 00002  2500 00003I 
HPD02643400HPCPHI19620900220070100 99999[ 1300 99999] 1600 00001  1700 00024  2100 00003  2200 00004  2500 00032I 
HPD02643400HPCPHI19620900260050100 99999[ 1300 99999] 2300 00002  2400 00011  2500 00013I 
HPD02643400HPCPHI19620900270030100 99999[ 1300 99999] 2500 00000I 
HPD02643400HPCPHI19630100010020100 99999a 2500 00000I 
HPD02643400HPCPHI19630100310022400 99999A 2500 00000I 
HPD02643400HPCPHI19630200010020100 99999, 2500 00000I 
HPD02643400HPCPHI19630200280022400 99999A 2500 00000I 
HPD02643400HPCPHI19630300010020100 99999, 2500 00000I 
HPD02643400HPCPHI19630300310022400 99999A 2500 00000I 
HPD02643400HPCPHI19630400010020100 99999, 2500 00000I 
HPD02643400HPCPHI19630400300022400 00338A 2500 00338P 
HPD02643400HPCPHI19630500010020100 00000g 2500 00000  
HPD02643400HPCPHI19630600010020100 00000g 2500 00000  
HPD02643400HPCPHI19630700010020100 99999[ 2500 00000I 
HPD02643400HPCPHI19630700310022400 99999] 2500 00000I 
HPD02643400HPCPHI19630800010020100 99999[ 2500 00000I 
HPD02643400HPCPHI19630800310022400 99999] 2500 00000I 
HPD02643400HPCPHI19630900010020100 99999[ 2500 00000I 
HPD02643400HPCPHI19630900300022400 99999] 2500 00000I 
HPD02643400HPCPHI19631000010020100 99999[ 2500 00000I 
HPD02643400HPCPHI19631000310022400 99999] 2500 00000I 
HPD02643400HPCPHI19631100010020100 99999[ 2500 00000I 
HPD02643400HPCPHI19631100210030900 00001] 1000 00001  2500 00002I 
HPD02643400HPCPHI19631100240021700 00001  2500 00001  
HPD02643400HPCPHI19631100300030100 99999[ 2400 99999] 2500 00000I 
HPD02643400HPCPHI19631200010020100 00000g 2500 00000  
HPD02643400HPCPHI19631200100030700 00004  0800 00010  2500 00014  
HPD02643400HPCPHI19631200310030100 99999[ 2400 99999] 2500 00000I 
HPD02643400HPCPHI19640100010020100 00000g 2500 00000  
HPD02643400HPCPHI19640100210101400 00001  1500 00002  1600 00005  1700 00005  1800 00003  1900 00010  2000 00002  2100 00001  2200 00004  2500 00033  
HPD02643400HPCPHI19640100220090300 00003  0400 00001  0500 00002  0600 00003  1500 00001  1800 00001  2000 00001  2300 00001  2500 00013  
HPD02643400HPCPHI19640100230050200 00002  0300 00001  0800 00001  1000 00006  2500 00010  
HPD02643400HPCPHI19640100310030100 99999[ 2400 99999] 2500 00000I 
HPD02643400HPCPHI19640200010020100 00000g 2500 00000  
HPD02643400HPCPHI19640300010020100 00000g 2500 00000  
HPD02643400HPCPHI19640400010020100 99999a 2500 00000I 
HPD02643400HPCPHI19640400300022400 00138A 2500 00138P 
HPD02643400HPCPHI19640500010020100 99999a 2500 00000I 
HPD02643400HPCPHI19640500310022400 99999A 2500 00000I 
HPD02643400HPCPHI19640600010020100 99999, 2500 00000I 
HPD02643400HPCPHI19640600300022400 99999A 2500 00000I 
HPD02643400HPCPHI19640700010020100 99999, 2500 00000I 
HPD02643400HPCPHI19640700310022400 99999A 2500 00000I 
HPD02643400HPCPHI19640800010020100 99999, 2500 00000I 
HPD02643400HPCPHI19640800310022400 99999A 2500 00000I 
HPD02643400HPCPHI19640900010020100 99999, 2500 00000I 
HPD02643400HPCPHI19640900300022400 99999A 2500 00000I 
HPD02643400HPCPHI19641000010020100 99999, 2500 00000I 
HPD02643400HPCPHI19641000310022400 99999A 2500 00000I 
HPD02643400HPCPHI19641100010020100 99999, 2500 00000I 
HPD02643400HPCPHI19641100180021100 00780A 2500 00780P 
HPD02643400HPCPHI19641200010020100 00000g 2500 00000  
HPD02643400HPCPHI19641200310030100 99999[ 2400 99999] 2500 00000I 
HPD02643400HPCPHI19650100010020100 99999a 2500 00000I 
HPD02643400HPCPHI19650100310022400 99999A 2500 00000I 
HPD02643400HPCPHI19650200010020100 99999, 2500 00000I 
HPD02643400HPCPHI19650200280022400 99999A 2500 00000I 
HPD02643400HPCPHI19650300010020100 99999, 2500 00000I 
HPD02643400HPCPHI19650300310022400 99999A 2500 00000I 
HPD02643400HPCPHI19650400010020100 99999, 2500 00000I 
HPD02643400HPCPHI19650400300022400 99999A 2500 00000I 
HPD02643400HPCPHI19650500010020100 99999, 2500 00000I 
HPD02643400HPCPHI19650500150021900 00644A 2500 00644P 
HPD02643400HPCPHI19650500240031100 99999[ 1800 99999] 2500 00000I 
HPD02643400HPCPHI19650600010020100 99999[ 2500 00000I 
HPD02643400HPCPHI19650600300022400 99999] 2500 00000I 
HPD02643400HPCPHI19650700010020100 99999[ 2500 00000I 
HPD02643400HPCPHI19650700310022400 99999] 2500 00000I 
HPD02643400HPCPHI19650800010020100 99999[ 2500 00000I 
HPD02643400HPCPHI19650800310022400 99999] 2500 00000I 
HPD02643400HPCPHI19650900010020100 99999[ 2500 00000I 
HPD02643400HPCPHI19650900300022400 99999] 2500 00000I 
HPD02643400HPCPHI19651000010020100 99999[ 2500 00000I 
HPD02643400HPCPHI19651000310022400 99999] 2500 00000I 
HPD02643400HPCPHI19651100010020100 99999[ 2500 00000I 
HPD02643400HPCPHI19651100300022400 99999] 2500 00000I 
HPD02643400HPCPHI19651200010020100 99999[ 2500 00000I 
HPD02643400HPCPHI19651200310022400 99999] 2500 00000I 
HPD02643400HPCPHI19660100010020100 99999[ 2500 00000I 
HPD02643400HPCPHI19660100310022400 99999] 2500 00000I 
HPD02643400HPCPHI19660200010020100 99999[ 2500 00000I 
HPD02643400HPCPHI19660200280022400 99999] 2500 00000I 
HPD02643400HPCPHI19660300010020100 99999[ 2500 00000I 
HPD02643400HPCPHI19660300310022400 99999] 2500 00000I 
HPD02643400HPCPHI19660400010020100 99999[ 2500 00000I 
HPD02643400HPCPHI19660400300022400 99999] 2500 00000I 
HPD02643400HPCPHI19660500010020100 00000g 2500 00000  
HPD02643400HPCPHI19660500200030700 00001  0800 00005  2500 00006  
HPD02643400HPCPHI19660500270022000 00002  2500 00002  
HPD02643400HPCPHI19660500310030100 99999[ 2400 99999] 2500 00000I 
HPD02643400HPCPHI19660600010020100 00000g 2500 00000  
HPD02643400HPCPHI19660600300030100 99999[ 2400 99999] 2500 00000I 
HPD02643400HPCPHI19660700010020100 00000g 2500 00000  
HPD02643400HPCPHI19660700020021100 00010  2500 00010  
HPD02643400HPCPHI19660700040032200 00002  2300 00002  2500 00004  
HPD02643400HPCPHI19660700050041300 00039  1400 00001  1500 00005  2500 00045  
HPD02643400HPCPHI19660700150022200 00003  2500 00003  
HPD02643400HPCPHI19660700160031900 00002  2000 00001  2500 00003  
HPD02643400HPCPHI19660700200031300 99999[ 2400 99999] 2500 00000I 
HPD02643400HPCPHI19660700310030100 99999[ 2400 99999] 2500 00000I 
HPD02643400HPCPHI19660800010020100 00000g 2500 00000  
HPD02643400HPCPHI19660800310030100 99999[ 2400 99999] 2500 00000I 
HPD02643400HPCPHI19660900010020100 00000g 2500 00000  
HPD02643400HPCPHI19660900300030100 99999[ 2400 99999] 2500 00000I 
HPD02643400HPCPHI19661000010020100 00000g 2500 00000  
HPD02643400HPCPHI19661100010020100 00000g 2500 00000  
HPD02643400HPCPHI19661100070021400 99999a 2500 00000I 
HPD02643400HPCPHI19661100090020400 00767A 2500 00767P 
HPD02643400HPCPHI19661200010020100 99999[ 2500 00000I 
HPD02643400HPCPHI19661200310022400 99999] 2500 00000I 
HPD02643400HPCPHI19670100010020100 00000g 2500 00000  
HPD02643400HPCPHI19670100040041400 00008  1500 00008  1600 00002  2500 00018  
HPD02643400HPCPHI19670100230030100 99999a 1200 00007A 2500 00007  
HPD02643400HPCPHI19670100250030100 99999a 1200 00080A 2500 00080  
HPD02643400HPCPHI19670200010020100 00000g 2500 00000  
HPD02643400HPCPHI19670300010020100 99999[ 2500 00000I 
HPD02643400HPCPHI19670300310022400 99999] 2500 00000I 
HPD02643400HPCPHI19670400010020100 99999[ 2500 00000I 
HPD02643400HPCPHI19670400300022400 99999] 2500 00000I 
HPD02643400HPCPHI19670500010020100 99999[ 2500 00000I 
HPD02643400HPCPHI19670500310022400 99999] 2500 00000I 
HPD02643400HPCPHI19670600010020100 99999[ 2500 00000I 
HPD02643400HPCPHI19670600300022400 99999] 2500 00000I 
HPD02643400HPCPHI19670700010020100 99999[ 2500 00000I 
HPD02643400HPCPHI19670700310022400 99999] 2500 00000I 
HPD02643400HPCPHI19670800010020100 99999[ 2500 00000I 
HPD02643400HPCPHI19670800310022400 99999] 2500 00000I 
HPD02643400HPCPHI19670900010020100 00000g 2500 00000  
HPD02643400HPCPHI19670900040020900 00002  2500 00002  
HPD02643400HPCPHI19670900100031800 00004  1900 00007  2500 00011  
HPD02643400HPCPHI19671000010020100 99999[ 2500 00000I 
HPD02643400HPCPHI19671000310022400 99999] 2500 00000I 
HPD02643400HPCPHI19671100010020100 99999[ 2500 00000I 
HPD02643400HPCPHI19671100300022400 99999] 2500 00000I 
HPD02643400HPCPHI19671200010020100 99999[ 2500 00000I 
HPD02643400HPCPHI19671200310022400 99999] 2500 00000I 
HPD02643400HPCPHI19680100010020100 99999[ 2500 00000I 
HPD02643400HPCPHI19680100310022400 99999] 2500 00000I 
HPD02643400HPCPHI19680200010020100 00000g 2500 00000  
HPD02643400HPCPHI19680200110080300 00001  1300 00001  1400 00001  1600 00001  1800 00004  2100 00003  2400 00002  2500 00013  
HPD02643400HPCPHI19680200130070900 00005  1000 00004  1100 00002  1200 00002  1300 00001  2200 00001  2500 00015  
HPD02643400HPCPHI19680200140042100 00003  2200 00009  2400 00001  2500 00013  
HPD02643400HPCPHI19680200150080100 00001  0200 00002  0500 00001  0600 00001  0900 00001  1000 00001  1300 00001  2500 00008  
HPD02643400HPCPHI19680200160040200 00003  0300 00004  0400 00001  2500 00008  
HPD02643400HPCPHI19680300010020100 99999[ 2500 00000I 
HPD02643400HPCPHI19680300310022400 99999] 2500 00000I 
HPD02643400HPCPHI19680400010020100 99999[ 2500 00000I 
HPD02643400HPCPHI19680400300022400 99999] 2500 00000I 
HPD02643400HPCPHI19680500010020100 99999[ 2500 00000I 
HPD02643400HPCPHI19680500310022400 99999] 2500 00000I 
HPD02643400HPCPHI19680600010020100 99999[ 2500 00000I 
HPD02643400HPCPHI19680600300022400 99999] 2500 00000I 
HPD02643400HPCPHI19680700010020100 00000g 2500 00000  
HPD02643400HPCPHI19680700130032200 99999a 2400 00004A 2500 00004  
HPD02643400HPCPHI19680700270031300 99999a 1600 00026A 2500 00026  
HPD02643400HPCPHI19680700280032100 99999a 2400 00007A 2500 00007  
HPD02643400HPCPHI19680700300031500 99999a 1800 00032A 2500 00032  
HPD02643400HPCPHI19680700310030200 99999a 1500 00050A 2500 00050  
HPD02643400HPCPHI19680800010020100 00000g 2500 00000  
HPD02643400HPCPHI19680800020031100 99999a 1700 00006A 2500 00006  
HPD02643400HPCPHI19680800050031800 99999a 2100 00045A 2500 00045  
HPD02643400HPCPHI19680800060031700 99999a 1900 00004A 2500 00004  
HPD02643400HPCPHI19680800070031100 99999a 1800 00002A 2500 00002  
HPD02643400HPCPHI19680800080031300 99999a 1900 00002A 2500 00002  
HPD02643400HPCPHI19680800100031100 99999a 2000 00066A 2500 00066  
HPD02643400HPCPHI19680800110031500 99999a 1800 00007A 2500 00007  
HPD02643400HPCPHI19680800130030700 99999a 0900 00008A 2500 00008  
HPD02643400HPCPHI19680800180021700 99999a 2500 00000I 
HPD02643400HPCPHI19680800260021700 00125A 2500 00125P 
HPD02643400HPCPHI19680800290031400 99999a 1600 00003A 2500 00003  
HPD02643400HPCPHI19680900010020100 00000g 2500 00000  
HPD02643400HPCPHI19681000010020100 99999[ 2500 00000I 
HPD02643400HPCPHI19681000310022400 99999] 2500 00000I 
HPD02643400HPCPHI19681100010020100 00000g 2500 00000  
HPD02643400HPCPHI19681100020020100 99999[ 2500 00000I 
HPD02643400HPCPHI19681100300022400 99999] 2500 00000I 
HPD02643400HPCPHI19681200010020100 00000g 2500 00000  
HPD02643400HPCPHI19681200020020100 99999[ 2500 00000I 
HPD02643400HPCPHI19681200190022400 99999] 2500 00000I 
HPD02643400HPCPHI19681200200030900 00010  1200 00002  2500 00012  
HPD02643400HPCPHI19681200210071000 00001  1100 00001  1200 00003  1300 00001  1400 00005  1500 00002  2500 00013  
HPD02643400HPCPHI19681200220020100 99999[ 2500 00000I 
HPD02643400HPCPHI19681200250022400 99999] 2500 00000I 
HPD02643400HPCPHI19681200260031000 00003  1300 00001  2500 00004  
HPD02643400HPCPHI19681200270030900 00013  1000 00001  2500 00014  
HPD02643400HPCPHI19681200280020100 99999[ 2500 00000I 
HPD02643400HPCPHI19681200310022400 99999] 2500 00000I 
HPD02643400HPCPHI19690100010020100 00000g 2500 00000  
HPD02643400HPCPHI19690100140210200 00001  0300 00002  0400 00003  0500 00004  0600 00009  0700 00007  0800 00006  0900 00007  1000 00004  1100 00003  1300 00001  1400 00001  1500 00001  1600 00001  1700 00002  1800 00001  1900 00002  2100 00001  2200 00001  2300 00002  2500 00059  
HPD02643400HPCPHI19690100150040100 00002  0200 00004  0300 00001  2500 00007  
HPD02643400HPCPHI19690100190100300 00001  0400 00002  0500 00002  0600 00001  1800 00002  1900 00001  2100 00001  2200 00004  2400 00001  2500 00015  
HPD02643400HPCPHI19690100200060100 00005  0200 00006  0300 00008  0400 00001  2000 00004  2500 00024  
HPD02643400HPCPHI19690100230032300 00008  2400 00008  2500 00016  
HPD02643400HPCPHI19690100240200100 00004  0200 00001  0300 00002  0400 00001  0500 00002  0600 00001  0700 00001  0800 00002  0900 00001  1000 00001  1100 00001  1200 00001  1300 00002  1400 00002  2000 00001  2100 00003  2200 00001  2300 00001  2400 00001  2500 00029  
HPD02643400HPCPHI19690100250200100 00002  0200 00002  0300 00001  0700 00001  0800 00005  0900 00001  1000 00001  1100 00003  1200 00004  1300 00006  1400 00013  1500 00015  1600 00008  1700 00002  1800 00003  1900 00004  2000 00001  2300 00001  2400 00001  2500 00074  
HPD02643400HPCPHI19690100260022400 00003  2500 00003  
HPD02643400HPCPHI19690200010020100 00000g 2500 00000  
HPD02643400HPCPHI19690200060091200 00001  1300 00002  1400 00001  1500 00002  1600 00002  1700 00001  1800 00001  1900 00001  2500 00011  
HPD02643400HPCPHI19690200070040800 00001  0900 00016  1000 00024  2500 00041  
HPD02643400HPCPHI19690200150052100 00001  2200 00001  2300 00001  2400 00005  2500 00008  
HPD02643400HPCPHI19690200160030800 00003  0900 00008  2500 00011  
HPD02643400HPCPHI19690200180041700 00001  1800 00002  1900 00001  2500 00004  
HPD02643400HPCPHI19690200190061000 00001  1100 00005  1200 00027  1300 00005  1700 00002  2500 00040  
HPD02643400HPCPHI19690200200030900 00004  1000 00001  2500 00005  
HPD02643400HPCPHI19690200220041200 00001  1300 00006  1400 00006  2500 00013  
HPD02643400HPCPHI19690200250032300 00001  2400 00002  2500 00003  
HPD02643400HPCPHI19690200260110100 00007  0200 00008  0300 00014  0400 00008  0500 00008  0600 00003  0700 00004  0800 00001  0900 00003  1000 00010  2500 00066  
HPD02643400HPCPHI19690300010030100 00000g 0800 00003  2500 00003  
HPD02643400HPCPHI19690300040041400 00002  1500 00002  1600 00001  2500 00005  
HPD02643400HPCPHI19690300050020900 00002  2500 00002  
HPD02643400HPCPHI19690300100061200 00019  1300 00008  1500 00001  1600 00001  1700 00006  2500 00035  
HPD02643400HPCPHI19690300110031000 00020  1100 00005  2500 00025  
HPD02643400HPCPHI19690300130021700 00003  2500 00003  
HPD02643400HPCPHI19690300140070500 00001  0700 00001  0800 00001  0900 00008  1000 00007  1100 00004  2500 00022  
HPD02643400HPCPHI19690300220080800 00010  0900 00005  1000 00001  1100 00006  1200 00001  1500 00003  1600 00001  2500 00027  
HPD02643400HPCPHI19690400010020100 00000g 2500 00000  
HPD02643400HPCPHI19690400030040800 00001  0900 00012  1000 00007  2500 00020  
HPD02643400HPCPHI19690500010020100 00000g 2500 00000  
HPD02643400HPCPHI19690500040032200 00001  2300 00001  2500 00002  
HPD02643400HPCPHI19690500050100100 00001  0200 00001  0300 00002  0400 00006  0500 00009  0600 00009  0700 00001  0800 00008  0900 00007  2500 00044  
HPD02643400HPCPHI19690500060050400 00006  1400 00002  1700 00008  1800 00002  2500 00018  
HPD02643400HPCPHI19690500070020300 00002  2500 00002  
HPD02643400HPCPHI19690600010020100 99999[ 2500 00000I 
HPD02643400HPCPHI19690600300022400 99999] 2500 00000I 
HPD02643400HPCPHI19690700010020100 99999[ 2500 00000I 
HPD02643400HPCPHI19690700310022400 99999] 2500 00000I 
HPD02643400HPCPHI19690800010020100 99999[ 2500 00000I 
HPD02643400HPCPHI19690800310022400 99999] 2500 00000I 
HPD02643400HPCPHI19690900010020100 99999[ 2500 00000I 
HPD02643400HPCPHI19690900300022400 99999] 2500 00000I 
HPD02643400HPCPHI19691000010020100 99999[ 2500 00000I 
HPD02643400HPCPHI19691000310022400 99999] 2500 00000I 
HPD02643400HPCPHI19691100010020100 99999[ 2500 00000I 
HPD02643400HPCPHI19691100300022400 99999] 2500 00000I 
