HPD02915800HPCPHT19790700010020100 99999[ 2500 00000I 
HPD02915800HPCPHT19790700200031300 99999] 1400 00010  2500 00010I 
HPD02915800HPCPHT19790800010020100 00000g 2500 00000  
HPD02915800HPCPHT19790800050022100 00010  2500 00010  
HPD02915800HPCPHT19790800060032100 00010  2200 00010  2500 00020  
HPD02915800HPCPHT19790800110022400 00010  2500 00010  
HPD02915800HPCPHT19790800120080300 00020  0400 00020  0500 00020  0600 00010  1100 00010  1300 00010  1800 00010  2500 00100  
HPD02915800HPCPHT19790800160021800 00010  2500 00010  
HPD02915800HPCPHT19790900010020100 00000g 2500 00000  
HPD02915800HPCPHT19790900090021000 00010  2500 00010  
HPD02915800HPCPHT19790900140030300 00130  0400 00060  2500 00190  
HPD02915800HPCPHT19791000010020100 00000g 2500 00000  
HPD02915800HPCPHT19791000200061700 00010  1900 00020  2000 00020  2100 00010  2400 00010  2500 00070  
HPD02915800HPCPHT19791000210020100 00010  2500 00010  
HPD02915800HPCPHT19791100010020100 00000g 2500 00000  
HPD02915800HPCPHT19791100080020100 00010  2500 00010  
HPD02915800HPCPHT19791100190021700 00010  2500 00010  
HPD02915800HPCPHT19791200010020100 00000g 2500 00000  
HPD02915800HPCPHT19791200210030600 00010  2100 00010  2500 00020  
HPD02915800HPCPHT19791200260040300 00010  0900 00010  1800 00010  2500 00030  
HPD02915800HPCPHT19800100010020100 00000g 2500 00000  
HPD02915800HPCPHT19800100090110100 00010  0400 00010  0600 00010  0900 00010  1000 00010  1100 00010  1200 00010  1400 00010  1700 00010  2400 00010  2500 00100  
HPD02915800HPCPHT19800100100050700 00010  1100 00010  1400 00010  2300 00010  2500 00040  
HPD02915800HPCPHT19800100110040200 00010  0300 00010  0500 00010  2500 00030  
HPD02915800HPCPHT19800100140031500 00010  1700 00010  2500 00020  
HPD02915800HPCPHT19800100180080400 00010  0600 00020  0800 00010  1000 00010  1700 00010  1800 00010  2000 00010  2500 00080  
HPD02915800HPCPHT19800100190020200 00010  2500 00010  
HPD02915800HPCPHT19800100280081000 00010  1500 00010  1700 00010  2000 00010  2200 00010  2300 00010  2400 00010  2500 00070  
HPD02915800HPCPHT19800100290180100 00010  0200 00010  0300 00010  0600 00010  0900 00010  1000 00020  1100 00010  1200 00010  1300 00020  1400 00010  1500 00020  1600 00010  1800 00020  1900 00020  2000 00010  2100 00010  2400 00010  2500 00220  
HPD02915800HPCPHT19800200010020100 00000g 2500 00000  
HPD02915800HPCPHT19800200120032200 00010  2300 00010  2500 00020  
HPD02915800HPCPHT19800200130200200 00010  0400 00010  0600 00010  0700 00010  0900 00010  1000 00020  1100 00010  1200 00010  1300 00020  1400 00010  1500 00010  1700 00010  1800 00020  1900 00010  2000 00020  2100 00010  2200 00010  2300 00010  2400 00010  2500 00230  
HPD02915800HPCPHT19800200140100100 00010  0300 00010  0500 00010  0700 00010  1000 00010  1500 00010  2000 00010  2200 00010  2400 00010  2500 00090  
HPD02915800HPCPHT19800200160050800 00010  1000 00010  1100 00010  1500 00010  2500 00040  
HPD02915800HPCPHT19800200170022000 00010  2500 00010  
HPD02915800HPCPHT19800200180032300 00010  2400 00010  2500 00020  
HPD02915800HPCPHT19800200190080100 99999[ 1100 00010] 1200 00020  1300 00020  1500 00010  1700 00010  2200 00010  2500 00080I 
HPD02915800HPCPHT19800200200022000 00010  2500 00010  
HPD02915800HPCPHT19800200210030400 00010  1500 00010  2500 00020  
HPD02915800HPCPHT19800200220020500 00010  2500 00010  
HPD02915800HPCPHT19800300010020100 00000g 2500 00000  
HPD02915800HPCPHT19800300020022400 00010  2500 00010  
HPD02915800HPCPHT19800300030040100 00010  0200 00010  1700 00020  2500 00040  
HPD02915800HPCPHT19800300060041300 00010  1400 00010  1500 00010  2500 00030  
HPD02915800HPCPHT19800300100041900 00010  2000 00010  2200 00010  2500 00030  
HPD02915800HPCPHT19800300190040100 00010  0500 00010  1400 00010  2500 00030  
HPD02915800HPCPHT19800300240021800 00010  2500 00010  
HPD02915800HPCPHT19800300250020600 00010  2500 00010  
HPD02915800HPCPHT19800400010040100 00000g 1400 00010  1500 00010  2500 00020  
HPD02915800HPCPHT19800400020021000 00010  2500 00010  
HPD02915800HPCPHT19800400230020400 00010  2500 00010  
HPD02915800HPCPHT19800400280032000 00010  2100 00010  2500 00020  
HPD02915800HPCPHT19800400290031600 00010  2000 00010  2500 00020  
HPD02915800HPCPHT19800500010020100 00000g 2500 00000  
HPD02915800HPCPHT19800500060031200 00020  1300 00010  2500 00030  
HPD02915800HPCPHT19800500140021600 00010  2500 00010  
HPD02915800HPCPHT19800500150041500 00020  1700 00020  1900 00010  2500 00050  
HPD02915800HPCPHT19800600010020100 00000g 2500 00000  
HPD02915800HPCPHT19800700010030100 00000g 2100 00010  2500 00010  
HPD02915800HPCPHT19800700200021300 00060  2500 00060  
HPD02915800HPCPHT19800700230022300 00030  2500 00030  
HPD02915800HPCPHT19800700240030200 00010  1700 00020  2500 00030  
HPD02915800HPCPHT19800700310031700 00090  1800 00010  2500 00100  
HPD02915800HPCPHT19800800010020100 00000g 2500 00000  
HPD02915800HPCPHT19800800020040800 00010  0900 00010  1100 00010  2500 00030  
HPD02915800HPCPHT19800800030020100 99999[ 2500 00000I 
HPD02915800HPCPHT19800800310022400 99999] 2500 00000I 
HPD02915800HPCPHT19800900010020100 00000g 2500 00000  
HPD02915800HPCPHT19800900100020200 00010  2500 00010  
HPD02915800HPCPHT19801000010020100 00000g 2500 00000  
HPD02915800HPCPHT19801000150030200 00010  1700 00010  2500 00020  
HPD02915800HPCPHT19801100010020100 00000g 2500 00000  
HPD02915800HPCPHT19801200010020100 00000g 2500 00000  
HPD02915800HPCPHT19801200050020400 00010  2500 00010  
HPD02915800HPCPHT19801200070030300 00010  0600 00010  2500 00020  
HPD02915800HPCPHT19801200120022300 00010  2500 00010  
HPD02915800HPCPHT19801200130020200 00010  2500 00010  
HPD02915800HPCPHT19810100010020100 00000g 2500 00000  
HPD02915800HPCPHT19810100110031400 00010  1700 00010  2500 00020  
HPD02915800HPCPHT19810100120020900 00010  2500 00010  
HPD02915800HPCPHT19810100300030600 00010  1800 00010  2500 00020  
HPD02915800HPCPHT19810200010020100 00000g 2500 00000  
HPD02915800HPCPHT19810200080051900 00010  2100 00010  2200 00010  2400 00010  2500 00040  
HPD02915800HPCPHT19810200090030800 00010  1400 00010  2500 00020  
HPD02915800HPCPHT19810200260030400 00010  0800 00010  2500 00020  
HPD02915800HPCPHT19810300010060100 00000g 2000 00010  2100 00010  2300 00010  2400 00020  2500 00050  
HPD02915800HPCPHT19810300020050100 00010  0200 00010  0300 00010  0900 00010  2500 00040  
HPD02915800HPCPHT19810300050090300 00010  1000 00010  1500 00020  1600 00010  1700 00010  2000 00010  2200 00010  2400 00010  2500 00090  
HPD02915800HPCPHT19810300060031000 00010  1200 00010  2500 00020  
HPD02915800HPCPHT19810300150021500 00010  2500 00010  
HPD02915800HPCPHT19810300200050500 00010  0600 00010  0900 00010  1200 00010  2500 00040  
HPD02915800HPCPHT19810300290021200 00010  2500 00010  
HPD02915800HPCPHT19810400010020100 00000g 2500 00000  
HPD02915800HPCPHT19810400140021700 00010  2500 00010  
HPD02915800HPCPHT19810400180022400 00010  2500 00010  
HPD02915800HPCPHT19810400190020400 00010  2500 00010  
HPD02915800HPCPHT19810500010020100 00000g 2500 00000  
HPD02915800HPCPHT19810500310031300 00010  1400 00010  2500 00020  
HPD02915800HPCPHT19810600010020100 00000g 2500 00000  
HPD02915800HPCPHT19810600260022100 00010  2500 00010  
HPD02915800HPCPHT19810700010020100 00000g 2500 00000  
HPD02915800HPCPHT19810700020021000 00010  2500 00010  
HPD02915800HPCPHT19810700130021200 00010  2500 00010  
HPD02915800HPCPHT19810700150021300 00010  2500 00010  
HPD02915800HPCPHT19810700210022000 00010  2500 00010  
HPD02915800HPCPHT19810700290032000 00030  2100 00010  2500 00040  
HPD02915800HPCPHT19810700300021600 00010  2500 00010  
HPD02915800HPCPHT19810700310041300 00040  1400 00020  1600 00020  2500 00080  
HPD02915800HPCPHT19810800010030100 00000g 1200 00010  2500 00010  
HPD02915800HPCPHT19810800080022300 00010  2500 00010  
HPD02915800HPCPHT19810800090020100 00010  2500 00010  
HPD02915800HPCPHT19810800100050700 00020  0800 00010  1200 00010  1800 00010  2500 00050  
HPD02915800HPCPHT19810800110060300 00010  0500 00010  0600 00020  0700 00010  0900 00010  2500 00060  
HPD02915800HPCPHT19810800120021600 00010  2500 00010  
HPD02915800HPCPHT19810800130022300 00020  2500 00020  
HPD02915800HPCPHT19810800220021900 00010  2500 00010  
HPD02915800HPCPHT19810800250030300 00010  2000 00010  2500 00020  
HPD02915800HPCPHT19810900010020100 00000g 2500 00000  
HPD02915800HPCPHT19810900050021200 00030  2500 00030  
HPD02915800HPCPHT19810900060050300 00010  0500 00010  0600 00010  0900 00010  2500 00040  
HPD02915800HPCPHT19810900070021300 00010  2500 00010  
HPD02915800HPCPHT19810900230021300 00010  2500 00010  
HPD02915800HPCPHT19811000010080100 00000g 0700 00010  1300 00010  1400 00010  1600 00040  1700 00020  1900 00010  2500 00100  
HPD02915800HPCPHT19811000020030400 00010  1500 00010  2500 00020  
HPD02915800HPCPHT19811000110020900 00010  2500 00010  
HPD02915800HPCPHT19811100010020100 00000g 2500 00000  
HPD02915800HPCPHT19811100270030700 00010  1000 00010  2500 00020  
HPD02915800HPCPHT19811100280170200 00010  0300 00010  0400 00010  0500 00010  0600 00010  0700 00010  0800 00010  0900 00010  1000 00020  1100 00020  1300 00020  1400 00030  1500 00030  1600 00020  1800 00010  1900 00010  2500 00240  
HPD02915800HPCPHT19811100290020500 00010  2500 00010  
HPD02915800HPCPHT19811200010020100 00000g 2500 00000  
HPD02915800HPCPHT19820100010030100 00000g 1400 00010  2500 00010  
HPD02915800HPCPHT19820100040022400 00010  2500 00010  
HPD02915800HPCPHT19820100050020300 00010  2500 00010  
HPD02915800HPCPHT19820100060020800 00010  2500 00010  
HPD02915800HPCPHT19820100100032300 00010  2400 00010  2500 00020  
HPD02915800HPCPHT19820100200022400 00010  2500 00010  
HPD02915800HPCPHT19820100210080600 00010  0800 00010  0900 00010  1200 00010  1500 00010  1700 00010  2000 00010  2500 00070  
HPD02915800HPCPHT19820100220021100 00010  2500 00010  
HPD02915800HPCPHT19820100280022400 00010  2500 00010  
HPD02915800HPCPHT19820200010020100 00000g 2500 00000  
HPD02915800HPCPHT19820200100070100 00010  1800 00010  2000 00010  2200 00020  2300 00010  2400 00010  2500 00070  
HPD02915800HPCPHT19820200110020200 00010  2500 00010  
HPD02915800HPCPHT19820200140021100 00010  2500 00010  
HPD02915800HPCPHT19820200170071800 00010  1900 00030  2000 00030  2100 00020  2200 00010  2300 00010  2500 00110  
HPD02915800HPCPHT19820200240041700 00010  2100 00010  2400 00010  2500 00030  
HPD02915800HPCPHT19820300010020100 00000g 2500 00000  
HPD02915800HPCPHT19820300110100600 00010  1100 00010  1400 00010  1700 00010  1800 00010  1900 00010  2000 00010  2100 00010  2400 00010  2500 00090  
HPD02915800HPCPHT19820300120032200 00010  2400 00010  2500 00020  
HPD02915800HPCPHT19820300130020400 00010  2500 00010  
HPD02915800HPCPHT19820300140040500 00010  0800 00010  2300 00010  2500 00030  
HPD02915800HPCPHT19820300150030200 00010  1200 00010  2500 00020  
HPD02915800HPCPHT19820300160040700 00010  0900 00010  1500 00010  2500 00030  
HPD02915800HPCPHT19820300180071000 00010  1100 00010  1200 00010  1400 00010  2100 00010  2200 00010  2500 00060  
HPD02915800HPCPHT19820300190020300 00010  2500 00010  
HPD02915800HPCPHT19820300260040600 00010  1000 00010  1100 00010  2500 00030  
HPD02915800HPCPHT19820300270020700 00010  2500 00010  
HPD02915800HPCPHT19820400010040100 00000g 1900 00010  2100 00010  2500 00020  
HPD02915800HPCPHT19820400210032300 00020  2400 00010  2500 00030  
HPD02915800HPCPHT19820400220020900 00010  2500 00010  
HPD02915800HPCPHT19820500010020100 00000g 2500 00000  
HPD02915800HPCPHT19820500020040100 00010  0300 00010  1200 00010  2500 00030  
HPD02915800HPCPHT19820500040050600 00010  0700 00010  1400 00010  2100 00010  2500 00040  
HPD02915800HPCPHT19820500050020300 00010  2500 00010  
HPD02915800HPCPHT19820500110022200 00010  2500 00010  
HPD02915800HPCPHT19820500120020400 00010  2500 00010  
HPD02915800HPCPHT19820600010020100 00000g 2500 00000  
HPD02915800HPCPHT19820700010020100 00000g 2500 00000  
HPD02915800HPCPHT19820700070021200 00010  2500 00010  
HPD02915800HPCPHT19820700180031200 00010  1300 00010  2500 00020  
HPD02915800HPCPHT19820700210021500 00010  2500 00010  
HPD02915800HPCPHT19820700220021100 00010  2500 00010  
HPD02915800HPCPHT19820700260021000 00010  2500 00010  
HPD02915800HPCPHT19820800010020100 00000g 2500 00000  
HPD02915800HPCPHT19820800060022300 00010  2500 00010  
HPD02915800HPCPHT19820800100021600 00010  2500 00010  
HPD02915800HPCPHT19820800110022400 00010  2500 00010  
HPD02915800HPCPHT19820800120040600 00010  1200 00010  1400 00010  2500 00030  
HPD02915800HPCPHT19820800130021500 00010  2500 00010  
HPD02915800HPCPHT19820800220032300 00010  2400 00060  2500 00070  
HPD02915800HPCPHT19820800230080100 00030  0200 00010  0300 00040  0400 00020  0500 00010  1400 00010  1500 00010  2500 00130  
HPD02915800HPCPHT19820800240031200 00010  1300 00010  2500 00020  
HPD02915800HPCPHT19820800260031900 00010  2000 00010  2500 00020  
HPD02915800HPCPHT19820900010020100 00000g 2500 00000  
HPD02915800HPCPHT19820900070021200 00010  2500 00010  
HPD02915800HPCPHT19820900080021500 00010  2500 00010  
HPD02915800HPCPHT19820900100022000 00010  2500 00010  
HPD02915800HPCPHT19820900110031300 00010  1500 00010  2500 00020  
HPD02915800HPCPHT19821000010020100 00000g 2500 00000  
HPD02915800HPCPHT19821100010020100 00000g 2500 00000  
HPD02915800HPCPHT19821100080061500 00010  1800 00010  1900 00020  2000 00010  2200 00010  2500 00060  
HPD02915800HPCPHT19821100100041200 00010  1500 00010  2200 00010  2500 00030  
HPD02915800HPCPHT19821100110020900 00010  2500 00010  
HPD02915800HPCPHT19821100170051600 00010  1700 00010  2100 00010  2400 00010  2500 00040  
HPD02915800HPCPHT19821100290020800 00010  2500 00010  
HPD02915800HPCPHT19821100300120200 00010  0900 00010  1100 00010  1200 00010  1300 00010  1400 00020  1500 00030  1600 00020  1700 00010  1800 00010  2100 00010  2500 00150  
HPD02915800HPCPHT19821200010020100 00000g 2500 00000  
HPD02915800HPCPHT19821200080030600 00010  1800 00010  2500 00020  
HPD02915800HPCPHT19821200090060100 00010  0300 00010  1200 00010  1800 00010  2000 00010  2500 00050  
HPD02915800HPCPHT19821200100070100 00010  0500 00010  1000 00010  1100 00010  1300 00010  1400 00010  2500 00060  
HPD02915800HPCPHT19821200220031400 00010  2300 00010  2500 00020  
HPD02915800HPCPHT19821200230060200 00010  0300 00020  0400 00010  0500 00010  0900 00010  2500 00060  
HPD02915800HPCPHT19821200290041100 00010  1500 00010  1900 00010  2500 00030  
HPD02915800HPCPHT19821200300020500 00010  2500 00010  
HPD02915800HPCPHT19830100010020100 00000g 2500 00000  
HPD02915800HPCPHT19830100250021000 00010  2500 00010  
HPD02915800HPCPHT19830100270061700 00010  1800 00010  1900 00010  2000 00010  2400 00010  2500 00050  
HPD02915800HPCPHT19830100290040900 00010  1000 00010  1200 00010  2500 00030  
HPD02915800HPCPHT19830200010020100 00000g 2500 00000  
HPD02915800HPCPHT19830200020032200 00010  2300 00010  2500 00020  
HPD02915800HPCPHT19830200030060200 00010  0600 00010  1300 00010  1500 00010  1900 00010  2500 00050  
HPD02915800HPCPHT19830200040020700 00010  2500 00010  
HPD02915800HPCPHT19830200050030900 00010  1500 00010  2500 00020  
HPD02915800HPCPHT19830200080040400 00010  0700 00010  1100 00010  2500 00030  
HPD02915800HPCPHT19830200210021800 00010  2500 00010  
HPD02915800HPCPHT19830200260041200 00010  1400 00010  1500 00010  2500 00030  
HPD02915800HPCPHT19830200270022400 00010  2500 00010  
HPD02915800HPCPHT19830200280020100 00010  2500 00010  
HPD02915800HPCPHT19830300010020100 00000g 2500 00000  
HPD02915800HPCPHT19830300020110600 00010  0700 00010  1000 00010  1100 00020  1200 00010  1400 00010  1500 00010  2000 00010  2100 00010  2300 00010  2500 00110  
HPD02915800HPCPHT19830300030150100 00010  0200 00010  0300 00010  0500 00010  0600 00010  0700 00010  0800 00020  0900 00010  1000 00010  1300 00010  1500 00010  1700 00010  1900 00010  2300 00010  2500 00150  
HPD02915800HPCPHT19830300040030300 00010  1600 00010  2500 00020  
HPD02915800HPCPHT19830300070021000 00010  2500 00010  
HPD02915800HPCPHT19830300170021800 00010  2500 00010  
HPD02915800HPCPHT19830300180051000 00010  1400 00010  1800 00010  2000 00010  2500 00040  
HPD02915800HPCPHT19830300190030100 00010  1600 00010  2500 00020  
HPD02915800HPCPHT19830300210061200 00010  1300 00010  1400 00010  1900 00010  2100 00010  2500 00050  
HPD02915800HPCPHT19830300220020900 00010  2500 00010  
HPD02915800HPCPHT19830300230030500 00010  0700 00010  2500 00020  
HPD02915800HPCPHT19830300240050900 00010  1100 00010  1500 00010  1900 00010  2500 00040  
HPD02915800HPCPHT19830300250021400 00010  2500 00010  
HPD02915800HPCPHT19830400010020100 00000g 2500 00000  
HPD02915800HPCPHT19830400130020300 00010  2500 00010  
HPD02915800HPCPHT19830400200022000 00010  2500 00010  
HPD02915800HPCPHT19830400210060100 00010  0500 00010  0700 00010  1200 00010  2400 00010  2500 00050  
HPD02915800HPCPHT19830400290020900 99999[ 2500 00000I 
HPD02915800HPCPHT19830400300022400 99999] 2500 00000I 
HPD02915800HPCPHT19830500010020100 00000g 2500 00000  
HPD02915800HPCPHT19830500280021900 00010  2500 00010  
HPD02915800HPCPHT19830500310032000 99999[ 2400 99999] 2500 00000I 
HPD02915800HPCPHT19830600010020100 00000g 2500 00000  
HPD02915800HPCPHT19830700010020100 00000g 2500 00000  
HPD02915800HPCPHT19830700080031100 00010  1700 00010  2500 00020  
HPD02915800HPCPHT19830700090020800 00010  2500 00010  
HPD02915800HPCPHT19830700200022400 00010  2500 00010  
HPD02915800HPCPHT19830700210050200 00010  0500 00010  0900 00010  2100 00010  2500 00040  
HPD02915800HPCPHT19830700230021900 00010  2500 00010  
HPD02915800HPCPHT19830700240031800 00040  2200 00010  2500 00050  
HPD02915800HPCPHT19830700310021500 00010  2500 00010  
HPD02915800HPCPHT19830800010040100 00000g 1600 00010  1700 00010  2500 00020  
HPD02915800HPCPHT19830800030021200 00020  2500 00020  
HPD02915800HPCPHT19830800040031500 00020  1600 00010  2500 00030  
HPD02915800HPCPHT19830800060031600 00010  2300 00020  2500 00030  
HPD02915800HPCPHT19830800100022000 00010  2500 00010  
HPD02915800HPCPHT19830800110021100 00010  2500 00010  
HPD02915800HPCPHT19830800140031300 00020  1400 00010  2500 00030  
HPD02915800HPCPHT19830800160040200 00040  1200 00020  1900 00010  2500 00070  
HPD02915800HPCPHT19830800170041000 00010  1200 00010  1400 00010  2500 00030  
HPD02915800HPCPHT19830800290030300 00010  0500 00010  2500 00020  
HPD02915800HPCPHT19830900010030100 00000g 0900 00010  2500 00010  
HPD02915800HPCPHT19830900230130100 00040  0300 00010  0900 00030  1000 00020  1100 00030  1200 00040  1300 00010  1400 00020  1500 00010  1600 00040  1700 00010  1800 00010  2500 00270  
HPD02915800HPCPHT19830900240080300 00010  0400 00010  0500 00030  0600 00020  0700 00010  0800 00010  0900 00010  2500 00100  
HPD02915800HPCPHT19830900250021300 00010  2500 00010  
HPD02915800HPCPHT19830900290071000 00010  1100 00010  1700 00020  1900 00010  2000 00020  2100 00010  2500 00080  
HPD02915800HPCPHT19830900300040300 00010  0400 00010  0700 00010  2500 00030  
HPD02915800HPCPHT19831000010020100 00000g 2500 00000  
HPD02915800HPCPHT19831000050041500 00010  1800 00020  1900 00010  2500 00040  
HPD02915800HPCPHT19831000070022400 00020  2500 00020  
HPD02915800HPCPHT19831000100020800 99999[ 2500 00000I 
HPD02915800HPCPHT19831000310022400 99999] 2500 00000I 
HPD02915800HPCPHT19831100010020100 99999[ 2500 00000I 
HPD02915800HPCPHT19831100300022400 99999] 2500 00000I 
HPD02915800HPCPHT19831200010020100 99999[ 2500 00000I 
HPD02915800HPCPHT19831200310021300 99999] 2500 00000I 
HPD02915800HPCPHT19840100010020100 00000g 2500 00000  
HPD02915800HPCPHT19840100140020800 00010  2500 00010  
HPD02915800HPCPHT19840200010020100 00000g 2500 00000  
HPD02915800HPCPHT19840200290031700 99999[ 2400 99999] 2500 00000I 
HPD02915800HPCPHT19840300010020100 00000g 2500 00000  
HPD02915800HPCPHT19840300260042000 00030  2100 00010  2300 00010  2500 00050  
HPD02915800HPCPHT19840400010020100 00000g 2500 00000  
HPD02915800HPCPHT19840400280020400 00010  2500 00010  
HPD02915800HPCPHT19840500010020100 00000g 2500 00000  
HPD02915800HPCPHT19840500040040600 99999[ 1100 99999] 1200 99999a 2500 00000I 
HPD02915800HPCPHT19840500310022400 99999A 2500 00000I 
HPD02915800HPCPHT19840600010020100 99999, 2500 00000I 
HPD02915800HPCPHT19840600040021000 00020A 2500 00020P 
HPD02915800HPCPHT19840600260021800 00030  2500 00030  
HPD02915800HPCPHT19840600290031400 00010  1500 00030  2500 00040  
HPD02915800HPCPHT19840700010020100 00000g 2500 00000  
HPD02915800HPCPHT19840700100021300 00020  2500 00020  
HPD02915800HPCPHT19840700120021400 00010  2500 00010  
HPD02915800HPCPHT19840700130041600 00030  2200 00010  2300 00010  2500 00050  
HPD02915800HPCPHT19840700140021800 00010  2500 00010  
HPD02915800HPCPHT19840700190031200 00010  1300 00010  2500 00020  
HPD02915800HPCPHT19840700210021000 00010  2500 00010  
HPD02915800HPCPHT19840700220041000 00010  1100 00010  1700 00010  2500 00030  
HPD02915800HPCPHT19840700240021900 00010  2500 00010  
HPD02915800HPCPHT19840700260031400 00020  1500 00010  2500 00030  
HPD02915800HPCPHT19840700270051800 00020  1900 00020  2000 00010  2100 00010  2500 00060  
HPD02915800HPCPHT19840700280060600 00010  0700 00010  0900 00010  1000 00010  1300 00010  2500 00050  
HPD02915800HPCPHT19840800010020100 00000g 2500 00000  
HPD02915800HPCPHT19840800050021900 00010  2500 00010  
HPD02915800HPCPHT19840800060031500 00020  1600 00020  2500 00040  
HPD02915800HPCPHT19840800070021700 00010  2500 00010  
HPD02915800HPCPHT19840800110030100 00040  0200 00010  2500 00050  
HPD02915800HPCPHT19840800120022100 00010  2500 00010  
HPD02915800HPCPHT19840800150051100 00010  1300 00010  1700 00030  2000 00020  2500 00070  
HPD02915800HPCPHT19840800160021300 00020  2500 00020  
HPD02915800HPCPHT19840800170031600 00020  2400 00010  2500 00030  
HPD02915800HPCPHT19840800180031600 00020  1700 00040  2500 00060  
HPD02915800HPCPHT19840800190021400 00010  2500 00010  
HPD02915800HPCPHT19840800200051000 00010  1100 00030  1400 00010  2000 00020  2500 00070  
HPD02915800HPCPHT19840800230020500 00010  2500 00010  
HPD02915800HPCPHT19840800240041400 00010  2300 00010  2400 00010  2500 00030  
HPD02915800HPCPHT19840900010030100 00000g 1200 00010  2500 00010  
HPD02915800HPCPHT19840900100041700 00010  1800 00010  1900 00010  2500 00030  
HPD02915800HPCPHT19840900160041700 00010  1800 00020  1900 00010  2500 00040  
HPD02915800HPCPHT19840900250031500 00010  1600 00010  2500 00020  
HPD02915800HPCPHT19840900260030700 00010  1900 00010  2500 00020  
HPD02915800HPCPHT19841000010020100 00000g 2500 00000  
HPD02915800HPCPHT19841000120021300 00010  2500 00010  
HPD02915800HPCPHT19841100010020100 00000g 2500 00000  
HPD02915800HPCPHT19841100180022300 00010  2500 00010  
HPD02915800HPCPHT19841100190020200 00010  2500 00010  
HPD02915800HPCPHT19841100220052000 00010  2100 00010  2200 00010  2400 00010  2500 00040  
HPD02915800HPCPHT19841100230040200 00010  0400 00010  0900 00010  2500 00030  
HPD02915800HPCPHT19841100240022300 00010  2500 00010  
HPD02915800HPCPHT19841100250040200 00010  0400 00010  0500 00010  2500 00030  
HPD02915800HPCPHT19841200010020100 00000g 2500 00000  
HPD02915800HPCPHT19841200080070300 00010  0400 00010  0600 00010  0900 00010  1000 00030  1100 00030  2500 00100  
HPD02915800HPCPHT19841200100021300 00010  2500 00010  
HPD02915800HPCPHT19841200110050100 00010  0700 00010  0800 00010  1000 00010  2500 00040  
HPD02915800HPCPHT19841200120022300 00010  2500 00010  
HPD02915800HPCPHT19841200130040700 00010  1100 00010  1800 00010  2500 00030  
HPD02915800HPCPHT19841200160021000 00010  2500 00010  
HPD02915800HPCPHT19841200170020500 00010  2500 00010  
HPD02915800HPCPHT19841200190021700 00010  2500 00010  
HPD02915800HPCPHT19841200200060100 00010  0400 00010  0500 00010  0600 00010  0800 00010  2500 00050  
HPD02915800HPCPHT19841200260041700 00010  1900 00010  2300 00010  2500 00030  
HPD02915800HPCPHT19841200270110500 00010  0700 00020  0800 00010  0900 00020  1000 00020  1100 00020  1200 00010  1400 00010  1500 00010  2100 00010  2500 00140  
HPD02915800HPCPHT19841200280060400 00010  1000 00010  1800 00010  1900 00010  2100 00010  2500 00050  
HPD02915800HPCPHT19850100010020100 00000g 2500 00000  
HPD02915800HPCPHT19850100080060600 00010  0900 00010  1000 00010  1100 00010  1400 00010  2500 00050  
HPD02915800HPCPHT19850100220022400 00010  2500 00010  
HPD02915800HPCPHT19850100230020500 00010  2500 00010  
HPD02915800HPCPHT19850100240020200 00010  2500 00010  
HPD02915800HPCPHT19850100260030100 00010  0300 00010  2500 00020  
HPD02915800HPCPHT19850100270040300 00010  0500 00010  1000 00010  2500 00030  
HPD02915800HPCPHT19850100280022300 00010  2500 00010  
HPD02915800HPCPHT19850100290030100 00010  0200 00010  2500 00020  
HPD02915800HPCPHT19850100300020400 00010  2500 00010  
HPD02915800HPCPHT19850200010020100 00000g 2500 00000  
HPD02915800HPCPHT19850200020031800 00010  2300 00010  2500 00020  
HPD02915800HPCPHT19850200030020300 00010  2500 00010  
HPD02915800HPCPHT19850200040020100 00010  2500 00010  
HPD02915800HPCPHT19850200090022300 00010  2500 00010  
HPD02915800HPCPHT19850200200021700 00010  2500 00010  
HPD02915800HPCPHT19850200210040200 00010  0400 00010  0700 00010  2500 00030  
HPD02915800HPCPHT19850300010020100 00000g 2500 00000  
HPD02915800HPCPHT19850300100030400 00010  0900 00010  2500 00020  
HPD02915800HPCPHT19850300150040600 00010  1500 00010  1600 00010  2500 00030  
HPD02915800HPCPHT19850300170020900 00010  2500 00010  
HPD02915800HPCPHT19850300180032200 00010  2300 00010  2500 00020  
HPD02915800HPCPHT19850300190021200 00010  2500 00010  
HPD02915800HPCPHT19850300280022000 00010  2500 00010  
HPD02915800HPCPHT19850400010020100 00000g 2500 00000  
HPD02915800HPCPHT19850400180021600 00010  2500 00010  
HPD02915800HPCPHT19850400200032200 00010  2300 00010  2500 00020  
HPD02915800HPCPHT19850400210020400 00010  2500 00010  
HPD02915800HPCPHT19850400260031600 00010  2400 00010  2500 00020  
HPD02915800HPCPHT19850400270050500 00010  0800 00010  0900 00010  1000 00010  2500 00040  
HPD02915800HPCPHT19850500010020100 00000g 2500 00000  
HPD02915800HPCPHT19850500240020100 00010  2500 00010  
HPD02915800HPCPHT19850500310040800 00010  1000 00010  1100 00010  2500 00030  
HPD02915800HPCPHT19850600010020100 00000g 2500 00000  
HPD02915800HPCPHT19850600230021900 99999a 2500 00000I 
HPD02915800HPCPHT19850600240021800 00010A 2500 00010P 
HPD02915800HPCPHT19850700010020100 00000g 2500 00000  
HPD02915800HPCPHT19850700100031300 00010  1400 00020  2500 00030  
HPD02915800HPCPHT19850700110031400 00010  1500 00010  2500 00020  
HPD02915800HPCPHT19850700140041200 00010  1500 00010  1700 00010  2500 00030  
HPD02915800HPCPHT19850700160020200 00010  2500 00010  
HPD02915800HPCPHT19850700180030500 00020  0600 00010  2500 00030  
HPD02915800HPCPHT19850700190021000 00010  2500 00010  
HPD02915800HPCPHT19850700200050900 00010  1100 00010  1400 00020  1500 00010  2500 00050  
HPD02915800HPCPHT19850700210020800 00070  2500 00070  
HPD02915800HPCPHT19850700280021100 00010  2500 00010  
HPD02915800HPCPHT19850800010030100 00000g 1400 99999{ 2500 00000P 
HPD02915800HPCPHT19850800310022400 99999} 2500 00000P 
HPD02915800HPCPHT19850900010020100 00000g 2500 00000  
HPD02915800HPCPHT19850900030021800 00010  2500 00010  
HPD02915800HPCPHT19850900110031400 00030  1500 00010  2500 00040  
HPD02915800HPCPHT19850900150031600 00020  1700 00010  2500 00030  
HPD02915800HPCPHT19850900170022200 00010  2500 00010  
HPD02915800HPCPHT19850900180060400 00010  0800 00010  1000 00010  1200 00010  2000 00010  2500 00050  
HPD02915800HPCPHT19850900190031500 00010  2000 00010  2500 00020  
HPD02915800HPCPHT19850900200030200 00010  0700 00010  2500 00020  
HPD02915800HPCPHT19850900270022200 00020  2500 00020  
HPD02915800HPCPHT19850900280080600 00020  0700 00010  0900 00020  1100 00020  1200 00020  1300 00010  1400 00010  2500 00110  
HPD02915800HPCPHT19851000010020100 99999{ 2500 00000P 
HPD02915800HPCPHT19851000310022400 99999} 2500 00000P 
HPD02915800HPCPHT19851100010020100 00000g 2500 00000  
HPD02915800HPCPHT19851100100021900 99999a 2500 00000I 
HPD02915800HPCPHT19851100300022400 00510A 2500 00510P 
HPD02915800HPCPHT19851200010020100 00000g 2500 00000  
HPD02915800HPCPHT19851200020021000 99999{ 2500 00000P 
HPD02915800HPCPHT19851200310022400 99999} 2500 00000P 
HPD02915800HPCPHT19860100010020100 00000g 2500 00000  
HPD02915800HPCPHT19860100140032000 00010  2300 00010  2500 00020  
HPD02915800HPCPHT19860100150020100 00010  2500 00010  
HPD02915800HPCPHT19860100300021200 00010  2500 00010  
HPD02915800HPCPHT19860100310022400 00010  2500 00010  
HPD02915800HPCPHT19860200010030100 00000g 1900 00010  2500 00010  
HPD02915800HPCPHT19860200020020500 00010  2500 00010  
HPD02915800HPCPHT19860200080021400 00010  2500 00010  
HPD02915800HPCPHT19860200090021400 00010  2500 00010  
HPD02915800HPCPHT19860200150140700 00010  0800 00010  0900 00010  1000 00020  1300 00010  1400 00020  1500 00020  1600 00010  1700 00010  1800 00010  1900 00010  2000 00010  2200 00010  2500 00160  
HPD02915800HPCPHT19860300010020100 00000g 2500 00000  
HPD02915800HPCPHT19860300020022000 00010  2500 00010  
HPD02915800HPCPHT19860300080022200 00010  2500 00010  
HPD02915800HPCPHT19860300090020100 00010  2500 00010  
HPD02915800HPCPHT19860300100061100 00010  1700 00010  2000 00010  2200 00010  2400 00010  2500 00050  
HPD02915800HPCPHT19860300110030900 00010  1000 00010  2500 00020  
HPD02915800HPCPHT19860300120021800 00010  2500 00010  
HPD02915800HPCPHT19860300140030300 00010  1100 00010  2500 00020  
HPD02915800HPCPHT19860300160030800 00010  2000 00010  2500 00020  
HPD02915800HPCPHT19860300170031100 00010  1200 00010  2500 00020  
HPD02915800HPCPHT19860300270021000 00010  2500 00010  
HPD02915800HPCPHT19860400010070100 00000g 0900 00020  1000 00020  1100 00010  1200 00010  2100 00010  2500 00070  
HPD02915800HPCPHT19860500010020100 00000g 2500 00000  
HPD02915800HPCPHT19860500070021600 00010  2500 00010  
HPD02915800HPCPHT19860500300021600 00030  2500 00030  
HPD02915800HPCPHT19860500310041600 00010  2000 00010  2100 00010  2500 00030  
HPD02915800HPCPHT19860600010030100 00000g 1900 00010  2500 00010  
HPD02915800HPCPHT19860600020031600 00010  2100 00010  2500 00020  
HPD02915800HPCPHT19860600030032100 00010  2200 00020  2500 00030  
HPD02915800HPCPHT19860700010020100 00000g 2500 00000  
HPD02915800HPCPHT19860700020041600 00080  1700 00010  2200 00010  2500 00100  
HPD02915800HPCPHT19860700200052100 00010  2200 00020  2300 00010  2400 00010  2500 00050  
HPD02915800HPCPHT19860700210022100 00010  2500 00010  
HPD02915800HPCPHT19860800010030100 00000g 0800 99999{ 2500 00000P 
HPD02915800HPCPHT19860800310022400 99999} 2500 00000P 
HPD02915800HPCPHT19860900010020100 99999{ 2500 00000P 
HPD02915800HPCPHT19860900030031800 99999} 1900 99999[ 2500 00000P 
HPD02915800HPCPHT19860900300022400 99999] 2500 00000I 
HPD02915800HPCPHT19861000010020100 00000g 2500 00000  
HPD02915800HPCPHT19861000080020900 00010  2500 00010  
HPD02915800HPCPHT19861000090071000 00010  1300 00010  1400 00010  1500 00010  1700 00010  2000 00010  2500 00060  
HPD02915800HPCPHT19861000110050500 00030  0600 00040  0800 00010  0900 00010  2500 00090  
HPD02915800HPCPHT19861100010020100 00000g 2500 00000  
HPD02915800HPCPHT19861100180060800 00010  1000 00010  1200 00010  1500 00010  1600 00020  2500 00060  
HPD02915800HPCPHT19861200010020100 00000g 2500 00000  
HPD02915800HPCPHT19861200060060500 00010  1000 00010  1300 00010  2200 00010  2300 00010  2500 00050  
HPD02915800HPCPHT19861200070050100 00020  0300 00010  0800 00010  1100 00010  2500 00050  
HPD02915800HPCPHT19861200160031600 00010  2100 00010  2500 00020  
HPD02915800HPCPHT19861200200031300 00010  1600 00010  2500 00020  
HPD02915800HPCPHT19870100010020100 00000g 2500 00000  
HPD02915800HPCPHT19870100050040500 00020  0700 00010  1100 00010  2500 00040  
HPD02915800HPCPHT19870100070060700 00010  0900 00010  1000 00010  1200 00010  1800 00010  2500 00050  
HPD02915800HPCPHT19870100310040300 00010  0400 00010  0600 00010  2500 00030  
HPD02915800HPCPHT19870200010020100 00000g 2500 00000  
HPD02915800HPCPHT19870200190032200 00010  2400 00010  2500 00020  
HPD02915800HPCPHT19870200200030700 00010  1200 00010  2500 00020  
HPD02915800HPCPHT19870200230032300 00020  2400 00010  2500 00030  
HPD02915800HPCPHT19870200240050100 00010  0700 00010  1100 00010  1300 00010  2500 00040  
HPD02915800HPCPHT19870200250040200 00010  0300 00010  2000 00010  2500 00030  
HPD02915800HPCPHT19870200260021300 00010  2500 00010  
HPD02915800HPCPHT19870300010020100 00000g 2500 00000  
HPD02915800HPCPHT19870300100020800 00010  2500 00010  
HPD02915800HPCPHT19870300150050700 00010  0800 00010  1100 00010  1400 00010  2500 00040  
HPD02915800HPCPHT19870300160020200 00010  2500 00010  
HPD02915800HPCPHT19870300190022300 00010  2500 00010  
HPD02915800HPCPHT19870300210022400 00010  2500 00010  
HPD02915800HPCPHT19870300220020300 00010  2500 00010  
HPD02915800HPCPHT19870400010020100 00000g 2500 00000  
HPD02915800HPCPHT19870400070021700 00010  2500 00010  
HPD02915800HPCPHT19870400290021600 00020  2500 00020  
HPD02915800HPCPHT19870500010020100 00000g 2500 00000  
HPD02915800HPCPHT19870500070021000 00010  2500 00010  
HPD02915800HPCPHT19870500090031600 00010  1700 00010  2500 00020  
HPD02915800HPCPHT19870500110021800 00030  2500 00030  
HPD02915800HPCPHT19870500140021600 00010  2500 00010  
HPD02915800HPCPHT19870500150021400 00030  2500 00030  
HPD02915800HPCPHT19870500160030900 00010  1900 00010  2500 00020  
HPD02915800HPCPHT19870500230020400 99999{ 2500 00000P 
HPD02915800HPCPHT19870500310022400 99999} 2500 00000P 
HPD02915800HPCPHT19870600010020100 00000g 2500 00000  
HPD02915800HPCPHT19870600040022100 00010  2500 00010  
HPD02915800HPCPHT19870600060021500 00030  2500 00030  
HPD02915800HPCPHT19870600070030200 00010  1400 00010  2500 00020  
HPD02915800HPCPHT19870700010020100 00000g 2500 00000  
HPD02915800HPCPHT19870700200070500 00010  0700 00010  0800 00020  0900 00030  1000 00070  1300 00010  2500 00150  
HPD02915800HPCPHT19870700260021700 00010  2500 00010  
HPD02915800HPCPHT19870700270020200 00010  2500 00010  
HPD02915800HPCPHT19870700280021400 00010  2500 00010  
HPD02915800HPCPHT19870800010020100 00000g 2500 00000  
HPD02915800HPCPHT19870800020041900 00030  2000 00030  2200 00010  2500 00070  
HPD02915800HPCPHT19870800030021400 00010  2500 00010  
HPD02915800HPCPHT19870800090021600 00010  2500 00010  
HPD02915800HPCPHT19870800100031300 00010  1900 00010  2500 00020  
HPD02915800HPCPHT19870800120031400 00030  1500 00010  2500 00040  
HPD02915800HPCPHT19870800130020900 00010  2500 00010  
HPD02915800HPCPHT19870800230022100 00010  2500 00010  
HPD02915800HPCPHT19870800250031700 00010  2200 00010  2500 00020  
HPD02915800HPCPHT19870800260021800 00010  2500 00010  
HPD02915800HPCPHT19870800290021400 00010  2500 00010  
HPD02915800HPCPHT19870900010040100 00000g 1300 00010  2100 00010  2500 00020  
HPD02915800HPCPHT19870900040032200 00010  2300 00010  2500 00020  
HPD02915800HPCPHT19870900050020700 00010  2500 00010  
HPD02915800HPCPHT19870900230030300 00010  0400 00010  2500 00020  
HPD02915800HPCPHT19870900240022100 00010  2500 00010  
HPD02915800HPCPHT19870900270022400 00010  2500 00010  
HPD02915800HPCPHT19871000010020100 00000g 2500 00000  
HPD02915800HPCPHT19871000110022400 00010  2500 00010  
HPD02915800HPCPHT19871000130030200 00010  0400 00020  2500 00030  
HPD02915800HPCPHT19871000230050600 00020  0800 00010  2000 00010  2200 00010  2500 00050  
HPD02915800HPCPHT19871000240070600 00010  0700 00010  0900 00020  1300 00010  1400 00010  1500 00010  2500 00070  
HPD02915800HPCPHT19871000290050500 00010  0700 00010  1400 00010  1700 00010  2500 00040  
HPD02915800HPCPHT19871000310121000 00010  1100 00010  1200 00010  1300 00010  1400 00010  1500 00020  1600 00030  2000 00010  2100 00010  2200 00010  2300 00010  2500 00140  
HPD02915800HPCPHT19871100010090100 00000g 0300 00010  0500 00010  0600 00010  0900 00010  1100 00020  1200 00010  1600 00010  2500 00080  
HPD02915800HPCPHT19871100020021000 99999a 2500 00000I 
HPD02915800HPCPHT19871100300022400 00170A 2500 00170P 
HPD02915800HPCPHT19871200010020100 00000g 2500 00000  
HPD02915800HPCPHT19871200050020600 00020  2500 00020  
HPD02915800HPCPHT19871200060021200 00010  2500 00010  
HPD02915800HPCPHT19871200170071000 00010  1100 00010  1300 00010  1500 00010  1700 00010  2300 00010  2500 00060  
HPD02915800HPCPHT19871200190041400 00010  1800 00010  2200 00010  2500 00030  
HPD02915800HPCPHT19871200250021800 00010  2500 00010  
HPD02915800HPCPHT19880100010020100 00000g 2500 00000  
HPD02915800HPCPHT19880100050032100 00010  2300 00010  2500 00020  
HPD02915800HPCPHT19880100170081100 00010  1500 00010  1700 00010  1800 00010  1900 00020  2000 00010  2100 00010  2500 00080  
HPD02915800HPCPHT19880100180040300 00010  1100 00010  1400 00010  2500 00030  
HPD02915800HPCPHT19880200010020100 00000g 2500 00000  
HPD02915800HPCPHT19880200020140600 00010  0800 00010  1000 00010  1100 00010  1300 00010  1400 00010  1500 00010  1600 00010  1700 00010  1800 00010  1900 00010  2000 00010  2100 00010  2500 00130  
HPD02915800HPCPHT19880200270020300 00010  2500 00010  
HPD02915800HPCPHT19880300010020100 00000g 2500 00000  
HPD02915800HPCPHT19880400010020100 00000g 2500 00000  
HPD02915800HPCPHT19880400150061000 00010  1800 00010  1900 00010  2100 00010  2200 00010  2500 00050  
HPD02915800HPCPHT19880400160020100 00010  2500 00010  
HPD02915800HPCPHT19880400170041600 00010  1800 00010  2300 00010  2500 00030  
HPD02915800HPCPHT19880400200021900 00010  2500 00010  
HPD02915800HPCPHT19880400210090500 00010  0600 00010  0800 00010  1000 00010  1800 00010  1900 00010  2100 00010  2200 00010  2500 00080  
HPD02915800HPCPHT19880400220031000 00020  1100 00020  2500 00040  
HPD02915800HPCPHT19880400240020800 00010  2500 00010  
HPD02915800HPCPHT19880500010020100 00000g 2500 00000  
HPD02915800HPCPHT19880600010020100 00000g 2500 00000  
HPD02915800HPCPHT19880600110021300 99999a 2500 00000I 
HPD02915800HPCPHT19880600300022400 00040A 2500 00040P 
HPD02915800HPCPHT19880700010040100 99999{ 1700 99999} 1800 99999{ 2500 00000P 
HPD02915800HPCPHT19880700310022400 99999} 2500 00000P 
HPD02915800HPCPHT19880800010020100 00000g 2500 00000  
HPD02915800HPCPHT19880800040021800 00020  2500 00020  
HPD02915800HPCPHT19880800110041600 00010  1700 00020  1900 00010  2500 00040  
HPD02915800HPCPHT19880800190021800 00010  2500 00010  
HPD02915800HPCPHT19880800200020200 00010  2500 00010  
HPD02915800HPCPHT19880800210070200 00010  0600 00020  0700 00030  0800 00010  0900 00010  1000 00010  2500 00090  
HPD02915800HPCPHT19880800250021600 00010  2500 00010  
HPD02915800HPCPHT19880800260021800 00020  2500 00020  
HPD02915800HPCPHT19880800270061000 00060  1100 00040  1200 00010  1300 00020  1400 00010  2500 00140  
HPD02915800HPCPHT19880800290022000 00020  2500 00020  
HPD02915800HPCPHT19880800310041000 00010  1700 00010  1800 00030  2500 00050  
HPD02915800HPCPHT19880900010020100 00000g 2500 00000  
HPD02915800HPCPHT19880900100020800 00010  2500 00010  
HPD02915800HPCPHT19881000010020100 00000g 2500 00000  
HPD02915800HPCPHT19881000110021100 00010  2500 00010  
HPD02915800HPCPHT19881100010020100 00000g 2500 00000  
HPD02915800HPCPHT19881100100032300 00010  2400 00010  2500 00020  
HPD02915800HPCPHT19881100140031700 00010  1800 00010  2500 00020  
HPD02915800HPCPHT19881100240021900 00010  2500 00010  
HPD02915800HPCPHT19881100250021500 00010  2500 00010  
HPD02915800HPCPHT19881200010020100 00000g 2500 00000  
HPD02915800HPCPHT19881200190021200 00010  2500 00010  
HPD02915800HPCPHT19881200210031200 00010  1400 00010  2500 00020  
HPD02915800HPCPHT19881200250021300 00010  2500 00010  
HPD02915800HPCPHT19890100010020100 00000g 2500 00000  
HPD02915800HPCPHT19890100040090700 00010  0800 00020  0900 00010  1000 00010  1100 00010  1300 00020  1500 00010  1600 00010  2500 00100  
HPD02915800HPCPHT19890100050022300 00010  2500 00010  
HPD02915800HPCPHT19890100060030700 00010  1000 00010  2500 00020  
HPD02915800HPCPHT19890100240022100 00010  2500 00010  
HPD02915800HPCPHT19890100250021200 00010  2500 00010  
HPD02915800HPCPHT19890100270021100 00010  2500 00010  
HPD02915800HPCPHT19890200010020100 00000g 2500 00000  
HPD02915800HPCPHT19890200040032000 00010  2200 00010  2500 00020  
HPD02915800HPCPHT19890200050020200 00010  2500 00010  
HPD02915800HPCPHT19890300010020100 00000g 2500 00000  
HPD02915800HPCPHT19890300120020200 00010  2500 00010  
HPD02915800HPCPHT19890300250051900 00010  2000 00010  2200 00010  2400 00010  2500 00040  
HPD02915800HPCPHT19890300260040100 00010  0200 00010  0400 00010  2500 00030  
HPD02915800HPCPHT19890400010020100 00000g 2500 00000  
HPD02915800HPCPHT19890500010020100 00000g 2500 00000  
HPD02915800HPCPHT19890500160031800 00040  1900 00010  2500 00050  
HPD02915800HPCPHT19890600010020100 00000g 2500 00000  
HPD02915800HPCPHT19890700010020100 00000g 2500 00000  
HPD02915800HPCPHT19890700030021800 99999{ 2500 00000P 
HPD02915800HPCPHT19890700310022400 99999} 2500 00000P 
HPD02915800HPCPHT19890800010030100 99999{ 1700 99999} 2500 00000P 
HPD02915800HPCPHT19890800030020800 99999a 2500 00000I 
HPD02915800HPCPHT19890800310022400 00170A 2500 00170P 
HPD02915800HPCPHT19890900010030100 00000g 0900 99999{ 2500 00000P 
HPD02915800HPCPHT19890900300022400 99999} 2500 00000P 
HPD02915800HPCPHT19891000010020100 99999a 2500 00000I 
HPD02915800HPCPHT19891000310022400 00070A 2500 00070P 
HPD02915800HPCPHT19891100010020100 00000g 2500 00000  
HPD02915800HPCPHT19891200010020100 00000g 2500 00000  
HPD02915800HPCPHT19891200280032000 00010  2300 00010  2500 00020  
HPD02915800HPCPHT19891200290051100 00010  1300 00010  1400 00010  1600 00010  2500 00040  
HPD02915800HPCPHT19891200300021400 00020  2500 00020  
HPD02915800HPCPHT19900100010020100 00000g 2500 00000  
HPD02915800HPCPHT19900100050031500 00010  1700 00010  2500 00020  
HPD02915800HPCPHT19900100140042000 00010  2100 00010  2200 00010  2500 00030  
HPD02915800HPCPHT19900100150021200 00010  2500 00010  
HPD02915800HPCPHT19900100170031100 00010  1900 99999a 2500 00010I 
HPD02915800HPCPHT19900100190021800 00080A 2500 00080P 
HPD02915800HPCPHT19900200010030100 00000g 1300 00010  2500 00010  
HPD02915800HPCPHT19900200070021700 99999{ 2500 00000P 
HPD02915800HPCPHT19900200280022400 99999} 2500 00000P 
HPD02915800HPCPHT19900300010020100 00000g 2500 00000  
HPD02915800HPCPHT19900300050021100 00010  2500 00010  
HPD02915800HPCPHT19900300110060800 00010  1000 00010  1200 00010  1400 00010  1800 00010  2500 00050  
HPD02915800HPCPHT19900300130020900 00010  2500 00010  
HPD02915800HPCPHT19900300290060100 00010  0200 00010  0300 00010  1100 00010  1700 00010  2500 00050  
HPD02915800HPCPHT19900300300021100 00010  2500 00010  
HPD02915800HPCPHT19900400010020100 00000g 2500 00000  
HPD02915800HPCPHT19900400040032000 00010  2100 00010  2500 00020  
HPD02915800HPCPHT19900400060021400 00010  2500 00010  
HPD02915800HPCPHT19900400180021300 00010  2500 00010  
HPD02915800HPCPHT19900400240040400 00010  0700 00010  1100 00010  2500 00030  
HPD02915800HPCPHT19900500010050100 00000g 0600 00010  0700 00020  1200 00010  2500 00040  
HPD02915800HPCPHT19900500290021600 00010  2500 00010  
HPD02915800HPCPHT19900600010020100 00000g 2500 00000  
HPD02915800HPCPHT19900700010020100 00000g 2500 00000  
HPD02915800HPCPHT19900700060041500 00060  1600 00010  2000 00010  2500 00080  
HPD02915800HPCPHT19900700090021600 00010  2500 00010  
HPD02915800HPCPHT19900700130071700 00010  1800 00050  1900 00010  2000 00010  2200 00010  2400 00010  2500 00100  
HPD02915800HPCPHT19900700140021800 00010  2500 00010  
HPD02915800HPCPHT19900700170041000 00020  1700 00030  1800 00010  2500 00060  
HPD02915800HPCPHT19900700180030900 00010  1500 00030  2500 00040  
HPD02915800HPCPHT19900700190021300 00010  2500 00010  
HPD02915800HPCPHT19900700210031700 00030  1800 00010  2500 00040  
HPD02915800HPCPHT19900700240022200 99999[ 2500 00000I 
HPD02915800HPCPHT19900700310022400 99999] 2500 00000I 
HPD02915800HPCPHT19900800010020100 00000g 2500 00000  
HPD02915800HPCPHT19900800020051300 00030  1400 00010  1900 00010  2000 00010  2500 00060  
HPD02915800HPCPHT19900800030031800 00020  2400 00010  2500 00030  
HPD02915800HPCPHT19900800130021500 00020  2500 00020  
HPD02915800HPCPHT19900800140021800 00010  2500 00010  
HPD02915800HPCPHT19900800160020400 00010  2500 00010  
HPD02915800HPCPHT19900800290031700 00170  1800 00040  2500 00210  
HPD02915800HPCPHT19900900010020100 00000g 2500 00000  
HPD02915800HPCPHT19900900030041500 00010  2000 00010  2400 00010  2500 00030  
HPD02915800HPCPHT19900900040021800 00040  2500 00040  
HPD02915800HPCPHT19900900050021300 00010  2500 00010  
HPD02915800HPCPHT19900900170042200 00030  2300 00010  2400 00030  2500 00070  
HPD02915800HPCPHT19900900180040100 00030  0800 00010  1200 00010  2500 00050  
HPD02915800HPCPHT19900900200021700 00010  2500 00010  
HPD02915800HPCPHT19900900210040300 00010  0400 00020  1500 00010  2500 00040  
HPD02915800HPCPHT19901000010040100 00000g 0700 00010  1200 00020  2500 00030  
HPD02915800HPCPHT19901000020020600 00010  2500 00010  
HPD02915800HPCPHT19901000310021300 00010  2500 00010  
HPD02915800HPCPHT19901100010020100 00000g 2500 00000  
HPD02915800HPCPHT19901100200030600 00010  0700 00010  2500 00020  
HPD02915800HPCPHT19901100230021300 00010  2500 00010  
HPD02915800HPCPHT19901100250020700 00010  2500 00010  
HPD02915800HPCPHT19901100260020900 00010  2500 00010  
HPD02915800HPCPHT19901200010020100 00000g 2500 00000  
HPD02915800HPCPHT19901200050021000 99999{ 2500 00000P 
HPD02915800HPCPHT19901200310022400 99999} 2500 00000P 
HPD02915800HPCPHT19910100010020100 99999a 2500 00000I 
HPD02915800HPCPHT19910100050021400 00160A 2500 00160P 
HPD02915800HPCPHT19910200010020100 00000g 2500 00000  
HPD02915800HPCPHT19910200040021000 99999[ 2500 00000I 
HPD02915800HPCPHT19910200280022400 99999] 2500 00000I 
HPD02915800HPCPHT19910300010020100 99999{ 2500 00000P 
HPD02915800HPCPHT19910300310022400 99999} 2500 00000P 
HPD02915800HPCPHT19910400010020100 00000g 2500 00000  
HPD02915800HPCPHT19910500010020100 99999{ 2500 00000P 
HPD02915800HPCPHT19910500310022400 99999} 2500 00000P 
HPD02915800HPCPHT19910600010020100 99999{ 2500 00000P 
HPD02915800HPCPHT19910600070021800 99999} 2500 00000P 
HPD02915800HPCPHT19910600100022400 99999{ 2500 00000P 
HPD02915800HPCPHT19910600300022400 99999} 2500 00000P 
HPD02915800HPCPHT19910700010020100 00000g 2500 00000  
HPD02915800HPCPHT19910700050031600 00010  1700 00040  2500 00050  
HPD02915800HPCPHT19910700200040500 00010  0700 00010  0800 00010  2500 00030  
HPD02915800HPCPHT19910700290021600 00010  2500 00010  
HPD02915800HPCPHT19910700300021200 00010  2500 00010  
HPD02915800HPCPHT19910800010020100 00000g 2500 00000  
HPD02915800HPCPHT19910800030021500 00010  2500 00010  
HPD02915800HPCPHT19910800060021400 00010  2500 00010  
HPD02915800HPCPHT19910800100041800 00010  2100 00010  2300 00010  2500 00030  
HPD02915800HPCPHT19910800110030100 00010  0300 00010  2500 00020  
HPD02915800HPCPHT19910800130031700 00030  2000 00010  2500 00040  
HPD02915800HPCPHT19910900010030100 00000g 0700 00010  2500 00010  
HPD02915800HPCPHT19910900040022100 00010  2500 00010  
HPD02915800HPCPHT19910900060021100 00010  2500 00010  
HPD02915800HPCPHT19910900190041700 00010  1800 00010  2100 00010  2500 00030  
HPD02915800HPCPHT19910900200031700 00020  1800 00020  2500 00040  
HPD02915800HPCPHT19910900220031500 00010  1600 00050  2500 00060  
HPD02915800HPCPHT19910900270021600 00010  2500 00010  
HPD02915800HPCPHT19910900280021800 00010  2500 00010  
HPD02915800HPCPHT19911000010020100 00000g 2500 00000  
HPD02915800HPCPHT19911000270050300 00010  0500 00010  0700 00010  1300 00010  2500 00040  
HPD02915800HPCPHT19911000300021100 00010  2500 00010  
HPD02915800HPCPHT19911100010020100 00000g 2500 00000  
HPD02915800HPCPHT19911100100060500 00010  0700 00010  0800 00010  0900 00010  2100 00010  2500 00050  
HPD02915800HPCPHT19911100140031600 00020  1700 00010  2500 00030  
HPD02915800HPCPHT19911100150030200 00010  1200 00010  2500 00020  
HPD02915800HPCPHT19911200010020100 00000g 2500 00000  
HPD02915800HPCPHT19911200040020900 99999{ 2500 00000P 
HPD02915800HPCPHT19911200280021200 99999} 2500 00000P 
HPD02915800HPCPHT19911200300030200 00010  1100 00010  2500 00020  
HPD02915800HPCPHT19911200310021400 00010  2500 00010  
HPD02915800HPCPHT19920100010020100 00000g 2500 00000  
HPD02915800HPCPHT19920100020021500 99999[ 2500 00000I 
HPD02915800HPCPHT19920100080021200 99999] 2500 00000I 
HPD02915800HPCPHT19920200010020100 00000g 2500 00000  
HPD02915800HPCPHT19920200070050500 00010  0700 00010  1000 00010  2000 00010  2500 00040  
HPD02915800HPCPHT19920200080021000 00010  2500 00010  
HPD02915800HPCPHT19920200100060900 00020  1200 00010  1300 00010  1900 00010  2100 00010  2500 00060  
HPD02915800HPCPHT19920200110020500 00010  2500 00010  
HPD02915800HPCPHT19920200130110100 00010  0400 00010  0500 00020  0800 00010  1000 00010  1200 00030  1300 00010  1400 00010  1600 00010  1900 00010  2500 00130  
HPD02915800HPCPHT19920200140030400 00010  1300 00010  2500 00020  
HPD02915800HPCPHT19920200150022300 00010  2500 00010  
HPD02915800HPCPHT19920200160031100 00010  1300 00010  2500 00020  
HPD02915800HPCPHT19920300010020100 00000g 2500 00000  
HPD02915800HPCPHT19920300020021600 00010  2500 00010  
HPD02915800HPCPHT19920300040020800 00010  2500 00010  
HPD02915800HPCPHT19920300070021800 00010  2500 00010  
HPD02915800HPCPHT19920300080050500 00010  1200 00010  1300 00010  1600 00010  2500 00040  
HPD02915800HPCPHT19920300090030200 00010  1300 00010  2500 00020  
HPD02915800HPCPHT19920300210050500 00010  0700 00010  0800 00010  1500 00010  2500 00040  
HPD02915800HPCPHT19920300230021100 00010  2500 00010  
HPD02915800HPCPHT19920300270070300 00010  0600 00010  0900 00010  1000 00010  1300 00010  1500 00010  2500 00060  
HPD02915800HPCPHT19920300280041300 00010  1600 00010  1700 00010  2500 00030  
HPD02915800HPCPHT19920300290020200 00010  2500 00010  
HPD02915800HPCPHT19920300300031500 00010  2400 00010  2500 00020  
HPD02915800HPCPHT19920400010070100 00000g 1100 00010  1800 00010  2100 00010  2200 00010  2300 00010  2500 00050  
HPD02915800HPCPHT19920400020041200 00010  1600 99999a 1800 00020A 2500 00030  
HPD02915800HPCPHT19920500010020100 00000g 2500 00000  
HPD02915800HPCPHT19920500050070100 00020  1200 00030  1300 00020  1400 00020  1500 00010  1700 00010  2500 00110  
HPD02915800HPCPHT19920500060020700 00010  2500 00010  
HPD02915800HPCPHT19920500080021200 00010  2500 00010  
HPD02915800HPCPHT19920500130021400 00010  2500 00010  
HPD02915800HPCPHT19920500210030500 00010  0700 00010  2500 00020  
HPD02915800HPCPHT19920500260021300 00010  2500 00010  
HPD02915800HPCPHT19920500270021100 00010  2500 00010  
HPD02915800HPCPHT19920500290041900 00030  2100 00010  2400 00010  2500 00050  
HPD02915800HPCPHT19920500300030600 00010  1000 00010  2500 00020  
HPD02915800HPCPHT19920600010020100 00000g 2500 00000  
HPD02915800HPCPHT19920600080021100 00010  2500 00010  
HPD02915800HPCPHT19920700010020100 00000g 2500 00000  
HPD02915800HPCPHT19920700090021900 99999{ 2500 00000P 
HPD02915800HPCPHT19920700100021800 99999} 2500 00000P 
HPD02915800HPCPHT19920700250021800 00020  2500 00020  
HPD02915800HPCPHT19920700300021500 00010  2500 00010  
HPD02915800HPCPHT19920700310021400 00010  2500 00010  
HPD02915800HPCPHT19920800010020100 00000g 2500 00000  
HPD02915800HPCPHT19920800050040800 00010  0900 00010  1000 00020  2500 00040  
HPD02915800HPCPHT19920800060031600 00030  1700 00030  2500 00060  
HPD02915800HPCPHT19920800070021500 00010  2500 00010  
HPD02915800HPCPHT19920800150021600 00010  2500 00010  
HPD02915800HPCPHT19920800180021700 00010  2500 00010  
HPD02915800HPCPHT19920800200051800 00010  1900 00020  2000 00010  2100 00010  2500 00050  
HPD02915800HPCPHT19920800220080400 00070  0500 00020  0600 00010  1400 00010  1500 00030  1700 00010  2200 00010  2500 00160  
HPD02915800HPCPHT19920800230080700 00020  0800 00010  0900 00020  1000 00010  1100 00010  1200 00010  1500 00010  2500 00090  
HPD02915800HPCPHT19920800300022100 00010  2500 00010  
HPD02915800HPCPHT19920800310030100 00020  0400 00010  2500 00030  
HPD02915800HPCPHT19920900010020100 00000g 2500 00000  
HPD02915800HPCPHT19921000010020100 00000g 2500 00000  
HPD02915800HPCPHT19921000250021100 00010  2500 00010  
HPD02915800HPCPHT19921000280041100 00010  2000 00010  2200 00010  2500 00030  
HPD02915800HPCPHT19921000310021200 00010  2500 00010  
HPD02915800HPCPHT19921100010020100 00000g 2500 00000  
HPD02915800HPCPHT19921200010020100 00000g 2500 00000  
HPD02915800HPCPHT19921200040110300 00010  0700 00010  0900 00010  1000 00010  1100 00010  1400 00010  1600 00010  1700 00010  1900 00010  2200 00010  2500 00100  
HPD02915800HPCPHT19921200080031200 00010  1400 00010  2500 00020  
HPD02915800HPCPHT19921200110021900 99999a 2500 00000I 
HPD02915800HPCPHT19921200120021800 00020A 2500 00020P 
HPD02915800HPCPHT19921200270032300 00010  2400 00010  2500 00020  
HPD02915800HPCPHT19921200280110100 00010  0200 00020  0300 00010  0400 00010  0500 00010  0600 00010  0700 00010  0800 00010  0900 00010  1400 00010  2500 00110  
HPD02915800HPCPHT19930100010020100 00000g 2500 00000  
HPD02915800HPCPHT19930100030021700 99999[ 2500 00000I 
HPD02915800HPCPHT19930100220021100 99999] 2500 00000I 
HPD02915800HPCPHT19930100300070800 00010  1200 00010  1400 00010  1500 00020  1600 00020  1700 00010  2500 00080  
HPD02915800HPCPHT19930100310031400 00010  1600 00010  2500 00020  
HPD02915800HPCPHT19930200010020100 00000g 2500 00000  
HPD02915800HPCPHT19930200080190500 00010  0600 00010  0700 00010  0800 00010  0900 00020  1000 00020  1100 00030  1200 00020  1300 00020  1400 00020  1500 00020  1600 00020  1700 00020  1800 00010  1900 00020  2000 00030  2100 00020  2200 00010  2500 00320  
HPD02915800HPCPHT19930200090040200 00010  0900 00010  2400 00010  2500 00030  
HPD02915800HPCPHT19930200100021100 00010  2500 00010  
HPD02915800HPCPHT19930200110021500 00010  2500 00010  
HPD02915800HPCPHT19930200170020300 00010  2500 00010  
HPD02915800HPCPHT19930200180032000 00010  2400 00010  2500 00020  
HPD02915800HPCPHT19930200190150200 00010  0500 00010  0600 00010  0900 00010  1100 00010  1300 00010  1600 00010  1700 00010  1800 00010  1900 00020  2100 00010  2200 00010  2300 00010  2400 00010  2500 00150  
HPD02915800HPCPHT19930200200060100 00010  0300 00010  0400 00010  0700 00010  1500 00010  2500 00050  
HPD02915800HPCPHT19930200210021500 00010  2500 00010  
HPD02915800HPCPHT19930200220021500 00010  2500 00010  
HPD02915800HPCPHT19930200240021200 00020  2500 00020  
HPD02915800HPCPHT19930200270032000 00010  2300 00010  2500 00020  
HPD02915800HPCPHT19930200280060400 00010  1400 00020  1500 00020  1600 00030  1800 00010  2500 00090  
HPD02915800HPCPHT19930300010030100 00000g 1500 00010  2500 00010  
HPD02915800HPCPHT19930300250021500 00030  2500 00030  
HPD02915800HPCPHT19930300260041300 00010  1700 00020  1900 00010  2500 00040  
HPD02915800HPCPHT19930300270021200 00010  2500 00010  
HPD02915800HPCPHT19930300280021500 00010  2500 00010  
HPD02915800HPCPHT19930400010020100 00000g 2500 00000  
HPD02915800HPCPHT19930500010020100 00000g 2500 00000  
HPD02915800HPCPHT19930500160030300 00010  0500 00010  2500 00020  
HPD02915800HPCPHT19930500170030900 00010  1300 00010  2500 00020  
HPD02915800HPCPHT19930500180031900 00040  2000 00010  2500 00050  
HPD02915800HPCPHT19930600010020100 00000g 2500 00000  
HPD02915800HPCPHT19930700010020100 00000g 2500 00000  
HPD02915800HPCPHT19930800010020100 00000g 2500 00000  
HPD02915800HPCPHT19930800040040900 00010  1500 00040  1600 00010  2500 00060  
HPD02915800HPCPHT19930800050031400 00020  1700 00010  2500 00030  
HPD02915800HPCPHT19930800060051300 00010  1500 00020  1600 00010  1900 00010  2500 00050  
HPD02915800HPCPHT19930800070020800 00010  2500 00010  
HPD02915800HPCPHT19930800190032300 00010  2400 00010  2500 00020  
HPD02915800HPCPHT19930800200020900 00010  2500 00010  
HPD02915800HPCPHT19930800250070400 00020  0500 00010  1100 00010  1400 00060  1500 00010  2300 00010  2500 00120  
HPD02915800HPCPHT19930800290021500 00010  2500 00010  
HPD02915800HPCPHT19930800300021100 00010  2500 00010  
HPD02915800HPCPHT19930900010020100 00000g 2500 00000  
HPD02915800HPCPHT19930900040021000 00010  2500 00010  
HPD02915800HPCPHT19931000010020100 00000g 2500 00000  
HPD02915800HPCPHT19931000050022000 00010  2500 00010  
HPD02915800HPCPHT19931000060080100 00020  0200 00010  0400 00010  1100 00010  1200 00020  1300 00010  1500 00010  2500 00090  
HPD02915800HPCPHT19931000070021300 00010  2500 00010  
HPD02915800HPCPHT19931000170020900 00010  2500 00010  
HPD02915803HPCPHT19931100010030100 00000g 1800 00000  2500 00000  
HPD02915803HPCPHT19931100110021800 00010  2500 00010  
HPD02915803HPCPHT19931100120041300 00010  1600 00010  2200 00010  2500 00030  
HPD02915803HPCPHT19931100130031300 00010  1500 00010  2500 00020  
HPD02915803HPCPHT19931100140021800 00010  2500 00010  
HPD02915803HPCPHT19931100150090300 00010  0900 00010  1100 00010  1200 00020  1300 00020  1400 00010  1500 00010  1600 00010  2500 00100  
HPD02915803HPCPHT19931200010020100 00000g 2500 00000  
HPD02915803HPCPHT19931200020041500 99999[ 1700 99999] 1800 99999{ 2500 00000P 
HPD02915803HPCPHT19931200310022400 99999} 2500 00000P 
HPD02915803HPCPHT19940100010020100 00000g 2500 00000  
HPD02915803HPCPHT19940100250020100 99999{ 2500 00000P 
HPD02915803HPCPHT19940100310022400 99999} 2500 00000P 
HPD02915803HPCPHT19940200010020100 99999{ 2500 00000P 
HPD02915803HPCPHT19940200280022400 99999} 2500 00000P 
HPD02915803HPCPHT19940300010020100 99999{ 2500 00000P 
HPD02915803HPCPHT19940300080021700 99999} 2500 00000P 
HPD02915803HPCPHT19940300090021100 00000  2500 00000  
HPD02915803HPCPHT19940300190021700 00010  2500 00010  
HPD02915803HPCPHT19940300250041400 00010  1500 00010  1600 00010  2500 00030  
HPD02915803HPCPHT19940400010020100 00000g 2500 00000  
HPD02915803HPCPHT19940400090022400 00010  2500 00010  
HPD02915803HPCPHT19940400240021500 00010  2500 00010  
HPD02915803HPCPHT19940400250022300 00010  2500 00010  
HPD02915803HPCPHT19940400260030100 00010  0200 99999a 2500 00010I 
HPD02915803HPCPHT19940400270021200 00060A 2500 00060P 
HPD02915803HPCPHT19940500010020100 00000g 2500 00000  
HPD02915803HPCPHT19940500020021500 00010  2500 00010  
HPD02915803HPCPHT19940500060021400 99999{ 2500 00000P 
HPD02915803HPCPHT19940500310022400 99999} 2500 00000P 
HPD02915803HPCPHT19940600010040100 99999{ 0800 99999} 0900 99999[ 2500 00000P 
HPD02915803HPCPHT19940600300022400 99999] 2500 00000I 
HPD02915803HPCPHT19940700010030100 00000g 0500 00000  2500 00000  
HPD02915803HPCPHT19940700090021900 00000  2500 00000  
HPD02915803HPCPHT19940700180021400 00020  2500 00020  
HPD02915803HPCPHT19940700280031700 00040  1800 00010  2500 00050  
HPD02915803HPCPHT19940800010020100 00000g 2500 00000  
HPD02915803HPCPHT19940800030031700 00040  1900 99999{ 2500 00040P 
HPD02915803HPCPHT19940800310022400 99999} 2500 00000P 
HPD02915803HPCPHT19940900010020100 99999{ 2500 00000P 
HPD02915803HPCPHT19940900300022400 99999} 2500 00000P 
HPD02915803HPCPHT19941000010020100 99999{ 2500 00000P 
HPD02915803HPCPHT19941000310022400 99999} 2500 00000P 
HPD02915803HPCPHT19941100010020100 00000g 2500 00000  
HPD02915803HPCPHT19941100030020900 99999a 2500 00000I 
HPD02915803HPCPHT19941100040020800 00010A 2500 00010P 
HPD02915803HPCPHT19941100110022300 00020  2500 00020  
HPD02915803HPCPHT19941100120020200 00010  2500 00010  
HPD02915803HPCPHT19941100170022200 00020  2500 00020  
HPD02915803HPCPHT19941100190021700 99999{ 2500 00000P 
HPD02915803HPCPHT19941100300022400 99999} 2500 00000P 
HPD02915803HPCPHT19941200010020100 99999{ 2500 00000P 
HPD02915803HPCPHT19941200310022400 99999} 2500 00000P 
HPD02915803HPCPHT19950100010020100 99999{ 2500 00000P 
HPD02915803HPCPHT19950100100032100 99999} 2200 99999[ 2500 00000P 
HPD02915803HPCPHT19950100200021400 99999] 2500 00000I 
HPD02915803HPCPHT19950100240060700 00010  0800 00010  0900 00010  1200 00010  1300 00020  2500 00060  
HPD02915803HPCPHT19950100250070200 00010  0300 00010  0400 00020  0500 00010  0600 00010  0700 00020  2500 00080  
HPD02915803HPCPHT19950200010020100 00000g 2500 00000  
HPD02915803HPCPHT19950200070021100 99999{ 2500 00000P 
HPD02915803HPCPHT19950200130031500 99999} 1600 99999[ 2500 00000P 
HPD02915803HPCPHT19950200150021500 99999] 2500 00000I 
HPD02915803HPCPHT19950200160120200 00010  0400 00010  0600 00010  0800 00010  1100 00010  1200 00010  1300 00010  1400 00010  1700 00020  1800 00010  2400 00010  2500 00120  
HPD02915803HPCPHT19950200170050200 00010  0300 00010  0400 00040  0500 00010  2500 00070  
HPD02915803HPCPHT19950200230031400 00010  1500 00010  2500 00020  
HPD02915803HPCPHT19950300010020100 99999a 2500 00000I 
HPD02915803HPCPHT19950300310022400 00200A 2500 00200P 
HPD02915803HPCPHT19950400010020100 00000g 2500 00000  
HPD02915803HPCPHT19950400180022000 00010  2500 00010  
HPD02915803HPCPHT19950400190030800 00010  1100 00010  2500 00020  
HPD02915803HPCPHT19950400200021200 00010  2500 00010  
HPD02915803HPCPHT19950400210021100 00010  2500 00010  
HPD02915803HPCPHT19950500010020100 00000g 2500 00000  
HPD02915803HPCPHT19950500300022000 00010  2500 00010  
HPD02915803HPCPHT19950600010020100 00000g 2500 00000  
HPD02915803HPCPHT19950600170021200 00020  2500 00020  
HPD02915803HPCPHT19950600270021200 00000  2500 00000  
HPD02915803HPCPHT19950700010020100 00000g 2500 00000  
HPD02915803HPCPHT19950700300021400 00030  2500 00030  
HPD02915803HPCPHT19950800010020100 00000g 2500 00000  
HPD02915803HPCPHT19950800120050100 00040  0200 00070  0300 00010  1300 00010  2500 00130  
HPD02915803HPCPHT19950800130061100 00010  1200 00010  1300 00060  1400 00030  1500 00010  2500 00120  
HPD02915803HPCPHT19950800150021900 00010  2500 00010  
HPD02915803HPCPHT19950800200021300 00010  2500 00010  
HPD02915803HPCPHT19950800220032300 00040  2400 00030  2500 00070  
HPD02915803HPCPHT19950800230030100 00010  0200 00010  2500 00020  
HPD02915803HPCPHT19950800240021000 00010  2500 00010  
HPD02915803HPCPHT19950800250022100 00010  2500 00010  
HPD02915803HPCPHT19950900010020100 00000g 2500 00000  
HPD02915803HPCPHT19950900060061200 00020  1300 00010  1400 00070  1500 00030  1600 00030  2500 00160  
HPD02915803HPCPHT19950900070020900 00010  2500 00010  
HPD02915803HPCPHT19950900080031400 00010  1600 00010  2500 00020  
HPD02915803HPCPHT19950900160021500 00010  2500 00010  
HPD02915803HPCPHT19950900180021300 00010  2500 00010  
HPD02915803HPCPHT19950900270041600 00010  2100 00010  2400 00020  2500 00040  
HPD02915803HPCPHT19950900280020900 00010  2500 00010  
HPD02915803HPCPHT19951000010020100 00000g 2500 00000  
HPD02915803HPCPHT19951000310031100 99999[ 2400 99999] 2500 00000I 
HPD02915803HPCPHT19951100010030100 00000g 1700 00010  2500 00010  
HPD02915803HPCPHT19951200010020100 00000g 2500 00000  
HPD02915803HPCPHT19951200160021900 99999{ 2500 00000P 
HPD02915803HPCPHT19951200170021800 99999} 2500 00000P 
HPD02915803HPCPHT19960100010020100 00000g 2500 00000  
HPD02915803HPCPHT19960100050030900 99999[ 1700 99999] 2500 00000I 
HPD02915803HPCPHT19960100180020800 99999{ 2500 00000P 
HPD02915803HPCPHT19960100190020800 99999} 2500 00000P 
HPD02915803HPCPHT19960200010030100 00000g 0900 99999{ 2500 00000P 
HPD02915803HPCPHT19960200050020800 99999} 2500 00000P 
HPD02915803HPCPHT19960200080020900 99999{ 2500 00000P 
HPD02915803HPCPHT19960200290022400 99999} 2500 00000P 
HPD02915803HPCPHT19960300010020100 99999{ 2500 00000P 
HPD02915803HPCPHT19960300310022400 99999} 2500 00000P 
HPD02915803HPCPHT19960400010020100 99999{ 2500 00000P 
HPD02915803HPCPHT19960400020040400 99999} 0500 99999[ 1700 99999] 2500 00000P 
HPD02915803HPCPHT19960400240020500 99999{ 2500 00000P 
HPD02915803HPCPHT19960400300022400 99999} 2500 00000P 
HPD02915803HPCPHT19960500010040100 99999{ 0500 99999} 0600 99999[ 2500 00000P 
HPD02915803HPCPHT19960500030021700 99999] 2500 00000I 
HPD02915803HPCPHT19960600010020100 99999{ 2500 00000P 
HPD02915803HPCPHT19960600060022000 99999} 2500 00000P 
HPD02915803HPCPHT19960700010020100 00000g 2500 00000  
HPD02915803HPCPHT19960700030021300 00010  2500 00010  
HPD02915803HPCPHT19960700040030700 99999{ 0800 99999} 2500 00000P 
HPD02915803HPCPHT19960700050020900 00010  2500 00010  
HPD02915803HPCPHT19960700090020600 00060  2500 00060  
HPD02915803HPCPHT19960700100031300 00020  1400 00010  2500 00030  
HPD02915803HPCPHT19960700110041400 00010  1800 00010  1900 00010  2500 00030  
HPD02915803HPCPHT19960700120031500 00030  1600 00030  2500 00060  
HPD02915803HPCPHT19960700150031300 00040  1400 00040  2500 00080  
HPD02915803HPCPHT19960700160020800 00010  2500 00010  
HPD02915803HPCPHT19960700270021100 00010  2500 00010  
HPD02915803HPCPHT19960700280050100 00010  0200 00020  0300 00010  2200 00010  2500 00050  
HPD02915803HPCPHT19960700290020800 00010  2500 00010  
HPD02915803HPCPHT19960800010020100 00000g 2500 00000  
HPD02915803HPCPHT19960800040021600 99999{ 2500 00000P 
HPD02915803HPCPHT19960800310022400 99999} 2500 00000P 
HPD02915803HPCPHT19960900010020100 99999{ 2500 00000P 
HPD02915803HPCPHT19960900020040700 99999} 0800 99999[ 1100 99999] 2500 00000P 
HPD02915803HPCPHT19960900050020600 00010  2500 00010  
HPD02915803HPCPHT19960900060021900 00010  2500 00010  
HPD02915803HPCPHT19960900090021500 00020  2500 00020  
HPD02915803HPCPHT19960900110030100 00010  1500 00010  2500 00020  
HPD02915803HPCPHT19960900120021400 00010  2500 00010  
HPD02915803HPCPHT19960900130041300 00010  1700 00010  2100 00020  2500 00040  
HPD02915803HPCPHT19960900140020800 00050  2500 00050  
HPD02915803HPCPHT19960900180021400 00010  2500 00010  
HPD02915803HPCPHT19960900250021600 00020  2500 00020  
HPD02915803HPCPHT19961000010020100 00000g 2500 00000  
HPD02915803HPCPHT19961000250021200 00010  2500 00010  
HPD02915803HPCPHT19961000260021100 00010  2500 00010  
HPD02915803HPCPHT19961000270030700 00010  1500 00010  2500 00020  
HPD02915803HPCPHT19961000300021700 00010  2500 00010  
HPD02915803HPCPHT19961100010020100 00000g 2500 00000  
HPD02915803HPCPHT19961100220090600 00010  0700 00020  0800 00010  0900 00020  1000 00010  1300 00010  1900 00010  2100 00020  2500 00110  
HPD02915803HPCPHT19961100230020800 00010  2500 00010  
HPD02915803HPCPHT19961200010020100 00000g 2500 00000  
HPD02915803HPCPHT19961200040030300 99999{ 0800 99999} 2500 00000P 
HPD02915803HPCPHT19961200090040400 00010  0700 00010  0900 00010  2500 00030  
HPD02915803HPCPHT19961200270022000 00010  2500 00010  
HPD02915803HPCPHT19961200280021100 99999{ 2500 00000P 
HPD02915803HPCPHT19961200310022400 99999} 2500 00000P 
HPD02915803HPCPHT19970100010020100 99999{ 2500 00000P 
HPD02915803HPCPHT19970100050020900 99999} 2500 00000P 
HPD02915803HPCPHT19970100110110100 00010 R0500 00020 R0600 00010 R0700 00010 R0800 00050 R1200 00010 R1300 00020 R1400 00010 R1600 00010 R1700 00010 R2500 00160 R
HPD02915803HPCPHT19970100120030100 00010 R2400 00010 R2500 00020 R
HPD02915803HPCPHT19970100140051000 00010 R2000 00010 R2100 00020 R2200 00010 R2500 00050 R
HPD02915803HPCPHT19970100150041200 00010 R1400 00010 R1500 00010 R2500 00030 R
HPD02915803HPCPHT19970100180030300 00030 R0400 00020 R2500 00050 R
HPD02915803HPCPHT19970200010020100 99999{ 2500 00000P 
HPD02915803HPCPHT19970200020022000 99999} 2500 00000P 
HPD02915803HPCPHT19970200230021000 00000 q2500 00000P 
HPD02915803HPCPHT19970200240060100 00000 q0300 00000 q0500 00000 q1000 00000 q1200 00000 q2500 00000P 
HPD02915803HPCPHT19970200250030200 00000 q0300 00000 q2500 00000P 
HPD02915803HPCPHT19970200260022200 99999{ 2500 00000P 
HPD02915803HPCPHT19970200280022400 99999} 2500 00000P 
HPD02915803HPCPHT19970300010020100 99999{ 2500 00000P 
HPD02915803HPCPHT19970300020041100 99999} 1200 99999[ 2100 99999] 2500 00000P 
HPD02915803HPCPHT19970400010030100 00000g 2400 00010  2500 00010  
HPD02915803HPCPHT19970400020030500 00010  0800 00010  2500 00020  
HPD02915803HPCPHT19970400030060700 00030 Z0800 00020 Z0900 00030 Z1600 00010 Z2400 00010  2500 00100 Z
HPD02915803HPCPHT19970400100022200 00010  2500 00010  
HPD02915803HPCPHT19970400290021400 99999{ 2500 00000P 
HPD02915803HPCPHT19970400300022400 99999} 2500 00000P 
HPD02915803HPCPHT19970500010020100 99999{ 2500 00000P 
HPD02915803HPCPHT19970500020051300 99999} 1400 99999[ 1900 99999] 2000 99999{ 2500 00000P 
HPD02915803HPCPHT19970500310022400 99999} 2500 00000P 
HPD02915803HPCPHT19970600010020100 99999{ 2500 00000P 
HPD02915803HPCPHT19970600070051000 99999} 1100 99999[ 2100 99999] 2200 99999{ 2500 00000P 
HPD02915803HPCPHT19970600300022400 99999} 2500 00000P 
HPD02915803HPCPHT19970700010020100 99999{ 2500 00000P 
HPD02915803HPCPHT19970700060040200 99999} 0300 99999[ 1800 99999] 2500 00000P 
HPD02915803HPCPHT19970700200041700 00020  1800 00010  1900 00010  2500 00040  
HPD02915803HPCPHT19970700220021100 00010  2500 00010  
HPD02915803HPCPHT19970700290022400 00010  2500 00010  
HPD02915803HPCPHT19970700310021100 00010  2500 00010  
HPD02915803HPCPHT19970800010020100 00000g 2500 00000  
HPD02915803HPCPHT19970800030050500 00010  0900 00010  1200 00010  1500 00010  2500 00040  
HPD02915803HPCPHT19970800040041500 00010  1600 00010  1700 00010  2500 00030  
HPD02915803HPCPHT19970800050021600 00020  2500 00020  
HPD02915803HPCPHT19970800090030300 00010  0400 00010  2500 00020  
HPD02915803HPCPHT19970800210021300 00010  2500 00010  
HPD02915803HPCPHT19970800220022200 00010  2500 00010  
HPD02915803HPCPHT19970800250021800 00010  2500 00010  
HPD02915803HPCPHT19970800270031900 00030  2000 00010  2500 00040  
HPD02915803HPCPHT19970800290021600 00010  2500 00010  
HPD02915803HPCPHT19970800300022000 00010  2500 00010  
HPD02915803HPCPHT19970900010030100 00000g 1400 00010  2500 00010  
HPD02915803HPCPHT19970900020021300 00010  2500 00010  
HPD02915803HPCPHT19970900030031500 00010  1700 00010  2500 00020  
HPD02915803HPCPHT19970900050022100 00010  2500 00010  
HPD02915803HPCPHT19970900130040800 00010  2200 00050  2300 00020  2500 00080  
HPD02915803HPCPHT19970900250121200 00010  1500 00010  1600 00010  1700 00010  1800 00030  1900 00040  2000 00020  2100 00040  2200 00010  2300 00010  2400 00010  2500 00200  
HPD02915803HPCPHT19971000010020100 00000g 2500 00000  
HPD02915803HPCPHT19971000220021400 00020  2500 00020  
HPD02915803HPCPHT19971100010020100 00000g 2500 00000  
HPD02915803HPCPHT19971100140020500 00010  2500 00010  
HPD02915803HPCPHT19971100260022200 00020  2500 00020  
HPD02915803HPCPHT19971200010020100 00000g 2500 00000  
HPD02915803HPCPHT19971200060022100 00010  2500 00010  
HPD02915803HPCPHT19971200070030500 00010  2200 00010  2500 00020  
HPD02915803HPCPHT19971200080030200 00010  0400 00010  2500 00020  
HPD02915803HPCPHT19971200210021900 00010  2500 00010  
HPD02915803HPCPHT19971200220071200 00010  1400 00010  1500 00010  1600 00010  1800 00010  1900 00010  2500 00060  
HPD02915803HPCPHT19971200230050400 00010 Z1400 00010 Z1500 00010 Z1800 00010 Z2500 00040 Z
HPD02915803HPCPHT19980100010020100 00000g 2500 00000  
HPD02915803HPCPHT19980100040050400 00010  1200 00010  1700 00010  1900 00010  2500 00040  
HPD02915803HPCPHT19980100050020300 00010  2500 00010  
HPD02915803HPCPHT19980100100060700 00010  1200 00010  1500 00010  1600 00010  1900 00010  2500 00050  
HPD02915803HPCPHT19980100110031100 00010  1300 00010  2500 00020  
HPD02915803HPCPHT19980200010020100 00000g 2500 00000  
HPD02915803HPCPHT19980200030032200 00010  2400 00010  2500 00020  
HPD02915803HPCPHT19980200040020300 00010  2500 00010  
HPD02915803HPCPHT19980200060020200 00010  2500 00010  
HPD02915803HPCPHT19980200070020300 00010  2500 00010  
HPD02915803HPCPHT19980200080040600 00010  0800 00010  1000 00010  2500 00030  
HPD02915803HPCPHT19980200090040200 00010  0900 00020  1100 00010  2500 00040  
HPD02915803HPCPHT19980200100030900 99999{ 1000 99999} 2500 00000P 
HPD02915803HPCPHT19980200140022400 00010  2500 00010  
HPD02915803HPCPHT19980200150051400 00010  1500 00010  1600 00010  1700 00010  2500 00040  
HPD02915803HPCPHT19980200160061000 00010  1300 00010  1400 00010  1500 00010  1600 00010  2500 00050  
HPD02915803HPCPHT19980200170021600 00010  2500 00010  
HPD02915803HPCPHT19980200180031100 00010  1300 00020  2500 00030  
HPD02915803HPCPHT19980200200031200 00010  1400 00010  2500 00020  
HPD02915803HPCPHT19980200230020500 00010  2500 00010  
HPD02915803HPCPHT19980200240050900 00010  1000 00010  1300 00010  1800 00010  2500 00040  
HPD02915803HPCPHT19980200250021100 00010  2500 00010  
HPD02915803HPCPHT19980300010020100 00000g 2500 00000  
HPD02915803HPCPHT19980300060040200 00010  1600 00010  1800 00010  2500 00030  
HPD02915803HPCPHT19980300140030300 00010  1300 00010  2500 00020  
HPD02915803HPCPHT19980300160041600 00020  2000 00010  2400 00010  2500 00040  
HPD02915803HPCPHT19980300170020100 00010  2500 00010  
HPD02915803HPCPHT19980300180020400 00010  2500 00010  
HPD02915803HPCPHT19980300260080300 00010  0400 00010  0500 00010  0600 00010  0700 00010  1000 00010  1500 00010  2500 00070  
HPD02915803HPCPHT19980300270021300 00010  2500 00010  
HPD02915803HPCPHT19980300280050900 00010  1300 00010  1500 00020  1700 00010  2500 00050  
HPD02915803HPCPHT19980300290021000 00010  2500 00010  
HPD02915803HPCPHT19980300300021200 00010  2500 00010  
HPD02915803HPCPHT19980400010040100 00000g 1400 00020  1500 00010  2500 00030  
HPD02915803HPCPHT19980400020021100 00030  2500 00030  
HPD02915803HPCPHT19980400070030400 00010  1000 00010  2500 00020  
HPD02915803HPCPHT19980400110022300 00010  2500 00010  
HPD02915803HPCPHT19980400120050200 00010  0900 00010  1000 00010  1300 00010  2500 00040  
HPD02915803HPCPHT19980400230021200 00010  2500 00010  
HPD02915803HPCPHT19980400290021200 00010  2500 00010  
HPD02915803HPCPHT19980500010020100 00000g 2500 00000  
HPD02915803HPCPHT19980500200061600 00010  1700 00010  1800 00010  2000 00020  2100 00010  2500 00060  
HPD02915803HPCPHT19980600010020100 00000g 2500 00000  
HPD02915803HPCPHT19980700010020100 00000g 2500 00000  
HPD02915803HPCPHT19980700030021100 00010  2500 00010  
HPD02915803HPCPHT19980700060040300 00010  1200 00010  1500 00010  2500 00030  
HPD02915803HPCPHT19980700080020900 00010  2500 00010  
HPD02915803HPCPHT19980700090031700 00010  1800 00030  2500 00040  
HPD02915803HPCPHT19980700190021800 00030  2500 00030  
HPD02915803HPCPHT19980700200021900 00030  2500 00030  
HPD02915803HPCPHT19980700210021900 00030  2500 00030  
HPD02915803HPCPHT19980700220031200 00010  1400 00010  2500 00020  
HPD02915803HPCPHT19980700240031600 00010  1900 00010  2500 00020  
HPD02915803HPCPHT19980700290022000 00010  2500 00010  
HPD02915803HPCPHT19980800010030100 00000g 0700 99999{ 2500 00000P 
HPD02915803HPCPHT19980800310022400 99999} 2500 00000P 
HPD02915803HPCPHT19980900010030100 99999[ 1700 99999] 2500 00000I 
HPD02915803HPCPHT19980900020021500 00020  2500 00020  
HPD02915803HPCPHT19980900040070700 00010  0900 00010  1100 00020  1300 00010  1400 00010  2400 00010  2500 00070  
HPD02915803HPCPHT19980900050020100 00010  2500 00010  
HPD02915803HPCPHT19980900090041700 00020  1800 00010  2200 00010  2500 00040  
HPD02915803HPCPHT19980900110030500 00010  1200 00010  2500 00020  
HPD02915803HPCPHT19981000010020100 00000g 2500 00000  
HPD02915803HPCPHT19981000250020900 00010  2500 00010  
HPD02915803HPCPHT19981000300021600 00010  2500 00010  
HPD02915803HPCPHT19981100010020100 00000g 2500 00000  
HPD02915803HPCPHT19981100080061300 00010  1400 00010  2000 00010  2300 00020  2400 00020  2500 00070  
HPD02915803HPCPHT19981100110031600 00010  2200 00010  2500 00020  
HPD02915803HPCPHT19981100280071700 00010  2000 00010  2100 00030  2200 00020  2300 00010  2400 00010  2500 00090  
HPD02915803HPCPHT19981200010020100 00000g 2500 00000  
HPD02915803HPCPHT19981200060021400 00010  2500 00010  
HPD02915803HPCPHT19981200070021200 99999{ 2500 00000P 
HPD02915803HPCPHT19981200310022400 99999} 2500 00000P 
