HPD02632304HPCPHT20080100010020100 00000g 2500 00000  
HPD02632304HPCPHT20080100050041800 00010  1900 00010  2300 00010  2500 00030  
HPD02632304HPCPHT20080100060060100 00010  0300 00010  0500 00010  0600 00010  0900 00010  2500 00050  
HPD02632304HPCPHT20080100070090100 00010  0300 00010  0400 00010  0500 00010  0700 00010  0800 00020  1100 00020  1600 00010  2500 00100  
HPD02632304HPCPHT20080100150031300 99999{ 1400 99999} 2500 00000P 
HPD02632304HPCPHT20080100190020400 99999{ 2500 00000P 
HPD02632304HPCPHT20080100200022200 99999} 2500 00000P 
HPD02632304HPCPHT20080100240031900 00010  2100 00010  2500 00020  
HPD02632304HPCPHT20080100270200500 00010  0600 00010  0700 00020  0800 00010  0900 00020  1000 00010  1100 00020  1200 00010  1300 00010  1400 00010  1500 00010  1600 00020  1700 00010  1800 00010  1900 00010  2000 00020  2100 00020  2200 00010  2300 00010  2500 00250  
HPD02632304HPCPHT20080100280040700 00010  1100 00010  2100 00010  2500 00030  
HPD02632304HPCPHT20080200010020100 00000g 2500 00000  
HPD02632304HPCPHT20080200030020800 99999{ 2500 00000P 
HPD02632304HPCPHT20080200050020800 99999} 2500 00000P 
HPD02632304HPCPHT20080200060021000 99999{ 2500 00000P 
HPD02632304HPCPHT20080200130021500 99999} 2500 00000P 
HPD02632304HPCPHT20080200150050700 00010  0800 00010  1100 00010  1200 00010  2500 00040  
HPD02632304HPCPHT20080200160021300 00010  2500 00010  
HPD02632304HPCPHT20080200200022400 00010  2500 00010  
HPD02632304HPCPHT20080200210030100 00010  0400 00010  2500 00020  
HPD02632304HPCPHT20080200220061300 00010  1500 00010  1700 00010  2000 00010  2400 00010  2500 00050  
HPD02632304HPCPHT20080300010020100 00000g 2500 00000  
HPD02632304HPCPHT20080400010020100 00000g 2500 00000  
HPD02632304HPCPHT20080500010020100 00000g 2500 00000  
HPD02632304HPCPHT20080500140021100 00010  2500 00010  
HPD02632304HPCPHT20080500190022200 99999{ 2500 00000P 
HPD02632304HPCPHT20080500310022400 99999} 2500 00000P 
HPD02632304HPCPHT20080600010020100 99999{ 2500 00000P 
HPD02632304HPCPHT20080600030021200 99999} 2500 00000P 
HPD02632304HPCPHT20080600300021100 00010  2500 00010  
HPD02632304HPCPHT20080700010020100 00000g 2500 00000  
HPD02632304HPCPHT20080700030032000 00010  2100 00010  2500 00020  
HPD02632304HPCPHT20080700040060400 00010  1300 00010  1800 00010  1900 00010  2400 00010  2500 00050  
HPD02632304HPCPHT20080700070021100 00010  2500 00010  
HPD02632304HPCPHT20080700100032100 00030  2200 00020  2500 00050  
HPD02632304HPCPHT20080700110040100 00010  0400 00010  0500 00010  2500 00030  
HPD02632304HPCPHT20080700120031600 00010  1700 00040  2500 00050  
HPD02632304HPCPHT20080700130031600 00030  1700 00010  2500 00040  
HPD02632304HPCPHT20080700150021100 00010  2500 00010  
HPD02632304HPCPHT20080700230031500 00030  1600 00010  2500 00040  
HPD02632304HPCPHT20080700240031900 00010  2000 00010  2500 00020  
HPD02632304HPCPHT20080700250041700 00020  1800 00010  2100 00010  2500 00040  
HPD02632304HPCPHT20080800010020100 00000g 2500 00000  
HPD02632304HPCPHT20080800020021100 00010  2500 00010  
HPD02632304HPCPHT20080800050041800 00010  2300 00010  2400 00010  2500 00030  
HPD02632304HPCPHT20080800060030200 00010  1000 00010  2500 00020  
HPD02632304HPCPHT20080800070022400 00010  2500 00010  
HPD02632304HPCPHT20080800080020100 00010  2500 00010  
HPD02632304HPCPHT20080800100031600 00010  2100 00010  2500 00020  
HPD02632304HPCPHT20080800140031700 00010  2000 00010  2500 00020  
HPD02632304HPCPHT20080800170030100 00010  2200 00010  2500 00020  
HPD02632304HPCPHT20080800180042000 00010  2100 00010  2300 00010  2500 00030  
HPD02632304HPCPHT20080800250040100 00010  2000 00010  2100 00010  2500 00030  
HPD02632304HPCPHT20080800260040200 00010  1700 00080  1800 00010  2500 00100  
HPD02632304HPCPHT20080800270021200 00010  2500 00010  
HPD02632304HPCPHT20080800310030300 00020  0400 00010  2500 00030  
HPD02632304HPCPHT20080900010020100 00000g 2500 00000  
HPD02632304HPCPHT20080900090050800 99999{ 1000 99999} 1100 99999[ 1200 99999] 2500 00000P 
HPD02632304HPCPHT20080900100030400 00010  1000 00010  2500 00020  
HPD02632304HPCPHT20080900110021500 00010  2500 00010  
HPD02632304HPCPHT20081000010020100 00000g 2500 00000  
HPD02632304HPCPHT20081100010020100 00000g 2500 00000  
HPD02632304HPCPHT20081100260041900 00010  2000 00010  2200 00010  2500 00030  
HPD02632304HPCPHT20081100270100200 00010  0400 00020  0500 00020  0600 00010  0700 00010  0800 00010  0900 00020  2100 00020  2300 00010  2500 00130  
HPD02632304HPCPHT20081100280021700 00010  2500 00010  
HPD02632304HPCPHT20081200010020100 00000g 2500 00000  
HPD02632304HPCPHT20081200130022400 00020  2500 00020  
HPD02632304HPCPHT20081200140020500 00010  2500 00010  
HPD02632304HPCPHT20081200150041500 00010  2000 00010  2200 00010  2500 00030  
HPD02632304HPCPHT20081200160160300 00010  0500 00010  0600 00010  0700 00010  0800 00010  0900 00010  1000 00010  1100 00010  1300 00010  1400 00010  1500 00010  1800 00010  2000 00010  2300 00010  2400 00010  2500 00150  
HPD02632304HPCPHT20081200170040600 00010  1000 00010  2200 00010  2500 00030  
HPD02632304HPCPHT20081200180050100 00020  0200 00020  0600 00010  0700 00010  2500 00060  
HPD02632304HPCPHT20081200220051800 00010  2000 00010  2200 00010  2300 00010  2500 00040  
HPD02632304HPCPHT20081200230020300 00010  2500 00010  
HPD02632304HPCPHT20081200240022300 00010  2500 00010  
HPD02632304HPCPHT20081200250090100 00010  0300 00010  0700 00010  1300 00010  1500 00010  1600 00010  1800 00010  2300 00010  2500 00080  
HPD02632304HPCPHT20081200260020300 00010  2500 00010  
