HPD02787604HPCPHT20000100010020100 99999[ 2500 00000I 
HPD02787604HPCPHT20000100310022400 99999] 2500 00000I 
HPD02787604HPCPHT20000200010020100 99999[ 2500 00000I 
HPD02787604HPCPHT20000200110021300 99999] 2500 00000I 
HPD02787604HPCPHT20000200210022000 00020  2500 00020  
HPD02787604HPCPHT20000200220020100 00010  2500 00010  
HPD02787604HPCPHT20000200240030700 00010  0900 00010  2500 00020  
HPD02787604HPCPHT20000300010020100 00000g 2500 00000  
HPD02787604HPCPHT20000300040022400 00010  2500 00010  
HPD02787604HPCPHT20000300050120100 00020  0200 00020  0300 00010  0400 00010  0700 00020  0900 00010  1000 00010  1200 00010  1300 00010  2200 00010  2400 00010  2500 00140  
HPD02787604HPCPHT20000300060130100 00010  0200 00010  0400 00010  0500 00020  0600 00020  0700 00010  0800 00010  1100 00010  1200 00010  1500 00010  1700 00010  1900 00010  2500 00140  
HPD02787604HPCPHT20000300070060200 00010  0400 00010  0600 00010  0800 00010  1100 00010  2500 00050  
HPD02787604HPCPHT20000300080021100 00010  2500 00010  
HPD02787604HPCPHT20000300270021000 00010  2500 00010  
HPD02787604HPCPHT20000300280090200 00010  0400 00010  0700 00020  0800 00020  0900 00020  1000 00010  1400 00010  1500 00010  2500 00110  
HPD02787604HPCPHT20000400010030100 00000g 1400 00010  2500 00010  
HPD02787604HPCPHT20000400050021100 00010  2500 00010  
HPD02787604HPCPHT20000400060031100 00010  1400 99999[ 2500 00010I 
HPD02787604HPCPHT20000400300022400 99999] 2500 00000I 
HPD02787604HPCPHT20000500010020100 00000g 2500 00000  
HPD02787604HPCPHT20000600010030100 99999[ 0500 99999] 2500 00000I 
HPD02787604HPCPHT20000600200031300 00110 R1400 00020  2500 00130 R
HPD02787604HPCPHT20000600270031800 00080  1900 00030  2500 00110  
HPD02787604HPCPHT20000600280031900 00010  2000 00010  2500 00020  
HPD02787604HPCPHT20000600300041100 00010  2200 99999[ 2400 99999] 2500 00010I 
HPD02787604HPCPHT20000700010030100 99999[ 0200 99999] 2500 00000I 
HPD02787604HPCPHT20000700220021900 00000 q2500 00000P 
HPD02787604HPCPHT20000700230041600 00000 q2000 00000 q2100 00000 q2500 00000P 
HPD02787604HPCPHT20000700260021300 99999[ 2500 00000I 
HPD02787604HPCPHT20000700310022400 99999] 2500 00000I 
HPD02787604HPCPHT20000800010020100 00000g 2500 00000  
HPD02787604HPCPHT20000800090021300 00010  2500 00010  
HPD02787604HPCPHT20000800100021600 00010  2500 00010  
HPD02787604HPCPHT20000800110032100 00030  2200 00010  2500 00040  
HPD02787604HPCPHT20000800130021400 00010  2500 00010  
HPD02787604HPCPHT20000800160021100 00010  2500 00010  
HPD02787604HPCPHT20000800170041100 00010  2000 00020  2400 00010  2500 00040  
HPD02787604HPCPHT20000800210022300 00010  2500 00010  
HPD02787604HPCPHT20000800220032200 00010  2300 00010  2500 00020  
HPD02787604HPCPHT20000800260041900 00010  2000 00010  2100 00010  2500 00030  
HPD02787604HPCPHT20000800290040300 00020  0400 00010  1700 00010  2500 00040  
HPD02787604HPCPHT20000900010020100 00000g 2500 00000  
HPD02787604HPCPHT20001000010020100 00000g 2500 00000  
HPD02787604HPCPHT20001000090020400 00010  2500 00010  
HPD02787604HPCPHT20001000100060500 00010  0800 00010  0900 00020  1000 00020  1100 00010  2500 00070  
HPD02787604HPCPHT20001000110030500 00010  2100 00010  2500 00020  
HPD02787604HPCPHT20001000180022400 00010  2500 00010  
HPD02787604HPCPHT20001000210062000 00030  2100 00020  2200 00020  2300 00020  2400 00020  2500 00110  
HPD02787604HPCPHT20001000220100200 00020  0600 00010  0700 00010  0900 00010  1000 00040  1100 00020  1300 00010  1400 00010  2400 00010  2500 00140  
HPD02787604HPCPHT20001000230070200 00020  0300 00020  0500 00010  2000 00010  2200 00010  2400 00010  2500 00080  
HPD02787604HPCPHT20001000240030100 00010  0200 00010  2500 00020  
HPD02787604HPCPHT20001000270091400 00020  1600 00030  1700 00010  1800 00050  1900 00020  2000 00010  2100 00010  2200 00020  2500 00170  
HPD02787604HPCPHT20001000280021800 00010  2500 00010  
HPD02787604HPCPHT20001000300042000 00020  2100 00050  2200 00020  2500 00090  
HPD02787604HPCPHT20001000310020400 00010  2500 00010  
HPD02787604HPCPHT20001100010020100 00000g 2500 00000  
HPD02787604HPCPHT20001100040090300 00010  0400 00010  0500 00020  0600 00020  0700 00020  0800 00010  0900 00010  1900 00010  2500 00110  
HPD02787604HPCPHT20001100050040100 00020  0200 00010  1000 00010  2500 00040  
HPD02787604HPCPHT20001100060081100 00010  1200 00020  1300 00010  1400 00020  1500 00010  1600 00010  1900 00010  2500 00090  
HPD02787604HPCPHT20001100100031000 00010  1500 00010  2500 00020  
HPD02787604HPCPHT20001100110040100 00010  1100 00010  1200 00010  2500 00030  
HPD02787604HPCPHT20001100300031700 99999[ 2400 99999] 2500 00000I 
HPD02787604HPCPHT20001200010020100 00000g 2500 00000  
