HPD02787604HPCPHT20100100010020100 00000g 2500 00000  
HPD02787604HPCPHT20100100140030100 00010  1300 00010  2500 00020  
HPD02787604HPCPHT20100100180051500 00010  2100 00010  2300 00010  2400 00010  2500 00040  
HPD02787604HPCPHT20100100190090300 00010  0500 00010  0700 00010  2000 00010  2100 00030  2200 00010  2300 00020  2400 00040  2500 00140  
HPD02787604HPCPHT20100100200030100 00010  1200 00010  2500 00020  
HPD02787604HPCPHT20100100210220400 00020  0500 00020  0600 00020  0700 00020  0800 00010  0900 00010  1000 00020  1100 00030  1200 00020  1300 00020  1400 00020  1500 00030  1600 00010  1700 00020  1800 00020  1900 00020  2000 00010  2100 00010  2200 00020  2300 00040  2400 00030  2500 00420  
HPD02787604HPCPHT20100100220180100 00030  0200 00020  0300 00010  0400 00020  0500 00010  0600 00010  0700 00010  0900 00010  1000 00020  1100 00010  1200 00020  1300 00010  1400 00010  1800 00010  2000 00010  2100 00010  2200 00010  2500 00230  
HPD02787604HPCPHT20100100230060100 00010  0400 00020  1000 00010  1200 00010  1400 00010  2500 00060  
HPD02787604HPCPHT20100100270021700 00010  2500 00010  
HPD02787604HPCPHT20100100280021600 00010  2500 00010  
HPD02787604HPCPHT20100200010030100 00000g 1100 00010  2500 00010  
HPD02787604HPCPHT20100200070040700 00010  0800 00010  0900 00010  2500 00030  
HPD02787604HPCPHT20100200080021600 00010  2500 00010  
HPD02787604HPCPHT20100200200041300 00020  1500 00010  2000 00010  2500 00040  
HPD02787604HPCPHT20100200210090300 00010  0400 00010  0600 00020  0800 00010  0900 00010  1000 00010  1400 00010  1700 00010  2500 00090  
HPD02787604HPCPHT20100200220090500 00010  0600 00010  0900 00010  1100 00010  1200 00010  1400 00010  1500 00010  1700 00010  2500 00080  
HPD02787604HPCPHT20100200280070300 00010  0400 00040  0700 00010  0900 00010  1100 00010  1600 00010  2500 00090  
HPD02787604HPCPHT20100300010030100 00000g 1200 00010  2500 00010  
HPD02787604HPCPHT20100300060021700 00010  2500 00010  
HPD02787604HPCPHT20100300070090300 00010  0400 00030  1400 00010  1500 00010  1600 00040  1700 00010  2200 00010  2300 00010  2500 00130  
HPD02787604HPCPHT20100300080060200 00010  0300 00010  0600 00010  1200 00020  1600 00010  2500 00060  
HPD02787604HPCPHT20100300090031500 00010  1600 00010  2500 00020  
HPD02787604HPCPHT20100300100022400 00010  2500 00010  
HPD02787604HPCPHT20100300230040600 00020  0700 00010  0900 00010  2500 00040  
HPD02787604HPCPHT20100300250021700 00010  2500 00010  
HPD02787604HPCPHT20100400010020100 00000g 2500 00000  
HPD02787604HPCPHT20100400020021700 00010  2500 00010  
HPD02787604HPCPHT20100500010020100 00000g 2500 00000  
HPD02787604HPCPHT20100500020021400 00010  2500 00010  
HPD02787604HPCPHT20100600010020100 00000g 2500 00000  
HPD02787604HPCPHT20100700010020100 00000g 2500 00000  
HPD02787604HPCPHT20100700110021700 00010  2500 00010  
HPD02787604HPCPHT20100700160041300 00010  2000 00100  2300 00020  2500 00130  
HPD02787604HPCPHT20100700170021000 00010  2500 00010  
HPD02787604HPCPHT20100700220050400 00010  0500 00020  1000 00010  1700 00010  2500 00050  
HPD02787604HPCPHT20100700230021500 00010  2500 00010  
HPD02787604HPCPHT20100700260031400 00020  1600 00010  2500 00030  
HPD02787604HPCPHT20100700280021800 00020  2500 00020  
HPD02787604HPCPHT20100700310070300 00010  0400 00040  0500 00010  2200 00130  2300 00060  2400 00010  2500 00260  
HPD02787604HPCPHT20100800010030100 00000g 1600 00010  2500 00010  
HPD02787604HPCPHT20100800080040200 00030  0300 00010  1100 00010  2500 00050  
HPD02787604HPCPHT20100800150032100 00010  2200 00020  2500 00030  
HPD02787604HPCPHT20100800160021300 00010  2500 00010  
HPD02787604HPCPHT20100800210031700 00050  2000 00010  2500 00060  
HPD02787604HPCPHT20100800220030100 00010  0200 00010  2500 00020  
HPD02787604HPCPHT20100800230021400 00010 R2500 00010 R
HPD02787604HPCPHT20100800240021500 00090 R2500 00090 R
HPD02787604HPCPHT20100800270030500 00010 R2100 00030 R2500 00040 R
HPD02787604HPCPHT20100800280032100 00010 R2300 00010 R2500 00020 R
HPD02787604HPCPHT20100800290021700 00010  2500 00010  
HPD02787604HPCPHT20100900010030100 00000g 0900 00010  2500 00010  
HPD02787604HPCPHT20100900180021700 00010  2500 00010  
HPD02787604HPCPHT20100900220090400 00090  0500 00020  0600 00070  0700 00020  0800 00040  1000 00010  1100 00030  1200 00040  2500 00320  
HPD02787604HPCPHT20100900230021100 00010  2500 00010  
HPD02787604HPCPHT20101000010020100 00000g 2500 00000  
HPD02787604HPCPHT20101000020022400 00010  2500 00010  
HPD02787604HPCPHT20101000030021000 00010  2500 00010  
HPD02787604HPCPHT20101000040021800 00010  2500 00010  
HPD02787604HPCPHT20101000050070400 00010  0500 00020  0700 00020  1600 00050  2000 00010  2100 00010  2500 00120  
HPD02787604HPCPHT20101000070021500 00010  2500 00010  
HPD02787604HPCPHT20101000130020900 00010  2500 00010  
HPD02787604HPCPHT20101000210040800 00040  1000 00010  1100 00010  2500 00060  
HPD02787604HPCPHT20101100010020100 00000g 2500 00000  
HPD02787604HPCPHT20101100210071400 00010  1500 00010  1700 00020  2100 00020  2200 00010  2400 00010  2500 00080  
HPD02787604HPCPHT20101100280031100 00020  1200 00010  2500 00030  
HPD02787604HPCPHT20101200010020100 00000g 2500 00000  
HPD02787604HPCPHT20101200160091400 00010  1500 00010  1700 00030  1800 00020  1900 00010  2100 00010  2300 00010  2400 00010  2500 00110  
HPD02787604HPCPHT20101200170020200 00010  2500 00010  
HPD02787604HPCPHT20101200190021400 00010  2500 00010  
HPD02787604HPCPHT20101200220032300 00010  2400 00020  2500 00030  
HPD02787604HPCPHT20101200230050100 00010  0200 00030  0400 00010  0500 00010  2500 00060  
HPD02787604HPCPHT20101200290111400 00010  1500 00010  1600 00020  1700 00010  1800 00010  1900 00010  2100 00010  2200 00020  2300 00010  2400 00010  2500 00120  
HPD02787604HPCPHT20101200300090100 00010  0200 00010  0300 00030  0400 00020  0500 00030  0600 00010  1200 00010  1700 00010  2500 00130  
