HPD02927102HPCPHT20070100010020100 00000g 2500 00000  
HPD02927102HPCPHT20070100050021600 00010 R2500 00010 R
HPD02927102HPCPHT20070100120031900 00010 R2300 00010 R2500 00020 R
HPD02927102HPCPHT20070100190050600 00010 R0700 00010 R1000 00010 R2200 00010 R2500 00040 R
HPD02927102HPCPHT20070100200021000 00010 R2500 00010 R
HPD02927102HPCPHT20070100210051000 00010 R1400 00010 R1500 00010 R2300 00010 R2500 00040 R
HPD02927102HPCPHT20070100300031700 00010 R2400 00010 R2500 00020 R
HPD02927102HPCPHT20070100310030600 00010 R1800 00010 R2500 00020 R
HPD02927102HPCPHT20070200010040100 00000g 0400 00010  1000 00010  2500 00020  
HPD02927102HPCPHT20070200110051600 00010  1800 00010  1900 00010  2000 00010  2500 00040  
HPD02927102HPCPHT20070200130040900 00010  1100 00010  1500 00010  2500 00030  
HPD02927102HPCPHT20070200140030700 00010  1300 00010  2500 00020  
HPD02927102HPCPHT20070200150031200 99999{ 1300 99999} 2500 00000P 
HPD02927102HPCPHT20070200190022100 00010  2500 00010  
HPD02927102HPCPHT20070200200020200 00010  2500 00010  
HPD02927102HPCPHT20070200280031400 99999[ 2400 99999] 2500 00000I 
HPD02927102HPCPHT20070300010020100 00000g 2500 00000  
HPD02927102HPCPHT20070300220032200 00010  2400 00010  2500 00020  
HPD02927102HPCPHT20070300230030200 00010  0500 00010  2500 00020  
HPD02927102HPCPHT20070300240030200 00010  0800 00010  2500 00020  
HPD02927102HPCPHT20070400010020100 00000g 2500 00000  
HPD02927102HPCPHT20070400130021200 00010  2500 00010  
HPD02927102HPCPHT20070400180031400 99999{ 1600 99999} 2500 00000P 
HPD02927102HPCPHT20070400290020900 00020  2500 00020  
HPD02927102HPCPHT20070500010030100 00000g 1800 00020  2500 00020  
HPD02927102HPCPHT20070500160032100 00020  2200 00020  2500 00040  
HPD02927102HPCPHT20070500180021400 00020  2500 00020  
HPD02927102HPCPHT20070600010020100 00000g 2500 00000  
HPD02927102HPCPHT20070600030021900 00020  2500 00020  
HPD02927102HPCPHT20070600110021300 00020  2500 00020  
HPD02927102HPCPHT20070700010020100 00000g 2500 00000  
HPD02927102HPCPHT20070700060021900 00040  2500 00040  
HPD02927102HPCPHT20070700120021600 00020  2500 00020  
HPD02927102HPCPHT20070700140021500 00020  2500 00020  
HPD02927102HPCPHT20070700180021500 00020  2500 00020  
HPD02927102HPCPHT20070700210031900 00020  2100 00020  2500 00040  
HPD02927102HPCPHT20070700260041700 00020  1800 00020  2100 00020  2500 00060  
HPD02927102HPCPHT20070700290021100 00020  2500 00020  
HPD02927102HPCPHT20070700310022100 00020  2500 00020  
HPD02927102HPCPHT20070800010030100 00020  1400 99999{ 2500 00020P 
HPD02927102HPCPHT20070800020021600 99999} 2500 00000P 
HPD02927102HPCPHT20070800030021700 00020  2500 00020  
HPD02927102HPCPHT20070800040021900 00020  2500 00020  
HPD02927102HPCPHT20070800060041400 00080  1500 00020  1600 00020  2500 00120  
HPD02927102HPCPHT20070800140031500 00020  2200 00020  2500 00040  
HPD02927102HPCPHT20070800180021500 00020  2500 00020  
HPD02927102HPCPHT20070800230031300 99999{ 1500 99999} 2500 00000P 
HPD02927102HPCPHT20070800280021300 00010  2500 00010  
HPD02927102HPCPHT20070800310031400 99999[ 2400 99999] 2500 00000I 
HPD02927102HPCPHT20070900010020100 00000g 2500 00000  
HPD02927102HPCPHT20070900020020900 00010  2500 00010  
HPD02927102HPCPHT20070900070020500 00010  2500 00010  
HPD02927102HPCPHT20070900230040100 00010  0200 00010  0500 00010  2500 00030  
HPD02927102HPCPHT20071000010040100 00000g 1300 00010  1500 00010  2500 00020  
HPD02927102HPCPHT20071000170021000 00010  2500 00010  
HPD02927102HPCPHT20071100010020100 00000g 2500 00000  
HPD02927102HPCPHT20071100290021500 00010  2500 00010  
HPD02927102HPCPHT20071100300090800 00010  1700 00010  1900 00010  2000 00020  2100 00010  2200 00030  2300 00030  2400 00040  2500 00160  
HPD02927102HPCPHT20071200010050100 00020  0200 00020  0900 00010  1700 00010  2500 00060  
HPD02927102HPCPHT20071200080100100 00010  0300 00010  0400 00010  0600 00010  0900 00010  1000 00030  1100 00030  1200 00010  1600 00010  2500 00130  
HPD02927102HPCPHT20071200100032000 00010  2200 00020  2500 00030  
HPD02927102HPCPHT20071200110040200 00010  0900 00010  1700 00010  2500 00030  
HPD02927102HPCPHT20071200120021200 00010  2500 00010  
