HPD02563503HPCPHT20010100010020100 00000g 2500 00000  
HPD02563503HPCPHT20010100080022200 00010  2500 00010  
HPD02563503HPCPHT20010100090040100 00010  0200 00010  0700 00010  2500 00030  
HPD02563503HPCPHT20010100120080400 00010  0500 00010  0600 00010  0700 00010  0800 00030  0900 00010  1000 00010  2500 00090  
HPD02563503HPCPHT20010100150022200 00010  2500 00010  
HPD02563503HPCPHT20010100160021300 00020  2500 00020  
HPD02563503HPCPHT20010100170021200 00010  2500 00010  
HPD02563503HPCPHT20010100220021300 00010  2500 00010  
HPD02563503HPCPHT20010100270030700 00010  1000 00010  2500 00020  
HPD02563503HPCPHT20010200010020100 00000g 2500 00000  
HPD02563503HPCPHT20010200080020700 00010  2500 00010  
HPD02563503HPCPHT20010200130041500 00010  1900 00010  2200 00010  2500 00030  
HPD02563503HPCPHT20010200140031000 00010  1200 00010  2500 00020  
HPD02563503HPCPHT20010200220021200 99999[ 2500 00000I 
HPD02563503HPCPHT20010200280022400 99999] 2500 00000I 
HPD02563503HPCPHT20010300010020100 00000g 2500 00000  
HPD02563503HPCPHT20010300040021600 00010  2500 00010  
HPD02563503HPCPHT20010300070060800 00010  1200 00010  1300 00010  1500 00010  2100 00010  2500 00050  
HPD02563503HPCPHT20010300080021200 00010  2500 00010  
HPD02563503HPCPHT20010300100030400 00010  0800 00010  2500 00020  
HPD02563503HPCPHT20010300110020900 00010  2500 00010  
HPD02563503HPCPHT20010300120021500 00010  2500 00010  
HPD02563503HPCPHT20010300150021300 00010  2500 00010  
HPD02563503HPCPHT20010400010020100 00000g 2500 00000  
HPD02563503HPCPHT20010400050032200 00010  2300 00010  2500 00020  
HPD02563503HPCPHT20010400060020500 00010  2500 00010  
HPD02563503HPCPHT20010400070020800 00010  2500 00010  
HPD02563503HPCPHT20010400120031100 99999{ 1200 99999} 2500 00000P 
HPD02563503HPCPHT20010400220020900 00010  2500 00010  
HPD02563503HPCPHT20010400270021700 00010  2500 00010  
HPD02563503HPCPHT20010500010020100 00000g 2500 00000  
HPD02563503HPCPHT20010500130021000 00010  2500 00010  
HPD02563503HPCPHT20010500190060600 00010  0700 00010  0800 00010  0900 00010  1100 00010  2500 00050  
HPD02563503HPCPHT20010500200021200 00010  2500 00010  
HPD02563503HPCPHT20010600010020100 00000g 2500 00000  
HPD02563503HPCPHT20010600020021600 00010  2500 00010  
HPD02563503HPCPHT20010600220021700 00010  2500 00010  
HPD02563503HPCPHT20010600230022000 00010  2500 00010  
HPD02563503HPCPHT20010600240021100 00010  2500 00010  
HPD02563503HPCPHT20010700010020100 00000g 2500 00000  
HPD02563503HPCPHT20010700030031000 00010  1800 00010  2500 00020  
HPD02563503HPCPHT20010700050021800 00030  2500 00030  
HPD02563503HPCPHT20010700060020800 00010  2500 00010  
HPD02563503HPCPHT20010700090022000 00010  2500 00010  
HPD02563503HPCPHT20010700250022200 00010  2500 00010  
HPD02563503HPCPHT20010700310040600 00010  0700 00010  2100 00010  2500 00030  
HPD02563503HPCPHT20010800010020100 00000g 2500 00000  
HPD02563503HPCPHT20010800030020400 00010  2500 00010  
HPD02563503HPCPHT20010800040020500 00010  2500 00010  
HPD02563503HPCPHT20010800050020200 00010  2500 00010  
HPD02563503HPCPHT20010800080030100 99999[ 1300 99999] 2500 00000I 
HPD02563503HPCPHT20010800100021500 00010  2500 00010  
HPD02563503HPCPHT20010800120031800 00020  1900 00010  2500 00030  
HPD02563503HPCPHT20010800130050500 00010  0900 00010  1000 00040  1200 00010  2500 00070  
HPD02563503HPCPHT20010800140021000 00010  2500 00010  
HPD02563503HPCPHT20010800170021100 00010  2500 00010  
HPD02563503HPCPHT20010800200020800 00010  2500 00010  
HPD02563503HPCPHT20010900010020100 00000g 2500 00000  
HPD02563503HPCPHT20011000010020100 00000g 2500 00000  
HPD02563503HPCPHT20011000070021100 00010  2500 00010  
HPD02563503HPCPHT20011000080021500 00010  2500 00010  
HPD02563503HPCPHT20011000100021200 00010  2500 00010  
HPD02563503HPCPHT20011000290021500 00010  2500 00010  
HPD02563503HPCPHT20011100010020100 00000g 2500 00000  
HPD02563503HPCPHT20011100040020800 99999{ 2500 00000P 
HPD02563503HPCPHT20011100050020800 99999} 2500 00000P 
HPD02563503HPCPHT20011200010020100 00000g 2500 00000  
HPD02563503HPCPHT20011200020021000 99999{ 2500 00000P 
HPD02563503HPCPHT20011200030021000 99999} 2500 00000P 
HPD02563503HPCPHT20011200040070900 00010  1200 00010  1300 00010  1600 00010  1700 00010  1800 00010  2500 00060  
HPD02563503HPCPHT20011200050021300 00010  2500 00010  
HPD02563503HPCPHT20011200290021700 00010  2500 00010  
HPD02563503HPCPHT20011200310021100 00010  2500 00010  
