HPD02770802HPCPHT20070100010030100 00000g 1200 00010  2500 00010  
HPD02770802HPCPHT20070100050020800 00010  2500 00010  
HPD02770802HPCPHT20070100080021700 00010  2500 00010  
HPD02770802HPCPHT20070100100031000 99999[ 1100 99999] 2500 00000I 
HPD02770802HPCPHT20070100120021600 00020  2500 00020  
HPD02770802HPCPHT20070100200030200 00010  1500 00010  2500 00020  
HPD02770802HPCPHT20070100210030900 00010  1300 00020  2500 00030  
HPD02770802HPCPHT20070100300051800 00010  2000 00010  2200 00010  2400 00010  2500 00040  
HPD02770802HPCPHT20070100310030400 00010  2000 00010  2500 00020  
HPD02770802HPCPHT20070200010050100 00000g 0300 00010  1500 00020  1700 00010  2500 00040  
HPD02770802HPCPHT20070200120020200 00020  2500 00020  
HPD02770802HPCPHT20070200190061500 00010  1600 00030  1700 00010  1900 00010  2100 00010  2500 00070  
HPD02770802HPCPHT20070200200020300 00010  2500 00010  
HPD02770802HPCPHT20070200210021700 00010  2500 00010  
HPD02770802HPCPHT20070300010020100 00000g 2500 00000  
HPD02770802HPCPHT20070300040021500 00010  2500 00010  
HPD02770802HPCPHT20070300220031100 00010  1900 00020  2500 00030  
HPD02770802HPCPHT20070300230050200 00010  0500 00010  0600 00010  1600 00010  2500 00040  
HPD02770802HPCPHT20070300300021500 00010  2500 00010  
HPD02770802HPCPHT20070400010030100 00000g 1100 00010  2500 00010  
HPD02770802HPCPHT20070400120022000 00020  2500 00020  
HPD02770802HPCPHT20070400200031100 99999[ 1200 99999] 2500 00000I 
HPD02770802HPCPHT20070400230021200 00020  2500 00020  
HPD02770802HPCPHT20070400290021800 00010  2500 00010  
HPD02770802HPCPHT20070500010030100 00000g 1200 00010  2500 00010  
HPD02770802HPCPHT20070500290020900 00010  2500 00010  
HPD02770802HPCPHT20070500300021700 00010  2500 00010  
HPD02770802HPCPHT20070600010020100 00000g 2500 00000  
HPD02770802HPCPHT20070700010020100 00000g 2500 00000  
HPD02770802HPCPHT20070700100041600 00010  1900 00020  2000 00020  2500 00050  
HPD02770802HPCPHT20070700160021600 00010  2500 00010  
HPD02770802HPCPHT20070700190021600 00010  2500 00010  
HPD02770802HPCPHT20070700230021600 00010  2500 00010  
HPD02770802HPCPHT20070700250031400 00150  1700 00010  2500 00160  
HPD02770802HPCPHT20070700260031900 00010  2000 00010  2500 00020  
HPD02770802HPCPHT20070700270021700 00010  2500 00010  
HPD02770802HPCPHT20070700300021400 00010  2500 00010  
HPD02770802HPCPHT20070700310021700 00010  2500 00010  
HPD02770802HPCPHT20070800010040100 00000g 0200 99999{ 1600 99999} 2500 00000P 
HPD02770802HPCPHT20070800030050200 00020  0300 00010  1500 00010  2000 00010  2500 00050  
HPD02770802HPCPHT20070800050040300 00010  1500 00010  2100 00030  2500 00050  
HPD02770802HPCPHT20070800060030100 00010  0700 00010  2500 00020  
HPD02770802HPCPHT20070800170021300 00010  2500 00010  
HPD02770802HPCPHT20070800300021600 00080  2500 00080  
HPD02770802HPCPHT20070900010020100 00000g 2500 00000  
HPD02770802HPCPHT20070900030020100 00070  2500 00070  
HPD02770802HPCPHT20070900210021600 00010  2500 00010  
HPD02770802HPCPHT20070900220051000 00010  1500 00010  1600 00040  1800 00030  2500 00090  
HPD02770802HPCPHT20070900230040100 00010  0400 00030  0800 00010  2500 00050  
HPD02770802HPCPHT20070900300021500 00010  2500 00010  
HPD02770802HPCPHT20071000010020100 00000g 2500 00000  
HPD02770802HPCPHT20071100010020100 00000g 2500 00000  
HPD02770802HPCPHT20071100300120500 00010  1500 00010  1600 00010  1700 00020  1800 00030  1900 00010  2000 00010  2100 00010  2200 00010  2300 00010  2400 00030  2500 00160  
HPD02770802HPCPHT20071200010100100 00020  0200 00020  0300 00010  0400 00020  0600 00010  0700 00010  0800 00040  0900 00010  1000 99999[ 2500 00140I 
HPD02770802HPCPHT20071200100080200 99999] 0300 00010  0500 00010  1600 00010  1900 00020  2100 00010  2300 00010  2500 00070I 
HPD02770802HPCPHT20071200110021000 00010  2500 00010  
HPD02770802HPCPHT20071200310021200 00010  2500 00010  
