HPD02889501HPCPHT20030100010020100 99999[ 2500 00000I 
HPD02889501HPCPHT20030100080021800 99999] 2500 00000I 
HPD02889501HPCPHT20030100100022000 00010  2500 00010  
HPD02889501HPCPHT20030100310031200 99999[ 2400 99999] 2500 00000I 
HPD02889501HPCPHT20030200010020100 00000g 2500 00000  
HPD02889501HPCPHT20030200130110100 00010  0400 00010  0600 00010  0700 00010  0900 00010  1000 00010  1100 00010  1500 00010  1600 00010  1700 00010  2500 00100  
HPD02889501HPCPHT20030200140040600 00010  0700 00010  0800 00010  2500 00030  
HPD02889501HPCPHT20030200180020200 00010  2500 00010  
HPD02889501HPCPHT20030200250070200 00010  0500 00010  0600 00010  1800 00010  2100 00020  2200 00010  2500 00070  
HPD02889501HPCPHT20030200260020100 00010  2500 00010  
HPD02889501HPCPHT20030200270070200 00010  0600 00010  0800 00010  1000 00010  1600 00010  1800 00010  2500 00060  
HPD02889501HPCPHT20030200280031200 00010  1600 00010  2500 00020  
HPD02889501HPCPHT20030300010030100 00000g 0900 00010  2500 00010  
HPD02889501HPCPHT20030300040032000 00010  2400 00010  2500 00020  
HPD02889501HPCPHT20030300050021200 00010  2500 00010  
HPD02889501HPCPHT20030300150022000 00010  2500 00010  
HPD02889501HPCPHT20030300160050100 00020  0200 00010  1100 00010  1500 00010  2500 00050  
HPD02889501HPCPHT20030300170021100 00010  2500 00010  
HPD02889501HPCPHT20030300200021600 00010  2500 00010  
HPD02889501HPCPHT20030400010020100 00000g 2500 00000  
HPD02889501HPCPHT20030400100031000 99999{ 1400 99999} 2500 00000P 
HPD02889501HPCPHT20030400150070300 00010  0400 00020  0500 00010  0700 00010  1000 00010  1800 00010  2500 00070  
HPD02889501HPCPHT20030400190021000 00010  2500 00010  
HPD02889501HPCPHT20030400230030100 00010  0700 00010  2500 00020  
HPD02889501HPCPHT20030500010020100 00000g 2500 00000  
HPD02889501HPCPHT20030500030022100 00010  2500 00010  
HPD02889501HPCPHT20030600010020100 00000g 2500 00000  
HPD02889501HPCPHT20030600300032000 99999{ 2400 99999} 2500 00000P 
HPD02889501HPCPHT20030700010030100 99999{ 1300 99999} 2500 00000P 
HPD02889501HPCPHT20030700190020200 00010  2500 00010  
HPD02889501HPCPHT20030700250021700 00010  2500 00010  
HPD02889501HPCPHT20030700270022300 00010  2500 00010  
HPD02889501HPCPHT20030700300022300 00010  2500 00010  
HPD02889501HPCPHT20030800010020100 00000g 2500 00000  
HPD02889501HPCPHT20030800150050600 00020  1700 00030  1800 00020  1900 00010  2500 00080  
HPD02889501HPCPHT20030800160021100 00010  2500 00010  
HPD02889501HPCPHT20030800220021700 00010  2500 00010  
HPD02889501HPCPHT20030800230031900 00010  2000 00050  2500 00060  
HPD02889501HPCPHT20030800270020100 00010  2500 00010  
HPD02889501HPCPHT20030900010040100 00000g 0700 99999{ 0900 99999} 2500 00000P 
HPD02889501HPCPHT20030900020022100 00010  2500 00010  
HPD02889501HPCPHT20030900040022200 00010  2500 00010  
HPD02889501HPCPHT20030900060030700 00010  1700 00030  2500 00040  
HPD02889501HPCPHT20031000010020100 00000g 2500 00000  
HPD02889501HPCPHT20031000030030500 00010  1100 00010  2500 00020  
HPD02889501HPCPHT20031000040021100 00010  2500 00010  
HPD02889501HPCPHT20031000150021100 00010  2500 00010  
HPD02889501HPCPHT20031100010020100 00000g 2500 00000  
HPD02889501HPCPHT20031100100021400 00010  2500 00010  
HPD02889501HPCPHT20031100120071600 00010  1700 00010  1800 00020  1900 00010  2100 00010  2400 00010  2500 00070  
HPD02889501HPCPHT20031100130020700 00010  2500 00010  
HPD02889501HPCPHT20031100160021100 00010  2500 00010  
HPD02889501HPCPHT20031200010020100 00000g 2500 00000  
HPD02889501HPCPHT20031200070022300 00010  2500 00010  
HPD02889501HPCPHT20031200080020200 00010  2500 00010  
HPD02889501HPCPHT20031200150020900 00010  2500 00010  
HPD02889501HPCPHT20031200250051800 00010  2200 00010  2300 00010  2400 00010  2500 00040  
HPD02889501HPCPHT20031200260020200 00010  2500 00010  
HPD02889501HPCPHT20031200300020700 00010  2500 00010  
HPD02889501HPCPHT20031200310031900 99999{ 2400 99999} 2500 00000P 
