HPD02915803HPCPHT20080100010020100 00000g 2500 00000  
HPD02915803HPCPHT20080100050040800 00010  2100 00010  2400 00010  2500 00030  
HPD02915803HPCPHT20080100060030100 00010  1800 00010  2500 00020  
HPD02915803HPCPHT20080100070040300 00010  1200 00010  1300 00020  2500 00040  
HPD02915803HPCPHT20080100110021600 00010  2500 00010  
HPD02915803HPCPHT20080100240031100 00010  1700 00010  2500 00020  
HPD02915803HPCPHT20080100270120600 00010  0700 00020  0800 00010  0900 00020  1000 00010  1100 00010  1200 00010  1300 00020  1400 00010  1600 00010  1800 00010  2500 00140  
HPD02915803HPCPHT20080100280030400 00010  1900 00010  2500 00020  
HPD02915803HPCPHT20080200010030100 00000g 1200 00010  2500 00010  
HPD02915803HPCPHT20080200030051700 00010  2000 00010  2100 00010  2200 00020  2500 00050  
HPD02915803HPCPHT20080200040021100 00010  2500 00010  
HPD02915803HPCPHT20080200190021500 00010  2500 00010  
HPD02915803HPCPHT20080200200022100 00010  2500 00010  
HPD02915803HPCPHT20080200210030100 00010  1300 00010  2500 00020  
HPD02915803HPCPHT20080300010020100 00000g 2500 00000  
HPD02915803HPCPHT20080300170021300 00010  2500 00010  
HPD02915803HPCPHT20080400010020100 00000g 2500 00000  
HPD02915803HPCPHT20080500010020100 00000g 2500 00000  
HPD02915803HPCPHT20080500130030200 00010  0400 00010  2500 00020  
HPD02915803HPCPHT20080500140021600 00010  2500 00010  
HPD02915803HPCPHT20080500230051200 00010  1600 00010  1700 00010  1800 00010  2500 00040  
HPD02915803HPCPHT20080500240030600 00010  1000 00010  2500 00020  
HPD02915803HPCPHT20080600010020100 00000g 2500 00000  
HPD02915803HPCPHT20080700010030100 00000g 1400 00020  2500 00020  
HPD02915803HPCPHT20080700050021300 00010  2500 00010  
HPD02915803HPCPHT20080700060031700 00070  1800 00010  2500 00080  
HPD02915803HPCPHT20080700070021400 00010  2500 00010  
HPD02915803HPCPHT20080700120040400 00010  1200 00040  1300 00100  2500 00150  
HPD02915803HPCPHT20080700140021200 00010  2500 00010  
HPD02915803HPCPHT20080700190021900 00020  2500 00020  
HPD02915803HPCPHT20080700200041200 00020  1300 00010  1700 00010  2500 00040  
HPD02915803HPCPHT20080700260021300 00010  2500 00010  
HPD02915803HPCPHT20080800010020100 00000g 2500 00000  
HPD02915803HPCPHT20080800030021900 00080  2500 00080  
HPD02915803HPCPHT20080800040031700 00010  1800 00020  2500 00030  
HPD02915803HPCPHT20080800080021300 00030  2500 00030  
HPD02915803HPCPHT20080800090021300 00030  2500 00030  
HPD02915803HPCPHT20080800100021400 00010  2500 00010  
HPD02915803HPCPHT20080800110021700 00010  2500 00010  
HPD02915803HPCPHT20080800150021500 00010  2500 00010  
HPD02915803HPCPHT20080800250031700 00010  2100 00010  2500 00020  
HPD02915803HPCPHT20080800260031800 00010  2100 00040  2500 00050  
HPD02915803HPCPHT20080800280021700 00010  2500 00010  
HPD02915803HPCPHT20080800300051600 00020  1700 00080  1800 00030  2000 00010  2500 00140  
HPD02915803HPCPHT20080800310050600 00020  0700 00050  0800 00010  1400 00010  2500 00090  
HPD02915803HPCPHT20080900010020100 00000g 2500 00000  
HPD02915803HPCPHT20080900090032200 00010  2300 00010  2500 00020  
HPD02915803HPCPHT20080900100021100 00010  2500 00010  
HPD02915803HPCPHT20080900110030400 00010  1700 00010  2500 00020  
HPD02915803HPCPHT20080900120021600 00010  2500 00010  
HPD02915803HPCPHT20081000010020100 00000g 2500 00000  
HPD02915803HPCPHT20081000240021200 99999[ 2500 00000I 
HPD02915803HPCPHT20081000310022400 99999] 2500 00000I 
HPD02915803HPCPHT20081100010020100 00000g 2500 00000  
HPD02915803HPCPHT20081100240021800 99999{ 2500 00000P 
HPD02915803HPCPHT20081100270021800 99999} 2500 00000P 
HPD02915803HPCPHT20081200010020100 00000g 2500 00000  
HPD02915803HPCPHT20081200130022400 00010  2500 00010  
HPD02915803HPCPHT20081200150051800 00010  2000 00010  2200 00010  2300 00010  2500 00040  
HPD02915803HPCPHT20081200160030100 00010  1900 99999{ 2500 00010P 
HPD02915803HPCPHT20081200180022400 99999} 2500 00000P 
HPD02915803HPCPHT20081200220021800 00010  2500 00010  
HPD02915803HPCPHT20081200230020100 00010  2500 00010  
HPD02915803HPCPHT20081200250061600 00010  1900 00010  2000 00010  2100 00010  2200 00010  2500 00050  
HPD02915803HPCPHT20081200260020100 00010  2500 00010  
