HPD02096600HPCPHI19480700010040100 00000g 1300 99999[ 2400 99999] 2500 00000I 
HPD02096600HPCPHI19480700180021900 00018  2500 00018  
HPD02096600HPCPHI19480700200021000 00007  2500 00007  
HPD02096600HPCPHI19480700220090200 00004  0300 00013  0400 00003  0700 00001  0800 00001  0900 00001  1000 00001  1100 00001  2500 00025  
HPD02096600HPCPHI19480700240041800 00005  1900 00005  2000 00002  2500 00012  
HPD02096600HPCPHI19480700250021400 00024  2500 00024  
HPD02096600HPCPHI19480800010050100 00000g 2000 00015  2100 00005  2200 00010  2500 00030  
HPD02096600HPCPHI19480800030042200 00015  2300 00050  2400 00004  2500 00069  
HPD02096600HPCPHI19480800080021300 00010  2500 00010  
HPD02096600HPCPHI19480800110021400 00001  2500 00001  
HPD02096600HPCPHI19480800200032000 00040  2100 00021  2500 00061  
HPD02096600HPCPHI19480800220031600 00060  1700 00006  2500 00066  
HPD02096600HPCPHI19480900010040100 00000g 1300 99999[ 2400 99999] 2500 00000I 
HPD02096600HPCPHI19480900150031800 00004  1900 00007  2500 00011  
HPD02096600HPCPHI19480900180021800 00092  2500 00092  
HPD02096600HPCPHI19480900260051900 00006  2000 00001  2100 00005  2200 00004  2500 00016  
HPD02096600HPCPHI19480900270020100 00002  2500 00002  
HPD02096600HPCPHI19481000010040100 00000g 1300 99999[ 2400 99999] 2500 00000I 
HPD02096600HPCPHI19481000180042000 00004  2100 00006  2200 00002  2500 00012  
HPD02096600HPCPHI19481000300071200 00005  1600 00001  1700 00006  2000 00004  2200 00017  2300 00010  2500 00043  
HPD02096600HPCPHI19481000310060100 00012  0200 00004  0300 00006  0400 00001  0500 00003  2500 00026  
HPD02096600HPCPHI19481100010040100 00000g 1300 99999[ 2400 99999] 2500 00000I 
HPD02096600HPCPHI19481100260021900 00005  2500 00005  
HPD02096600HPCPHI19481200010040100 00000g 1300 99999[ 2400 99999] 2500 00000I 
HPD02096600HPCPHI19481200220130800 00001  0900 00001  1000 00001  1100 00002  1300 00001  1400 00001  1600 00001  1700 00002  1900 00001  2000 00001  2300 00005  2400 00009  2500 00026  
HPD02096600HPCPHI19481200230060800 00002  0900 00002  1000 00011  1100 00001  1200 00001  2500 00017  
HPD02096600HPCPHI19481200250120800 00004  0900 00005  1000 00009  1100 00006  1200 00004  1400 00002  1500 00003  1600 00005  2000 00005  2100 00001  2200 00001  2500 00045  
HPD02096600HPCPHI19481200260220200 00001  0300 00005  0400 00005  0500 00009  0600 00011  0700 00006  0800 00005  0900 00002  1000 00001  1100 00001  1200 00001  1400 00001  1500 00005  1700 00007  1800 00005  1900 00003  2000 00002  2100 00006  2200 00010  2300 00005  2400 00001  2500 00092  
HPD02096600HPCPHI19481200270140100 00001  0200 00008  0300 00003  0400 00001  0500 00006  0600 00010  0700 00013  0800 00008  0900 00020  1000 00013  1100 00010  1200 00004  1300 00002  2500 00099  
HPD02096600HPCPHI19481200300062000 00003  2100 00003  2200 00003  2300 00006  2400 00005  2500 00020  
HPD02096600HPCPHI19481200310020100 00008  2500 00008  
HPD02096600HPCPHI19490100010040100 00000g 1400 00006  1500 00002  2500 00008  
HPD02096600HPCPHI19490100080071700 00001  1800 00001  2000 00004  2100 00005  2200 00003  2300 00003  2500 00017  
HPD02096600HPCPHI19490100090090100 00007  0200 00005  0300 00011  0400 00009  0500 00009  0600 00003  0700 00001  0800 00002  2500 00047  
HPD02096600HPCPHI19490100120110300 00004  0400 00001  1500 00002  1700 00011  1800 00016  1900 00005  2000 00004  2100 00012  2200 00006  2300 00001  2500 00062  
HPD02096600HPCPHI19490100130110400 00004  0500 00004  0600 00015  0700 00028  0800 00012  0900 00008  1000 00006  1100 00001  1300 00002  1400 00004  2500 00084  
HPD02096600HPCPHI19490100160040100 00005  0200 00010  0300 00015  2500 00030  
HPD02096600HPCPHI19490100170020400 00004  2500 00004  
HPD02096600HPCPHI19490100250051200 00005  1300 00007  1400 00004  1500 00001  2500 00017  
HPD02096600HPCPHI19490100260031000 00002  1100 00003  2500 00005  
HPD02096600HPCPHI19490200010040100 00000g 1300 99999[ 2400 99999] 2500 00000I 
HPD02096600HPCPHI19490200120050900 00010  1000 00017  1100 00017  1200 00013  2500 00057  
HPD02096600HPCPHI19490200130110700 00006  0800 00003  0900 00001  1000 00001  1100 00003  1200 00003  1300 00004  1800 00002  2000 00002  2100 00001  2500 00026  
HPD02096600HPCPHI19490200140040900 99999[ 1000 00004] 1100 00007  2500 00011I 
HPD02096600HPCPHI19490300010040100 00000g 1300 99999[ 2400 99999] 2500 00000I 
HPD02096600HPCPHI19490300070070100 00001  0200 00003  0300 00004  0400 00001  0800 00003  0900 00002  2500 00014  
HPD02096600HPCPHI19490300250021000 00003  2500 00003  
HPD02096600HPCPHI19490300310032200 00006  2300 00001  2500 00007  
HPD02096600HPCPHI19490400010120100 00000g 0800 00001  0900 00005  1000 00001  1100 00003  1400 00005  1600 00005  1700 00003  1800 00001  2100 00001  2400 00001  2500 00026  
HPD02096600HPCPHI19490500010040100 00000g 1300 99999[ 2400 99999] 2500 00000I 
HPD02096600HPCPHI19490600010040100 00000g 1300 99999[ 2400 99999] 2500 00000I 
HPD02096600HPCPHI19490600170071900 00004  2000 00001  2100 00001  2200 00001  2300 00003  2400 00032  2500 00042  
HPD02096600HPCPHI19490600210031700 00001  1800 00001  2500 00002  
HPD02096600HPCPHI19490700010030100 00000g 2300 00005  2500 00005  
HPD02096600HPCPHI19490700020031500 00004  1700 00005  2500 00009  
HPD02096600HPCPHI19490700030031600 00018  1700 00021  2500 00039  
HPD02096600HPCPHI19490700090071700 00013  1900 00007  2000 00015  2100 00011  2200 00011  2300 00006  2500 00063  
HPD02096600HPCPHI19490700110021300 00012  2500 00012  
HPD02096600HPCPHI19490700200030600 00010  0700 00010  2500 00020  
HPD02096600HPCPHI19490700290042200 00010  2300 00004  2400 00006  2500 00020  
HPD02096600HPCPHI19490800010040100 00000g 1300 99999[ 2400 99999] 2500 00000I 
HPD02096600HPCPHI19490800020021700 00026  2500 00026  
HPD02096600HPCPHI19490800040021400 00015  2500 00015  
HPD02096600HPCPHI19490800070061700 00003  1800 00008  1900 00021  2000 00007  2100 00007  2500 00046  
HPD02096600HPCPHI19490800080041200 00037  1300 00092  1400 00012  2500 00141  
HPD02096600HPCPHI19490800220061800 00003  1900 00003  2000 00005  2100 00012  2200 00028  2500 00051  
HPD02096600HPCPHI19490900010040100 00000g 1300 99999[ 2400 99999] 2500 00000I 
HPD02096600HPCPHI19490900020031500 00016  1600 00007  2500 00023  
HPD02096600HPCPHI19490900030021500 00017  2500 00017  
HPD02096600HPCPHI19490900120041700 00027  1800 00006  1900 00040  2500 00073  
HPD02096600HPCPHI19490900130070300 00009  0400 00026  0500 00027  0600 00002  0700 00002  0800 00003  2500 00069  
HPD02096600HPCPHI19490900140071500 00013  1600 00032  2000 00002  2100 00003  2200 00003  2300 00005  2500 00058  
HPD02096600HPCPHI19491000010040100 00000g 1300 99999[ 2400 99999] 2500 00000I 
HPD02096600HPCPHI19491000020020900 00002  2500 00002  
HPD02096600HPCPHI19491000040051400 00048  1800 00038  1900 00007  2000 00001  2500 00094  
HPD02096600HPCPHI19491000170031100 00003  1200 00002  2500 00005  
HPD02096600HPCPHI19491000220051900 00003  2000 00007  2100 00001  2200 00011  2500 00022  
HPD02096600HPCPHI19491100010040100 00000g 1300 99999[ 2400 99999] 2500 00000I 
HPD02096600HPCPHI19491100110030300 00007  0400 00004  2500 00011  
HPD02096600HPCPHI19491100300022300 00002  2500 00002  
HPD02096600HPCPHI19491200010040100 00000g 1300 99999[ 2400 99999] 2500 00000I 
HPD02096600HPCPHI19491200090062000 00014  2100 00008  2200 00020  2300 00015  2400 00011  2500 00068  
HPD02096600HPCPHI19491200100050100 00002  0400 00002  0600 00011  1600 00009  2500 00024  
HPD02096600HPCPHI19491200170031200 00004  1300 00006  2500 00010  
HPD02096600HPCPHI19491200200031300 00010  1400 00004  2500 00014  
HPD02096600HPCPHI19500100010040100 00000g 1300 99999[ 2400 99999] 2500 00000I 
HPD02096600HPCPHI19500100020081100 00002  1200 00009  1300 00007  1400 00009  1500 00005  1600 00007  1700 00002  2500 00041  
HPD02096600HPCPHI19500100130031000 00003  1100 00002  2500 00005  
HPD02096600HPCPHI19500200010040100 00000g 1300 99999[ 2400 99999] 2500 00000I 
HPD02096600HPCPHI19500200110061300 00006  1400 00005  1500 00007  1600 00005  2200 00003  2500 00026  
HPD02096600HPCPHI19500200260081700 00003  1800 00010  1900 00012  2000 00004  2100 00003  2200 00001  2400 00008  2500 00041  
HPD02096600HPCPHI19500200270030400 00006  0500 00006  2500 00012  
HPD02096600HPCPHI19500300010040100 00000g 1300 99999[ 2400 99999] 2500 00000I 
HPD02096600HPCPHI19500300250021200 00006  2500 00006  
HPD02096600HPCPHI19500400010040100 00000g 1300 99999[ 2400 99999] 2500 00000I 
HPD02096600HPCPHI19500400120041200 00020  1300 00032  1400 00005  2500 00057  
HPD02096600HPCPHI19500500010040100 00000g 1300 99999[ 2400 99999] 2500 00000I 
HPD02096600HPCPHI19500600010040100 00000g 1300 99999[ 2400 99999] 2500 00000I 
HPD02096600HPCPHI19500600220100100 00007  1500 00004  1600 00043  1700 00002  1800 00002  1900 00003  2000 00006  2100 00001  2200 00002  2500 00070  
HPD02096600HPCPHI19500700010040100 00000g 1300 99999[ 2400 99999] 2500 00000I 
HPD02096600HPCPHI19500700040031900 00005  2000 00005  2500 00010  
HPD02096600HPCPHI19500700050021600 00110  2500 00110  
HPD02096600HPCPHI19500700060020900 00051  2500 00051  
HPD02096600HPCPHI19500700070021200 00010  2500 00010  
HPD02096600HPCPHI19500700170031300 00049  1500 00007  2500 00056  
HPD02096600HPCPHI19500700210061800 00030  1900 00019  2000 00010  2100 00010  2200 00010  2500 00079  
HPD02096600HPCPHI19500700240061800 00030  1900 00010  2000 00019  2100 00010  2200 00009  2500 00078  
HPD02096600HPCPHI19500700280051800 00035  1900 00010  2000 00015  2100 00010  2500 00070  
HPD02096600HPCPHI19500700300050900 00025  1000 00015  1100 00020  1200 00014  2500 00074  
HPD02096600HPCPHI19500800010020100 00000g 2500 00000  
HPD02096600HPCPHI19500800030021900 00025  2500 00025  
HPD02096600HPCPHI19500800040021100 00006  2500 00006  
HPD02096600HPCPHI19500800100021000 00017  2500 00017  
HPD02096600HPCPHI19500800230022000 00019  2500 00019  
HPD02096600HPCPHI19500900010020100 00000g 2500 00000  
HPD02096600HPCPHI19500900170031500 00005  2000 00015  2500 00020  
HPD02096600HPCPHI19500900180021500 00009  2500 00009  
HPD02096600HPCPHI19501000010040100 00000g 1300 99999[ 2400 99999] 2500 00000I 
HPD02096600HPCPHI19501000030021900 00002  2500 00002  
HPD02096600HPCPHI19501100010020100 00000g 2500 00000  
HPD02096600HPCPHI19501200010020100 00000g 2500 00000  
HPD02096600HPCPHI19501200310022200 00008  2500 00008  
HPD02096600HPCPHI19510100010030100 00000g 0200 00008  2500 00008  
HPD02096600HPCPHI19510100130021000 00015  2500 00015  
HPD02096600HPCPHI19510100300020800 00037  2500 00037  
HPD02096600HPCPHI19510200010040100 00000g 1300 99999[ 2400 99999] 2500 00000I 
HPD02096600HPCPHI19510200140021100 00011  2500 00011  
HPD02096600HPCPHI19510200190020900 00010  2500 00010  
HPD02096600HPCPHI19510200250061700 00005  1800 00006  1900 00005  2000 00004  2100 00010  2500 00030  
HPD02096600HPCPHI19510300010040100 00000g 1300 99999[ 2400 99999] 2500 00000I 
HPD02096600HPCPHI19510300090061500 00005  1600 00010  1700 00005  1800 00005  1900 00010  2500 00035  
HPD02096600HPCPHI19510400010040100 00000g 1300 99999[ 2400 99999] 2500 00000I 
HPD02096600HPCPHI19510400040051500 00002  1700 00008  1800 00010  2100 00005  2500 00025  
HPD02096600HPCPHI19510500010020100 00000g 2500 00000  
HPD02096600HPCPHI19510600010020100 00000g 2500 00000  
HPD02096600HPCPHI19510700010020100 00000g 2500 00000  
HPD02096600HPCPHI19510700160021600 00030  2500 00030  
HPD02096600HPCPHI19510700200021600 00010  2500 00010  
HPD02096600HPCPHI19510700220021600 00025  2500 00025  
HPD02096600HPCPHI19510700230021800 00030  2500 00030  
HPD02096600HPCPHI19510700250021900 00010  2500 00010  
HPD02096600HPCPHI19510800010020100 00000g 2500 00000  
HPD02096600HPCPHI19510800020031900 00004  2000 00001  2500 00005  
HPD02096600HPCPHI19510800030022000 00025  2500 00025  
HPD02096600HPCPHI19510800060021900 00006  2500 00006  
HPD02096600HPCPHI19510800140021400 00008  2500 00008  
HPD02096600HPCPHI19510800180022000 00055  2500 00055  
HPD02096600HPCPHI19510800220040200 00002  0300 00003  1900 00010  2500 00015  
HPD02096600HPCPHI19510800230022200 00008  2500 00008  
HPD02096600HPCPHI19510800260080700 00007  0800 00005  0900 00010  1000 00005  1100 00005  1200 00004  1900 00005  2500 00041  
HPD02096600HPCPHI19510900010020100 00000g 2500 00000  
HPD02096600HPCPHI19510900290031000 00005  1100 00010  2500 00015  
HPD02096600HPCPHI19511000010020100 00000g 2500 00000  
HPD02096600HPCPHI19511000250021300 00005  2500 00005  
HPD02096600HPCPHI19511000260030300 00010  0400 00005  2500 00015  
HPD02096600HPCPHI19511000290042200 00009  2300 00006  2400 00006  2500 00021  
HPD02096600HPCPHI19511000300180100 00004  0200 00005  0300 00015  0400 00010  0500 00015  0600 00040  0700 00010  0800 00035  0900 00030  1000 00011  1100 00040  1200 00010  1300 00015  1400 00010  1500 00005  1600 00015  1700 00002  2500 00272  
HPD02096600HPCPHI19511100010020100 00000g 2500 00000  
HPD02096600HPCPHI19511100110060200 00005  0300 00005  1200 00001  1300 00010  1400 00024  2500 00045  
HPD02096600HPCPHI19511100240031300 00003  1400 00006  2500 00009  
HPD02096600HPCPHI19511200010020100 00000g 2500 00000  
HPD02096600HPCPHI19511200050041600 00005  1700 00010  1800 00005  2500 00020  
HPD02096600HPCPHI19511200080031100 00010  1200 00020  2500 00030  
HPD02096600HPCPHI19511200120021500 00004  2500 00004  
HPD02096600HPCPHI19511200190042200 00005  2300 00001  2400 00009  2500 00015  
HPD02096600HPCPHI19511200240081800 00004  1900 00003  2000 00002  2100 00003  2200 00004  2300 00003  2400 00005  2500 00024  
HPD02096600HPCPHI19511200300052100 00002  2200 00005  2300 00005  2400 00009  2500 00021  
HPD02096600HPCPHI19511200310030100 00002  0200 00003  2500 00005  
HPD02096600HPCPHI19520100010020100 00000g 2500 00000  
HPD02096600HPCPHI19520100120041700 00002  1800 00010  1900 00005  2500 00017  
HPD02096600HPCPHI19520100130080600 00005  1300 00002  1400 00003  1500 00010  1600 00010  1800 00005  1900 00020  2500 00055  
HPD02096600HPCPHI19520100160041500 00002  1700 00001  1900 00003  2500 00006  
HPD02096600HPCPHI19520100170120100 00001  0200 00001  0400 00002  0700 00001  0900 00001  1600 00002  1700 00001  1800 00001  1900 00002  2100 00001  2200 00001  2500 00014  
HPD02096600HPCPHI19520100180040200 00001  0300 00001  0400 00002  2500 00004  
HPD02096600HPCPHI19520200010020100 99999[ 2500 00000I 
HPD02096600HPCPHI19520200290022400 99999] 2500 00000I 
HPD02096600HPCPHI19520300010090100 00000g 0800 00005  0900 00020  1000 00012  1100 00015  1200 00009  1300 00001  1400 00001  2500 00063  
HPD02096600HPCPHI19520300020041000 00005  1100 00006  1200 00012  2500 00023  
HPD02096600HPCPHI19520300160042200 00004  2300 00002  2400 00010  2500 00016  
HPD02096600HPCPHI19520300170030100 00005  0200 00004  2500 00009  
HPD02096600HPCPHI19520400010020100 00000g 2500 00000  
HPD02096600HPCPHI19520400110061400 00005  1500 00001  1600 00002  1700 00001  1900 00001  2500 00010  
HPD02096600HPCPHI19520400200061000 00009  1100 00016  1300 00003  1400 00002  1600 00007  2500 00037  
HPD02096600HPCPHI19520400240032100 00003  2200 00002  2500 00005  
HPD02096600HPCPHI19520400250050400 00006  0500 00005  0600 00001  0700 00008  2500 00020  
HPD02096600HPCPHI19520500010020100 00000g 2500 00000  
HPD02096600HPCPHI19520600010020100 00000g 2500 00000  
HPD02096600HPCPHI19520600020150100 00027  0200 00003  0300 00005  0400 00009  0500 00008  0600 00007  0700 00005  0800 00025  0900 00028  1000 00015  1100 00005  1200 00007  1300 00015  1400 00010  2500 00169  
HPD02096600HPCPHI19520600180031700 00006  1800 00005  2500 00011  
HPD02096600HPCPHI19520700010020100 00000g 2500 00000  
HPD02096600HPCPHI19520700060061700 00008  2100 00002  2200 00018  2300 00016  2400 00004  2500 00048  
HPD02096600HPCPHI19520700080021700 00017  2500 00017  
HPD02096600HPCPHI19520700150021700 00019  2500 00019  
HPD02096600HPCPHI19520700200022000 00005  2500 00005  
HPD02096600HPCPHI19520700210051800 00004  1900 00003  2000 00003  2100 00005  2500 00015  
HPD02096600HPCPHI19520700230031900 00006  2000 00006  2500 00012  
HPD02096600HPCPHI19520700300021800 00002  2500 00002  
HPD02096600HPCPHI19520800010030100 00000g 1900 00006  2500 00006  
HPD02096600HPCPHI19520800040031900 00012  2000 00009  2500 00021  
HPD02096600HPCPHI19520800110031500 00036  1600 00009  2500 00045  
HPD02096600HPCPHI19520800120021900 00007  2500 00007  
HPD02096600HPCPHI19520800140021400 00074  2500 00074  
HPD02096600HPCPHI19520800160032300 00005  2400 00007  2500 00012  
HPD02096600HPCPHI19520800170030100 00003  0200 00003  2500 00006  
HPD02096600HPCPHI19520900010020100 00000g 2500 00000  
HPD02096600HPCPHI19520900210031900 00003  2000 00002  2500 00005  
HPD02096600HPCPHI19520900280021100 00006  2500 00006  
HPD02096600HPCPHI19520900290021400 00004  2500 00004  
HPD02096600HPCPHI19521000010020100 00000g 2500 00000  
HPD02096600HPCPHI19521100010020100 00000g 2500 00000  
HPD02096600HPCPHI19521100080031200 00005  1500 00006  2500 00011  
HPD02096600HPCPHI19521100090041200 00005  1300 00009  1400 00004  2500 00018  
HPD02096600HPCPHI19521100240050600 00004  0700 00015  0800 00002  0900 00007  2500 00028  
HPD02096600HPCPHI19521100300081000 00005  1200 00003  1400 00001  1500 00007  1600 00004  1700 00010  1800 00005  2500 00035  
HPD02096600HPCPHI19521200010020100 00000g 2500 00000  
HPD02096600HPCPHI19521200170051500 00003  1600 00002  1700 00003  1800 00008  2500 00016  
HPD02096600HPCPHI19521200210020200 00008  2500 00008  
HPD02096600HPCPHI19530100010020100 00000g 2500 00000  
HPD02096600HPCPHI19530200010020100 00000g 2500 00000  
HPD02096600HPCPHI19530200090032200 00004  2300 00003  2500 00007  
HPD02096600HPCPHI19530200240021100 00004  2500 00004  
HPD02096600HPCPHI19530200250030900 00002  1000 00005  2500 00007  
HPD02096600HPCPHI19530200280121000 00003  1100 00006  1200 00009  1300 00004  1400 00008  1500 00011  1600 00014  1700 00005  1800 00002  1900 00002  2000 00002  2500 00066  
HPD02096600HPCPHI19530300010020100 00000g 2500 00000  
HPD02096600HPCPHI19530300020091300 00002  1400 00001  1500 00005  1600 00003  1700 00003  1800 00002  1900 00004  2300 00003  2500 00023  
HPD02096600HPCPHI19530300030100200 00001  0300 00001  0600 00001  0700 00001  0800 00001  0900 00008  1000 00005  1300 00002  1500 00001  2500 00021  
HPD02096600HPCPHI19530300070051800 00005  1900 00015  2300 00002  2400 00002  2500 00024  
HPD02096600HPCPHI19530300080090400 00002  0500 00002  0700 00001  0800 00001  1100 00001  1200 00001  1700 00001  1900 00001  2500 00010  
HPD02096600HPCPHI19530300090022200 00004  2500 00004  
HPD02096600HPCPHI19530400010020100 00000g 2500 00000  
HPD02096600HPCPHI19530400230021200 00001  2500 00001  
HPD02096600HPCPHI19530400280041000 00002  1100 00003  1400 00002  2500 00007  
HPD02096600HPCPHI19530500010020100 00000g 2500 00000  
HPD02096600HPCPHI19530500160020700 00002  2500 00002  
HPD02096600HPCPHI19530600010020100 00000g 2500 00000  
HPD02096600HPCPHI19530600110051900 00038  2000 00053  2100 00011  2200 00003  2500 00105  
HPD02096600HPCPHI19530600120030100 00002  1900 00052  2500 00054  
HPD02096600HPCPHI19530700010020100 00000g 2500 00000  
HPD02096600HPCPHI19530700050020600 00004  2500 00004  
HPD02096600HPCPHI19530700080031700 00009  1800 00016  2500 00025  
HPD02096600HPCPHI19530700120061900 00007  2000 00010  2100 00001  2200 00001  2400 00001  2500 00020  
HPD02096600HPCPHI19530700140021700 00006  2500 00006  
HPD02096600HPCPHI19530700150051600 00003  1700 00031  1800 00005  1900 00003  2500 00042  
HPD02096600HPCPHI19530700160021300 00007  2500 00007  
HPD02096600HPCPHI19530700170031600 00007  1700 00004  2500 00011  
HPD02096600HPCPHI19530700250031900 00002  2100 00002  2500 00004  
HPD02096600HPCPHI19530700260040200 00022  0300 00001  0400 00002  2500 00025  
HPD02096600HPCPHI19530800010020100 00000g 2500 00000  
HPD02096600HPCPHI19530800120022200 00004  2500 00004  
HPD02096600HPCPHI19530800260031500 00003  1600 00008  2500 00011  
HPD02096600HPCPHI19530900010020100 00000g 2500 00000  
HPD02096600HPCPHI19531000010020100 00000g 2500 00000  
HPD02096600HPCPHI19531000200021800 00003  2500 00003  
HPD02096600HPCPHI19531000290040400 00004  0500 00012  0800 00002  2500 00018  
HPD02096600HPCPHI19531100010020100 00000g 2500 00000  
HPD02096600HPCPHI19531100180031100 00003  1200 00002  2500 00005  
HPD02096600HPCPHI19531200010020100 00000g 2500 00000  
HPD02096600HPCPHI19531200220021400 00005  2500 00005  
HPD02096600HPCPHI19540100010020100 00000g 2500 00000  
HPD02096600HPCPHI19540100130061500 00002  1900 00004  2200 00008  2300 00006  2400 00004  2500 00024  
HPD02096600HPCPHI19540100140060100 00002  0200 00001  0300 00001  0400 00001  0500 00001  2500 00006  
HPD02096600HPCPHI19540100200110500 00002  0600 00003  0700 00003  0800 00002  1100 00016  1200 00003  1900 00002  2000 00004  2200 00007  2300 00002  2500 00044  
HPD02096600HPCPHI19540100210020100 00003  2500 00003  
HPD02096600HPCPHI19540200010020100 00000g 2500 00000  
HPD02096600HPCPHI19540200090031800 00002  1900 00003  2500 00005  
HPD02096600HPCPHI19540200140041800 00002  1900 00011  2000 00004  2500 00017  
HPD02096600HPCPHI19540200150060400 00002  0500 00006  0700 00005  0800 00004  1300 00002  2500 00019  
HPD02096600HPCPHI19540200160060400 00002  0500 00006  0700 00005  0800 00004  1300 00002  2500 00019  
HPD02096600HPCPHI19540300010020100 00000g 2500 00000  
HPD02096600HPCPHI19540300030052100 00007  2200 00007  2300 00001  2400 00010  2500 00025  
HPD02096600HPCPHI19540300040070100 00004  0200 00006  0400 00005  0500 00010  1300 00001  1400 00006  2500 00032  
HPD02096600HPCPHI19540300220170300 00005  0400 00002  0500 00005  0600 00007  0700 00007  0800 00005  0900 00006  1000 00005  1100 00001  1200 00003  1300 00001  1400 00002  1500 00001  1700 00003  1800 00002  1900 00001  2500 00056  
HPD02096600HPCPHI19540300230100400 00004  1000 00007  1100 00013  1200 00002  1500 00014  1700 00001  1800 00005  1900 00003  2000 00008  2500 00057  
HPD02096600HPCPHI19540300240041200 00002  1300 00003  1600 00002  2500 00007  
HPD02096600HPCPHI19540400010020100 00000g 2500 00000  
HPD02096600HPCPHI19540500010020100 00000g 2500 00000  
HPD02096600HPCPHI19540500180021700 00005  2500 00005  
HPD02096600HPCPHI19540500190031900 00015  2000 00005  2500 00020  
HPD02096600HPCPHI19540500200021600 00006  2500 00006  
HPD02096600HPCPHI19540500210031300 00002  1400 00001  2500 00003  
HPD02096600HPCPHI19540600010020100 00000g 2500 00000  
HPD02096600HPCPHI19540600250021300 00027  2500 00027  
HPD02096600HPCPHI19540600260020300 00005  2500 00005  
HPD02096600HPCPHI19540600300020600 00012  2500 00012  
HPD02096600HPCPHI19540700010030100 00000g 1500 00003  2500 00003  
HPD02096600HPCPHI19540700070041700 00030  1800 00010  1900 00004  2500 00044  
HPD02096600HPCPHI19540700120021500 00005  2500 00005  
HPD02096600HPCPHI19540700160031200 00012  1500 00002  2500 00014  
HPD02096600HPCPHI19540700200022100 00005  2500 00005  
HPD02096600HPCPHI19540700210041100 00002  1900 00017  2000 00009  2500 00028  
HPD02096600HPCPHI19540700220031200 00008  1300 00006  2500 00014  
HPD02096600HPCPHI19540700230060300 00003  0500 00005  0600 00016  0700 00007  0900 00005  2500 00036  
HPD02096600HPCPHI19540800010020100 00000g 2500 00000  
HPD02096600HPCPHI19540800030041800 00028  2100 00001  2200 00002  2500 00031  
HPD02096600HPCPHI19540800040031100 00003  1200 00010  2500 00013  
HPD02096600HPCPHI19540800050040500 00008  0700 00002  0800 00003  2500 00013  
HPD02096600HPCPHI19540800090042200 00007  2300 00018  2400 00008  2500 00033  
HPD02096600HPCPHI19540800120070200 00004  0300 00005  0400 00003  0600 00007  0700 00006  1200 00007  2500 00032  
HPD02096600HPCPHI19540800170021200 00010  2500 00010  
HPD02096600HPCPHI19540900010040100 00000g 1800 00080  1900 00054  2500 00134  
HPD02096600HPCPHI19540900120021500 00004  2500 00004  
HPD02096600HPCPHI19540900240042200 00004  2300 00003  2400 00011  2500 00018  
HPD02096600HPCPHI19540900250030100 00006  0200 00009  2500 00015  
HPD02096600HPCPHI19541000010020100 00000g 2500 00000  
HPD02096600HPCPHI19541000050031800 00018  1900 00017  2500 00035  
HPD02096600HPCPHI19541100010020100 00000g 2500 00000  
HPD02096600HPCPHI19541200010020100 00000g 2500 00000  
HPD02096600HPCPHI19550100010020100 00000g 2500 00000  
HPD02096600HPCPHI19550100020061700 00001  1800 00002  1900 00003  2200 00004  2400 00002  2500 00012  
HPD02096600HPCPHI19550100030050100 00001  1400 00004  2300 00002  2400 00007  2500 00014  
HPD02096600HPCPHI19550100040040100 00005  0200 00004  0400 00001  2500 00010  
HPD02096600HPCPHI19550100140020100 99999[ 2500 00000I 
HPD02096600HPCPHI19550100150021000 99999] 2500 00000I 
HPD02096600HPCPHI19550200010020100 00000g 2500 00000  
HPD02096600HPCPHI19550200170052100 00006  2200 00004  2300 00002  2400 00001  2500 00013  
HPD02096600HPCPHI19550200180030700 00004  0800 00001  2500 00005  
HPD02096600HPCPHI19550300010020100 00000g 2500 00000  
HPD02096600HPCPHI19550300180032000 99999a 2400 00004A 2500 00004  
HPD02096600HPCPHI19550400010020100 00000g 2500 00000  
HPD02096600HPCPHI19550500010020100 00000g 2500 00000  
HPD02096600HPCPHI19550500080021200 00001  2500 00001  
HPD02096600HPCPHI19550600010020100 00000g 2500 00000  
HPD02096600HPCPHI19550600120040200 00007  0300 00008  0400 00004  2500 00019  
HPD02096600HPCPHI19550700010020100 00000g 2500 00000  
HPD02096600HPCPHI19550700100022400 00003  2500 00003  
HPD02096600HPCPHI19550700130031700 00004  2000 00002  2500 00006  
HPD02096600HPCPHI19550700170031700 00006  1800 00005  2500 00011  
HPD02096600HPCPHI19550700210032000 00003  2100 00003  2500 00006  
HPD02096600HPCPHI19550700220031600 00006  1700 00130  2500 00136  
HPD02096600HPCPHI19550700230050200 00005  0300 00007  0400 00006  1600 00003  2500 00021  
HPD02096600HPCPHI19550700240031100 00004  1300 00005  2500 00009  
HPD02096600HPCPHI19550700250030100 00003  0200 00005  2500 00008  
HPD02096600HPCPHI19550700260021000 00015  2500 00015  
HPD02096600HPCPHI19550700270022200 00004  2500 00004  
HPD02096600HPCPHI19550700290051500 00009  1900 00111  2100 00005  2200 00005  2500 00130  
HPD02096600HPCPHI19550800010020100 00000g 2500 00000  
HPD02096600HPCPHI19550800030021700 00003  2500 00003  
HPD02096600HPCPHI19550800090031800 00010  1900 00005  2500 00015  
HPD02096600HPCPHI19550800230031300 00023  1400 00019  2500 00042  
HPD02096600HPCPHI19550800270021800 00064  2500 00064  
HPD02096600HPCPHI19550900010020100 00000g 2500 00000  
HPD02096600HPCPHI19551000010020100 00000g 2500 00000  
HPD02096600HPCPHI19551000030031500 00008  1600 00003  2500 00011  
HPD02096600HPCPHI19551000040060300 00021  0400 00009  0500 00003  0600 00001  0700 00001  2500 00035  
HPD02096600HPCPHI19551100010020100 00000g 2500 00000  
HPD02096600HPCPHI19551200010020100 00000g 2500 00000  
HPD02096600HPCPHI19551200020041700 00008  1800 00007  1900 00002  2500 00017  
HPD02096600HPCPHI19560100010020100 00000g 2500 00000  
HPD02096600HPCPHI19560100160032100 00004  2200 00003  2500 00007  
HPD02096600HPCPHI19560100210031100 00003  1200 00002  2500 00005  
HPD02096600HPCPHI19560100290040100 00014  0200 00007  0300 00006  2500 00027  
HPD02096600HPCPHI19560200010020100 00000g 2500 00000  
HPD02096600HPCPHI19560200080022300 00005  2500 00005  
HPD02096600HPCPHI19560200090040900 00002  1200 00001  1300 00010  2500 00013  
HPD02096600HPCPHI19560300010020100 00000g 2500 00000  
HPD02096600HPCPHI19560400010020100 00000g 2500 00000  
HPD02096600HPCPHI19560400020050200 00006  0300 00001  1000 00006  1100 00001  2500 00014  
HPD02096600HPCPHI19560500010020100 00000g 2500 00000  
HPD02096600HPCPHI19560500200041600 00005  1700 00020  1800 00011  2500 00036  
HPD02096600HPCPHI19560600010020100 00000g 2500 00000  
HPD02096600HPCPHI19560600100031500 00005  1600 00005  2500 00010  
HPD02096600HPCPHI19560600300021500 00093  2500 00093  
HPD02096600HPCPHI19560700010030100 00000g 1800 00055  2500 00055  
HPD02096600HPCPHI19560700130031100 00005  1200 00008  2500 00013  
HPD02096600HPCPHI19560700150021700 00025  2500 00025  
HPD02096600HPCPHI19560700190032200 00020  2300 00005  2500 00025  
HPD02096600HPCPHI19560700230061900 00002  2000 00009  2100 00007  2200 00007  2300 00001  2500 00026  
HPD02096600HPCPHI19560700240030600 00005  2400 00008  2500 00013  
HPD02096600HPCPHI19560700250020100 00002  2500 00002  
HPD02096600HPCPHI19560800010040100 00000g 1200 99999a 1700 00240A 2500 00240  
HPD02096600HPCPHI19560800120022400 00003  2500 00003  
HPD02096600HPCPHI19560800130020100 00007  2500 00007  
HPD02096600HPCPHI19560800150031500 00039  1900 00003  2500 00042  
HPD02096600HPCPHI19560900010020100 00000g 2500 00000  
HPD02096600HPCPHI19561000010030100 00000g 1100 00005  2500 00005  
HPD02096600HPCPHI19561000280032300 00002  2400 00001  2500 00003  
HPD02096600HPCPHI19561000290030300 00002  1100 00010  2500 00012  
HPD02096600HPCPHI19561100010020100 00000g 2500 00000  
HPD02096600HPCPHI19561200010020100 00000g 2500 00000  
HPD02096600HPCPHI19561200070022400 00004  2500 00004  
HPD02096600HPCPHI19561200080020100 00002  2500 00002  
HPD02096600HPCPHI19561200100070100 00004  0200 00001  0300 00001  0400 00001  0600 00001  0700 00002  2500 00010  
HPD02096600HPCPHI19561200220030600 99999a 1200 00012A 2500 00012  
HPD02096600HPCPHI19570100010020100 00000g 2500 00000  
HPD02096600HPCPHI19570100030100900 00003  1000 00005  1100 00014  1200 00002  1300 00002  1500 00008  1800 00005  1900 00013  2000 00001  2500 00053  
HPD02096600HPCPHI19570100040030200 99999a 0600 00007A 2500 00007  
HPD02096600HPCPHI19570100070041800 00002  1900 00005  2000 00001  2500 00008  
HPD02096600HPCPHI19570100080110100 00002  0200 00001  0300 00001  0400 00005  0500 00007  0600 00015  0700 00008  1800 00001  1900 00001  2200 00004  2500 00045  
HPD02096600HPCPHI19570100090110100 00003  0300 00003  0400 00014  0500 00013  0600 00007  0700 00005  0800 00005  0900 00013  1000 00004  1100 00001  2500 00068  
HPD02096600HPCPHI19570100100050500 00002  0700 00007  0800 00003  0900 00001  2500 00013  
HPD02096600HPCPHI19570100280030200 99999a 0600 00004A 2500 00004  
HPD02096600HPCPHI19570200010020100 00000g 2500 00000  
HPD02096600HPCPHI19570200030022400 00003  2500 00003  
HPD02096600HPCPHI19570200040030100 00001  0200 00002  2500 00003  
HPD02096600HPCPHI19570200170032300 00002  2400 00001  2500 00003  
HPD02096600HPCPHI19570200180040100 00002  0200 00010  0300 00003  2500 00015  
HPD02096600HPCPHI19570200210052100 00001  2200 00001  2300 00002  2400 00004  2500 00008  
HPD02096600HPCPHI19570200220060100 00005  0200 00010  0300 00007  0400 00002  0500 00002  2500 00026  
HPD02096600HPCPHI19570300010020100 00000g 2500 00000  
HPD02096600HPCPHI19570300100021200 00008  2500 00008  
HPD02096600HPCPHI19570300190101600 00010  1700 00008  1800 00011  1900 00005  2000 00008  2100 00003  2200 00003  2300 00020  2400 00006  2500 00074  
HPD02096600HPCPHI19570400010020100 00000g 2500 00000  
HPD02096600HPCPHI19570400220040200 00005  0300 00002  0900 00003  2500 00010  
HPD02096600HPCPHI19570400290021800 00010  2500 00010  
HPD02096600HPCPHI19570500010020100 00000g 2500 00000  
HPD02096600HPCPHI19570500050031700 00030  1900 00010  2500 00040  
HPD02096600HPCPHI19570600010020100 00000g 2500 00000  
HPD02096600HPCPHI19570600100021800 00010  2500 00010  
HPD02096600HPCPHI19570600280031800 00070  1900 00010  2500 00080  
HPD02096600HPCPHI19570700010020100 00000g 2500 00000  
HPD02096600HPCPHI19570700080032100 00010  2200 00003  2500 00013  
HPD02096600HPCPHI19570700090052100 00025  2200 00025  2300 00015  2400 00002  2500 00067  
HPD02096600HPCPHI19570700120021400 00002  2500 00002  
HPD02096600HPCPHI19570700170030800 00008  0900 00007  2500 00015  
HPD02096600HPCPHI19570700180050700 00005  0800 00067  0900 00002  1000 00005  2500 00079  
HPD02096600HPCPHI19570700250040700 00003  1000 00009  1100 00002  2500 00014  
HPD02096600HPCPHI19570800010020100 00000g 2500 00000  
HPD02096600HPCPHI19570800050041900 00025  2000 00028  2100 00057  2500 00110  
HPD02096600HPCPHI19570800100020300 00005  2500 00005  
HPD02096600HPCPHI19570800110031800 00080  1900 00039  2500 00119  
HPD02096600HPCPHI19570800140031600 00026  1700 00011  2500 00037  
HPD02096600HPCPHI19570800190031500 00010  1900 00005  2500 00015  
HPD02096600HPCPHI19570800200041000 00005  1200 00010  1800 00014  2500 00029  
HPD02096600HPCPHI19570800220031700 00012  1800 00002  2500 00014  
HPD02096600HPCPHI19570800290051600 00007  1700 00004  1800 00007  1900 00003  2500 00021  
HPD02096600HPCPHI19570800300030100 00175  0200 00017  2500 00192  
HPD02096600HPCPHI19570900010020100 00000g 2500 00000  
HPD02096600HPCPHI19570900060031800 00014  1900 00006  2500 00020  
HPD02096600HPCPHI19571000010020100 00000g 2500 00000  
HPD02096600HPCPHI19571000050041700 00005  1800 00005  1900 00005  2500 00015  
HPD02096600HPCPHI19571000110032300 00005  2400 00005  2500 00010  
HPD02096600HPCPHI19571000120090100 00002  0200 00002  0300 00001  0400 00003  0500 00003  0600 00004  0700 00007  0800 00004  2500 00026  
HPD02096600HPCPHI19571000140030400 99999[ 1200 99999] 2500 00000I 
HPD02096600HPCPHI19571000220030700 99999[ 1100 99999] 2500 00000I 
HPD02096600HPCPHI19571100010020100 00000g 2500 00000  
HPD02096600HPCPHI19571100150052100 00007  2200 00004  2300 00004  2400 00001  2500 00016  
HPD02096600HPCPHI19571100160020100 00002  2500 00002  
HPD02096600HPCPHI19571100170031200 00006  1300 00005  2500 00011  
HPD02096600HPCPHI19571200010020100 00000g 2500 00000  
HPD02096600HPCPHI19571200050120400 00002  0500 00002  0600 00002  0700 00003  0800 00002  0900 00001  1000 00005  1100 00009  1200 00001  1300 00001  1400 00001  2500 00029  
HPD02096600HPCPHI19571200150041700 00006  1800 00002  1900 00003  2500 00011  
HPD02096600HPCPHI19580100010020100 00000g 2500 00000  
HPD02096600HPCPHI19580200010020100 00000g 2500 00000  
HPD02096600HPCPHI19580200040091400 00010  1500 00011  1600 00019  1700 00003  1800 00002  2100 00010  2200 00005  2300 00005  2500 00065  
HPD02096600HPCPHI19580200050040100 00002  0200 00007  0300 00003  2500 00012  
HPD02096600HPCPHI19580200200071600 00003  1700 00004  1800 00003  1900 00001  2300 00002  2400 00002  2500 00015  
HPD02096600HPCPHI19580200210060100 00004  0200 00001  0300 00002  0400 00003  0700 00005  2500 00015  
HPD02096600HPCPHI19580200250032300 00005  2400 00003  2500 00008  
HPD02096600HPCPHI19580200260030700 00004  0800 00003  2500 00007  
HPD02096600HPCPHI19580300010020100 00000g 2500 00000  
HPD02096600HPCPHI19580300030042200 00004  2300 00003  2400 00008  2500 00015  
HPD02096600HPCPHI19580300040130100 00004  0200 00002  0300 00008  0400 00002  0500 00002  0600 00003  0700 00002  0800 00004  0900 00007  1000 00003  1800 00010  1900 00005  2500 00052  
HPD02096600HPCPHI19580300060030500 00005  0600 00005  2500 00010  
HPD02096600HPCPHI19580300070100100 00007  0600 00003  0700 00005  0800 00004  1000 00004  1100 00002  1200 00007  1300 00003  1400 00003  2500 00038  
HPD02096600HPCPHI19580300110091500 00007  1600 00005  1900 00001  2000 00004  2100 00005  2200 00001  2300 00001  2400 00002  2500 00026  
HPD02096600HPCPHI19580300120070700 00002  0800 00003  0900 00005  1000 00009  1100 00002  1200 00002  2500 00023  
HPD02096600HPCPHI19580300130030100 00001  0200 00005  2500 00006  
HPD02096600HPCPHI19580300160051900 00002  2000 00002  2100 00002  2200 00002  2500 00008  
HPD02096600HPCPHI19580300220070200 00001  0300 00001  0400 00001  0500 00001  0600 00021  0700 00003  2500 00028  
HPD02096600HPCPHI19580300280020600 00010  2500 00010  
HPD02096600HPCPHI19580400010020100 00000g 2500 00000  
HPD02096600HPCPHI19580400080040300 00005  1200 00003  1500 00002  2500 00010  
HPD02096600HPCPHI19580400160060600 00006  0700 00005  0800 00013  0900 00009  1000 00002  2500 00035  
HPD02096600HPCPHI19580500010060100 00000g 1500 00020  1600 00002  1700 00001  1900 00002  2500 00025  
HPD02096600HPCPHI19580500250031800 00006  1900 00003  2500 00009  
HPD02096600HPCPHI19580600010020100 00000g 2500 00000  
HPD02096600HPCPHI19580600280031600 00006  1700 00006  2500 00012  
HPD02096600HPCPHI19580600290031600 00060  1700 00035  2500 00095  
HPD02096600HPCPHI19580700010020100 00000g 2500 00000  
HPD02096600HPCPHI19580700050021500 00015  2500 00015  
HPD02096600HPCPHI19580700140031300 00012  1400 00003  2500 00015  
HPD02096600HPCPHI19580700170022400 00040  2500 00040  
HPD02096600HPCPHI19580700180090100 00007  0200 00028  0300 00004  0400 00006  0500 00003  0600 00001  0700 00001  1500 00049  2500 00099  
HPD02096600HPCPHI19580700280061900 00005  2100 00004  2200 00003  2300 00031  2400 00007  2500 00050  
HPD02096600HPCPHI19580800010020100 00000g 2500 00000  
HPD02096600HPCPHI19580800030032200 00059  2300 00009  2500 00068  
HPD02096600HPCPHI19580800040020200 00008  2500 00008  
HPD02096600HPCPHI19580800090031800 00057  1900 00008  2500 00065  
HPD02096600HPCPHI19580800170030400 00013  0500 00002  2500 00015  
HPD02096600HPCPHI19580800200061200 00003  1300 00002  1400 00008  1500 00006  1600 00001  2500 00020  
HPD02096600HPCPHI19580800290020400 00005  2500 00005  
HPD02096600HPCPHI19580900010070100 00000g 1800 00006  1900 00001  2000 00005  2100 00003  2200 00002  2500 00017  
HPD02096600HPCPHI19580900110040100 00010  0200 00005  1400 00005  2500 00020  
HPD02096600HPCPHI19580900120061900 00009  2000 00001  2100 00001  2200 00003  2300 00002  2500 00016  
HPD02096600HPCPHI19580900130030200 00013  0300 00002  2500 00015  
HPD02096600HPCPHI19580900220111100 00005  1400 00010  1500 00005  1600 00005  1700 00001  1800 00002  1900 00004  2000 00004  2100 00010  2200 00002  2500 00048  
HPD02096600HPCPHI19580900230060300 00002  0400 00001  0500 00001  0600 00001  0700 00004  2500 00009  
HPD02096600HPCPHI19581000010020100 00000g 2500 00000  
HPD02096600HPCPHI19581000040071900 00005  2000 00018  2100 00006  2200 00005  2300 00004  2400 00002  2500 00040  
HPD02096600HPCPHI19581000050070100 00010  0200 00017  0300 00003  0400 00012  0500 00009  0600 00005  2500 00056  
HPD02096600HPCPHI19581000270031800 00005  1900 00001  2500 00006  
HPD02096600HPCPHI19581100010020100 00000g 2500 00000  
HPD02096600HPCPHI19581100160050800 00005  0900 00005  1000 00002  1900 00005  2500 00017  
HPD02096600HPCPHI19581200010020100 00000g 2500 00000  
HPD02096600HPCPHI19590100010020100 00000g 2500 00000  
HPD02096600HPCPHI19590200010020100 00000g 2500 00000  
HPD02096600HPCPHI19590200020031700 99999a 2100 00007A 2500 00007  
HPD02096600HPCPHI19590200080062000 00009  2100 00007  2200 00009  2300 00001  2400 00001  2500 00027  
HPD02096600HPCPHI19590200090080100 00001  0200 00003  0300 00004  0400 00008  0500 00017  0600 00008  0700 00007  2500 00048  
HPD02096600HPCPHI19590200210071100 00004  1200 00001  1300 00001  1400 00001  2200 00001  2400 00002  2500 00010  
HPD02096600HPCPHI19590200220040200 00001  0600 00001  0700 00001  2500 00003  
HPD02096600HPCPHI19590300010020100 00000g 2500 00000  
HPD02096600HPCPHI19590400010020100 00000g 2500 00000  
HPD02096600HPCPHI19590500010020100 00000g 2500 00000  
HPD02096600HPCPHI19590600010020100 00000g 2500 00000  
HPD02096600HPCPHI19590700010020100 00000g 2500 00000  
HPD02096600HPCPHI19590700040020200 00007  2500 00007  
HPD02096600HPCPHI19590700170021800 00040  2500 00040  
HPD02096600HPCPHI19590700180022000 00020  2500 00020  
HPD02096600HPCPHI19590700210021600 00092  2500 00092  
HPD02096600HPCPHI19590700280052100 00011  2200 00008  2300 00003  2400 00006  2500 00028  
HPD02096600HPCPHI19590700290052000 00035  2100 00014  2200 00002  2300 00002  2500 00053  
HPD02096600HPCPHI19590800010020100 00000g 2500 00000  
HPD02096600HPCPHI19590800020052100 00036  2200 00014  2300 00007  2400 00003  2500 00060  
HPD02096600HPCPHI19590800060040900 00067  1000 00015  1200 00004  2500 00086  
HPD02096600HPCPHI19590800110020500 00005  2500 00005  
HPD02096600HPCPHI19590800150030600 00005  0700 00006  2500 00011  
HPD02096600HPCPHI19590800180041700 00005  1800 00014  1900 00001  2500 00020  
HPD02096600HPCPHI19590800230032100 00050  2200 00010  2500 00060  
HPD02096600HPCPHI19590800240042200 00007  2300 00016  2400 00014  2500 00037  
HPD02096600HPCPHI19590800250022100 00008  2500 00008  
HPD02096600HPCPHI19590800260021400 00005  2500 00005  
HPD02096600HPCPHI19590900010020100 00000g 2500 00000  
HPD02096600HPCPHI19590900150022000 00012  2500 00012  
HPD02096600HPCPHI19591000010020100 00000g 2500 00000  
HPD02096600HPCPHI19591000290091200 00005  1300 00006  1600 00004  1700 00005  1800 00001  1900 00002  2000 00001  2400 00005  2500 00029  
HPD02096600HPCPHI19591000300070100 00019  0200 00001  2100 00002  2200 00002  2300 00002  2400 00003  2500 00029  
HPD02096600HPCPHI19591000310160500 00004  0600 00006  0700 00004  0800 00015  0900 00013  1000 00011  1100 00002  1200 00001  1300 00002  1400 00004  1500 00004  1600 00001  1700 00001  1800 00002  1900 00001  2500 00071  
HPD02096600HPCPHI19591100010020100 00000g 2500 00000  
HPD02096600HPCPHI19591100140091400 00003  1500 00004  1600 00006  1800 00009  1900 00004  2000 00005  2100 00003  2200 00001  2500 00035  
HPD02096600HPCPHI19591100150040200 00006  0300 00002  0400 00003  2500 00011  
HPD02096600HPCPHI19591200010020100 00000g 2500 00000  
HPD02096600HPCPHI19591200090140600 00005  0700 00005  0800 00006  0900 00004  1000 00001  1500 00001  1700 00001  1800 00001  1900 00003  2000 00001  2100 00001  2200 00001  2400 00001  2500 00031  
HPD02096600HPCPHI19591200240061600 00005  1800 00006  1900 00004  2100 00005  2200 00005  2500 00025  
HPD02096600HPCPHI19591200250060500 00001  0600 00010  0700 00019  0900 00003  2300 00003  2500 00036  
HPD02096600HPCPHI19591200260040200 00003  0300 00002  0400 00001  2500 00006  
HPD02096600HPCPHI19591200310031600 99999[ 2200 99999] 2500 00000I 
HPD02096600HPCPHI19600100010070100 00000g 0300 00002  0400 00003  2200 00006  2300 00005  2400 00001  2500 00017  
HPD02096600HPCPHI19600100020030100 00003  0200 00005  2500 00008  
HPD02096600HPCPHI19600100100061900 00003  2000 00004  2100 00004  2200 00003  2400 00001  2500 00015  
HPD02096600HPCPHI19600100110130100 00004  0200 00005  0300 00006  0400 00002  0500 00004  0600 00005  0700 00001  1500 00004  1600 00008  1700 00003  1800 00010  1900 00004  2500 00056  
HPD02096600HPCPHI19600100120031100 00003  1200 00002  2500 00005  
HPD02096600HPCPHI19600200010020100 00000g 2500 00000  
HPD02096600HPCPHI19600200100032200 00003  2300 00014  2500 00017  
HPD02096600HPCPHI19600300010020100 00000g 2500 00000  
HPD02096600HPCPHI19600300230042200 00005  2300 00012  2400 00003  2500 00020  
HPD02096600HPCPHI19600400010020100 00000g 2500 00000  
HPD02096600HPCPHI19600500010020100 00000g 2500 00000  
HPD02096600HPCPHI19600500050030600 00004  0700 00003  2500 00007  
HPD02096600HPCPHI19600600010020100 00000g 2500 00000  
HPD02096600HPCPHI19600700010020100 00000g 2500 00000  
HPD02096600HPCPHI19600700030041300 00040  1400 00010  1500 00005  2500 00055  
HPD02096600HPCPHI19600700130041600 00025  1700 00019  1800 00001  2500 00045  
HPD02096600HPCPHI19600700140031900 00037  2000 00003  2500 00040  
HPD02096600HPCPHI19600700240032300 00005  2400 00002  2500 00007  
HPD02096600HPCPHI19600700250040200 00003  0300 00035  0400 00035  2500 00073  
HPD02096600HPCPHI19600700290052000 00050  2100 00010  2200 00016  2300 00003  2500 00079  
HPD02096600HPCPHI19600800010020100 00000g 2500 00000  
HPD02096600HPCPHI19600800040051900 00050  2000 00010  2100 00005  2200 00005  2500 00070  
HPD02096600HPCPHI19600800200051900 00055  2000 00102  2100 00003  2200 00004  2500 00164  
HPD02096600HPCPHI19600800310051300 00025  1400 00004  1800 00010  1900 00001  2500 00040  
HPD02096600HPCPHI19600900010020100 00000g 2500 00000  
HPD02096600HPCPHI19600900060031500 00004  1600 00001  2500 00005  
HPD02096600HPCPHI19600900090052000 00010  2100 00015  2200 00002  2300 00008  2500 00035  
HPD02096600HPCPHI19601000010020100 00000g 2500 00000  
HPD02096600HPCPHI19601000080022400 00015  2500 00015  
HPD02096600HPCPHI19601000090080100 00005  0200 00022  0300 00023  0400 00005  0500 00005  0600 00005  0700 00003  2500 00068  
HPD02096600HPCPHI19601000150030200 00009  0300 00003  2500 00012  
HPD02096600HPCPHI19601100010020100 00000g 2500 00000  
HPD02096600HPCPHI19601200010020100 00000g 2500 00000  
HPD02096600HPCPHI19601200030041500 00003  1600 00001  1700 00004  2500 00008  
HPD02096600HPCPHI19601200140030900 00003  1000 00005  2500 00008  
HPD02096600HPCPHI19601200300070200 00001  0300 00005  0400 00001  0500 00001  0600 00001  0700 00001  2500 00010  
HPD02096600HPCPHI19610100010020100 00000g 2500 00000  
HPD02096600HPCPHI19610100230032300 00001  2400 00002  2500 00003  
HPD02096600HPCPHI19610100240250100 00004  0200 00004  0300 00002  0400 00004  0500 00004  0600 00001  0700 00001  0800 00002  0900 00001  1000 00001  1100 00001  1200 00003  1300 00001  1400 00001  1500 00002  1600 00001  1700 00001  1800 00001  1900 00002  2000 00001  2100 00001  2200 00002  2300 00001  2400 00001  2500 00043  
HPD02096600HPCPHI19610100250040100 00001  0200 00001  0300 00001  2500 00003  
HPD02096600HPCPHI19610100270100300 00007  0400 00013  0500 00005  0600 00010  0700 00015  0800 00005  0900 00004  1000 00003  1100 00003  2500 00065  
HPD02096600HPCPHI19610100310030100 99999[ 2400 99999] 2500 00000I 
HPD02096600HPCPHI19610200010020100 99999[ 2500 00000I 
HPD02096600HPCPHI19610200280022400 99999] 2500 00000I 
HPD02096600HPCPHI19610300010020100 00000g 2500 00000  
HPD02096600HPCPHI19610300310030100 99999[ 2400 99999] 2500 00000I 
HPD02096600HPCPHI19610400010020100 00000g 2500 00000  
HPD02096600HPCPHI19610400300030100 99999[ 2400 99999] 2500 00000I 
HPD02096600HPCPHI19610500010020100 00000g 2500 00000  
HPD02096600HPCPHI19610600010020100 00000g 2500 00000  
HPD02096600HPCPHI19610600230021700 00010  2500 00010  
HPD02096600HPCPHI19610700010020100 00000g 2500 00000  
HPD02096600HPCPHI19610700020022400 00005  2500 00005  
HPD02096600HPCPHI19610700030040100 00001  0200 00001  0300 00003  2500 00005  
HPD02096600HPCPHI19610700140071700 00005  1800 00001  1900 00001  2000 00037  2100 00017  2200 00004  2500 00065  
HPD02096600HPCPHI19610700290032300 00054  2400 00047  2500 00101  
HPD02096600HPCPHI19610700300030100 00022  0200 00028  2500 00050  
HPD02096600HPCPHI19610800010020100 00000g 2500 00000  
HPD02096600HPCPHI19610800100052100 00037  2200 00050  2300 00013  2400 00002  2500 00102  
HPD02096600HPCPHI19610800150040100 00038  0200 00080  0300 00002  2500 00120  
HPD02096600HPCPHI19610800170042100 00008  2200 00012  2300 00003  2500 00023  
HPD02096600HPCPHI19610800180040100 00007  0200 00001  0300 00002  2500 00010  
HPD02096600HPCPHI19610800220031900 00049  2000 00021  2500 00070  
HPD02096600HPCPHI19610800280052100 00001  2200 00025  2300 00029  2400 00005  2500 00060  
HPD02096600HPCPHI19610900010020100 00000g 2500 00000  
HPD02096600HPCPHI19610900090031900 00005  2000 00010  2500 00015  
HPD02096600HPCPHI19610900130021400 00034  2500 00034  
HPD02096600HPCPHI19611000010020100 00000g 2500 00000  
HPD02096600HPCPHI19611000080081800 00004  1900 00001  2000 00001  2100 00001  2200 00015  2300 00005  2400 00008  2500 00035  
HPD02096600HPCPHI19611000090020100 00011  2500 00011  
HPD02096600HPCPHI19611000290210500 00001  0600 00002  0700 00002  0800 00002  0900 00002  1000 00002  1100 00002  1200 00002  1300 00004  1400 00003  1500 00003  1600 00003  1700 00002  1800 00002  1900 00001  2000 00001  2100 00001  2200 00001  2300 00001  2400 00001  2500 00038  
HPD02096600HPCPHI19611000300240100 00002  0200 00003  0300 00005  0400 00005  0500 00006  0600 00005  0700 00007  0800 00007  0900 00005  1000 00005  1100 00008  1200 00006  1300 00015  1400 00007  1500 00001  1600 00005  1700 00015  1800 00007  1900 00005  2000 00003  2100 00007  2200 00004  2300 00005  2500 00138  
HPD02096600HPCPHI19611100010020100 99999[ 2500 00000I 
HPD02096600HPCPHI19611100300022400 99999] 2500 00000I 
HPD02096600HPCPHI19611200010020100 99999[ 2500 00000I 
HPD02096600HPCPHI19611200310022400 99999] 2500 00000I 
HPD02096600HPCPHI19620100010020100 99999[ 2500 00000I 
HPD02096600HPCPHI19620100310022400 99999] 2500 00000I 
HPD02096600HPCPHI19620200010020100 00000g 2500 00000  
HPD02096600HPCPHI19620200260031000 00005  1100 00002  2500 00007  
HPD02096600HPCPHI19620300010020100 00000g 2500 00000  
HPD02096600HPCPHI19620300070032300 00001  2400 00002  2500 00003  
HPD02096600HPCPHI19620300090041100 00004  1300 99999[ 2400 99999] 2500 00004I 
HPD02096600HPCPHI19620300190032300 00003  2400 00005  2500 00008  
HPD02096600HPCPHI19620300200030100 99999[ 1300 99999] 2500 00000I 
HPD02096600HPCPHI19620400010020100 00000g 2500 00000  
HPD02096600HPCPHI19620500010020100 00000g 2500 00000  
HPD02096600HPCPHI19620600010020100 00000g 2500 00000  
HPD02096600HPCPHI19620600300030100 00100  0200 00004  2500 00104  
HPD02096600HPCPHI19620700010040100 00000g 1300 99999[ 2400 99999] 2500 00000I 
HPD02096600HPCPHI19620700050031300 99999[ 2400 99999] 2500 00000I 
HPD02096600HPCPHI19620700230031300 99999[ 2400 99999] 2500 00000I 
HPD02096600HPCPHI19620700240030100 00020  0200 00002  2500 00022  
HPD02096600HPCPHI19620700280052000 00010  2100 00011  2200 00008  2300 00006  2500 00035  
HPD02096600HPCPHI19620800010020100 99999[ 2500 00000I 
HPD02096600HPCPHI19620800310022400 99999] 2500 00000I 
HPD02096600HPCPHI19620900010020100 00000g 2500 00000  
HPD02096600HPCPHI19620900080031800 00008  1900 00007  2500 00015  
HPD02096600HPCPHI19620900190042000 00003  2100 00010  2200 00003  2500 00016  
HPD02096600HPCPHI19620900260080500 00006  0600 00001  0700 00001  0800 00012  0900 00030  1000 00020  1100 00012  2500 00082  
HPD02096600HPCPHI19620900270030400 00002  0500 00007  2500 00009  
HPD02096600HPCPHI19621000010020100 00000g 2500 00000  
HPD02096600HPCPHI19621000040021600 00018  2500 00018  
HPD02096600HPCPHI19621000170051900 00021  2000 00002  2100 00002  2200 00001  2500 00026  
HPD02096600HPCPHI19621100010020100 00000g 2500 00000  
HPD02096600HPCPHI19621100150080100 00011  0200 00018  0300 00005  0400 00011  0500 00007  0600 00005  0700 00002  2500 00059  
HPD02096600HPCPHI19621100300031300 00008  1400 00005  2500 00013  
HPD02096600HPCPHI19621200010020100 00000g 2500 00000  
HPD02096600HPCPHI19621200170061900 00006  2000 00001  2100 00004  2200 00009  2300 00005  2500 00025  
HPD02096600HPCPHI19621200180050400 00009  0500 00005  0600 00001  0700 00005  2500 00020  
HPD02096600HPCPHI19630100010020100 00000g 2500 00000  
HPD02096600HPCPHI19630100030080500 00006  0600 00010  0700 00019  0800 00005  0900 00010  1600 00004  1700 00008  2500 00062  
HPD02096600HPCPHI19630100100022400 00002  2500 00002  
HPD02096600HPCPHI19630100110080100 00001  0200 00001  0300 00001  0400 00001  0500 00004  0600 00004  0700 00002  2500 00014  
HPD02096600HPCPHI19630200010020100 00000g 2500 00000  
HPD02096600HPCPHI19630200100130500 00002  0600 00003  0700 00001  1400 00004  1500 00001  1600 00002  1700 00001  1800 00002  1900 00001  2000 00001  2100 00004  2200 00002  2500 00024  
HPD02096600HPCPHI19630200110101300 00001  1400 00008  1500 00001  1600 00002  1700 00004  1800 00004  1900 00007  2300 00002  2400 00007  2500 00036  
HPD02096600HPCPHI19630200120030100 00008  0200 00001  2500 00009  
HPD02096600HPCPHI19630300010020100 00000g 2500 00000  
HPD02096600HPCPHI19630300180030100 00002  0200 00003  2500 00005  
HPD02096600HPCPHI19630300290051700 00010  1800 00005  1900 00004  2000 00006  2500 00025  
HPD02096600HPCPHI19630400010020100 00000g 2500 00000  
HPD02096600HPCPHI19630400250041800 00004  1900 00008  2000 00005  2500 00017  
HPD02096600HPCPHI19630500010020100 00000g 2500 00000  
HPD02096600HPCPHI19630600010020100 00000g 2500 00000  
HPD02096600HPCPHI19630700010020100 00000g 2500 00000  
HPD02096600HPCPHI19630700050021800 00015  2500 00015  
HPD02096600HPCPHI19630700070042200 00003  2300 00005  2400 00002  2500 00010  
HPD02096600HPCPHI19630700090022300 00004  2500 00004  
HPD02096600HPCPHI19630700120021800 00012  2500 00012  
HPD02096600HPCPHI19630700220021900 00040  2500 00040  
HPD02096600HPCPHI19630700310022400 00003  2500 00003  
HPD02096600HPCPHI19630800010030100 00013  0200 00009  2500 00022  
HPD02096600HPCPHI19630800020021500 00012  2500 00012  
HPD02096600HPCPHI19630800030031300 00071  1400 00004  2500 00075  
HPD02096600HPCPHI19630800040032100 00009  2200 00021  2500 00030  
HPD02096600HPCPHI19630800050050100 00084  0200 00018  1900 00051  2000 00005  2500 00158  
HPD02096600HPCPHI19630800070031900 00002  2000 00023  2500 00025  
HPD02096600HPCPHI19630800100041800 00062  1900 00009  2000 00016  2500 00087  
HPD02096600HPCPHI19630800150021400 00012  2500 00012  
HPD02096600HPCPHI19630800160041900 00005  2000 00003  2100 00002  2500 00010  
HPD02096600HPCPHI19630800190021700 00017  2500 00017  
HPD02096600HPCPHI19630800210041500 00045  1600 00016  1700 00009  2500 00070  
HPD02096600HPCPHI19630800220021400 00021  2500 00021  
HPD02096600HPCPHI19630800230021700 00052  2500 00052  
HPD02096600HPCPHI19630800250060700 00038  0800 00002  2200 00003  2300 00002  2400 00007  2500 00052  
HPD02096600HPCPHI19630800260030100 00009  0200 00003  2500 00012  
HPD02096600HPCPHI19630900010020100 00000g 2500 00000  
HPD02096600HPCPHI19630900030070800 00007  0900 00040  1600 00015  1700 00051  1800 00010  2000 00005  2500 00128  
HPD02096600HPCPHI19630900130021800 00008  2500 00008  
HPD02096600HPCPHI19631000010020100 00000g 2500 00000  
HPD02096600HPCPHI19631000160021700 00006  2500 00006  
HPD02096600HPCPHI19631000180090400 00002  0500 00003  0600 00001  0700 00001  1600 00003  1700 00001  1800 00004  1900 00004  2500 00019  
HPD02096600HPCPHI19631000190050100 00003  0200 00015  0300 00008  0400 00003  2500 00029  
HPD02096600HPCPHI19631100010020100 00000g 2500 00000  
HPD02096600HPCPHI19631100070031000 00027  1100 00010  2500 00037  
HPD02096600HPCPHI19631100180041300 00007  1500 00013  1600 00012  2500 00032  
HPD02096600HPCPHI19631100210080400 00007  0500 00010  0600 00002  0700 00002  0800 00003  1100 00008  1200 00007  2500 00039  
HPD02096600HPCPHI19631200010020100 00000g 2500 00000  
HPD02096600HPCPHI19640100010020100 00000g 2500 00000  
HPD02096600HPCPHI19640100280030400 00005  0500 00010  2500 00015  
HPD02096600HPCPHI19640100310030100 99999[ 2400 99999] 2500 00000I 
HPD02096600HPCPHI19640200010020100 00000g 2500 00000  
HPD02096600HPCPHI19640200290030100 99999[ 2400 99999] 2500 00000I 
HPD02096600HPCPHI19640300010020100 00000g 2500 00000  
HPD02096600HPCPHI19640300030050900 00003  1000 00007  1200 00007  1300 00003  2500 00020  
HPD02096600HPCPHI19640300080030600 00003  0700 00003  2500 00006  
HPD02096600HPCPHI19640300170041800 00003  1900 00003  2200 00002  2500 00008  
HPD02096600HPCPHI19640300180030100 00006  0600 00004  2500 00010  
HPD02096600HPCPHI19640400010020100 00000g 2500 00000  
HPD02096600HPCPHI19640400040050200 00001  0300 00003  0800 00001  0900 00011  2500 00016  
HPD02096600HPCPHI19640400300030100 99999[ 2400 99999] 2500 00000I 
HPD02096600HPCPHI19640500010020100 00000g 2500 00000  
HPD02096600HPCPHI19640600010020100 00000g 2500 00000  
HPD02096600HPCPHI19640600300030100 99999[ 2400 99999] 2500 00000I 
HPD02096600HPCPHI19640700010020100 00000g 2500 00000  
HPD02096600HPCPHI19640700100031800 00003  1900 00005  2500 00008  
HPD02096600HPCPHI19640700140042000 00047  2100 00001  2200 00022  2500 00070  
HPD02096600HPCPHI19640700200021800 00030  2500 00030  
HPD02096600HPCPHI19640700210040500 00028  1800 00001  1900 00005  2500 00034  
HPD02096600HPCPHI19640700220021900 00017  2500 00017  
HPD02096600HPCPHI19640700230040300 00006  0400 00005  1800 00015  2500 00026  
HPD02096600HPCPHI19640700310030100 99999[ 2400 99999] 2500 00000I 
HPD02096600HPCPHI19640800010040100 00000g 1300 00030  1400 00006  2500 00036  
HPD02096600HPCPHI19640800080031800 00009  1900 00006  2500 00015  
HPD02096600HPCPHI19640800090021900 00023  2500 00023  
HPD02096600HPCPHI19640800190021800 00050  2500 00050  
HPD02096600HPCPHI19640800260050400 00094  0500 00023  1600 00003  1700 00005  2500 00125  
HPD02096600HPCPHI19640800270020200 00008  2500 00008  
HPD02096600HPCPHI19640800310030100 99999[ 2400 99999] 2500 00000I 
HPD02096600HPCPHI19640900010020100 00000g 2500 00000  
HPD02096600HPCPHI19640900080032100 00014  2200 00011  2500 00025  
HPD02096600HPCPHI19640900090020600 00006  2500 00006  
HPD02096600HPCPHI19640900100021600 00005  2500 00005  
HPD02096600HPCPHI19640900120021900 00006  2500 00006  
HPD02096600HPCPHI19640900140090300 00012  0400 00011  0500 00006  1500 00055  1800 00005  1900 00007  2000 00003  2100 00005  2500 00104  
HPD02096600HPCPHI19640900180022400 00004  2500 00004  
HPD02096600HPCPHI19640900230060800 00005  0900 00004  1000 00013  1100 00012  1200 00035  2500 00069  
HPD02096600HPCPHI19641000010020100 00000g 2500 00000  
HPD02096600HPCPHI19641000160040800 00002  0900 00005  1700 00016  2500 00023  
HPD02096600HPCPHI19641100010020100 00000g 2500 00000  
HPD02096600HPCPHI19641100150022100 99999a 2500 00000I 
HPD02096600HPCPHI19641100160020700 00026A 2500 00026P 
HPD02096600HPCPHI19641100180041700 00001  1800 00004  1900 00003  2500 00008  
HPD02096600HPCPHI19641200010020100 00000g 2500 00000  
HPD02096600HPCPHI19641200020032100 00004  2200 00004  2500 00008  
HPD02096600HPCPHI19641200030020900 00002  2500 00002  
HPD02096600HPCPHI19641200180041400 00004  1500 00003  1600 00002  2500 00009  
HPD02096600HPCPHI19650100010020100 00000g 2500 00000  
HPD02096600HPCPHI19650100060021700 00005  2500 00005  
HPD02096600HPCPHI19650100070041000 00002  1200 00002  1600 00004  2500 00008  
HPD02096600HPCPHI19650100200121100 00005  1200 00001  1500 00025  1600 00004  1800 00006  1900 00001  2000 00003  2100 00010  2200 00006  2300 00003  2400 00004  2500 00068  
HPD02096600HPCPHI19650200010020100 00000g 2500 00000  
HPD02096600HPCPHI19650200060052100 00004  2200 00001  2300 00001  2400 00002  2500 00008  
HPD02096600HPCPHI19650200070040200 00004  0300 00003  0400 00001  2500 00008  
HPD02096600HPCPHI19650200090031700 00002  1800 00007  2500 00009  
HPD02096600HPCPHI19650300010020100 00000g 2500 00000  
HPD02096600HPCPHI19650300100111500 00004  1600 00002  1700 00004  1800 00008  1900 00001  2000 00002  2100 00002  2200 00002  2300 00003  2400 00002  2500 00030  
HPD02096600HPCPHI19650400010020100 00000g 2500 00000  
HPD02096600HPCPHI19650400030021600 00004  2500 00004  
HPD02096600HPCPHI19650500010020100 00000g 2500 00000  
HPD02096600HPCPHI19650600010020100 00000g 2500 00000  
HPD02096600HPCPHI19650600080031900 00005  2400 00005  2500 00010  
HPD02096600HPCPHI19650600090030200 00002  0300 00003  2500 00005  
HPD02096600HPCPHI19650600220032300 00003  2400 00003  2500 00006  
HPD02096600HPCPHI19650600230021200 00004  2500 00004  
HPD02096600HPCPHI19650600240020300 00009  2500 00009  
HPD02096600HPCPHI19650700010020100 00000g 2500 00000  
HPD02096600HPCPHI19650700060022200 00003  2500 00003  
HPD02096600HPCPHI19650700090071900 00024  2000 00025  2100 00008  2200 00008  2300 00005  2400 00010  2500 00080  
HPD02096600HPCPHI19650700100032100 00091  2200 00006  2500 00097  
HPD02096600HPCPHI19650700110032100 00015  2200 00001  2500 00016  
HPD02096600HPCPHI19650700150031800 00018  1900 00002  2500 00020  
HPD02096600HPCPHI19650700160021800 00005  2500 00005  
HPD02096600HPCPHI19650700210030700 00020  0800 00053  2500 00073  
HPD02096600HPCPHI19650700230022100 00008  2500 00008  
HPD02096600HPCPHI19650700240022300 00020  2500 00020  
HPD02096600HPCPHI19650700250022200 00059  2500 00059  
HPD02096600HPCPHI19650700280031900 00057  2000 00003  2500 00060  
HPD02096600HPCPHI19650700290030100 00005  0200 00007  2500 00012  
HPD02096600HPCPHI19650800010030100 00000g 2100 00020  2500 00020  
HPD02096600HPCPHI19650800030021400 00018  2500 00018  
HPD02096600HPCPHI19650800080031900 00032  2000 00001  2500 00033  
HPD02096600HPCPHI19650800090031800 00005  1900 00002  2500 00007  
HPD02096600HPCPHI19650800160022300 00002  2500 00002  
HPD02096600HPCPHI19650800290041800 00005  1900 00028  2000 00012  2500 00045  
HPD02096600HPCPHI19650900010020100 00000g 2500 00000  
HPD02096600HPCPHI19650900030030800 00005  0900 00003  2500 00008  
HPD02096600HPCPHI19650900040031400 00004  1600 00003  2500 00007  
HPD02096600HPCPHI19650900070021500 00009  2500 00009  
HPD02096600HPCPHI19650900080031600 00035  1700 00015  2500 00050  
HPD02096600HPCPHI19650900120031800 00007  1900 00002  2500 00009  
HPD02096600HPCPHI19651000010020100 00000g 2500 00000  
HPD02096600HPCPHI19651100010020100 00000g 2500 00000  
HPD02096600HPCPHI19651100220041600 00002  1700 00004  1800 00005  2500 00011  
HPD02096600HPCPHI19651100240111500 00004  1600 00005  1700 00003  1800 00005  1900 00004  2000 00002  2100 00002  2200 00003  2300 00003  2400 00002  2500 00033  
HPD02096600HPCPHI19651100250050100 00007  1500 00010  1600 00005  1700 00020  2500 00042  
HPD02096600HPCPHI19651200010020100 00000g 2500 00000  
HPD02096600HPCPHI19651200080091300 00002  1400 00006  1500 00002  1800 00002  1900 00003  2000 00002  2100 00002  2300 00001  2500 00020  
HPD02096600HPCPHI19651200090140300 00003  0400 00003  0600 00004  1400 00009  1500 00026  1600 00006  1700 00021  1800 00016  1900 00008  2000 00005  2100 00016  2200 00013  2300 00005  2500 00135  
HPD02096600HPCPHI19651200100190100 00007  0200 00013  0300 00016  0400 00002  0500 00004  0600 00009  0700 00015  0900 00006  1000 00006  1100 00002  1200 00003  1300 00005  1800 00005  1900 00006  2100 00006  2200 00017  2300 00011  2400 00005  2500 00138  
HPD02096600HPCPHI19651200110030100 00006  0200 00005  2500 00011  
HPD02096600HPCPHI19651200120070600 00005  0700 00005  0800 00001  0900 00003  1000 00005  1300 00008  2500 00027  
HPD02096600HPCPHI19651200130061500 00005  1600 00002  1700 00001  1800 00005  1900 00005  2500 00018  
HPD02096600HPCPHI19651200140050900 00002  1000 00006  1100 00002  1200 00002  2500 00012  
HPD02096600HPCPHI19651200160081700 00004  1800 00006  1900 00005  2100 00003  2200 00005  2300 00007  2400 00014  2500 00044  
HPD02096600HPCPHI19651200170060100 00010  1300 00005  1800 00005  1900 00006  2000 00006  2500 00032  
HPD02096600HPCPHI19651200180020500 00005  2500 00005  
HPD02096600HPCPHI19651200220140400 00001  0500 00002  0700 00001  0800 00003  0900 00008  1000 00007  1100 00007  1200 00007  1300 00003  1400 00011  1500 00004  1600 00003  2400 00002  2500 00059  
HPD02096600HPCPHI19651200230070100 00003  0200 00001  0300 00002  0400 00017  0500 00009  0600 00010  2500 00042  
HPD02096600HPCPHI19651200300080500 00005  0600 00002  0700 00001  1000 00001  1100 00002  1200 00005  1300 00009  2500 00025  
HPD02096600HPCPHI19660100010020100 00000g 2500 00000  
HPD02096600HPCPHI19660100180080700 00012  0800 00020  0900 00010  1000 00001  1100 00001  1200 00001  1300 00005  2500 00050  
HPD02096600HPCPHI19660100310080200 00002  0300 00005  0400 00002  0500 00003  0600 00002  0800 00001  0900 00006  2500 00021  
HPD02096600HPCPHI19660200010020100 00000g 2500 00000  
HPD02096600HPCPHI19660200070121300 00005  1400 00015  1600 00001  1700 00005  1800 00010  1900 00021  2000 00017  2100 00015  2200 00007  2300 00002  2400 00004  2500 00102  
HPD02096600HPCPHI19660200080050100 00001  0200 00001  0300 00001  0400 00001  2500 00004  
HPD02096600HPCPHI19660200090021100 00005  2500 00005  
HPD02096600HPCPHI19660200110041300 00006  1400 00020  1500 00011  2500 00037  
HPD02096600HPCPHI19660300010020100 00000g 2500 00000  
HPD02096600HPCPHI19660300020031500 00007  1600 00005  2500 00012  
HPD02096600HPCPHI19660400010020100 00000g 2500 00000  
HPD02096600HPCPHI19660500010020100 00000g 2500 00000  
HPD02096600HPCPHI19660600010020100 00000g 2500 00000  
HPD02096600HPCPHI19660600200031500 00010  1600 00010  2500 00020  
HPD02096600HPCPHI19660600260042200 00002  2300 00008  2400 00031  2500 00041  
HPD02096600HPCPHI19660600270020100 00004  2500 00004  
HPD02096600HPCPHI19660700010020100 00000g 2500 00000  
HPD02096600HPCPHI19660700150021700 00005  2500 00005  
HPD02096600HPCPHI19660700160020500 00010  2500 00010  
HPD02096600HPCPHI19660700190022400 00010  2500 00010  
HPD02096600HPCPHI19660700270021500 00010  2500 00010  
HPD02096600HPCPHI19660700280032300 00016  2400 00028  2500 00044  
HPD02096600HPCPHI19660700290020400 00004  2500 00004  
HPD02096600HPCPHI19660800010020100 00000g 2500 00000  
HPD02096600HPCPHI19660800030071700 00037  1800 00029  1900 00007  2000 00006  2100 00003  2200 00002  2500 00084  
HPD02096600HPCPHI19660800040032000 00010  2100 00005  2500 00015  
HPD02096600HPCPHI19660800080031800 00002  1900 00008  2500 00010  
HPD02096600HPCPHI19660800140032200 00094  2300 00008  2500 00102  
HPD02096600HPCPHI19660800230031300 00010  1400 00007  2500 00017  
HPD02096600HPCPHI19660800240031400 00025  1500 00004  2500 00029  
HPD02096600HPCPHI19660800290032300 00088  2400 00028  2500 00116  
HPD02096600HPCPHI19660800300030100 00010  0200 00004  2500 00014  
HPD02096600HPCPHI19660900010020100 00000g 2500 00000  
HPD02096600HPCPHI19660900120051100 00006  1800 00001  1900 00025  2000 00016  2500 00048  
HPD02096600HPCPHI19660900130091300 00003  1400 00021  1500 00012  1600 00024  1700 00048  1800 00013  1900 00007  2000 00003  2500 00131  
HPD02096600HPCPHI19660900150030500 00026  0600 00012  2500 00038  
HPD02096600HPCPHI19660900290050500 00006  0600 00012  0700 00015  0800 00002  2500 00035  
HPD02096600HPCPHI19661000010020100 99999[ 2500 00000I 
HPD02096600HPCPHI19661000310022400 99999] 2500 00000I 
HPD02096600HPCPHI19661100010020100 99999[ 2500 00000I 
HPD02096600HPCPHI19661100300022400 99999] 2500 00000I 
HPD02096600HPCPHI19661200010020100 99999[ 2500 00000I 
HPD02096600HPCPHI19661200310022400 99999] 2500 00000I 
HPD02096600HPCPHI19670100010020100 99999[ 2500 00000I 
HPD02096600HPCPHI19670100310022400 99999] 2500 00000I 
HPD02096600HPCPHI19670200010020100 99999[ 2500 00000I 
HPD02096600HPCPHI19670200280022400 99999] 2500 00000I 
