HPD02048703HPCPHT20020100010050100 00000g 0800 99999[ 1400 99999] 1500 00010  2500 00010I 
HPD02048703HPCPHT20020200010020100 00000g 2500 00000  
HPD02048703HPCPHT20020300010040100 00000g 0900 99999[ 1600 99999] 2500 00000I 
HPD02048703HPCPHT20020300180021200 00010  2500 00010  
HPD02048703HPCPHT20020400010020100 00000g 2500 00000  
HPD02048703HPCPHT20020500010040100 00000g 0800 99999[ 1400 99999] 2500 00000I 
HPD02048703HPCPHT20020600010020100 00000g 2500 00000  
HPD02048703HPCPHT20020700010040100 00000g 0800 99999[ 1600 99999] 2500 00000I 
HPD02048703HPCPHT20020700040031000 00010  2000 00010  2500 00020  
HPD02048703HPCPHT20020700100021400 00020  2500 00020  
HPD02048703HPCPHT20020700140031000 00010  1900 00010  2500 00020  
HPD02048703HPCPHT20020700150022100 00010  2500 00010  
HPD02048703HPCPHT20020700180030200 00010  1400 00010  2500 00020  
HPD02048703HPCPHT20020800010020100 00000g 2500 00000  
HPD02048703HPCPHT20020800020021800 00010  2500 00010  
HPD02048703HPCPHT20020800150021500 00010  2500 00010  
HPD02048703HPCPHT20020900010020100 00000g 2500 00000  
HPD02048703HPCPHT20020900060052000 00010  2100 00090  2200 00040  2300 00010  2500 00150  
HPD02048703HPCPHT20020900070050100 00010  1200 00020  1300 00010  1600 00010  2500 00050  
HPD02048703HPCPHT20020900080031500 00020  1700 00010  2500 00030  
HPD02048703HPCPHT20020900100041600 00010  1700 00010  2400 00010  2500 00030  
HPD02048703HPCPHT20020900280021600 00010  2500 00010  
HPD02048703HPCPHT20021000010020100 00000g 2500 00000  
HPD02048703HPCPHT20021000170020700 00010  2500 00010  
HPD02048703HPCPHT20021000220020700 00010  2500 00010  
HPD02048703HPCPHT20021000260031500 00020  1600 00010  2500 00030  
HPD02048703HPCPHT20021000270021200 00010  2500 00010  
HPD02048703HPCPHT20021100010040100 00000g 0800 99999[ 1400 99999] 2500 00000I 
HPD02048703HPCPHT20021100090021800 00010  2500 00010  
HPD02048703HPCPHT20021100250031500 00010  1900 00010  2500 00020  
HPD02048703HPCPHT20021100290022300 00010  2500 00010  
HPD02048703HPCPHT20021100300050100 00010  0200 00010  1200 00010  2000 00010  2500 00040  
HPD02048703HPCPHT20021200010020100 00000g 2500 00000  
HPD02048703HPCPHT20021200180021200 00010  2500 00010  
HPD02048703HPCPHT20021200290021600 00010  2500 00010  
HPD02048703HPCPHT20021200300031100 99999{ 1300 99999} 2500 00000P 
