HPD02077507HPCPHT20050100010030100 00000g 1000 99999[ 2500 00000I 
HPD02077507HPCPHT20050100310022400 99999] 2500 00000I 
HPD02077507HPCPHT20050200010030100 00000g 0200 99999[ 2500 00000I 
HPD02077507HPCPHT20050200130021700 99999] 2500 00000I 
HPD02077507HPCPHT20050200220030600 00010  0700 00010  2500 00020  
HPD02077507HPCPHT20050300010020100 00000g 2500 00000  
HPD02077507HPCPHT20050400010040100 00000g 0500 99999{ 1000 99999} 2500 00000P 
HPD02077507HPCPHT20050400240030300 00010  1000 00010  2500 00020  
HPD02077507HPCPHT20050500010020100 00000g 2500 00000  
HPD02077507HPCPHT20050500030021400 99999[ 2500 00000I 
HPD02077507HPCPHT20050500310022400 99999] 2500 00000I 
HPD02077507HPCPHT20050600010020100 00000g 2500 00000  
HPD02077507HPCPHT20050700010030100 00000g 0900 00010  2500 00010  
HPD02077507HPCPHT20050700070021800 00010  2500 00010  
HPD02077507HPCPHT20050700150021400 00010  2500 00010  
HPD02077507HPCPHT20050700160021800 00010  2500 00010  
HPD02077507HPCPHT20050700180031200 00010  1700 00010  2500 00020  
HPD02077507HPCPHT20050700210021000 00010  2500 00010  
HPD02077507HPCPHT20050700220021300 00020  2500 00020  
HPD02077507HPCPHT20050700230040900 00010  1200 00010  1300 00030  2500 00050  
HPD02077507HPCPHT20050700240021100 00010  2500 00010  
HPD02077507HPCPHT20050700250020600 00010  2500 00010  
HPD02077507HPCPHT20050700270031000 00060  1100 00010  2500 00070  
HPD02077507HPCPHT20050700290051300 00020  1400 00020  1500 00010  1700 00010  2500 00060  
HPD02077507HPCPHT20050700300090100 00010  0200 00010  0600 00020  1300 00040  1400 00020  1900 00010  2100 00010  2300 00010  2500 00130  
HPD02077507HPCPHT20050700310050400 00010  1600 00010  1700 00020  1900 00010  2500 00050  
HPD02077507HPCPHT20050800010030100 00000g 0400 99999[ 2500 00000I 
HPD02077507HPCPHT20050800230051000 99999] 1300 00090  1400 00010  1500 00010  2500 00110I 
HPD02077507HPCPHT20050900010020100 00000g 2500 00000  
HPD02077507HPCPHT20050900050031600 00010  1700 00010  2500 00020  
HPD02077507HPCPHT20050900070041800 00020  1900 00010  2200 00020  2500 00050  
HPD02077507HPCPHT20051000010020100 00000g 2500 00000  
HPD02077507HPCPHT20051000140020900 00010  2500 00010  
HPD02077507HPCPHT20051100010020100 00000g 2500 00000  
HPD02077507HPCPHT20051200010020100 00000g 2500 00000  
HPD02077507HPCPHT20051200120022000 00010  2500 00010  
HPD02077507HPCPHT20051200130030300 00010  0400 00010  2500 00020  
