HPD02048703HPCPHT20100100010040100 00000g 0700 99999[ 1100 99999] 2500 00000I 
HPD02048703HPCPHT20100100020030400 99999[ 1100 99999] 2500 00000I 
HPD02048703HPCPHT20100100030030400 99999[ 1100 99999] 2500 00000I 
HPD02048703HPCPHT20100100040030300 99999[ 1100 99999] 2500 00000I 
HPD02048703HPCPHT20100100050030300 99999[ 1100 99999] 2500 00000I 
HPD02048703HPCPHT20100100060030300 99999[ 1000 99999] 2500 00000I 
HPD02048703HPCPHT20100100070030300 99999[ 1000 99999] 2500 00000I 
HPD02048703HPCPHT20100100080030200 99999[ 1100 99999] 2500 00000I 
HPD02048703HPCPHT20100100090040200 99999[ 1100 99999] 1400 00010  2500 00010I 
HPD02048703HPCPHT20100100100030200 99999[ 1000 99999] 2500 00000I 
HPD02048703HPCPHT20100100110030200 99999[ 1100 99999] 2500 00000I 
HPD02048703HPCPHT20100100120030200 99999[ 1100 99999] 2500 00000I 
HPD02048703HPCPHT20100100130060200 99999[ 1000 99999] 2000 00010  2100 00010  2200 00010  2500 00030I 
HPD02048703HPCPHT20100100140040100 99999[ 1100 99999] 1200 00010  2500 00010I 
HPD02048703HPCPHT20100100150030200 99999[ 1100 99999] 2500 00000I 
HPD02048703HPCPHT20100100160030200 99999[ 1000 99999] 2500 00000I 
HPD02048703HPCPHT20100100170030200 99999[ 1100 99999] 2500 00000I 
HPD02048703HPCPHT20100100180040200 99999[ 1200 99999] 1900 00010  2500 00010I 
HPD02048703HPCPHT20100100190051100 00030  2000 00010  2100 00020  2200 00010  2500 00070  
HPD02048703HPCPHT20100100200040100 99999[ 1000 99999] 2400 00010  2500 00010I 
HPD02048703HPCPHT20100100210130100 99999[ 1200 99999] 1300 00030  1400 00010  1500 00020  1600 00010  1700 00020  1800 00030  1900 00030  2000 00020  2100 00020  2200 00010  2500 00200I 
HPD02048703HPCPHT20100100220021300 00010  2500 00010  
HPD02048703HPCPHT20100100230040100 99999[ 1100 99999] 1200 00010  2500 00010I 
HPD02048703HPCPHT20100100240030100 99999[ 1100 99999] 2500 00000I 
HPD02048703HPCPHT20100100250030200 99999[ 1100 99999] 2500 00000I 
HPD02048703HPCPHT20100100260030200 99999[ 1000 99999] 2500 00000I 
HPD02048703HPCPHT20100100270030200 99999[ 1000 99999] 2500 00000I 
HPD02048703HPCPHT20100100280030200 99999[ 1100 99999] 2500 00000I 
HPD02048703HPCPHT20100100290021100 00010  2500 00010  
HPD02048703HPCPHT20100100300030200 99999[ 1000 99999] 2500 00000I 
HPD02048703HPCPHT20100100310030300 99999[ 1000 99999] 2500 00000I 
HPD02048703HPCPHT20100200010040100 00000g 0200 99999[ 1100 99999] 2500 00000I 
HPD02048703HPCPHT20100200020030200 99999[ 1000 99999] 2500 00000I 
HPD02048703HPCPHT20100200030030200 99999[ 1000 99999] 2500 00000I 
HPD02048703HPCPHT20100200040030200 99999[ 1000 99999] 2500 00000I 
HPD02048703HPCPHT20100200050030200 99999[ 1000 99999] 2500 00000I 
HPD02048703HPCPHT20100200060050200 99999[ 1000 99999] 2200 00020  2400 00010  2500 00030I 
HPD02048703HPCPHT20100200070041300 00010  1700 00020  1800 00010  2500 00040  
HPD02048703HPCPHT20100200080030100 99999[ 1000 99999] 2500 00000I 
HPD02048703HPCPHT20100200090030200 99999[ 1000 99999] 2500 00000I 
HPD02048703HPCPHT20100200100040200 99999[ 1000 99999] 1400 00010  2500 00010I 
HPD02048703HPCPHT20100200110030100 99999[ 1000 99999] 2500 00000I 
HPD02048703HPCPHT20100200120030200 99999[ 1000 99999] 2500 00000I 
HPD02048703HPCPHT20100200130030300 99999[ 1000 99999] 2500 00000I 
HPD02048703HPCPHT20100200140030300 99999[ 1000 99999] 2500 00000I 
HPD02048703HPCPHT20100200150030300 99999[ 1000 99999] 2500 00000I 
HPD02048703HPCPHT20100200160040300 99999[ 1000 99999] 1300 00010  2500 00010I 
HPD02048703HPCPHT20100200170030200 99999[ 1000 99999] 2500 00000I 
HPD02048703HPCPHT20100200180040200 99999[ 1000 99999] 1400 00010  2500 00010I 
HPD02048703HPCPHT20100200190030300 99999[ 1000 99999] 2500 00000I 
HPD02048703HPCPHT20100200200040200 99999[ 1200 99999] 1500 00010  2500 00010I 
HPD02048703HPCPHT20100200210040200 99999[ 1000 99999] 1100 00010  2500 00010I 
HPD02048703HPCPHT20100200220030200 99999[ 1000 99999] 2500 00000I 
HPD02048703HPCPHT20100200230030200 99999[ 1000 99999] 2500 00000I 
HPD02048703HPCPHT20100200240030300 99999[ 1000 99999] 2500 00000I 
HPD02048703HPCPHT20100200250040200 99999[ 1000 99999] 1300 00010  2500 00010I 
HPD02048703HPCPHT20100200260040300 99999[ 0900 99999] 1100 00010  2500 00010I 
HPD02048703HPCPHT20100200270030300 99999[ 1000 99999] 2500 00000I 
HPD02048703HPCPHT20100200280040200 99999[ 1000 99999] 1300 00010  2500 00010I 
HPD02048703HPCPHT20100300010020100 00000g 2500 00000  
HPD02048703HPCPHT20100300060032300 00010  2400 00020  2500 00030  
HPD02048703HPCPHT20100300070050100 00010  1300 00010  1500 00010  1600 00010  2500 00040  
HPD02048703HPCPHT20100300090021100 00010  2500 00010  
HPD02048703HPCPHT20100300100021900 00010  2500 00010  
HPD02048703HPCPHT20100400010050100 00000g 0200 99999[ 0900 99999] 1200 00010  2500 00010I 
HPD02048703HPCPHT20100400020030200 99999[ 0900 99999] 2500 00000I 
HPD02048703HPCPHT20100400030030200 99999[ 0900 99999] 2500 00000I 
HPD02048703HPCPHT20100400040030300 99999[ 0900 99999] 2500 00000I 
HPD02048703HPCPHT20100400050030300 99999[ 0900 99999] 2500 00000I 
HPD02048703HPCPHT20100400060030200 99999[ 0900 99999] 2500 00000I 
HPD02048703HPCPHT20100400070030200 99999[ 0900 99999] 2500 00000I 
HPD02048703HPCPHT20100400080030300 99999[ 0900 99999] 2500 00000I 
HPD02048703HPCPHT20100400090030300 99999[ 0900 99999] 2500 00000I 
HPD02048703HPCPHT20100400100030300 99999[ 0900 99999] 2500 00000I 
HPD02048703HPCPHT20100400110030300 99999[ 0900 99999] 2500 00000I 
HPD02048703HPCPHT20100400120050400 99999[ 0900 99999] 1800 00010  1900 00010  2500 00020I 
HPD02048703HPCPHT20100400130030200 99999[ 0900 99999] 2500 00000I 
HPD02048703HPCPHT20100400140030300 99999[ 0900 99999] 2500 00000I 
HPD02048703HPCPHT20100400150030300 99999[ 0900 99999] 2500 00000I 
HPD02048703HPCPHT20100400160030300 99999[ 0900 99999] 2500 00000I 
HPD02048703HPCPHT20100400170030300 99999[ 0900 99999] 2500 00000I 
HPD02048703HPCPHT20100400180030300 99999[ 0900 99999] 2500 00000I 
HPD02048703HPCPHT20100400190030300 99999[ 0900 99999] 2500 00000I 
HPD02048703HPCPHT20100400200030300 99999[ 0900 99999] 2500 00000I 
HPD02048703HPCPHT20100400210030400 99999[ 0900 99999] 2500 00000I 
HPD02048703HPCPHT20100400220030200 99999[ 0800 99999] 2500 00000I 
HPD02048703HPCPHT20100400230040200 99999[ 0800 99999] 1300 00010  2500 00010I 
HPD02048703HPCPHT20100400240030200 99999[ 0900 99999] 2500 00000I 
HPD02048703HPCPHT20100400250030300 99999[ 0900 99999] 2500 00000I 
HPD02048703HPCPHT20100400260030300 99999[ 0900 99999] 2500 00000I 
HPD02048703HPCPHT20100400270030400 99999[ 0900 99999] 2500 00000I 
HPD02048703HPCPHT20100400280030400 99999[ 0900 99999] 2500 00000I 
HPD02048703HPCPHT20100400290030400 99999[ 0900 99999] 2500 00000I 
HPD02048703HPCPHT20100400300030200 99999[ 0900 99999] 2500 00000I 
HPD02048703HPCPHT20100500010040100 00000g 0200 99999[ 0900 99999] 2500 00000I 
HPD02048703HPCPHT20100500020030300 99999[ 0800 99999] 2500 00000I 
HPD02048703HPCPHT20100500030030300 99999[ 0900 99999] 2500 00000I 
HPD02048703HPCPHT20100500040040300 99999[ 0900 99999] 1700 00010  2500 00010I 
HPD02048703HPCPHT20100500050030400 99999[ 0900 99999] 2500 00000I 
HPD02048703HPCPHT20100500060030500 99999[ 0900 99999] 2500 00000I 
HPD02048703HPCPHT20100500070030400 99999[ 0900 99999] 2500 00000I 
HPD02048703HPCPHT20100500080030400 99999[ 0900 99999] 2500 00000I 
HPD02048703HPCPHT20100500090030400 99999[ 0900 99999] 2500 00000I 
HPD02048703HPCPHT20100500100030300 99999[ 0900 99999] 2500 00000I 
HPD02048703HPCPHT20100500110030300 99999[ 0900 99999] 2500 00000I 
HPD02048703HPCPHT20100500120030200 99999[ 0900 99999] 2500 00000I 
HPD02048703HPCPHT20100500130030300 99999[ 0900 99999] 2500 00000I 
HPD02048703HPCPHT20100500140030300 99999[ 0900 99999] 2500 00000I 
HPD02048703HPCPHT20100500150030300 99999[ 0900 99999] 2500 00000I 
HPD02048703HPCPHT20100500160030400 99999[ 0900 99999] 2500 00000I 
HPD02048703HPCPHT20100500170030400 99999[ 0900 99999] 2500 00000I 
HPD02048703HPCPHT20100500180030400 99999[ 0800 99999] 2500 00000I 
HPD02048703HPCPHT20100500190030300 99999[ 0900 99999] 2500 00000I 
HPD02048703HPCPHT20100500200030300 99999[ 0900 99999] 2500 00000I 
HPD02048703HPCPHT20100500210030400 99999[ 0900 99999] 2500 00000I 
HPD02048703HPCPHT20100500220030500 99999[ 0900 99999] 2500 00000I 
HPD02048703HPCPHT20100500230030400 99999[ 0900 99999] 2500 00000I 
HPD02048703HPCPHT20100500240030200 99999[ 0900 99999] 2500 00000I 
HPD02048703HPCPHT20100500250030300 99999[ 0900 99999] 2500 00000I 
HPD02048703HPCPHT20100500260030300 99999[ 0900 99999] 2500 00000I 
HPD02048703HPCPHT20100500270030400 99999[ 0900 99999] 2500 00000I 
HPD02048703HPCPHT20100500280030400 99999[ 0900 99999] 2500 00000I 
HPD02048703HPCPHT20100500290030400 99999[ 0900 99999] 2500 00000I 
HPD02048703HPCPHT20100500300030400 99999[ 0900 99999] 2500 00000I 
HPD02048703HPCPHT20100500310030400 99999[ 0900 99999] 2500 00000I 
HPD02048703HPCPHT20100600010050100 00000g 0400 99999[ 0900 99999] 1600 00010  2500 00010I 
HPD02048703HPCPHT20100600020030300 99999[ 0900 99999] 2500 00000I 
HPD02048703HPCPHT20100600030030400 99999[ 0900 99999] 2500 00000I 
HPD02048703HPCPHT20100600040030400 99999[ 0900 99999] 2500 00000I 
HPD02048703HPCPHT20100600050030500 99999[ 0900 99999] 2500 00000I 
HPD02048703HPCPHT20100600060030500 99999[ 0900 99999] 2500 00000I 
HPD02048703HPCPHT20100600070030600 99999[ 0900 99999] 2500 00000I 
HPD02048703HPCPHT20100600080030500 99999[ 0900 99999] 2500 00000I 
HPD02048703HPCPHT20100600090030500 99999[ 0900 99999] 2500 00000I 
HPD02048703HPCPHT20100600100030500 99999[ 0900 99999] 2500 00000I 
HPD02048703HPCPHT20100600110030500 99999[ 0900 99999] 2500 00000I 
HPD02048703HPCPHT20100600120030300 99999[ 0900 99999] 2500 00000I 
HPD02048703HPCPHT20100600130030200 99999[ 0900 99999] 2500 00000I 
HPD02048703HPCPHT20100600140030300 99999[ 0900 99999] 2500 00000I 
HPD02048703HPCPHT20100600150030400 99999[ 0900 99999] 2500 00000I 
HPD02048703HPCPHT20100600160030500 99999[ 0900 99999] 2500 00000I 
HPD02048703HPCPHT20100600170030400 99999[ 0900 99999] 2500 00000I 
HPD02048703HPCPHT20100600180030400 99999[ 0900 99999] 2500 00000I 
HPD02048703HPCPHT20100600190030500 99999[ 0900 99999] 2500 00000I 
HPD02048703HPCPHT20100600200030400 99999[ 0900 99999] 2500 00000I 
HPD02048703HPCPHT20100600210030400 99999[ 0900 99999] 2500 00000I 
HPD02048703HPCPHT20100600220030400 99999[ 0900 99999] 2500 00000I 
HPD02048703HPCPHT20100600230030400 99999[ 0900 99999] 2500 00000I 
HPD02048703HPCPHT20100600240030400 99999[ 0900 99999] 2500 00000I 
HPD02048703HPCPHT20100600250030600 99999[ 0900 99999] 2500 00000I 
HPD02048703HPCPHT20100600260030500 99999[ 0900 99999] 2500 00000I 
HPD02048703HPCPHT20100600270030500 99999[ 0900 99999] 2500 00000I 
HPD02048703HPCPHT20100600280030600 99999[ 0900 99999] 2500 00000I 
HPD02048703HPCPHT20100600290030600 99999[ 0900 99999] 2500 00000I 
HPD02048703HPCPHT20100700010030100 00000g 1300 00010  2500 00010  
HPD02048703HPCPHT20100700030030600 99999[ 0900 99999] 2500 00000I 
HPD02048703HPCPHT20100700040030600 99999[ 0900 99999] 2500 00000I 
HPD02048703HPCPHT20100700050030500 99999[ 0900 99999] 2500 00000I 
HPD02048703HPCPHT20100700060030500 99999[ 0900 99999] 2500 00000I 
HPD02048703HPCPHT20100700070030500 99999[ 0900 99999] 2500 00000I 
HPD02048703HPCPHT20100700080030500 99999[ 0900 99999] 2500 00000I 
HPD02048703HPCPHT20100700090030500 99999[ 0900 99999] 2500 00000I 
HPD02048703HPCPHT20100700100030500 99999[ 0900 99999] 2500 00000I 
HPD02048703HPCPHT20100700110030500 99999[ 0800 99999] 2500 00000I 
HPD02048703HPCPHT20100700120030500 99999[ 0900 99999] 2500 00000I 
HPD02048703HPCPHT20100700130030500 99999[ 0900 99999] 2500 00000I 
HPD02048703HPCPHT20100700140030500 99999[ 0900 99999] 2500 00000I 
HPD02048703HPCPHT20100700150030600 99999[ 0900 99999] 2500 00000I 
HPD02048703HPCPHT20100700160040600 99999[ 0800 99999] 1800 00020  2500 00020I 
HPD02048703HPCPHT20100700170040400 99999[ 0800 99999] 1200 00010  2500 00010I 
HPD02048703HPCPHT20100700180030500 99999[ 0900 99999] 2500 00000I 
HPD02048703HPCPHT20100700190030500 99999[ 0900 99999] 2500 00000I 
HPD02048703HPCPHT20100700200030500 99999[ 0800 99999] 2500 00000I 
HPD02048703HPCPHT20100700210030500 99999[ 0800 99999] 2500 00000I 
HPD02048703HPCPHT20100700220050600 99999[ 0900 99999] 1800 00050  2200 00010  2500 00060I 
HPD02048703HPCPHT20100700230050500 99999[ 0900 99999] 1600 00030  1800 00010  2500 00040I 
HPD02048703HPCPHT20100700240030200 99999[ 0900 99999] 2500 00000I 
HPD02048703HPCPHT20100700250030600 99999[ 0900 99999] 2500 00000I 
HPD02048703HPCPHT20100700260030600 99999[ 0800 99999] 2500 00000I 
HPD02048703HPCPHT20100700270030500 99999[ 0800 99999] 2500 00000I 
HPD02048703HPCPHT20100700280040500 99999[ 0800 99999] 1400 00010  2500 00010I 
HPD02048703HPCPHT20100700290040600 99999[ 0800 99999] 1400 00020  2500 00020I 
HPD02048703HPCPHT20100700300060500 99999[ 0900 99999] 1700 00010  1900 00010  2000 00010  2500 00030I 
HPD02048703HPCPHT20100700310090200 99999[ 1100 99999] 1600 00010  2000 00010  2100 00010  2200 00010  2300 00010  2400 00020  2500 00070I 
HPD02048703HPCPHT20100800010080100 00000g 0200 00020  0300 00020  0400 00020  0500 99999[ 0900 99999] 1400 00010  2500 00070I 
HPD02048703HPCPHT20100800020030600 99999[ 0900 99999] 2500 00000I 
HPD02048703HPCPHT20100800030030600 99999[ 0900 99999] 2500 00000I 
HPD02048703HPCPHT20100800040030600 99999[ 0900 99999] 2500 00000I 
HPD02048703HPCPHT20100800050030600 99999[ 0900 99999] 2500 00000I 
HPD02048703HPCPHT20100800060030600 99999[ 0900 99999] 2500 00000I 
HPD02048703HPCPHT20100800070050600 99999[ 1000 99999] 1200 00010  1300 00010  2500 00020I 
HPD02048703HPCPHT20100800080030600 99999[ 0900 99999] 2500 00000I 
HPD02048703HPCPHT20100800090030500 99999[ 0900 99999] 2500 00000I 
HPD02048703HPCPHT20100800100030500 99999[ 0900 99999] 2500 00000I 
HPD02048703HPCPHT20100800110030500 99999[ 0900 99999] 2500 00000I 
HPD02048703HPCPHT20100800120030600 99999[ 0900 99999] 2500 00000I 
HPD02048703HPCPHT20100800130030500 99999[ 0900 99999] 2500 00000I 
HPD02048703HPCPHT20100800140040600 99999[ 0900 99999] 1600 00010  2500 00010I 
HPD02048703HPCPHT20100800150030600 99999[ 0900 99999] 2500 00000I 
HPD02048703HPCPHT20100800160030600 99999[ 0900 99999] 2500 00000I 
HPD02048703HPCPHT20100800170030500 99999[ 0900 99999] 2500 00000I 
HPD02048703HPCPHT20100800180050500 99999[ 0900 99999] 1600 00060  1700 00010  2500 00070I 
HPD02048703HPCPHT20100800190030600 99999[ 0900 99999] 2500 00000I 
HPD02048703HPCPHT20100800200030600 99999[ 0900 99999] 2500 00000I 
HPD02048703HPCPHT20100800210030700 99999[ 0900 99999] 2500 00000I 
HPD02048703HPCPHT20100800240030700 99999[ 0900 99999] 2500 00000I 
HPD02048703HPCPHT20100800270021700 00010  2500 00010  
HPD02048703HPCPHT20100800280040700 99999[ 0800 99999] 1000 00010  2500 00010I 
HPD02048703HPCPHT20100900010020100 00000g 2500 00000  
HPD02048703HPCPHT20100900070030500 00010  0800 00010  2500 00020  
HPD02048703HPCPHT20100900240021700 00010  2500 00010  
HPD02048703HPCPHT20101000010020100 00000g 2500 00000  
HPD02048703HPCPHT20101000020022400 00010  2500 00010  
HPD02048703HPCPHT20101000030030100 00010  1600 00010  2500 00020  
HPD02048703HPCPHT20101000040091300 00050  1400 00010  1700 00030  1800 00020  1900 00020  2100 00010  2200 00010  2400 00030  2500 00180  
HPD02048703HPCPHT20101000050070500 00020  0800 00010  1300 00010  1500 00010  2000 00010  2400 00010  2500 00070  
HPD02048703HPCPHT20101000060031000 00010  1100 00010  2500 00020  
HPD02048703HPCPHT20101000130021600 00010  2500 00010  
HPD02048703HPCPHT20101000170022400 00010  2500 00010  
HPD02048703HPCPHT20101000180031800 00010  2300 00010  2500 00020  
HPD02048703HPCPHT20101000200031200 00010  2200 00010  2500 00020  
HPD02048703HPCPHT20101000210041400 00010  1800 00010  1900 00010  2500 00030  
HPD02048703HPCPHT20101000220021500 00010  2500 00010  
HPD02048703HPCPHT20101000230021200 00010  2500 00010  
HPD02048703HPCPHT20101100010030100 00000g 1100 00010  2500 00010  
HPD02048703HPCPHT20101100020030700 99999[ 1000 99999] 2500 00000I 
HPD02048703HPCPHT20101100090030700 99999[ 1000 99999] 2500 00000I 
HPD02048703HPCPHT20101100100030700 99999[ 1000 99999] 2500 00000I 
HPD02048703HPCPHT20101100110030700 99999[ 1000 99999] 2500 00000I 
HPD02048703HPCPHT20101100120030100 99999[ 1000 99999] 2500 00000I 
HPD02048703HPCPHT20101100130030600 99999[ 1000 99999] 2500 00000I 
HPD02048703HPCPHT20101100140030400 99999[ 1000 99999] 2500 00000I 
HPD02048703HPCPHT20101100150030700 99999[ 1000 99999] 2500 00000I 
HPD02048703HPCPHT20101100160030400 99999[ 1000 99999] 2500 00000I 
HPD02048703HPCPHT20101100170030500 99999[ 1000 99999] 2500 00000I 
HPD02048703HPCPHT20101100180030500 99999[ 1000 99999] 2500 00000I 
HPD02048703HPCPHT20101100190030500 99999[ 0900 99999] 2500 00000I 
HPD02048703HPCPHT20101100200030400 99999[ 0900 99999] 2500 00000I 
HPD02048703HPCPHT20101100210040400 99999[ 1000 99999] 1400 00010  2500 00010I 
HPD02048703HPCPHT20101100220030400 99999[ 1000 99999] 2500 00000I 
HPD02048703HPCPHT20101100230030100 99999[ 1000 99999] 2500 00000I 
HPD02048703HPCPHT20101100240030200 99999[ 1000 99999] 2500 00000I 
HPD02048703HPCPHT20101100250021300 00010  2500 00010  
HPD02048703HPCPHT20101100260021300 00010  2500 00010  
HPD02048703HPCPHT20101100270021200 00010  2500 00010  
HPD02048703HPCPHT20101100280030100 99999[ 0900 99999] 2500 00000I 
HPD02048703HPCPHT20101100290030300 99999[ 1000 99999] 2500 00000I 
HPD02048703HPCPHT20101100300041300 00010  1800 99999[ 2400 99999] 2500 00010I 
HPD02048703HPCPHT20101200010030100 99999[ 1000 99999] 2500 00000I 
HPD02048703HPCPHT20101200170021500 00010  2500 00010  
HPD02048703HPCPHT20101200180021300 00020  2500 00020  
HPD02048703HPCPHT20101200190021200 00010  2500 00010  
HPD02048703HPCPHT20101200220071500 00010  1800 00010  1900 00010  2000 00010  2100 00010  2200 00010  2500 00060  
HPD02048703HPCPHT20101200250021400 00010  2500 00010  
HPD02048703HPCPHT20101200280021800 99999[ 2500 00000I 
HPD02048703HPCPHT20101200310041400 99999] 1800 99999[ 2400 99999] 2500 00000I 
