HPD02232903HPCPHT19990100010020100 00000g 2500 00000  
HPD02232903HPCPHT19990100250022300 00020  2500 00020  
HPD02232903HPCPHT19990100270021600 00010  2500 00010  
HPD02232903HPCPHT19990200010020100 00000g 2500 00000  
HPD02232903HPCPHT19990200040061900 00010  2000 00010  2200 00010  2300 00020  2400 00010  2500 00060  
HPD02232903HPCPHT19990200050060200 00010  0300 00010  0900 00010  1900 00010  2100 00010  2500 00050  
HPD02232903HPCPHT19990200060021400 00010  2500 00010  
HPD02232903HPCPHT19990300010030100 00000g 1500 99999[ 2500 00000I 
HPD02232903HPCPHT19990300310022400 99999] 2500 00000I 
HPD02232903HPCPHT19990400010020100 99999[ 2500 00000I 
HPD02232903HPCPHT19990400300022400 99999] 2500 00000I 
HPD02232903HPCPHT19990500010020100 99999[ 2500 00000I 
HPD02232903HPCPHT19990500310022400 99999] 2500 00000I 
HPD02232903HPCPHT19990600010040100 00000g 0800 99999[ 1000 99999] 2500 00000I 
HPD02232903HPCPHT19990600020070200 00010  0300 00010  0500 00020  0700 00020  0800 00010  1000 00010  2500 00080  
HPD02232903HPCPHT19990700010020100 00000g 2500 00000  
HPD02232903HPCPHT19990700030031300 99999[ 1400 99999] 2500 00000I 
HPD02232903HPCPHT19990700270021200 99999[ 2500 00000I 
HPD02232903HPCPHT19990700310022400 99999] 2500 00000I 
HPD02232903HPCPHT19990800010020100 00000g 2500 00000  
HPD02232903HPCPHT19990800040021200 00010  2500 00010  
HPD02232903HPCPHT19990800050022200 00010  2500 00010  
HPD02232903HPCPHT19990800060021500 00010  2500 00010  
HPD02232903HPCPHT19990800140021800 00010  2500 00010  
HPD02232903HPCPHT19990800170020200 00010  2500 00010  
HPD02232903HPCPHT19990800190022000 00040  2500 00040  
HPD02232903HPCPHT19990800200021100 00010  2500 00010  
HPD02232903HPCPHT19990800240041300 00020  1500 00070  1600 00020  2500 00110  
HPD02232903HPCPHT19990800270041300 00010  1400 00030  1800 00010  2500 00050  
HPD02232903HPCPHT19990800290020300 00010  2500 00010  
HPD02232903HPCPHT19990800300031800 00030  2000 00010  2500 00040  
HPD02232903HPCPHT19990800310051300 00010  1600 00010  1700 00050  2300 00010  2500 00080  
HPD02232903HPCPHT19990900010030100 00000g 2200 00020  2500 00020  
HPD02232903HPCPHT19990900020030400 99999{ 0500 99999} 2500 00000P 
HPD02232903HPCPHT19990900110031700 00020  1800 00010  2500 00030  
HPD02232903HPCPHT19990900140051400 00030  1500 00050  1800 00020  2000 00040  2500 00140  
HPD02232903HPCPHT19990900150030200 00010  0500 00010  2500 00020  
HPD02232903HPCPHT19990900160042000 00030  2100 00020  2200 00020  2500 00070  
HPD02232903HPCPHT19990900190031700 00080  1800 00030  2500 00110  
HPD02232903HPCPHT19990900220022000 00010  2500 00010  
HPD02232903HPCPHT19990900230050300 00010  1100 00050  1200 00030  1300 00020  2500 00110  
HPD02232903HPCPHT19991000010020100 00000g 2500 00000  
HPD02232903HPCPHT19991100010040100 00000g 0700 99999[ 0900 99999] 2500 00000I 
HPD02232903HPCPHT19991100290021300 99999[ 2500 00000I 
HPD02232903HPCPHT19991100300022400 99999] 2500 00000I 
HPD02232903HPCPHT19991200010060100 00000g 0500 00010  0600 00010  0800 00020  1200 00010  2500 00050  
