HPD02619406HPCPHI20010100010020100 00000g 2500 00000  
HPD02619406HPCPHI20010100090080100 00002  0500 00002  0600 00001  1400 00002  1500 00002  1600 00009  1700 00001  2500 00019  
HPD02619406HPCPHI20010100110032300 00005  2400 00004  2500 00009  
HPD02619406HPCPHI20010100120070100 00006  0200 00005  0300 00010  0400 00005  0500 00005  0800 00001  2500 00032  
HPD02619406HPCPHI20010100150042200 00005  2300 00005  2400 00005  2500 00015  
HPD02619406HPCPHI20010100270030400 00001  0800 00002  2500 00003  
HPD02619406HPCPHI20010200010020100 00000g 2500 00000  
HPD02619406HPCPHI20010200130041900 00002  2200 00001  2400 00001  2500 00004  
HPD02619406HPCPHI20010200250042200 00001  2300 00005  2400 00006  2500 00012  
HPD02619406HPCPHI20010200260030100 00001  0600 00001  2500 00002  
HPD02619406HPCPHI20010200270071700 00001  1800 00007  1900 00009  2000 00001  2100 00002  2200 00002  2500 00022  
HPD02619406HPCPHI20010200280040900 00001  1000 00005  1400 00001  2500 00007  
HPD02619406HPCPHI20010300010020100 00000g 2500 00000  
HPD02619406HPCPHI20010300060031700 00001  2300 00002  2500 00003  
HPD02619406HPCPHI20010300070080200 00013  0300 00006  0400 00002  0500 00008  0600 00018  0700 00011  1600 00006  2500 00064  
HPD02619406HPCPHI20010400010020100 00000g 2500 00000  
HPD02619406HPCPHI20010500010020100 00000g 2500 00000  
HPD02619406HPCPHI20010600010020100 00000g 2500 00000  
HPD02619406HPCPHI20010700010020100 00000g 2500 00000  
HPD02619406HPCPHI20010700060041000 00011  1100 00016  1200 00005  2500 00032  
HPD02619406HPCPHI20010700300030200 00052  0300 00005  2500 00057  
HPD02619406HPCPHI20010800010020100 99999a 2500 00000I 
HPD02619406HPCPHI20010800090021100 00002A 2500 00002P 
HPD02619406HPCPHI20010800100040500 00003  0600 00016  0800 99999a 2500 00019I 
HPD02619406HPCPHI20010800210020700 00118A 2500 00118P 
HPD02619406HPCPHI20010900010020100 00000g 2500 00000  
HPD02619406HPCPHI20011000010030100 00000g 0700 99999a 2500 00000I 
HPD02619406HPCPHI20011000080020600 00025A 2500 00025P 
HPD02619406HPCPHI20011100010020100 00000g 2500 00000  
HPD02619406HPCPHI20011200010020100 00000g 2500 00000  
HPD02619406HPCPHI20011200040030900 00002  1000 00010  2500 00012  
HPD02619406HPCPHI20011200110100800 00003  0900 00004  1000 00001  1200 00002  1300 00004  1400 00006  1500 00002  1600 00003  1700 00001  2500 00026  
