HPD02759307HPCPHT20050100010020100 00000g 2500 00000  
HPD02759307HPCPHT20050100020032200 00010  2300 00010  2500 00020  
HPD02759307HPCPHT20050100030101400 00010  1500 00010  1600 00010  1700 00010  2000 00010  2100 00020  2200 00040  2300 00010  2400 00010  2500 00130  
HPD02759307HPCPHT20050100040061300 00010  1400 00010  1500 00010  1600 00010  1800 00010  2500 00050  
HPD02759307HPCPHT20050100050020100 00010  2500 00010  
HPD02759307HPCPHT20050100070021700 00010  2500 00010  
HPD02759307HPCPHT20050100120020100 00020  2500 00020  
HPD02759307HPCPHT20050100210061000 00010  1500 00010  1600 00030  1700 00010  1800 00010  2500 00070  
HPD02759307HPCPHT20050100230021500 00010  2500 00010  
HPD02759307HPCPHT20050100270030300 00020  0400 00010  2500 00030  
HPD02759307HPCPHT20050200010020100 00000g 2500 00000  
HPD02759307HPCPHT20050200050022000 00010  2500 00010  
HPD02759307HPCPHT20050200100032200 00010  2300 00010  2500 00020  
HPD02759307HPCPHT20050200110040900 00010  1400 00010  2400 00010  2500 00030  
HPD02759307HPCPHT20050200120040100 00010  0200 00010  0700 00010  2500 00030  
HPD02759307HPCPHT20050200170022000 00010  2500 00010  
HPD02759307HPCPHT20050200180021700 00010  2500 00010  
HPD02759307HPCPHT20050200190021900 00020  2500 00020  
HPD02759307HPCPHT20050200200030100 00010  0300 00010  2500 00020  
HPD02759307HPCPHT20050200210022100 00010  2500 00010  
HPD02759307HPCPHT20050200260021700 00010  2500 00010  
HPD02759307HPCPHT20050300010020100 00000g 2500 00000  
HPD02759307HPCPHT20050300050031600 00010  1700 00010  2500 00020  
HPD02759307HPCPHT20050300060050200 00010  0500 00010  0600 00010  0700 00010  2500 00040  
HPD02759307HPCPHT20050400010050100 00000g 1000 99999[ 2100 99999] 2200 99999{ 2500 00000P 
HPD02759307HPCPHT20050400300022400 99999} 2500 00000P 
HPD02759307HPCPHT20050500010030100 00000g 2200 99999[ 2500 00000I 
HPD02759307HPCPHT20050500310022400 99999] 2500 00000I 
HPD02759307HPCPHT20050600010030100 00000g 0200 99999[ 2500 00000I 
HPD02759307HPCPHT20050600040021100 99999] 2500 00000I 
HPD02759307HPCPHT20050700010020100 00000g 2500 00000  
HPD02759307HPCPHT20050700060022200 00010  2500 00010  
HPD02759307HPCPHT20050700070020100 00020  2500 00020  
HPD02759307HPCPHT20050700120021800 00010  2500 00010  
HPD02759307HPCPHT20050700150022400 00020  2500 00020  
HPD02759307HPCPHT20050700160020100 00040  2500 00040  
HPD02759307HPCPHT20050700180030200 00050  2400 00010  2500 00060  
HPD02759307HPCPHT20050700190020300 00010  2500 00010  
HPD02759307HPCPHT20050700200022400 00010  2500 00010  
HPD02759307HPCPHT20050700230022000 00040  2500 00040  
HPD02759307HPCPHT20050700280021900 00010  2500 00010  
HPD02759307HPCPHT20050700290021700 00010  2500 00010  
HPD02759307HPCPHT20050700300060600 00010  0800 00010  1200 00010  1300 00020  1400 00010  2500 00060  
HPD02759307HPCPHT20050700310020500 00010  2500 00010  
HPD02759307HPCPHT20050800010030100 99999{ 0700 99999} 2500 00000P 
HPD02759307HPCPHT20050800020030700 00030  0800 00010  2500 00040  
HPD02759307HPCPHT20050800040021500 00010  2500 00010  
HPD02759307HPCPHT20050800070040200 00010  0300 00010  1700 00060  2500 00080  
HPD02759307HPCPHT20050800080020300 00010  2500 00010  
HPD02759307HPCPHT20050800090022400 00010  2500 00010  
HPD02759307HPCPHT20050800100040100 00010  0400 00070  0500 00010  2500 00090  
HPD02759307HPCPHT20050800120031000 00110  1100 00070  2500 00180  
HPD02759307HPCPHT20050800130022400 00120  2500 00120  
HPD02759307HPCPHT20050800140040100 00040  0200 00010  0300 00010  2500 00060  
HPD02759307HPCPHT20050800170021100 00010  2500 00010  
HPD02759307HPCPHT20050800220042200 00010  2300 00050  2400 00030  2500 00090  
HPD02759307HPCPHT20050800230050100 00030  0200 00020  0300 00010  0400 00010  2500 00070  
HPD02759307HPCPHT20050900010020100 00000g 2500 00000  
HPD02759307HPCPHT20050900040031000 00010  2200 00010  2500 00020  
HPD02759307HPCPHT20051000010020100 00000g 2500 00000  
HPD02759307HPCPHT20051000160032200 00010  2300 00010  2500 00020  
HPD02759307HPCPHT20051000190022300 00010  2500 00010  
HPD02759307HPCPHT20051100010020100 00000g 2500 00000  
HPD02759307HPCPHT20051100170021700 99999{ 2500 00000P 
HPD02759307HPCPHT20051100180021700 99999} 2500 00000P 
HPD02759307HPCPHT20051200010020100 00000g 2500 00000  
