HPD02915803HPCPHT20100100010020100 00000g 2500 00000  
HPD02915803HPCPHT20100100170021100 00010  2500 00010  
HPD02915803HPCPHT20100100180051600 00010  1800 00010  2200 00010  2300 00010  2500 00040  
HPD02915803HPCPHT20100100190060100 00010  1900 00010  2000 00020  2100 00010  2200 00010  2500 00060  
HPD02915803HPCPHT20100100200032200 00010  2400 00010  2500 00020  
HPD02915803HPCPHT20100100210180200 00010  0400 00010  0600 00010  0800 00020  0900 00010  1000 00010  1100 00020  1200 00010  1300 00020  1400 00020  1500 00020  1600 00030  1700 00030  1800 00020  1900 00030  2000 00020  2100 00010  2500 00300  
HPD02915803HPCPHT20100100220040600 00010  1100 00010  1700 00010  2500 00030  
HPD02915803HPCPHT20100100230030800 00010  1400 00010  2500 00020  
HPD02915803HPCPHT20100200010020100 00000g 2500 00000  
HPD02915803HPCPHT20100200060051600 00010  1800 00010  2100 00010  2200 00010  2500 00040  
HPD02915803HPCPHT20100200070050200 00010  0300 00010  0500 00010  1100 00010  2500 00040  
HPD02915803HPCPHT20100200180021000 00010  2500 00010  
HPD02915803HPCPHT20100200210030100 00010  1600 00010  2500 00020  
HPD02915803HPCPHT20100200220021100 00010  2500 00010  
HPD02915803HPCPHT20100200280060200 00010  0300 00010  0400 00010  0600 00010  0800 00010  2500 00050  
HPD02915803HPCPHT20100300010020100 00000g 2500 00000  
HPD02915803HPCPHT20100300050021300 00010  2500 00010  
HPD02915803HPCPHT20100300060022200 00020  2500 00020  
HPD02915803HPCPHT20100300070080900 00010  1000 00010  1100 00010  1300 00010  1400 00010  1500 00010  2400 00010  2500 00070  
HPD02915803HPCPHT20100300090040500 00010  0900 00010  1100 00010  2500 00030  
HPD02915803HPCPHT20100300110021700 00010  2500 00010  
HPD02915803HPCPHT20100300140030300 99999[ 0400 99999] 2500 00000I 
HPD02915803HPCPHT20100400010020100 00000g 2500 00000  
HPD02915803HPCPHT20100400120021700 00010  2500 00010  
HPD02915803HPCPHT20100400220021600 00010  2500 00010  
HPD02915803HPCPHT20100400230021000 00010  2500 00010  
HPD02915803HPCPHT20100400240021600 00010  2500 00010  
HPD02915803HPCPHT20100500010020100 00000g 2500 00000  
HPD02915803HPCPHT20100500030021500 00010  2500 00010  
HPD02915803HPCPHT20100600010020100 00000g 2500 00000  
HPD02915803HPCPHT20100700010020100 00000g 2500 00000  
HPD02915803HPCPHT20100700030021800 99999[ 2500 00000I 
HPD02915803HPCPHT20100700110031500 99999] 1900 00010  2500 00010I 
HPD02915803HPCPHT20100700220022000 00020  2500 00020  
HPD02915803HPCPHT20100700230051100 00010  1600 00020  1700 00010  1800 00010  2500 00050  
HPD02915803HPCPHT20100700300021300 00010  2500 00010  
HPD02915803HPCPHT20100700310050800 00030  0900 00020  1000 00010  2400 00010  2500 00070  
HPD02915803HPCPHT20100800010050100 00000g 0300 00010  1400 00010  1700 00010  2500 00030  
HPD02915803HPCPHT20100800070040700 00010  0900 00010  1800 00010  2500 00030  
HPD02915803HPCPHT20100800160041400 00020  1500 00010  1600 00010  2500 00040  
HPD02915803HPCPHT20100800270061300 00020  1400 00030  1500 00050  1600 00010  1700 00010  2500 00120  
HPD02915803HPCPHT20100800280030300 00010  1700 00010  2500 00020  
HPD02915803HPCPHT20100800300031500 99999[ 1600 99999] 2500 00000I 
HPD02915803HPCPHT20100900010030100 00000g 0900 00010  2500 00010  
HPD02915803HPCPHT20100900070030500 00020  0600 00010  2500 00030  
HPD02915803HPCPHT20100900250021700 00010  2500 00010  
HPD02915803HPCPHT20101000010030100 00000g 1600 00010  2500 00010  
HPD02915803HPCPHT20101000040091300 00030  1500 00030  1600 00020  1700 00020  1800 00010  1900 00010  2300 00010  2400 00020  2500 00150  
HPD02915803HPCPHT20101000050070200 00030  0300 00010  0800 00010  1500 00010  1700 00020  1800 00010  2500 00090  
HPD02915803HPCPHT20101000060021400 00010  2500 00010  
HPD02915803HPCPHT20101000170031700 00010  2300 00010  2500 00020  
HPD02915803HPCPHT20101000200021300 00030  2500 00030  
HPD02915803HPCPHT20101000220021300 00010  2500 00010  
HPD02915803HPCPHT20101100010020100 00000g 2500 00000  
HPD02915803HPCPHT20101100030021700 00010  2500 00010  
HPD02915803HPCPHT20101100210020900 00010  2500 00010  
HPD02915803HPCPHT20101100300021600 00010  2500 00010  
HPD02915803HPCPHT20101200010030100 00000g 1400 00010  2500 00010  
HPD02915803HPCPHT20101200160051000 00010  1100 00010  1200 00010  1400 00010  2500 00040  
HPD02915803HPCPHT20101200180020400 00010  2500 00010  
HPD02915803HPCPHT20101200210031300 00010  1800 00010  2500 00020  
HPD02915803HPCPHT20101200220091500 00010  1700 00020  1800 00010  1900 00010  2000 00010  2200 00010  2300 00010  2400 00010  2500 00090  
HPD02915803HPCPHT20101200230020100 00010  2500 00010  
HPD02915803HPCPHT20101200290051100 00010  1500 00010  2200 00010  2400 00010  2500 00040  
HPD02915803HPCPHT20101200300030100 00010  0200 00010  2500 00020  
