HPD02648600HPCPHI19480700010040100 00000g 1300 99999[ 2400 99999] 2500 00000I 
HPD02648600HPCPHI19480700250050700 00035  0800 00010  0900 00006  1000 00001  2500 00052  
HPD02648600HPCPHI19480700260081800 00003  1900 00003  2000 00005  2100 00006  2200 00005  2300 00003  2400 00002  2500 00027  
HPD02648600HPCPHI19480800010040100 00000g 1300 99999[ 2400 99999] 2500 00000I 
HPD02648600HPCPHI19480800060032200 00010  2400 00004  2500 00014  
HPD02648600HPCPHI19480800070030100 00005  0200 00001  2500 00006  
HPD02648600HPCPHI19480800210020200 00005  2500 00005  
HPD02648600HPCPHI19480900010040100 00000g 1300 99999[ 2400 99999] 2500 00000I 
HPD02648600HPCPHI19481000010040100 00000g 1300 99999[ 2400 99999] 2500 00000I 
HPD02648600HPCPHI19481000180050200 00001  0400 00004  0500 00006  1800 00064  2500 00075  
HPD02648600HPCPHI19481000290031900 00001  2000 00005  2500 00006  
HPD02648600HPCPHI19481000300061500 00003  1600 00004  1700 00004  1800 00003  1900 00001  2500 00015  
HPD02648600HPCPHI19481100010040100 00000g 1300 99999[ 2400 99999] 2500 00000I 
HPD02648600HPCPHI19481200010040100 00000g 1300 99999[ 2400 99999] 2500 00000I 
HPD02648600HPCPHI19481200180021000 00001  2500 00001  
HPD02648600HPCPHI19481200220170700 00001  0800 00001  0900 00003  1000 00001  1200 00001  1300 00001  1400 00003  1500 00006  1600 00002  1700 00002  1800 00001  1900 00001  2000 00001  2100 00001  2300 00001  2400 00001  2500 00027  
HPD02648600HPCPHI19481200230040900 00001  1100 00003  1300 00001  2500 00005  
HPD02648600HPCPHI19481200250061300 00004  1400 00005  1500 00003  1600 00001  1800 00002  2500 00015  
HPD02648600HPCPHI19481200270050900 00002  1000 00001  1200 00001  1300 00003  2500 00007  
HPD02648600HPCPHI19481200310031500 00002  1700 00001  2500 00003  
HPD02648600HPCPHI19490100010040100 00000g 1300 99999[ 2400 99999] 2500 00000I 
HPD02648600HPCPHI19490100090042000 00001  2300 00001  2400 00001  2500 00003  
HPD02648600HPCPHI19490100100060100 00006  0200 00004  0300 00002  0600 00001  2100 00001  2500 00014  
HPD02648600HPCPHI19490100110040600 00001  0700 00001  0800 00001  2500 00003  
HPD02648600HPCPHI19490100130090200 00002  0300 00004  0400 00001  0600 00005  0700 00001  1700 00001  1800 00012  2000 00002  2500 00028  
HPD02648600HPCPHI19490100140030100 00001  1700 00004  2500 00005  
HPD02648600HPCPHI19490100150031900 00002  2000 00001  2500 00003  
HPD02648600HPCPHI19490100230091200 00001  1600 00001  1900 00001  2000 00001  2100 00002  2200 00003  2300 00003  2400 00003  2500 00015  
HPD02648600HPCPHI19490100240170100 00002  0200 00006  0400 00001  0500 00002  0600 00003  0900 00001  1300 00002  1600 00002  1700 00001  1800 00001  1900 00002  2000 00002  2100 00002  2200 00001  2300 00001  2400 00001  2500 00030  
HPD02648600HPCPHI19490100250090500 00002  0600 00009  0700 00013  0800 00012  0900 00009  1000 00008  1100 00005  1300 00001  2500 00059  
HPD02648600HPCPHI19490100260020300 00001  2500 00001  
HPD02648600HPCPHI19490200010040100 00000g 1300 99999[ 2400 99999] 2500 00000I 
HPD02648600HPCPHI19490200080030300 00002  0400 00002  2500 00004  
HPD02648600HPCPHI19490200130040700 00001  0800 00002  0900 00001  2500 00004  
HPD02648600HPCPHI19490300010040100 00000g 1300 99999[ 2400 99999] 2500 00000I 
HPD02648600HPCPHI19490300250040200 00004  0500 00001  0600 00001  2500 00006  
HPD02648600HPCPHI19490300290040500 00003  0600 00001  0700 00001  2500 00005  
HPD02648600HPCPHI19490300310051100 00005  1200 00010  1300 00004  2100 00008  2500 00027  
HPD02648600HPCPHI19490400010080100 00000g 0900 00004  1000 00006  1100 00003  1200 00002  1300 00002  1500 00001  2500 00018  
HPD02648600HPCPHI19490500010040100 00000g 1300 99999[ 2400 99999] 2500 00000I 
HPD02648600HPCPHI19490500160022400 00008  2500 00008  
HPD02648600HPCPHI19490500170021800 00009  2500 00009  
HPD02648600HPCPHI19490600010040100 00000g 1300 99999[ 2400 99999] 2500 00000I 
HPD02648600HPCPHI19490600170042000 00007  2100 00006  2400 00001  2500 00014  
HPD02648600HPCPHI19490700010040100 00000g 1300 99999[ 2400 99999] 2500 00000I 
HPD02648600HPCPHI19490700040020300 00001  2500 00001  
HPD02648600HPCPHI19490700220070600 99999[ 0700 99999] 0800 99999[ 0900 00001] 1000 00002  1100 00001  2500 00004I 
HPD02648600HPCPHI19490700240040700 00021  0800 00007  0900 00001  2500 00029  
HPD02648600HPCPHI19490700300022300 00002  2500 00002  
HPD02648600HPCPHI19490800010020100 00000g 2500 00000  
HPD02648600HPCPHI19490800020022200 00001  2500 00001  
HPD02648600HPCPHI19490800060050100 00005  1900 00023  2000 00011  2200 00001  2500 00040  
HPD02648600HPCPHI19490900010040100 00000g 1300 99999[ 2400 99999] 2500 00000I 
HPD02648600HPCPHI19490900020022300 00017  2500 00017  
HPD02648600HPCPHI19490900100032100 00008  2400 00001  2500 00009  
HPD02648600HPCPHI19490900130041000 00001  1200 00045  1300 00010  2500 00056  
HPD02648600HPCPHI19490900140020900 00001  2500 00001  
HPD02648600HPCPHI19490900220021900 00006  2500 00006  
HPD02648600HPCPHI19491000010040100 00000g 1300 99999[ 2400 99999] 2500 00000I 
HPD02648600HPCPHI19491000040041400 00001  1500 00002  1600 00001  2500 00004  
HPD02648600HPCPHI19491000160022300 00002  2500 00002  
HPD02648600HPCPHI19491000180071200 00018  1800 00034  1900 00009  2000 00010  2100 00001  2200 00002  2500 00074  
HPD02648600HPCPHI19491100010040100 00000g 1300 99999[ 2400 99999] 2500 00000I 
HPD02648600HPCPHI19491100100052000 00001  2100 00013  2200 00015  2300 00001  2500 00030  
HPD02648600HPCPHI19491200010040100 00000g 1300 99999[ 2400 99999] 2500 00000I 
HPD02648600HPCPHI19491200090061300 00002  1400 00004  1500 00008  1600 00010  1700 00003  2500 00027  
HPD02648600HPCPHI19491200100060100 00004  0300 00001  0600 00001  1100 00005  1200 00012  2500 00023  
HPD02648600HPCPHI19491200170020600 00001  2500 00001  
HPD02648600HPCPHI19491200190032300 00008  2400 00024  2500 00032  
HPD02648600HPCPHI19491200200040100 00005  0200 00001  0300 00003  2500 00009  
HPD02648600HPCPHI19500100010040100 00000g 1300 99999[ 2400 99999] 2500 00000I 
HPD02648600HPCPHI19500100120032300 00003  2400 00005  2500 00008  
HPD02648600HPCPHI19500100290120500 00001  0800 00001  0900 00001  1100 00001  1200 00002  1300 00002  1400 00003  1500 00003  1600 00001  1900 00001  2000 00001  2500 00017  
HPD02648600HPCPHI19500100300040100 00002  0200 00003  0300 00002  2500 00007  
HPD02648600HPCPHI19500200010040100 00000g 1300 99999[ 2400 99999] 2500 00000I 
HPD02648600HPCPHI19500200110060600 00004  0700 00002  0900 00014  1600 00013  1800 00003  2500 00036  
HPD02648600HPCPHI19500200260061900 00006  2000 00009  2100 00013  2200 00026  2300 00008  2500 00062  
HPD02648600HPCPHI19500200270030100 00001  0200 00001  2500 00002  
HPD02648600HPCPHI19500300010040100 00000g 1300 99999[ 2400 99999] 2500 00000I 
HPD02648600HPCPHI19500300020050200 00008  0300 00004  0400 00001  0500 00002  2500 00015  
HPD02648600HPCPHI19500300250041100 00001  1200 00005  1300 00004  2500 00010  
HPD02648600HPCPHI19500400010040100 00000g 1300 99999[ 2400 99999] 2500 00000I 
HPD02648600HPCPHI19500500010040100 00000g 1300 99999[ 2400 99999] 2500 00000I 
HPD02648600HPCPHI19500600010040100 00000g 1300 99999[ 2400 99999] 2500 00000I 
HPD02648600HPCPHI19500600210022000 00010  2500 00010  
HPD02648600HPCPHI19500700010040100 00000g 1300 99999[ 2400 99999] 2500 00000I 
HPD02648600HPCPHI19500700050031100 00001  1200 00001  2500 00002  
HPD02648600HPCPHI19500700070061600 00041  1700 00017  2000 00001  2100 00012  2200 00004  2500 00075  
HPD02648600HPCPHI19500700080021800 00001  2500 00001  
HPD02648600HPCPHI19500700210022100 00004  2500 00004  
HPD02648600HPCPHI19500700240020300 00001  2500 00001  
HPD02648600HPCPHI19500700310030700 00003  1300 00007  2500 00010  
HPD02648600HPCPHI19500800010020100 00000g 2500 00000  
HPD02648600HPCPHI19500800040022100 00020  2500 00020  
HPD02648600HPCPHI19500800050030200 00003  0300 00002  2500 00005  
HPD02648600HPCPHI19500800110021900 00020  2500 00020  
HPD02648600HPCPHI19500900010040100 00000g 1300 99999[ 2400 99999] 2500 00000I 
HPD02648600HPCPHI19500900060022200 00003  2500 00003  
HPD02648600HPCPHI19500900180041300 00007  1400 00045  1700 00016  2500 00068  
HPD02648600HPCPHI19500900210061100 00001  1200 00006  1300 00005  1400 00003  1500 00001  2500 00016  
HPD02648600HPCPHI19501000010040100 00000g 1300 99999[ 2400 99999] 2500 00000I 
HPD02648600HPCPHI19501100010020100 00000g 2500 00000  
HPD02648600HPCPHI19501100140031600 00002  1700 00001  2500 00003  
HPD02648600HPCPHI19501200010020100 00000g 2500 00000  
HPD02648600HPCPHI19501200310022000 00001  2500 00001  
HPD02648600HPCPHI19510100010020100 00000g 2500 00000  
HPD02648600HPCPHI19510100120030200 00007  0300 00001  2500 00008  
HPD02648600HPCPHI19510100160032100 00001  2200 00002  2500 00003  
HPD02648600HPCPHI19510100290061800 00001  1900 00001  2200 00007  2300 00011  2400 00006  2500 00026  
HPD02648600HPCPHI19510100300160100 00005  0400 00011  0700 00003  0800 00026  0900 00019  1000 00016  1100 00001  1400 00013  1500 00007  1600 00012  1700 00001  1800 00001  1900 00002  2000 00001  2100 00001  2500 00119  
HPD02648600HPCPHI19510200010020100 00000g 2500 00000  
HPD02648600HPCPHI19510200230081100 00002  1200 00002  1900 00001  2100 00002  2200 00001  2300 00001  2400 00002  2500 00011  
HPD02648600HPCPHI19510200250020100 00001  2500 00001  
HPD02648600HPCPHI19510300010020100 00000g 2500 00000  
HPD02648600HPCPHI19510300020030800 00001  0900 00001  2500 00002  
HPD02648600HPCPHI19510300260041900 00014  2000 00002  2400 00002  2500 00018  
HPD02648600HPCPHI19510400010020100 00000g 2500 00000  
HPD02648600HPCPHI19510400040051200 00005  1300 00001  1400 00002  2400 00010  2500 00018  
HPD02648600HPCPHI19510400050041700 00002  1800 00011  1900 00004  2500 00017  
HPD02648600HPCPHI19510400190070500 00001  0700 00001  0800 00002  0900 00001  1500 00076  1900 00001  2500 00082  
HPD02648600HPCPHI19510400200040400 00001  1000 00005  1700 00001  2500 00007  
HPD02648600HPCPHI19510400260050100 00014  0200 00004  0300 00001  0400 00001  2500 00020  
HPD02648600HPCPHI19510400290090600 00001  0700 00007  0800 00001  0900 00001  1500 00001  1600 00001  1800 00001  2000 00001  2500 00014  
HPD02648600HPCPHI19510500010020100 00000g 2500 00000  
HPD02648600HPCPHI19510500140061100 00002  1200 00001  2200 00003  2300 00008  2400 00002  2500 00016  
HPD02648600HPCPHI19510500150050100 00001  0200 00002  0300 00001  0600 00001  2500 00005  
HPD02648600HPCPHI19510600010020100 00000g 2500 00000  
HPD02648600HPCPHI19510700010020100 00000g 2500 00000  
HPD02648600HPCPHI19510700170030300 00001  0400 00001  2500 00002  
HPD02648600HPCPHI19510700180040200 00001  2300 00028  2400 00006  2500 00035  
HPD02648600HPCPHI19510700240032200 00001  2300 00006  2500 00007  
HPD02648600HPCPHI19510700270041900 00082  2000 00003  2100 00001  2500 00086  
HPD02648600HPCPHI19510800010040100 00000g 0600 00072  0700 00005  2500 00077  
HPD02648600HPCPHI19510800030120200 00005  0300 00002  0400 00018  0500 00007  0600 00003  0700 00005  0800 00003  0900 00005  1000 00003  1100 00001  1200 00001  2500 00053  
HPD02648600HPCPHI19510800180020400 00018  2500 00018  
HPD02648600HPCPHI19510800260090700 00003  0800 00006  0900 00003  1000 00002  1100 00002  1200 00017  2100 00005  2400 00003  2500 00041  
HPD02648600HPCPHI19510800270131300 00022  1400 00037  1500 00044  1600 00017  1700 00015  1800 00053  1900 00006  2000 00001  2100 00003  2200 00004  2300 00002  2400 00006  2500 00210  
HPD02648600HPCPHI19510800280110200 00008  0300 00009  0500 00005  0600 00007  0700 00002  1300 00013  2000 00002  2100 00014  2200 00022  2300 00002  2500 00084  
HPD02648600HPCPHI19510800290100300 00004  0400 00007  0500 00009  0700 00003  0800 00002  1100 00017  1300 00001  1400 00001  1600 00006  2500 00050  
HPD02648600HPCPHI19510900010020100 00000g 2500 00000  
HPD02648600HPCPHI19510900290070100 00003  0200 00010  0300 00003  0400 00005  0500 00011  0600 00001  2500 00033  
HPD02648600HPCPHI19511000010020100 00000g 2500 00000  
HPD02648600HPCPHI19511000260030200 00008  0300 00001  2500 00009  
HPD02648600HPCPHI19511000300090100 00012  0200 00013  0300 00005  0400 00006  0500 00002  0600 00001  1800 00002  2400 00028  2500 00069  
HPD02648600HPCPHI19511000310030100 00001  0200 00001  2500 00002  
HPD02648600HPCPHI19511100010020100 00000g 2500 00000  
HPD02648600HPCPHI19511100100022300 00001  2500 00001  
HPD02648600HPCPHI19511100110050100 00001  0200 00001  0300 00001  0500 00001  2500 00004  
HPD02648600HPCPHI19511100230110700 00004  1000 00014  1100 00029  1200 00012  1300 00002  1800 00009  1900 00002  2000 00001  2100 00004  2300 00002  2500 00079  
HPD02648600HPCPHI19511200010020100 00000g 2500 00000  
HPD02648600HPCPHI19511200050031200 00004  1300 00002  2500 00006  
HPD02648600HPCPHI19511200120061200 00001  1300 00006  1400 00001  1800 00002  1900 00001  2500 00011  
HPD02648600HPCPHI19511200190022200 00002  2500 00002  
HPD02648600HPCPHI19511200290090500 00002  0600 00001  0700 00001  0800 00003  0900 00003  1000 00002  1100 00001  1500 00001  2500 00014  
HPD02648600HPCPHI19511200300071700 00001  1800 00002  1900 00002  2000 00001  2100 00014  2200 00002  2500 00022  
HPD02648600HPCPHI19520100010020100 00000g 2500 00000  
HPD02648600HPCPHI19520100130031800 00006  1900 00007  2500 00013  
HPD02648600HPCPHI19520100170042200 00001  2300 00001  2400 00005  2500 00007  
HPD02648600HPCPHI19520100180090100 00001  0300 00001  0500 00003  0600 00002  0700 00003  0800 00002  1500 00007  1600 00004  2500 00023  
HPD02648600HPCPHI19520200010020100 00000g 2500 00000  
HPD02648600HPCPHI19520200090051500 00002  1900 00001  2000 00002  2100 00002  2500 00007  
HPD02648600HPCPHI19520200100070200 00003  0300 00004  0400 00006  0500 00001  1400 00007  1500 00004  2500 00025  
HPD02648600HPCPHI19520200120020900 00004  2500 00004  
HPD02648600HPCPHI19520300010100100 00000g 0600 00011  0700 00004  1400 00003  1500 00001  1600 00007  1800 00003  2200 00012  2300 00009  2500 00050  
HPD02648600HPCPHI19520300080042200 00003  2300 00011  2400 00006  2500 00020  
HPD02648600HPCPHI19520300090050100 00010  0200 00003  0900 00001  1100 00001  2500 00015  
HPD02648600HPCPHI19520300110051000 00025  1100 00014  1200 00007  1500 00003  2500 00049  
HPD02648600HPCPHI19520300130031600 00002  1700 00002  2500 00004  
HPD02648600HPCPHI19520300160051200 00005  1300 00007  1400 00006  1500 00001  2500 00019  
HPD02648600HPCPHI19520300170100300 00010  0400 00002  0500 00003  0600 00007  0700 00003  0800 00001  0900 00001  1000 00002  1100 00001  2500 00030  
HPD02648600HPCPHI19520400010020100 00000g 2500 00000  
HPD02648600HPCPHI19520400110090300 00001  0600 00001  0700 00033  0800 00013  0900 00010  1000 00002  1100 00002  2100 00005  2500 00067  
HPD02648600HPCPHI19520400190031900 00001  2000 00010  2500 00011  
HPD02648600HPCPHI19520400200060800 00008  0900 00011  1000 00011  1100 00010  1200 00001  2500 00041  
HPD02648600HPCPHI19520400210061000 00002  1100 00003  1200 00002  1300 00001  1400 00001  2500 00009  
HPD02648600HPCPHI19520400240041900 00012  2000 00002  2200 00001  2500 00015  
HPD02648600HPCPHI19520400270051200 00019  1300 00002  1600 00002  1700 00011  2500 00034  
HPD02648600HPCPHI19520400280140400 00002  0500 00002  0600 00006  0700 00002  0800 00001  0900 00003  1000 00005  1100 00007  1200 00003  1300 00001  1400 00002  1500 00012  1700 00002  2500 00048  
HPD02648600HPCPHI19520500010020100 00000g 2500 00000  
HPD02648600HPCPHI19520600010020100 00000g 2500 00000  
HPD02648600HPCPHI19520600020031700 00005  1800 00005  2500 00010  
HPD02648600HPCPHI19520600030020100 00001  2500 00001  
HPD02648600HPCPHI19520700010020100 00000g 2500 00000  
HPD02648600HPCPHI19520700050030400 00003  0500 00001  2500 00004  
HPD02648600HPCPHI19520700060031900 00001  2300 00001  2500 00002  
HPD02648600HPCPHI19520700240030100 00003  0200 00002  2500 00005  
HPD02648600HPCPHI19520700260030300 00108  2100 00005  2500 00113  
HPD02648600HPCPHI19520700270042000 00002  2300 00018  2400 00001  2500 00021  
HPD02648600HPCPHI19520700280020100 00001  2500 00001  
HPD02648600HPCPHI19520800010020100 00000g 2500 00000  
HPD02648600HPCPHI19520800150032000 00006  2100 00001  2500 00007  
HPD02648600HPCPHI19520800240050100 00108  0200 00002  0300 00004  0400 00002  2500 00116  
HPD02648600HPCPHI19520800270040700 00010  0800 00007  0900 00001  2500 00018  
HPD02648600HPCPHI19520900010020100 00000g 2500 00000  
HPD02648600HPCPHI19520900200032300 00002  2400 00001  2500 00003  
HPD02648600HPCPHI19520900210020100 00003  2500 00003  
HPD02648600HPCPHI19521000010020100 00000g 2500 00000  
HPD02648600HPCPHI19521100010020100 00000g 2500 00000  
HPD02648600HPCPHI19521100070021800 00001  2500 00001  
HPD02648600HPCPHI19521100080050400 00001  0500 00009  0600 00005  1600 00011  2500 00026  
HPD02648600HPCPHI19521100090030900 00011  1000 00009  2500 00020  
HPD02648600HPCPHI19521100150022400 00001  2500 00001  
HPD02648600HPCPHI19521100160140100 00024  0200 00014  0300 00023  0400 00007  0500 00005  0600 00003  0700 00004  0800 00003  1100 00001  1200 00001  1700 00001  1800 00002  2200 00006  2500 00094  
HPD02648600HPCPHI19521100230110800 00004  1300 00014  1400 00008  1500 00001  1600 00007  1800 00001  2100 00001  2200 00002  2300 00006  2400 00010  2500 00054  
HPD02648600HPCPHI19521100240100100 00008  0200 00004  0300 00001  0500 00002  0600 00004  0700 00002  0800 00009  1000 00001  1100 00001  2500 00032  
HPD02648600HPCPHI19521100300051100 00005  1200 00015  1300 00009  1400 00003  2500 00032  
HPD02648600HPCPHI19521200010020100 00000g 2500 00000  
HPD02648600HPCPHI19521200160041300 00001  1400 00003  1500 00002  2500 00006  
HPD02648600HPCPHI19521200170090300 00003  1200 00001  1300 00003  1400 00003  1500 00006  1600 00004  1700 00004  1800 00001  2500 00025  
HPD02648600HPCPHI19521200180030100 00001  1300 00001  2500 00002  
HPD02648600HPCPHI19521200200042000 00007  2100 00004  2200 00006  2500 00017  
HPD02648600HPCPHI19521200310020600 00001  2500 00001  
HPD02648600HPCPHI19530100010020100 00000g 2500 00000  
HPD02648600HPCPHI19530100060052000 00004  2100 00001  2300 00001  2400 00001  2500 00007  
HPD02648600HPCPHI19530100070070100 00003  0400 00001  0500 00004  0600 00004  0700 00002  0800 00001  2500 00015  
HPD02648600HPCPHI19530200010020100 00000g 2500 00000  
HPD02648600HPCPHI19530200240040200 00006  0300 00013  0400 00002  2500 00021  
HPD02648600HPCPHI19530200280090900 00001  1000 00002  1100 00002  1200 00001  1300 00002  1400 00001  1700 00014  1900 00001  2500 00024  
HPD02648600HPCPHI19530300010070100 00000g 1500 00001  1600 00005  1700 00001  1800 00013  1900 00005  2500 00025  
HPD02648600HPCPHI19530300020120300 00003  0400 00001  0600 00001  0700 00002  1100 00001  1200 00001  1400 00009  1500 00006  1600 00002  1700 00004  1800 00007  2500 00037  
HPD02648600HPCPHI19530400010020100 00000g 2500 00000  
HPD02648600HPCPHI19530400220021100 00001  2500 00001  
HPD02648600HPCPHI19530400280020300 00001  2500 00001  
HPD02648600HPCPHI19530500010020100 00000g 2500 00000  
HPD02648600HPCPHI19530500150051500 00001  1600 00001  1700 00008  1800 00001  2500 00011  
HPD02648600HPCPHI19530600010020100 00000g 2500 00000  
HPD02648600HPCPHI19530700010020100 00000g 2500 00000  
HPD02648600HPCPHI19530700160052100 00045  2200 00001  2300 00001  2400 00001  2500 00048  
HPD02648600HPCPHI19530700170050100 00001  0200 00001  1000 00001  1100 00001  2500 00004  
HPD02648600HPCPHI19530700290052100 00002  2200 00002  2300 00006  2400 00004  2500 00014  
HPD02648600HPCPHI19530700300050100 00005  0200 00001  0500 00001  1200 00001  2500 00008  
HPD02648600HPCPHI19530800010020100 00000g 2500 00000  
HPD02648600HPCPHI19530800250041900 00005  2000 00018  2200 00001  2500 00024  
HPD02648600HPCPHI19530800270030600 00009  0700 00012  2500 00021  
HPD02648600HPCPHI19530800280032200 00007  2300 00001  2500 00008  
HPD02648600HPCPHI19530900010020100 00000g 2500 00000  
HPD02648600HPCPHI19531000010020100 00000g 2500 00000  
HPD02648600HPCPHI19531100010020100 00000g 2500 00000  
HPD02648600HPCPHI19531100180020200 00003  2500 00003  
HPD02648600HPCPHI19531200010020100 00000g 2500 00000  
HPD02648600HPCPHI19531200040031700 00002  1800 00010  2500 00012  
HPD02648600HPCPHI19540100010020100 00000g 2500 00000  
HPD02648600HPCPHI19540100120061500 00002  1700 00002  1800 00001  2000 00004  2100 00001  2500 00010  
HPD02648600HPCPHI19540100130110200 00002  0300 00001  0600 00001  0700 00002  0800 00005  0900 00008  1000 00001  1100 00003  1200 00001  1300 00001  2500 00025  
HPD02648600HPCPHI19540100190032200 00002  2300 00002  2500 00004  
HPD02648600HPCPHI19540100200120100 00001  0600 00002  0700 00006  0800 00002  1300 00001  1400 00004  1500 00013  1600 00013  1700 00001  1800 00010  1900 00002  2500 00055  
HPD02648600HPCPHI19540100250021800 00001  2500 00001  
HPD02648600HPCPHI19540200010020100 00000g 2500 00000  
HPD02648600HPCPHI19540200140081000 00005  1100 00007  1200 00021  1300 00011  1400 00006  1500 00001  2400 00004  2500 00055  
HPD02648600HPCPHI19540200150020100 00001  2500 00001  
HPD02648600HPCPHI19540300010020100 00000g 2500 00000  
HPD02648600HPCPHI19540300170061000 00005  1200 00003  1300 00005  1400 00001  1500 00001  2500 00015  
HPD02648600HPCPHI19540300220200100 00002  0200 00002  0400 00001  0500 00002  0600 00003  0800 00005  0900 00003  1000 00002  1100 00002  1200 00003  1300 00002  1400 00006  1500 00005  1600 00007  1700 00001  1800 00004  1900 00005  2000 00002  2100 00003  2500 00060  
HPD02648600HPCPHI19540300230080500 00002  0600 00001  1600 00008  1900 00001  2000 00006  2100 00009  2400 00006  2500 00033  
HPD02648600HPCPHI19540300250061600 00002  1700 00002  1800 00001  1900 00001  2000 00001  2500 00007  
HPD02648600HPCPHI19540400010020100 00000g 2500 00000  
HPD02648600HPCPHI19540500010020100 00000g 2500 00000  
HPD02648600HPCPHI19540500200042000 00002  2100 00006  2200 00002  2500 00010  
HPD02648600HPCPHI19540600010020100 00000g 2500 00000  
HPD02648600HPCPHI19540600250021800 00005  2500 00005  
HPD02648600HPCPHI19540600260020900 00003  2500 00003  
HPD02648600HPCPHI19540700010020100 00000g 2500 00000  
HPD02648600HPCPHI19540700030032100 00003  2200 00032  2500 00035  
HPD02648600HPCPHI19540700120031900 00012  2000 00001  2500 00013  
HPD02648600HPCPHI19540700200022200 00010  2500 00010  
HPD02648600HPCPHI19540700220020200 00014  2500 00014  
HPD02648600HPCPHI19540700230031000 00001  1100 00005  2500 00006  
HPD02648600HPCPHI19540700240031400 00006  1500 00006  2500 00012  
HPD02648600HPCPHI19540800010020100 00000g 2500 00000  
HPD02648600HPCPHI19540800050050200 00003  0300 00010  0400 00002  0500 00001  2500 00016  
HPD02648600HPCPHI19540800100030100 00001  0200 00004  2500 00005  
HPD02648600HPCPHI19540800310032000 00004  2100 00005  2500 00009  
HPD02648600HPCPHI19540900010050100 00000g 2100 00001  2200 00001  2300 00005  2500 00007  
HPD02648600HPCPHI19540900240030100 00003  0200 00015  2500 00018  
HPD02648600HPCPHI19541000010020100 00000g 2500 00000  
HPD02648600HPCPHI19541000020061000 00001  1100 00002  1200 00001  2000 00001  2200 00004  2500 00009  
HPD02648600HPCPHI19541000030020200 00002  2500 00002  
HPD02648600HPCPHI19541100010020100 00000g 2500 00000  
HPD02648600HPCPHI19541200010020100 00000g 2500 00000  
HPD02648600HPCPHI19541200100031300 00001  1400 00002  2500 00003  
HPD02648600HPCPHI19550100010020100 00000g 2500 00000  
HPD02648600HPCPHI19550100030111300 00005  1400 00008  1500 00006  1700 00001  1800 00002  1900 00003  2000 00004  2100 00010  2200 00003  2300 00005  2500 00047  
HPD02648600HPCPHI19550100070090400 00001  1400 00006  1500 00016  1600 00001  1700 00003  2100 00006  2200 00018  2300 00013  2500 00064  
HPD02648600HPCPHI19550100110050700 00003  0800 00006  0900 00003  1000 00003  2500 00015  
HPD02648600HPCPHI19550100130052100 00005  2200 00008  2300 00008  2400 00007  2500 00028  
HPD02648600HPCPHI19550100140050100 00004  0200 00002  1700 00001  1800 00006  2500 00013  
HPD02648600HPCPHI19550100160091700 00003  1800 00007  1900 00010  2000 00005  2100 00008  2200 00009  2300 00013  2400 00002  2500 00057  
HPD02648600HPCPHI19550100170040100 00007  0200 00005  0300 00001  2500 00013  
HPD02648600HPCPHI19550100190031000 00005  1100 00002  2500 00007  
HPD02648600HPCPHI19550200010020100 00000g 2500 00000  
HPD02648600HPCPHI19550200250030700 99999a 1000 00013A 2500 00013  
HPD02648600HPCPHI19550300010020100 00000g 2500 00000  
HPD02648600HPCPHI19550400010020100 00000g 2500 00000  
HPD02648600HPCPHI19550500010020100 00000g 2500 00000  
HPD02648600HPCPHI19550500020030400 00001  0700 00001  2500 00002  
HPD02648600HPCPHI19550600010020100 00000g 2500 00000  
HPD02648600HPCPHI19550600120081300 00003  1400 00019  1500 00001  1600 00004  1700 00017  1800 00001  2000 00001  2500 00046  
HPD02648600HPCPHI19550700010020100 00000g 2500 00000  
HPD02648600HPCPHI19550700160032000 00029  2100 00015  2500 00044  
HPD02648600HPCPHI19550700170030200 00002  0300 00001  2500 00003  
HPD02648600HPCPHI19550700180032100 00011  2200 00005  2500 00016  
HPD02648600HPCPHI19550700220052100 00010  2200 00120  2300 00002  2400 00063  2500 00195  
HPD02648600HPCPHI19550700230040100 00027  0200 00007  0400 00001  2500 00035  
HPD02648600HPCPHI19550700250030100 99999a 0800 00172A 2500 00172  
HPD02648600HPCPHI19550800010020100 00000g 2500 00000  
HPD02648600HPCPHI19550800030032200 00007  2300 00013  2500 00020  
HPD02648600HPCPHI19550800060052100 00001  2200 00003  2300 00005  2400 00006  2500 00015  
HPD02648600HPCPHI19550800070030100 00012  0200 00003  2500 00015  
HPD02648600HPCPHI19550800120071900 00038  2000 00002  2100 00010  2200 00001  2300 00019  2400 99999a 2500 00070I 
HPD02648600HPCPHI19550800130020600 00132A 2500 00132P 
HPD02648600HPCPHI19550800190021800 00005  2500 00005  
HPD02648600HPCPHI19550800230042100 00002  2200 00006  2300 00002  2500 00010  
HPD02648600HPCPHI19550900010020100 00000g 2500 00000  
HPD02648600HPCPHI19550900170021800 00005  2500 00005  
HPD02648600HPCPHI19551000010020100 00000g 2500 00000  
HPD02648600HPCPHI19551000030062000 00002  2100 00002  2200 00001  2300 00004  2400 00001  2500 00010  
HPD02648600HPCPHI19551100010020100 00000g 2500 00000  
HPD02648600HPCPHI19551100140030800 99999a 1200 00005A 2500 00005  
HPD02648600HPCPHI19551100170031300 99999a 1700 00005A 2500 00005  
HPD02648600HPCPHI19551200010020100 00000g 2500 00000  
HPD02648600HPCPHI19551200020020800 00007  2500 00007  
HPD02648600HPCPHI19560100010020100 00000g 2500 00000  
HPD02648600HPCPHI19560100210080600 00002  0700 00001  0800 00001  0900 00002  1200 00002  1300 00002  1400 00002  2500 00012  
HPD02648600HPCPHI19560100280130400 00001  0500 00001  0600 00003  0700 00010  0800 00007  0900 00001  1200 00002  1400 00001  1500 00001  1700 00001  1800 00002  2000 00003  2500 00033  
HPD02648600HPCPHI19560200010020100 00000g 2500 00000  
HPD02648600HPCPHI19560200060110900 00004  1000 00001  1300 00001  1400 00005  1500 00001  1700 00002  1800 00006  1900 00004  2000 00002  2200 00001  2500 00027  
HPD02648600HPCPHI19560200070020400 00001  2500 00001  
HPD02648600HPCPHI19560200080081100 00001  1200 00001  1300 00002  1400 00002  1500 00001  1800 00007  1900 00002  2500 00016  
HPD02648600HPCPHI19560200160030700 00006  0800 00001  2500 00007  
HPD02648600HPCPHI19560300010020100 00000g 2500 00000  
HPD02648600HPCPHI19560400010020100 00000g 2500 00000  
HPD02648600HPCPHI19560500010020100 00000g 2500 00000  
HPD02648600HPCPHI19560600010020100 00000g 2500 00000  
HPD02648600HPCPHI19560700010020100 00000g 2500 00000  
HPD02648600HPCPHI19560700230022100 00005  2500 00005  
HPD02648600HPCPHI19560700250031600 00004  1700 00005  2500 00009  
HPD02648600HPCPHI19560700290042200 00001  2300 00028  2400 00009  2500 00038  
HPD02648600HPCPHI19560700300030100 00002  0200 00003  2500 00005  
HPD02648600HPCPHI19560800010020100 00000g 2500 00000  
HPD02648600HPCPHI19560800120060300 00043  0400 00006  0600 00001  2300 00002  2400 00038  2500 00090  
HPD02648600HPCPHI19560800130040100 00002  0200 00001  0300 00002  2500 00005  
HPD02648600HPCPHI19560800170042200 00010  2300 00018  2400 00010  2500 00038  
HPD02648600HPCPHI19560900010020100 00000g 2500 00000  
HPD02648600HPCPHI19560900300022100 00004  2500 00004  
HPD02648600HPCPHI19561000010020100 00000g 2500 00000  
HPD02648600HPCPHI19561000290040200 00003  0300 00001  0400 00001  2500 00005  
HPD02648600HPCPHI19561100010020100 00000g 2500 00000  
HPD02648600HPCPHI19561200010020100 00000g 2500 00000  
HPD02648600HPCPHI19570100010020100 00000g 2500 00000  
HPD02648600HPCPHI19570100030031000 00003  1100 00008  2500 00011  
HPD02648600HPCPHI19570100070052000 00001  2100 00003  2200 00004  2300 00001  2500 00009  
HPD02648600HPCPHI19570100080070200 00002  0500 00001  0600 00002  0700 00001  2300 00020  2400 00010  2500 00036  
HPD02648600HPCPHI19570100090031200 00002  1500 00002  2500 00004  
HPD02648600HPCPHI19570100100050500 00014  0600 00010  1200 00049  1300 00001  2500 00074  
HPD02648600HPCPHI19570100270120200 00003  0800 00004  0900 00007  1000 00006  1100 00001  1200 00001  1300 00001  1400 00002  1500 00001  1600 00001  1700 00001  2500 00028  
HPD02648600HPCPHI19570100280032300 00002  2400 00007  2500 00009  
HPD02648600HPCPHI19570100290030100 00001  0200 00001  2500 00002  
HPD02648600HPCPHI19570100300040200 00002  0300 00003  0400 00001  2500 00006  
HPD02648600HPCPHI19570200010020100 00000g 2500 00000  
HPD02648600HPCPHI19570200170041800 00001  1900 00001  2000 00001  2500 00003  
HPD02648600HPCPHI19570200180020300 00001  2500 00001  
HPD02648600HPCPHI19570200190060200 00002  0300 00001  0400 00001  0500 00001  0600 00001  2500 00006  
HPD02648600HPCPHI19570200210021600 00002  2500 00002  
HPD02648600HPCPHI19570200230071100 00003  1200 00003  1300 00003  1400 00001  1500 00001  1600 00001  2500 00012  
HPD02648600HPCPHI19570300010020100 00000g 2500 00000  
HPD02648600HPCPHI19570300100031100 00001  1200 00003  2500 00004  
HPD02648600HPCPHI19570300190032300 00003  2400 00014  2500 00017  
HPD02648600HPCPHI19570300200110100 00012  0200 00007  0300 00003  0400 00001  0500 00001  0600 00001  0700 00005  0800 00003  0900 00001  1300 00008  2500 00042  
HPD02648600HPCPHI19570400010020100 00000g 2500 00000  
HPD02648600HPCPHI19570400210031400 00001  1500 00009  2500 00010  
HPD02648600HPCPHI19570400220031200 00004  1300 00001  2500 00005  
HPD02648600HPCPHI19570500010020100 00000g 2500 00000  
HPD02648600HPCPHI19570500110032300 00012  2400 00003  2500 00015  
HPD02648600HPCPHI19570500120040100 00002  0600 00002  0700 00003  2500 00007  
HPD02648600HPCPHI19570600010020100 00000g 2500 00000  
HPD02648600HPCPHI19570600100061900 00012  2000 00007  2100 00001  2300 00002  2400 00003  2500 00025  
HPD02648600HPCPHI19570700010020100 00000g 2500 00000  
HPD02648600HPCPHI19570700170041000 00024  1100 00012  1200 00006  2500 00042  
HPD02648600HPCPHI19570700180030600 00009  0700 00002  2500 00011  
HPD02648600HPCPHI19570700250032000 00002  2100 00008  2500 00010  
HPD02648600HPCPHI19570800010020100 00000g 2500 00000  
HPD02648600HPCPHI19570800110022300 00005  2500 00005  
HPD02648600HPCPHI19570800120060200 00011  0300 00034  0400 00004  0500 00006  0600 00001  2500 00056  
HPD02648600HPCPHI19570800190050600 00006  0800 00010  0900 00003  1000 00002  2500 00021  
HPD02648600HPCPHI19570800290031300 00009  1400 00001  2500 00010  
HPD02648600HPCPHI19570900010020100 00000g 2500 00000  
HPD02648600HPCPHI19571000010020100 00000g 2500 00000  
HPD02648600HPCPHI19571000110022400 00003  2500 00003  
HPD02648600HPCPHI19571000120050100 00001  0200 00002  0300 00003  0400 00009  2500 00015  
HPD02648600HPCPHI19571000140080600 00002  0700 00008  0800 00002  0900 00005  1000 00008  1100 00001  1200 00001  2500 00027  
HPD02648600HPCPHI19571000160080200 00001  0300 00001  0400 00005  0500 00002  0700 00003  0800 00008  0900 00010  2500 00030  
HPD02648600HPCPHI19571000220030200 00001  0300 00004  2500 00005  
HPD02648600HPCPHI19571000280060800 00017  0900 00018  1000 00002  1500 00001  1600 00001  2500 00039  
HPD02648600HPCPHI19571000310080300 00004  0400 00016  0500 00015  0600 00015  0700 00028  0800 00003  0900 00001  2500 00082  
HPD02648600HPCPHI19571100010020100 00000g 2500 00000  
HPD02648600HPCPHI19571200010020100 00000g 2500 00000  
HPD02648600HPCPHI19571200150051100 00005  1200 00003  1300 00001  1400 00001  2500 00010  
HPD02648600HPCPHI19580100010020100 00000g 2500 00000  
HPD02648600HPCPHI19580200010020100 00000g 2500 00000  
HPD02648600HPCPHI19580200030022100 00010  2500 00010  
HPD02648600HPCPHI19580200040091600 00003  1700 00006  1800 00031  1900 00023  2000 00011  2100 00002  2200 00004  2300 00012  2500 00092  
HPD02648600HPCPHI19580200250031300 99999a 1800 00008A 2500 00008  
HPD02648600HPCPHI19580300010020100 00000g 2500 00000  
HPD02648600HPCPHI19580300030031700 99999[ 2100 99999] 2500 00000I 
HPD02648600HPCPHI19580300060032200 00004  2400 00002  2500 00006  
HPD02648600HPCPHI19580300070050100 00012  0200 00008  0300 00001  0400 00001  2500 00022  
HPD02648600HPCPHI19580300110091500 00015  1600 00010  1700 00005  1800 00007  1900 00013  2000 00020  2100 00010  2200 00005  2500 00085  
HPD02648600HPCPHI19580300120060900 00003  1000 00017  1100 00004  1200 00001  1700 00005  2500 00030  
HPD02648600HPCPHI19580300160090900 00001  1000 00001  1200 00002  1300 00007  1400 00006  1500 00002  1600 00001  1700 00001  2500 00021  
HPD02648600HPCPHI19580400010020100 00000g 2500 00000  
HPD02648600HPCPHI19580400020030300 00001  0400 00001  2500 00002  
HPD02648600HPCPHI19580400030032200 00002  2300 00001  2500 00003  
HPD02648600HPCPHI19580400070051500 00004  1600 00005  1700 00016  1800 00004  2500 00029  
HPD02648600HPCPHI19580400080020100 00001  2500 00001  
HPD02648600HPCPHI19580400160061300 00002  1400 00038  1500 00013  1600 00002  1700 00001  2500 00056  
HPD02648600HPCPHI19580500010020100 00000g 2500 00000  
HPD02648600HPCPHI19580600010020100 00000g 2500 00000  
HPD02648600HPCPHI19580700010020100 00000g 2500 00000  
HPD02648600HPCPHI19580700280042200 00013  2300 00001  2400 00008  2500 00022  
HPD02648600HPCPHI19580700290030100 99999a 0600 00011A 2500 00011  
HPD02648600HPCPHI19580800010020100 00000g 2500 00000  
HPD02648600HPCPHI19580800060022100 00002  2500 00002  
HPD02648600HPCPHI19580800100042100 00023  2200 00037  2300 00072  2500 00132  
HPD02648600HPCPHI19580800140032300 00001  2400 00005  2500 00006  
HPD02648600HPCPHI19580800160022400 00003  2500 00003  
HPD02648600HPCPHI19580800190030200 00003  0300 00003  2500 00006  
HPD02648600HPCPHI19580900010020100 00000g 2500 00000  
HPD02648600HPCPHI19580900110051400 00001  1600 00001  1900 00001  2100 00001  2500 00004  
HPD02648600HPCPHI19580900120081400 00095  1500 00006  1600 00002  1700 00007  1800 00010  1900 00095  2000 00001  2500 00216  
HPD02648600HPCPHI19580900220031700 00001  1800 00002  2500 00003  
HPD02648600HPCPHI19580900240020700 00010  2500 00010  
HPD02648600HPCPHI19581000010020100 00000g 2500 00000  
HPD02648600HPCPHI19581000050100100 00002  0200 00003  0400 00002  0500 00001  0600 00002  0700 00010  0800 00003  0900 00017  1000 00007  2500 00047  
HPD02648600HPCPHI19581000240040200 00001  0300 00001  0400 00002  2500 00004  
HPD02648600HPCPHI19581100010020100 00000g 2500 00000  
HPD02648600HPCPHI19581100160051400 00003  1500 00003  1600 00008  1700 00001  2500 00015  
HPD02648600HPCPHI19581200010020100 00000g 2500 00000  
HPD02648600HPCPHI19590100010020100 00000g 2500 00000  
HPD02648600HPCPHI19590100060021300 99999a 2500 00000I 
HPD02648600HPCPHI19590100070020300 00022A 2500 00022P 
HPD02648600HPCPHI19590200010020100 00000g 2500 00000  
HPD02648600HPCPHI19590200080032300 00003  2400 00002  2500 00005  
HPD02648600HPCPHI19590200090070100 00005  0200 00023  0300 00017  0400 00003  0500 00002  0600 00005  2500 00055  
HPD02648600HPCPHI19590200120051800 00005  1900 00010  2000 00001  2100 00004  2500 00020  
HPD02648600HPCPHI19590200210031700 00008  1800 00001  2500 00009  
HPD02648600HPCPHI19590300010020100 00000g 2500 00000  
HPD02648600HPCPHI19590400010020100 00000g 2500 00000  
HPD02648600HPCPHI19590400260030600 99999[ 1200 99999] 2500 00000I 
HPD02648600HPCPHI19590500010020100 00000g 2500 00000  
HPD02648600HPCPHI19590600010020100 00000g 2500 00000  
HPD02648600HPCPHI19590700010020100 00000g 2500 00000  
HPD02648600HPCPHI19590700260032000 00014  2200 00002  2500 00016  
HPD02648600HPCPHI19590700290031900 00001  2000 00001  2500 00002  
HPD02648600HPCPHI19590800010040100 00000g 2300 00008  2400 00002  2500 00010  
HPD02648600HPCPHI19590800020030200 00001  0300 00001  2500 00002  
HPD02648600HPCPHI19590800050031800 99999a 2000 00040A 2500 00040  
HPD02648600HPCPHI19590800110060700 00018  0800 00010  0900 00008  1000 00002  1100 00002  2500 00040  
HPD02648600HPCPHI19590800180041000 00002  1100 00008  1200 00020  2500 00030  
HPD02648600HPCPHI19590800240040200 00003  0300 00005  0400 00004  2500 00012  
HPD02648600HPCPHI19590900010020100 00000g 2500 00000  
HPD02648600HPCPHI19590900240030500 00001  0600 00002  2500 00003  
HPD02648600HPCPHI19590900300021500 00005  2500 00005  
HPD02648600HPCPHI19591000010070100 00000g 0900 00010  1000 00010  1100 00002  1200 00003  1300 00002  2500 00027  
HPD02648600HPCPHI19591000290091400 00011  1500 00019  1600 00008  2000 00033  2100 00010  2200 00007  2300 00016  2400 00001  2500 00105  
HPD02648600HPCPHI19591000300090400 00001  0500 00001  0600 00004  0700 00012  0800 00005  0900 00008  1000 99999[ 2300 99999] 2500 00031I 
HPD02648600HPCPHI19591100010030100 00000g 2300 99999[ 2500 00000I 
HPD02648600HPCPHI19591100020022200 99999] 2500 00000I 
HPD02648600HPCPHI19591200010020100 00000g 2500 00000  
HPD02648600HPCPHI19591200090030100 99999[ 0600 99999] 2500 00000I 
HPD02648600HPCPHI19591200100030400 99999[ 1700 99999] 2500 00000I 
HPD02648600HPCPHI19591200130031800 99999[ 2400 99999] 2500 00000I 
HPD02648600HPCPHI19591200240020900 99999[ 2500 00000I 
HPD02648600HPCPHI19591200250041200 99999] 2000 99999[ 2400 99999] 2500 00000I 
HPD02648600HPCPHI19591200310031100 99999[ 1500 99999] 2500 00000I 
HPD02648600HPCPHI19600100010020100 00000g 2500 00000  
HPD02648600HPCPHI19600100110030200 99999[ 2200 99999] 2500 00000I 
HPD02648600HPCPHI19600100120022200 99999[ 2500 00000I 
HPD02648600HPCPHI19600100130021600 99999] 2500 00000I 
HPD02648600HPCPHI19600200010020100 00000g 2500 00000  
HPD02648600HPCPHI19600200020030400 00003  0500 00002  2500 00005  
HPD02648600HPCPHI19600200290020800 00001  2500 00001  
HPD02648600HPCPHI19600300010100100 00000g 0300 00005  0400 00001  0500 00009  0600 00015  0700 00005  0800 00020  0900 00009  1000 00001  2500 00065  
HPD02648600HPCPHI19600400010020100 00000g 2500 00000  
HPD02648600HPCPHI19600500010020100 00000g 2500 00000  
HPD02648600HPCPHI19600600010020100 00000g 2500 00000  
HPD02648600HPCPHI19600700010020100 00000g 2500 00000  
HPD02648600HPCPHI19600700260020100 00042  2500 00042  
HPD02648600HPCPHI19600800010020100 00000g 2500 00000  
HPD02648600HPCPHI19600800070032000 00030  2100 00006  2500 00036  
HPD02648600HPCPHI19600800090032000 00031  2100 00010  2500 00041  
HPD02648600HPCPHI19600800120032100 00005  2200 00007  2500 00012  
HPD02648600HPCPHI19600800220040300 00008  0400 00001  0500 00002  2500 00011  
HPD02648600HPCPHI19600900010040100 00000g 1600 00010  1700 00020  2500 00030  
HPD02648600HPCPHI19600900100022200 00008  2500 00008  
HPD02648600HPCPHI19601000010020100 00000g 2500 00000  
HPD02648600HPCPHI19601000080051400 00002  1500 00013  1600 00001  1700 00001  2500 00017  
HPD02648600HPCPHI19601000140111200 00010  1300 00005  1500 00013  1600 00002  1800 00033  1900 00002  2000 00002  2200 00001  2300 00015  2400 00004  2500 00087  
HPD02648600HPCPHI19601000150040100 00001  0200 00001  0300 00001  2500 00003  
HPD02648600HPCPHI19601000170091700 00001  1800 00001  1900 00001  2000 00004  2100 00001  2200 00001  2300 00002  2400 00001  2500 00012  
HPD02648600HPCPHI19601000180040300 00002  0400 00001  0500 00002  2500 00005  
HPD02648600HPCPHI19601100010020100 00000g 2500 00000  
HPD02648600HPCPHI19601100060041500 00004  1600 00004  1700 00001  2500 00009  
HPD02648600HPCPHI19601200010020100 00000g 2500 00000  
HPD02648600HPCPHI19601200030021400 00003  2500 00003  
HPD02648600HPCPHI19601200290060500 00001  0600 00001  0700 00001  0800 00002  0900 00003  2500 00008  
HPD02648600HPCPHI19610100010020100 00000g 2500 00000  
HPD02648600HPCPHI19610100240021000 00002  2500 00002  
HPD02648600HPCPHI19610100260051900 00004  2000 00001  2300 00002  2400 00001  2500 00008  
HPD02648600HPCPHI19610100270070100 00001  0200 00001  0300 00015  0400 00007  0500 00003  0700 00001  2500 00028  
HPD02648600HPCPHI19610200010020100 00000g 2500 00000  
HPD02648600HPCPHI19610300010020100 00000g 2500 00000  
HPD02648600HPCPHI19610300040061400 00005  1500 00002  1600 00001  1700 00002  1800 00005  2500 00015  
HPD02648600HPCPHI19610300280061900 00005  2000 00001  2100 00004  2300 00005  2400 00005  2500 00020  
HPD02648600HPCPHI19610300290060100 00001  0200 00002  0300 00002  0400 00001  0500 00001  2500 00007  
HPD02648600HPCPHI19610300300030400 99999a 0700 00017A 2500 00017  
HPD02648600HPCPHI19610400010020100 00000g 2500 00000  
HPD02648600HPCPHI19610500010020100 00000g 2500 00000  
HPD02648600HPCPHI19610600010020100 00000g 2500 00000  
HPD02648600HPCPHI19610700010020100 00000g 2500 00000  
HPD02648600HPCPHI19610700020032200 00010  2300 00002  2500 00012  
HPD02648600HPCPHI19610700030030600 00001  0700 00002  2500 00003  
HPD02648600HPCPHI19610700220022000 00009  2500 00009  
HPD02648600HPCPHI19610700280052100 00005  2200 00001  2300 00001  2400 00001  2500 00008  
HPD02648600HPCPHI19610800010020100 00000g 2500 00000  
HPD02648600HPCPHI19610800080032200 00085  2300 00030  2500 00115  
HPD02648600HPCPHI19610800140052100 00005  2200 00005  2300 00005  2400 00005  2500 00020  
HPD02648600HPCPHI19610800150080100 00004  0200 00001  0300 00001  0400 00001  0500 00008  0600 00004  0700 00001  2500 00020  
HPD02648600HPCPHI19610800190032000 00003  2100 00014  2500 00017  
HPD02648600HPCPHI19610800230040600 00005  0700 00003  0800 00002  2500 00010  
HPD02648600HPCPHI19610800280032200 00025  2300 00010  2500 00035  
HPD02648600HPCPHI19610800290060100 00010  0200 00014  0300 00006  0400 00004  0500 00001  2500 00035  
HPD02648600HPCPHI19610900010020100 00000g 2500 00000  
HPD02648600HPCPHI19610900080031400 00035  1800 00015  2500 00050  
HPD02648600HPCPHI19611000010020100 00000g 2500 00000  
HPD02648600HPCPHI19611000300041400 00001  1500 00004  1600 00002  2500 00007  
HPD02648600HPCPHI19611100010020100 00000g 2500 00000  
HPD02648600HPCPHI19611100250031700 99999a 2100 00008A 2500 00008  
HPD02648600HPCPHI19611200010020100 00000g 2500 00000  
HPD02648600HPCPHI19611200090022400 00005  2500 00005  
HPD02648600HPCPHI19611200100120100 00005  0500 00002  0600 00003  0700 00002  0800 00003  0900 00001  1000 00004  1700 00002  1800 00003  1900 00001  2300 00009  2500 00035  
HPD02648600HPCPHI19611200110030500 00004  0600 00001  2500 00005  
HPD02648600HPCPHI19611200140081500 00001  1600 00001  1800 00001  1900 00002  2200 00001  2300 00001  2400 00003  2500 00010  
HPD02648600HPCPHI19611200150190100 00005  0200 00005  0300 00004  0400 00001  0500 00001  0600 00004  0700 00002  1100 00007  1200 00002  1300 00001  1400 00001  1500 00002  1600 00002  1700 00001  1800 00002  1900 00004  2000 00001  2100 00002  2500 00047  
HPD02648600HPCPHI19620100010020100 00000g 2500 00000  
HPD02648600HPCPHI19620100130050900 00002  1000 00003  2300 00005  2400 00002  2500 00012  
HPD02648600HPCPHI19620100140040100 00001  0200 00001  0300 00001  2500 00003  
HPD02648600HPCPHI19620100210130900 00010  1000 00012  1100 00012  1200 00005  1300 00009  1400 00005  1500 00004  1600 00003  1700 00007  1800 00005  1900 00006  2000 00002  2500 00080  
HPD02648600HPCPHI19620100230030400 99999a 0800 00010A 2500 00010  
HPD02648600HPCPHI19620100240061500 00003  1600 00012  1700 00015  1800 00001  1900 00002  2500 00033  
HPD02648600HPCPHI19620100250051500 00003  1600 00002  1700 00004  1800 00001  2500 00010  
HPD02648600HPCPHI19620200010020100 00000g 2500 00000  
HPD02648600HPCPHI19620200070042200 00003  2300 00005  2400 00005  2500 00013  
HPD02648600HPCPHI19620200080040100 00003  0200 00001  0300 00001  2500 00005  
HPD02648600HPCPHI19620200110031600 00005  1700 00005  2500 00010  
HPD02648600HPCPHI19620200120031800 00002  1900 00003  2500 00005  
HPD02648600HPCPHI19620200190042100 00013  2200 00004  2300 00001  2500 00018  
HPD02648600HPCPHI19620200200040200 00001  0300 00011  0800 00007  2500 00019  
HPD02648600HPCPHI19620200210051400 00006  1500 00009  1800 00005  1900 00002  2500 00022  
HPD02648600HPCPHI19620200250040500 00003  0600 00002  0700 00005  2500 00010  
HPD02648600HPCPHI19620200270030200 00002  0300 00003  2500 00005  
HPD02648600HPCPHI19620300010020100 00000g 2500 00000  
HPD02648600HPCPHI19620300090022400 00010  2500 00010  
HPD02648600HPCPHI19620300100040100 00005  0200 00001  0300 00002  2500 00008  
HPD02648600HPCPHI19620300190061700 00005  1800 00010  1900 00008  2000 00005  2100 00007  2500 00035  
HPD02648600HPCPHI19620300200030100 00001  0200 00005  2500 00006  
HPD02648600HPCPHI19620400010020100 00000g 2500 00000  
HPD02648600HPCPHI19620500010020100 00000g 2500 00000  
HPD02648600HPCPHI19620600010020100 00000g 2500 00000  
HPD02648600HPCPHI19620600280040100 00002  0200 00003  0400 00003  2500 00008  
HPD02648600HPCPHI19620700010040100 00000g 1300 99999[ 2400 99999] 2500 00000I 
HPD02648600HPCPHI19620700200032000 00003  2100 00005  2500 00008  
HPD02648600HPCPHI19620800010040100 00000g 1300 99999[ 2400 99999] 2500 00000I 
HPD02648600HPCPHI19620800160042100 00006  2200 00008  2300 00001  2500 00015  
HPD02648600HPCPHI19620800220040200 00020  0300 00001  0400 00001  2500 00022  
HPD02648600HPCPHI19620900010030100 99999[ 1300 99999] 2500 00000I 
HPD02648600HPCPHI19620900230070300 00001  0400 00002  1000 00001  1100 00001  1300 99999[ 2400 99999] 2500 00005I 
HPD02648600HPCPHI19621000010020100 00000g 2500 00000  
HPD02648600HPCPHI19621100010020100 00000g 2500 00000  
HPD02648600HPCPHI19621100140060700 00001  0800 00001  0900 00001  1300 99999[ 2400 99999] 2500 00003I 
HPD02648600HPCPHI19621200010020100 00000g 2500 00000  
HPD02648600HPCPHI19621200170021300 99999[ 2500 00000I 
HPD02648600HPCPHI19621200180021300 99999] 2500 00000I 
HPD02648600HPCPHI19621200190060300 00002  0400 00002  0500 00001  0600 00001  1300 99999[ 2500 00006I 
HPD02648600HPCPHI19621200240041300 99999] 1800 00001  1900 00001  2500 00002I 
HPD02648600HPCPHI19630100010020100 00000g 2500 00000  
HPD02648600HPCPHI19630100020022400 00005  2500 00005  
HPD02648600HPCPHI19630100030110100 00009  0200 00014  0300 00007  0400 00003  0500 00001  0600 00001  1200 00003  1300 00002  1400 00001  1500 00004  2500 00045  
HPD02648600HPCPHI19630100100031900 00002  2000 00010  2500 00012  
HPD02648600HPCPHI19630200010020100 00000g 2500 00000  
HPD02648600HPCPHI19630200090022400 00009  2500 00009  
HPD02648600HPCPHI19630200100150100 00011  0200 00007  0300 00005  0400 00001  0500 00001  0600 00002  1200 00003  1400 00019  1500 00004  1600 00001  1700 00012  1800 00002  1900 00001  2400 00001  2500 00070  
HPD02648600HPCPHI19630200110130200 00002  0300 00001  0400 00001  0700 00001  0800 00001  0900 00005  1000 00001  1100 00004  1200 00003  1300 00002  1400 00004  1500 00001  2500 00026  
HPD02648600HPCPHI19630300010020100 00000g 2500 00000  
HPD02648600HPCPHI19630300170021300 99999a 2500 00000I 
HPD02648600HPCPHI19630300180020200 00025A 2500 00025P 
HPD02648600HPCPHI19630400010020100 00000g 2500 00000  
HPD02648600HPCPHI19630400250081400 00005  1500 00022  1600 00017  1700 00001  1800 00003  1900 00001  2000 00001  2500 00050  
HPD02648600HPCPHI19630500010020100 00000g 2500 00000  
HPD02648600HPCPHI19630600010020100 00000g 2500 00000  
HPD02648600HPCPHI19630700010020100 00000g 2500 00000  
HPD02648600HPCPHI19630800010020100 00000g 2500 00000  
HPD02648600HPCPHI19630800030031800 00010  1900 00001  2500 00011  
HPD02648600HPCPHI19630800040031100 00015  2000 00003  2500 00018  
HPD02648600HPCPHI19630800050032300 00003  2400 00006  2500 00009  
HPD02648600HPCPHI19630800060040100 00007  0200 00005  0300 00003  2500 00015  
HPD02648600HPCPHI19630800160050300 00002  2200 00020  2300 00052  2400 00003  2500 00077  
HPD02648600HPCPHI19630800170030300 00002  0400 00003  2500 00005  
HPD02648600HPCPHI19630800210022400 00010  2500 00010  
HPD02648600HPCPHI19630800250032300 00011  2400 00033  2500 00044  
HPD02648600HPCPHI19630800260050100 00010  0200 00005  0300 00002  0400 00001  2500 00018  
HPD02648600HPCPHI19630800290022400 00008  2500 00008  
HPD02648600HPCPHI19630800300030100 00002  0700 00002  2500 00004  
HPD02648600HPCPHI19630800310032300 99999[ 2400 99999] 2500 00000I 
HPD02648600HPCPHI19630900010020100 00000g 2500 00000  
HPD02648600HPCPHI19630900180020300 00003  2500 00003  
HPD02648600HPCPHI19631000010020100 00000g 2500 00000  
HPD02648600HPCPHI19631000180052100 00006  2200 00016  2300 00015  2400 00010  2500 00047  
HPD02648600HPCPHI19631000190080100 00006  0200 00019  0300 00007  0400 00001  0500 00050  0600 00015  0700 00001  2500 00099  
HPD02648600HPCPHI19631100010030100 00000g 2300 99999[ 2500 00000I 
HPD02648600HPCPHI19631100020020900 99999] 2500 00000I 
HPD02648600HPCPHI19631100070050500 00009  0600 00008  0700 00002  0800 00001  2500 00020  
HPD02648600HPCPHI19631100160020700 00006  2500 00006  
HPD02648600HPCPHI19631100200032300 00012  2400 00006  2500 00018  
HPD02648600HPCPHI19631100210100100 00004  0200 00003  0300 00002  0400 00002  0500 00005  1100 00003  1800 00001  1900 00002  2000 00004  2500 00026  
HPD02648600HPCPHI19631200010020100 00000g 2500 00000  
HPD02648600HPCPHI19640100010020100 00000g 2500 00000  
HPD02648600HPCPHI19640100220051500 00004  1600 00003  2300 00003  2400 00002  2500 00012  
HPD02648600HPCPHI19640100230030200 00001  0300 00001  2500 00002  
HPD02648600HPCPHI19640100270022000 00002  2500 00002  
HPD02648600HPCPHI19640200010020100 00000g 2500 00000  
HPD02648600HPCPHI19640200290041600 00001  1700 00002  1800 00001  2500 00004  
HPD02648600HPCPHI19640300010020100 00000g 2500 00000  
HPD02648600HPCPHI19640300020031600 99999a 2000 00025A 2500 00025  
HPD02648600HPCPHI19640300230031900 00001  2000 00002  2500 00003  
HPD02648600HPCPHI19640300240030300 00003  0800 00020  2500 00023  
HPD02648600HPCPHI19640400010020100 00000g 2500 00000  
HPD02648600HPCPHI19640400280031700 99999a 2000 00015A 2500 00015  
HPD02648600HPCPHI19640500010020100 00000g 2500 00000  
HPD02648600HPCPHI19640500260020500 00002  2500 00002  
HPD02648600HPCPHI19640600010020100 00000g 2500 00000  
HPD02648600HPCPHI19640700010020100 00000g 2500 00000  
HPD02648600HPCPHI19640700140022400 00009  2500 00009  
HPD02648600HPCPHI19640700150040100 00007  0200 00004  0300 00001  2500 00012  
HPD02648600HPCPHI19640700240040300 00007  0400 00001  0500 00002  2500 00010  
HPD02648600HPCPHI19640700300040300 00001  0400 00002  0700 00002  2500 00005  
HPD02648600HPCPHI19640700310060700 00002  0800 00003  1100 00001  1200 00004  1300 00004  2500 00014  
HPD02648600HPCPHI19640800010030100 00000g 0900 00002  2500 00002  
HPD02648600HPCPHI19640800020051200 00002  1300 00001  1400 00001  1500 00002  2500 00006  
HPD02648600HPCPHI19640800080022000 00012  2500 00012  
HPD02648600HPCPHI19640800120041100 00003  1200 00001  1300 00001  2500 00005  
HPD02648600HPCPHI19640800130042000 00030  2100 00002  2200 00003  2500 00035  
HPD02648600HPCPHI19640800260051700 00032  2100 00048  2200 00004  2300 00007  2500 00091  
HPD02648600HPCPHI19640900010020100 00000g 2500 00000  
HPD02648600HPCPHI19640900090020600 00005  2500 00005  
HPD02648600HPCPHI19640900130042200 00005  2300 00013  2400 00016  2500 00034  
HPD02648600HPCPHI19640900140050100 00001  1900 00001  2000 00002  2400 00132  2500 00136  
HPD02648600HPCPHI19640900180041700 00003  1800 00010  1900 00001  2500 00014  
HPD02648600HPCPHI19640900230030200 00004  0300 00001  2500 00005  
HPD02648600HPCPHI19641000010020100 00000g 2500 00000  
HPD02648600HPCPHI19641000160031100 00005  1900 00004  2500 00009  
HPD02648600HPCPHI19641000170070100 00001  0200 00001  0600 00001  0700 00001  0800 00001  0900 00001  2500 00006  
HPD02648600HPCPHI19641100010020100 00000g 2500 00000  
HPD02648600HPCPHI19641100090032300 00010  2400 00003  2500 00013  
HPD02648600HPCPHI19641100100030100 00001  0200 00001  2500 00002  
HPD02648600HPCPHI19641100150071400 00003  1500 00002  1600 00005  1700 00001  1800 00003  1900 00001  2500 00015  
HPD02648600HPCPHI19641100180101100 00003  1200 00006  1300 00004  1400 00001  1500 00003  1600 00003  1700 00001  1800 00001  1900 00001  2500 00023  
HPD02648600HPCPHI19641100190031800 00001  1900 00002  2500 00003  
HPD02648600HPCPHI19641200010020100 00000g 2500 00000  
HPD02648600HPCPHI19641200180060600 00004  0700 00019  0800 00020  0900 00023  1000 00007  2500 00073  
HPD02648600HPCPHI19641200280070200 00003  0300 00002  0500 00005  0600 00004  0700 00003  0800 00001  2500 00018  
HPD02648600HPCPHI19641200310091700 00002  1800 00002  1900 00003  2000 00004  2100 00002  2200 00001  2300 00003  2400 00003  2500 00020  
HPD02648600HPCPHI19650100010040100 00003  0200 00006  0300 00002  2500 00011  
HPD02648600HPCPHI19650100050051800 00001  1900 00002  2000 00001  2200 00001  2500 00005  
HPD02648600HPCPHI19650100060150200 00001  0300 00002  0400 00002  1000 00001  1100 00004  1200 00005  1300 00010  1400 00020  1500 00010  1600 00007  1700 00004  1800 00005  1900 00003  2000 00001  2500 00075  
HPD02648600HPCPHI19650100070110900 00005  1000 00005  1100 00002  1300 00001  1400 00001  1500 00001  2100 00005  2200 00001  2300 00002  2400 00001  2500 00024  
HPD02648600HPCPHI19650100200090100 00001  0200 00001  0300 00002  1300 00002  1400 00001  1500 00001  1900 00001  2000 00001  2500 00010  
HPD02648600HPCPHI19650200010020100 00000g 2500 00000  
HPD02648600HPCPHI19650200060131100 00005  1200 00005  1300 00014  1400 00005  1500 00009  1600 00004  1700 00003  1900 00001  2000 00001  2200 00033  2300 00005  2400 00008  2500 00093  
HPD02648600HPCPHI19650200070070100 00005  0200 00001  0300 00001  0900 00001  1500 00004  1600 00001  2500 00013  
HPD02648600HPCPHI19650200090051500 00005  1600 00001  1700 00004  1800 00002  2500 00012  
HPD02648600HPCPHI19650300010020100 00000g 2500 00000  
HPD02648600HPCPHI19650300100091700 00001  1800 00004  1900 00012  2000 00023  2100 00006  2200 00004  2300 00009  2400 00013  2500 00072  
HPD02648600HPCPHI19650300110120100 00007  0200 00002  0300 00004  0500 00001  0700 00002  0800 00012  1900 00001  2000 00004  2100 00006  2200 00002  2300 00007  2500 00048  
HPD02648600HPCPHI19650300120030100 00001  0200 00002  2500 00003  
HPD02648600HPCPHI19650300150032000 00008  2100 00001  2500 00009  
HPD02648600HPCPHI19650400010030100 00000g 1300 00005  2500 00005  
HPD02648600HPCPHI19650400030111200 00004  1300 00007  1500 00004  1800 00011  1900 00002  2000 00004  2100 00008  2200 00015  2300 00019  2400 00004  2500 00078  
HPD02648600HPCPHI19650400040090100 00002  0200 00001  0300 00002  0400 00001  0600 00012  0700 00004  0800 99999a 1100 00010A 2500 00032  
HPD02648600HPCPHI19650400070040700 00003  0800 00001  0900 00001  2500 00005  
HPD02648600HPCPHI19650400090050900 00010  1000 00005  1100 00014  1300 00001  2500 00030  
HPD02648600HPCPHI19650400120030900 00004  1000 00001  2500 00005  
HPD02648600HPCPHI19650500010020100 00000g 2500 00000  
HPD02648600HPCPHI19650500120051500 00007  1600 00003  1700 00001  1800 00004  2500 00015  
HPD02648600HPCPHI19650600010020100 00000g 2500 00000  
HPD02648600HPCPHI19650600230071300 00040  1400 00050  1500 00005  1600 00020  1700 00005  2000 00002  2500 00122  
HPD02648600HPCPHI19650700010020100 00000g 2500 00000  
HPD02648600HPCPHI19650700060041500 00001  1600 00002  1800 00001  2500 00004  
HPD02648600HPCPHI19650700150020500 00003  2500 00003  
HPD02648600HPCPHI19650700160050200 00005  2100 00001  2200 00005  2300 00003  2500 00014  
HPD02648600HPCPHI19650700170030100 00001  0200 00001  2500 00002  
HPD02648600HPCPHI19650700180040300 00002  0400 00008  0600 00003  2500 00013  
HPD02648600HPCPHI19650700290040200 00002  0300 00002  0400 00001  2500 00005  
HPD02648600HPCPHI19650800010020100 00000g 2500 00000  
HPD02648600HPCPHI19650800110032200 00001  2300 00002  2500 00003  
HPD02648600HPCPHI19650800170040100 00002  0200 00002  0300 00020  2500 00024  
HPD02648600HPCPHI19650900010020100 00000g 2500 00000  
HPD02648600HPCPHI19650900030031700 00011  1800 00002  2500 00013  
HPD02648600HPCPHI19650900040051900 00002  2000 00002  2200 00008  2300 00002  2500 00014  
HPD02648600HPCPHI19650900050031600 00013  1700 00008  2500 00021  
HPD02648600HPCPHI19650900190051800 00020  1900 00001  2000 00004  2100 00008  2500 00033  
HPD02648600HPCPHI19651000010020100 00000g 2500 00000  
HPD02648600HPCPHI19651000160030100 00015  0200 00010  2500 00025  
HPD02648600HPCPHI19651100010020100 00000g 2500 00000  
HPD02648600HPCPHI19651100170050700 00003  0800 00001  0900 00004  1000 00001  2500 00009  
HPD02648600HPCPHI19651100220081300 00003  1400 00004  1500 00002  1600 00001  1700 00002  1800 00006  1900 00002  2500 00020  
HPD02648600HPCPHI19651100230100100 00002  0200 00001  0300 00001  0400 00001  0500 00001  1100 00008  1200 00007  1300 00004  1400 00001  2500 00026  
HPD02648600HPCPHI19651100240051500 00001  1600 00001  1800 00001  1900 00001  2500 00004  
HPD02648600HPCPHI19651100250080100 00001  0200 00001  0700 00005  0900 00001  1000 00001  1100 00022  1200 00001  2500 00032  
HPD02648600HPCPHI19651200010020100 00000g 2500 00000  
HPD02648600HPCPHI19651200090130900 00001  1000 00012  1100 00004  1400 00008  1500 00001  1600 00001  1800 00001  1900 00004  2100 00003  2200 00002  2300 00004  2400 00018  2500 00059  
HPD02648600HPCPHI19651200100140100 00002  0200 00037  0300 00012  0400 00001  0500 00001  1100 00004  1200 00011  1400 00001  1500 00013  1600 00003  1700 00001  1800 00001  1900 00001  2500 00088  
HPD02648600HPCPHI19651200130030900 00006  1000 00002  2500 00008  
HPD02648600HPCPHI19651200140070900 00003  1000 00005  1100 00001  1700 00001  2200 00001  2300 00002  2500 00013  
HPD02648600HPCPHI19651200150070100 00004  0200 00010  0300 00012  0400 00004  1000 00001  1200 00002  2500 00033  
HPD02648600HPCPHI19651200160051700 00001  1800 00003  2300 00006  2400 00006  2500 00016  
HPD02648600HPCPHI19651200170060500 00003  0700 00002  1700 00002  2200 00002  2300 00003  2500 00012  
HPD02648600HPCPHI19651200220140100 00002  0200 00002  0300 00001  0400 00010  0500 00001  0600 00015  0700 00012  0800 00007  1500 00004  1600 00021  1700 00005  1800 00002  1900 00001  2500 00083  
HPD02648600HPCPHI19651200300030700 00005  0800 00002  2500 00007  
HPD02648600HPCPHI19660100010020100 00000g 2500 00000  
HPD02648600HPCPHI19660100170041800 00003  1900 00002  2000 00001  2500 00006  
HPD02648600HPCPHI19660100180130200 00008  0300 00005  0400 00007  0500 00002  0600 00001  0900 00003  1000 00001  1100 00001  1200 00003  1600 00005  2000 00001  2100 00001  2500 00038  
HPD02648600HPCPHI19660100270041700 00002  1900 00001  2000 00001  2500 00004  
HPD02648600HPCPHI19660200010020100 00000g 2500 00000  
HPD02648600HPCPHI19660200070100800 00003  1700 00004  1800 00004  1900 00010  2000 00015  2100 00007  2200 00007  2300 00002  2400 00005  2500 00057  
HPD02648600HPCPHI19660200080040100 00005  0200 00001  0300 00001  2500 00007  
HPD02648600HPCPHI19660200100101400 00005  1500 00008  1600 00007  1700 00005  1800 00002  1900 00003  2000 00001  2100 00001  2200 00001  2500 00033  
HPD02648600HPCPHI19660300010020100 00000g 2500 00000  
HPD02648600HPCPHI19660300020061400 00003  1500 00006  1600 00001  1800 00001  1900 00002  2500 00013  
HPD02648600HPCPHI19660300260081200 00004  1300 00016  1400 00002  1500 00001  1800 00002  1900 00001  2000 00001  2500 00027  
HPD02648600HPCPHI19660400010020100 00000g 2500 00000  
HPD02648600HPCPHI19660500010020100 00000g 2500 00000  
HPD02648600HPCPHI19660600010020100 00000g 2500 00000  
HPD02648600HPCPHI19660700010020100 00000g 2500 00000  
HPD02648600HPCPHI19660700210031900 00004  2000 00001  2500 00005  
HPD02648600HPCPHI19660700240022200 00002  2500 00002  
HPD02648600HPCPHI19660700290030400 00001  0500 00001  2500 00002  
HPD02648600HPCPHI19660800010020100 00000g 2500 00000  
HPD02648600HPCPHI19660800120032300 00004  2400 00001  2500 00005  
HPD02648600HPCPHI19660800170062000 00002  2100 00016  2200 00001  2300 00005  2400 00001  2500 00025  
HPD02648600HPCPHI19660800180042200 00004  2300 00053  2400 00002  2500 00059  
HPD02648600HPCPHI19660800190020100 00001  2500 00001  
HPD02648600HPCPHI19660900010020100 00000g 2500 00000  
HPD02648600HPCPHI19660900110020300 00002  2500 00002  
HPD02648600HPCPHI19660900120120900 00001  1100 00002  1200 00002  1300 00001  1500 00006  1600 00015  1700 00001  2000 00001  2100 00007  2200 00006  2400 00009  2500 00051  
HPD02648600HPCPHI19660900130080300 00001  0400 00024  0500 00025  0600 00094  0700 00017  0800 00037  0900 00005  2500 00203  
HPD02648600HPCPHI19660900280030100 00009  0200 00002  2500 00011  
HPD02648600HPCPHI19661000010020100 00000g 2500 00000  
HPD02648600HPCPHI19661000030041500 00003  1800 00005  2100 00001  2500 00009  
HPD02648600HPCPHI19661000040030200 00001  0600 00004  2500 00005  
HPD02648600HPCPHI19661100010020100 00000g 2500 00000  
HPD02648600HPCPHI19661100080070400 00002  0500 00003  0700 00006  0800 00034  0900 00005  1000 00001  2500 00051  
HPD02648600HPCPHI19661200010020100 00000g 2500 00000  
HPD02648600HPCPHI19661200050020500 00002  2500 00002  
HPD02648600HPCPHI19661200260060800 00017  0900 00008  1000 00001  1100 00004  1300 00002  2500 00032  
HPD02648600HPCPHI19670100010020100 00000g 2500 00000  
HPD02648600HPCPHI19670100230031000 99999a 1400 00020A 2500 00020  
HPD02648600HPCPHI19670200010020100 00000g 2500 00000  
HPD02648600HPCPHI19670300010020100 00000g 2500 00000  
HPD02648600HPCPHI19670300290101000 00003  1100 00002  1200 00002  1300 00009  1400 00014  1500 00020  1600 00005  1700 00004  1800 00001  2500 00060  
HPD02648600HPCPHI19670400010020100 00000g 2500 00000  
HPD02648600HPCPHI19670400040021600 00001  2500 00001  
HPD02648600HPCPHI19670400110022400 00001  2500 00001  
HPD02648600HPCPHI19670400120050100 00001  1300 00002  1400 00001  1500 00001  2500 00005  
HPD02648600HPCPHI19670500010020100 00000g 2500 00000  
HPD02648600HPCPHI19670500240031000 00002  1100 00001  2500 00003  
HPD02648600HPCPHI19670600010020100 00000g 2500 00000  
HPD02648600HPCPHI19670600180111000 00005  1100 00001  1200 00005  1300 00010  1400 00010  1500 00002  1600 00002  1700 00004  1800 00004  2300 00001  2500 00044  
HPD02648600HPCPHI19670600190020100 00001  2500 00001  
HPD02648600HPCPHI19670700010020100 00000g 2500 00000  
HPD02648600HPCPHI19670700110040300 00005  0400 00002  0500 00001  2500 00008  
HPD02648600HPCPHI19670700160052000 00005  2100 00005  2200 00034  2300 00001  2500 00045  
HPD02648600HPCPHI19670700210022100 00015  2500 00015  
HPD02648600HPCPHI19670700220060100 00001  0200 00014  0300 00002  0400 00003  0500 00001  2500 00021  
HPD02648600HPCPHI19670700300030100 00004  0200 00001  2500 00005  
HPD02648600HPCPHI19670700310032200 00079  2300 00031  2500 00110  
HPD02648600HPCPHI19670800010020100 00000g 2500 00000  
HPD02648600HPCPHI19670800030031000 00002  1100 00002  2500 00004  
HPD02648600HPCPHI19670900010020100 00000g 2500 00000  
HPD02648600HPCPHI19670900020050400 00002  1800 00001  1900 00002  2000 00002  2500 00007  
HPD02648600HPCPHI19670900030020100 00001  2500 00001  
HPD02648600HPCPHI19671000010020100 00000g 2500 00000  
HPD02648600HPCPHI19671000030070200 99999a 0700 00015A 0800 00002  0900 00005  1000 00002  1100 00002  2500 00026  
HPD02648600HPCPHI19671100010020100 00000g 2500 00000  
HPD02648600HPCPHI19671100210052100 00005  2200 00017  2300 00007  2400 00001  2500 00030  
HPD02648600HPCPHI19671100220040100 00015  0200 00004  0300 00001  2500 00020  
HPD02648600HPCPHI19671100260042200 00006  2300 00010  2400 00010  2500 00026  
HPD02648600HPCPHI19671100270050100 00006  0200 00005  0300 00005  0400 00001  2500 00017  
HPD02648600HPCPHI19671100280091700 00001  1800 00002  1900 00001  2000 00004  2100 00001  2200 00039  2300 00021  2400 00016  2500 00085  
HPD02648600HPCPHI19671100290030100 00002  0200 00001  2500 00003  
HPD02648600HPCPHI19671200010020100 00000g 2500 00000  
HPD02648600HPCPHI19671200130131100 00001  1200 00001  1300 00007  1400 00004  1500 00002  1600 00003  1700 00001  1800 00001  2100 00004  2200 00001  2300 00003  2400 00005  2500 00033  
HPD02648600HPCPHI19671200140190100 00004  0200 99999a 0800 00028A 0900 00006  1000 00003  1100 00006  1200 00003  1300 00002  1500 00001  1600 00001  1700 00004  1800 00009  1900 00007  2000 00016  2100 00002  2200 00013  2300 00009  2400 00009  2500 00123  
HPD02648600HPCPHI19671200150170100 00011  0200 00012  0300 00012  0400 00007  0500 00008  0600 00005  0700 00006  0800 00010  0900 00006  1000 00001  1200 00004  1300 00001  1500 00002  1600 00001  1800 00001  1900 00001  2500 00088  
HPD02648600HPCPHI19671200180120900 00001  1000 00002  1100 00001  1200 00001  1300 00002  1400 00002  1500 00001  1600 00004  1700 00002  1800 00003  1900 00001  2500 00020  
HPD02648600HPCPHI19671200190081400 00002  1500 00005  1600 00012  1700 00035  1800 00023  1900 00015  2000 00009  2500 00101  
HPD02648600HPCPHI19680100010020100 00000g 2500 00000  
HPD02648600HPCPHI19680100260061100 00001  1200 00001  1300 00002  1400 00001  1500 00001  2500 00006  
HPD02648600HPCPHI19680100270070800 00001  0900 00002  1000 00001  1400 00001  1500 00001  1600 00001  2500 00007  
HPD02648600HPCPHI19680200010020100 00000g 2500 00000  
HPD02648600HPCPHI19680200090021400 99999a 2500 00000I 
HPD02648600HPCPHI19680200100020600 00030A 2500 00030P 
HPD02648600HPCPHI19680200110020200 00002  2500 00002  
HPD02648600HPCPHI19680200120080900 00004  1000 00005  1100 00002  1600 00003  1700 00001  1800 00001  1900 00006  2500 00022  
HPD02648600HPCPHI19680200130081400 00004  1500 00001  1600 00001  1800 00005  1900 00006  2000 00003  2100 00002  2500 00022  
HPD02648600HPCPHI19680200140031200 00007  1300 00001  2500 00008  
HPD02648600HPCPHI19680300010020100 00000g 2500 00000  
HPD02648600HPCPHI19680300020061700 00002  1800 00002  1900 00001  2000 00005  2100 00005  2500 00015  
HPD02648600HPCPHI19680300040020800 00005  2500 00005  
HPD02648600HPCPHI19680300090101100 00002  1200 00020  1300 00013  1400 00002  1500 00004  1600 00005  1700 00004  1800 00001  1900 00001  2500 00052  
HPD02648600HPCPHI19680300100060100 00007  0200 00001  1500 00016  1700 00001  1900 00001  2500 00026  
HPD02648600HPCPHI19680400010020100 00000g 2500 00000  
HPD02648600HPCPHI19680500010020100 00000g 2500 00000  
HPD02648600HPCPHI19680600010020100 00000g 2500 00000  
HPD02648600HPCPHI19680700010020100 00000g 2500 00000  
HPD02648600HPCPHI19680700040061900 00006  2000 00003  2100 00001  2200 00004  2300 00001  2500 00015  
HPD02648600HPCPHI19680700200032000 99999a 2200 00010A 2500 00010  
HPD02648600HPCPHI19680700230031100 00019  1200 00001  2500 00020  
HPD02648600HPCPHI19680700260050400 00001  0500 00003  0600 00001  0700 00005  2500 00010  
HPD02648600HPCPHI19680700300032300 00008  2400 00016  2500 00024  
HPD02648600HPCPHI19680700310020100 00001  2500 00001  
HPD02648600HPCPHI19680800010020100 00000g 2500 00000  
HPD02648600HPCPHI19680800030031700 00030  1800 00002  2500 00032  
HPD02648600HPCPHI19680800040022400 00030  2500 00030  
HPD02648600HPCPHI19680800050050100 00009  0200 00001  0300 00001  0700 00001  2500 00012  
HPD02648600HPCPHI19680800060022000 99999a 2500 00000I 
HPD02648600HPCPHI19680800070020200 00020A 2500 00020P 
HPD02648600HPCPHI19680800110031800 00003  1900 00002  2500 00005  
HPD02648600HPCPHI19680800120031600 00018  1700 00008  2500 00026  
