HPD02157402HPCPHT20010100010020100 00000g 2500 00000  
HPD02157402HPCPHT20010100090031200 00010  1500 00010  2500 00020  
HPD02157402HPCPHT20010100130041400 00010  1500 00010  1600 00010  2500 00030  
HPD02157402HPCPHT20010100140021500 00010  2500 00010  
HPD02157402HPCPHT20010100190022100 00020  2500 00020  
HPD02157402HPCPHT20010100200041500 00010  1600 00010  1700 00010  2500 00030  
HPD02157402HPCPHT20010100300021200 00010  2500 00010  
HPD02157402HPCPHT20010200010030100 00000g 1200 99999{ 2500 00000P 
HPD02157402HPCPHT20010200280022400 99999} 2500 00000P 
HPD02157402HPCPHT20010300010020100 00000g 2500 00000  
HPD02157402HPCPHT20010300100020600 00010  2500 00010  
HPD02157402HPCPHT20010300290031100 00010  1300 00010  2500 00020  
HPD02157402HPCPHT20010300300020700 00010  2500 00010  
HPD02157402HPCPHT20010400010030100 99999[ 0200 99999] 2500 00000I 
HPD02157402HPCPHT20010400050042200 00010  2300 00010  2400 00010  2500 00030  
HPD02157402HPCPHT20010400060070100 00010  0200 00010  0400 00010  0500 00010  0900 00010  1100 00010  2500 00060  
HPD02157402HPCPHT20010400070020900 00010  2500 00010  
HPD02157402HPCPHT20010400130021000 00010  2500 00010  
HPD02157402HPCPHT20010400160021200 00010  2500 00010  
HPD02157402HPCPHT20010400210020900 00010  2500 00010  
HPD02157402HPCPHT20010400220030800 00010  1200 00010  2500 00020  
HPD02157402HPCPHT20010400240021400 00010  2500 00010  
HPD02157402HPCPHT20010400280020900 00010  2500 00010  
HPD02157402HPCPHT20010500010030100 00000g 1400 00010  2500 00010  
HPD02157402HPCPHT20010500050020900 00010  2500 00010  
HPD02157402HPCPHT20010500070021000 00010  2500 00010  
HPD02157402HPCPHT20010500090021100 00010  2500 00010  
HPD02157402HPCPHT20010500140040900 00010  1100 00010  1600 00010  2500 00030  
HPD02157402HPCPHT20010500150020900 00010  2500 00010  
HPD02157402HPCPHT20010500160021500 00010  2500 00010  
HPD02157402HPCPHT20010500190071400 00010  1600 00010  1900 00010  2100 00010  2300 00010  2400 00010  2500 00060  
HPD02157402HPCPHT20010500200030400 00010  0800 00010  2500 00020  
HPD02157402HPCPHT20010500290020900 00010  2500 00010  
HPD02157402HPCPHT20010600010020100 00000g 2500 00000  
HPD02157402HPCPHT20010600040021500 00010  2500 00010  
HPD02157402HPCPHT20010600080020900 00010  2500 00010  
HPD02157402HPCPHT20010600150021100 00010  2500 00010  
HPD02157402HPCPHT20010700010020100 00000g 2500 00000  
HPD02157402HPCPHT20010700040021100 00010  2500 00010  
HPD02157402HPCPHT20010700070020900 00010  2500 00010  
HPD02157402HPCPHT20010700080071300 00010  1400 00030  1500 00010  1600 00010  1700 00010  2200 00010  2500 00080  
HPD02157402HPCPHT20010700090040100 00010  0400 00010  1000 00010  2500 00030  
HPD02157402HPCPHT20010700100060700 00010  1600 00010  1700 00010  1800 00010  1900 00010  2500 00050  
HPD02157402HPCPHT20010700110040100 00010  0700 00010  1200 00010  2500 00030  
HPD02157402HPCPHT20010700120020900 00010  2500 00010  
HPD02157402HPCPHT20010700160021100 00010  2500 00010  
HPD02157402HPCPHT20010700230021200 00010  2500 00010  
HPD02157402HPCPHT20010700250051300 00010  1400 00010  1500 00010  1600 00010  2500 00040  
HPD02157402HPCPHT20010700260040100 00010  0600 00010  1100 00010  2500 00030  
HPD02157402HPCPHT20010700270020900 00010  2500 00010  
HPD02157402HPCPHT20010700300020800 00010  2500 00010  
HPD02157402HPCPHT20010800010030100 00000g 1100 00010  2500 00010  
HPD02157402HPCPHT20010800020020800 00010  2500 00010  
HPD02157402HPCPHT20010800040041400 00010  1500 00010  1800 00010  2500 00030  
HPD02157402HPCPHT20010800050020200 00010  2500 00010  
HPD02157402HPCPHT20010800070031500 00010  2100 00010  2500 00020  
HPD02157402HPCPHT20010800080031900 00010  2400 00010  2500 00020  
HPD02157402HPCPHT20010800090030200 00010  0900 00010  2500 00020  
HPD02157402HPCPHT20010800100041400 00020  1500 00060  1700 00010  2500 00090  
HPD02157402HPCPHT20010800110021200 00010  2500 00010  
HPD02157402HPCPHT20010800130021600 00010  2500 00010  
HPD02157402HPCPHT20010800140020900 00010  2500 00010  
HPD02157402HPCPHT20010800150022100 00010  2500 00010  
HPD02157402HPCPHT20010800160020900 00010  2500 00010  
HPD02157402HPCPHT20010800170021600 00010  2500 00010  
HPD02157402HPCPHT20010800210020600 00010  2500 00010  
HPD02157402HPCPHT20010800250021700 00010  2500 00010  
HPD02157402HPCPHT20010900010020100 00000g 2500 00000  
HPD02157402HPCPHT20010900140071200 00010  1700 00010  1800 00010  1900 00010  2100 00010  2400 00010  2500 00060  
HPD02157402HPCPHT20010900150031500 00010  1700 00090  2500 00100  
HPD02157402HPCPHT20010900270021100 00010  2500 00010  
HPD02157402HPCPHT20011000010020100 00000g 2500 00000  
HPD02157402HPCPHT20011000080021200 00010  2500 00010  
HPD02157402HPCPHT20011100010020100 00000g 2500 00000  
HPD02157402HPCPHT20011100050021500 00010  2500 00010  
HPD02157402HPCPHT20011100100021400 00010  2500 00010  
HPD02157402HPCPHT20011100250021200 00010 R2500 00010 R
HPD02157402HPCPHT20011100260021200 00010 R2500 00010 R
HPD02157402HPCPHT20011100270021400 00010 R2500 00010 R
HPD02157402HPCPHT20011100280031100 00010 R1500 00040 R2500 00050 R
HPD02157402HPCPHT20011200010020100 00000g 2500 00000  
HPD02157402HPCPHT20011200040020800 99999{ 2500 00000P 
HPD02157402HPCPHT20011200050020800 99999} 2500 00000P 
HPD02157402HPCPHT20011200200021100 99999[ 2500 00000I 
HPD02157402HPCPHT20011200310022400 99999] 2500 00000I 
