HPD02840900HPCPHI19480700010040100 00000g 1300 99999[ 2400 99999] 2500 00000I 
HPD02840900HPCPHI19480700180040100 00001  0200 00001  0300 00001  2500 00003  
HPD02840900HPCPHI19480700220021600 00016  2500 00016  
HPD02840900HPCPHI19480700250021300 00025  2500 00025  
HPD02840900HPCPHI19480800010030100 00000g 2100 00006  2500 00006  
HPD02840900HPCPHI19480800030042200 00003  2300 00004  2400 00001  2500 00008  
HPD02840900HPCPHI19480800040060100 00001  0200 00001  0300 00001  0400 00001  0500 00005  2500 00009  
HPD02840900HPCPHI19480800060022200 00023  2500 00023  
HPD02840900HPCPHI19480800110022100 00017  2500 00017  
HPD02840900HPCPHI19480800200030800 00007  0900 00023  2500 00030  
HPD02840900HPCPHI19480800290021700 00033  2500 00033  
HPD02840900HPCPHI19480900010040100 00000g 1300 99999[ 2400 99999] 2500 00000I 
HPD02840900HPCPHI19480900150021900 00010  2500 00010  
HPD02840900HPCPHI19480900260042200 00002  2300 00002  2400 00002  2500 00006  
HPD02840900HPCPHI19480900270030100 00007  0200 00005  2500 00012  
HPD02840900HPCPHI19481000010040100 00000g 1300 99999[ 2400 99999] 2500 00000I 
HPD02840900HPCPHI19481000180030900 00003  1000 00003  2500 00006  
HPD02840900HPCPHI19481000190022000 00001  2500 00001  
HPD02840900HPCPHI19481000300071200 00005  1300 00004  1400 00003  2200 00010  2300 00006  2400 00005  2500 00033  
HPD02840900HPCPHI19481000310050100 00001  0200 00012  0300 00007  0400 00002  2500 00022  
HPD02840900HPCPHI19481100010040100 00000g 1300 99999[ 2400 99999] 2500 00000I 
HPD02840900HPCPHI19481200010040100 00000g 1300 99999[ 2400 99999] 2500 00000I 
HPD02840900HPCPHI19481200150032100 00011  2200 00002  2500 00013  
HPD02840900HPCPHI19481200220100700 00002  1200 00001  1300 00001  1400 00001  1500 00001  1600 00001  1700 00002  1800 00001  2200 00001  2500 00011  
HPD02840900HPCPHI19481200230060200 00001  0700 00001  0800 00003  0900 00004  1000 00002  2500 00011  
HPD02840900HPCPHI19481200250070900 00006  1000 00008  1100 00002  1200 00005  2100 00006  2200 00005  2500 00032  
HPD02840900HPCPHI19481200260190300 00004  0400 00008  0500 00003  0600 00009  0700 00006  0800 00001  0900 00003  1100 00001  1500 00001  1600 00001  1700 00003  1800 00002  1900 00001  2000 00002  2100 00005  2200 00006  2300 00004  2400 00001  2500 00061  
HPD02840900HPCPHI19481200270140200 00003  0300 00003  0400 00001  0500 00003  0600 00004  0700 00003  0800 00007  0900 00008  1000 00008  1100 00002  1200 00003  1300 00003  1400 00003  2500 00051  
HPD02840900HPCPHI19481200300042100 00006  2200 00005  2300 00004  2500 00015  
HPD02840900HPCPHI19490100010040100 00000g 1500 00003  1600 00003  2500 00006  
HPD02840900HPCPHI19490100080052100 00002  2200 00002  2300 00002  2400 00001  2500 00007  
HPD02840900HPCPHI19490100090050100 00004  0200 00002  0300 99999a 0700 00024A 2500 00030  
HPD02840900HPCPHI19490100120080400 00005  1700 00006  1800 00011  1900 00003  2000 00002  2100 00003  2200 00002  2500 00032  
HPD02840900HPCPHI19490100130080300 00002  0400 00001  0600 00007  0700 00017  0800 00006  0900 00002  1000 00005  2500 00040  
HPD02840900HPCPHI19490100160060100 00006  0200 00013  0300 00012  2300 00005  2400 00009  2500 00045  
HPD02840900HPCPHI19490100170020100 00006  2500 00006  
HPD02840900HPCPHI19490100250081200 00003  1300 00003  1400 00005  1500 00005  1600 00002  1700 00001  2100 00002  2500 00021  
HPD02840900HPCPHI19490200010040100 00000g 1300 99999[ 2400 99999] 2500 00000I 
HPD02840900HPCPHI19490200120050900 00007  1000 00010  1100 00004  1200 00001  2500 00022  
HPD02840900HPCPHI19490200130090700 00001  1300 00002  1400 00001  1500 00001  1800 00003  1900 00002  2100 00002  2200 00008  2500 00020  
HPD02840900HPCPHI19490300010040100 00000g 1300 99999[ 2400 99999] 2500 00000I 
HPD02840900HPCPHI19490300070020800 00002  2500 00002  
HPD02840900HPCPHI19490300250041000 00011  1100 00001  1200 00001  2500 00013  
HPD02840900HPCPHI19490300310032200 00007  2300 00003  2500 00010  
HPD02840900HPCPHI19490400010110100 00000g 0700 00001  0800 00003  0900 00001  1400 00001  1600 00004  1800 00001  1900 00005  2100 00003  2200 00003  2500 00022  
HPD02840900HPCPHI19490500010040100 00000g 1300 99999[ 2400 99999] 2500 00000I 
HPD02840900HPCPHI19490600010040100 00000g 1300 99999[ 2400 99999] 2500 00000I 
HPD02840900HPCPHI19490600100021700 00008  2500 00008  
HPD02840900HPCPHI19490600170031600 00020  2400 00020  2500 00040  
HPD02840900HPCPHI19490700010040100 00000g 1300 99999[ 2400 99999] 2500 00000I 
HPD02840900HPCPHI19490700040031500 00035  1600 00012  2500 00047  
HPD02840900HPCPHI19490700090061700 00010  1800 00011  1900 00033  2000 00044  2100 00009  2500 00107  
HPD02840900HPCPHI19490700200020600 00008  2500 00008  
HPD02840900HPCPHI19490700220041600 00054  1700 00001  1800 00003  2500 00058  
HPD02840900HPCPHI19490700300021800 00021  2500 00021  
HPD02840900HPCPHI19490800010040100 00000g 1300 99999[ 2400 99999] 2500 00000I 
HPD02840900HPCPHI19490800070061700 00018  1800 00081  1900 00006  2000 00004  2100 00001  2500 00110  
HPD02840900HPCPHI19490800080031300 00013  1400 00010  2500 00023  
HPD02840900HPCPHI19490800220041900 00003  2200 00008  2300 00004  2500 00015  
HPD02840900HPCPHI19490900010040100 00000g 1300 99999[ 2400 99999] 2500 00000I 
HPD02840900HPCPHI19490900030021900 00002  2500 00002  
HPD02840900HPCPHI19490900130050200 00002  0400 00004  0500 00016  0600 00004  2500 00026  
HPD02840900HPCPHI19490900140032000 00007  2100 00005  2500 00012  
HPD02840900HPCPHI19491000010040100 00000g 1300 99999[ 2400 99999] 2500 00000I 
HPD02840900HPCPHI19491000040031800 00006  2000 00018  2500 00024  
HPD02840900HPCPHI19491000140021700 00010  2500 00010  
HPD02840900HPCPHI19491000170030600 00010  0700 00009  2500 00019  
HPD02840900HPCPHI19491000220042000 00018  2100 00007  2200 00005  2500 00030  
HPD02840900HPCPHI19491100010040100 00000g 1300 99999[ 2400 99999] 2500 00000I 
HPD02840900HPCPHI19491100110030100 99999a 0200 00006A 2500 00006  
HPD02840900HPCPHI19491100300022300 00002  2500 00002  
HPD02840900HPCPHI19491200010040100 00000g 1300 99999[ 2400 99999] 2500 00000I 
HPD02840900HPCPHI19491200090052100 00012  2200 00012  2300 00022  2400 00008  2500 00054  
HPD02840900HPCPHI19491200100060100 00003  0600 00005  1600 00006  1700 00003  1800 00002  2500 00019  
HPD02840900HPCPHI19491200110021200 00005  2500 00005  
HPD02840900HPCPHI19491200200021300 00002  2500 00002  
HPD02840900HPCPHI19500100010040100 00000g 1500 00004  1600 00001  2500 00005  
HPD02840900HPCPHI19500100130030900 00005  1000 00007  2500 00012  
HPD02840900HPCPHI19500200010040100 00000g 1300 99999[ 2400 99999] 2500 00000I 
HPD02840900HPCPHI19500200110051400 00005  1500 00003  1600 00002  1900 00001  2500 00011  
HPD02840900HPCPHI19500200260071800 00008  1900 00008  2000 00002  2100 00002  2200 00004  2400 00006  2500 00030  
HPD02840900HPCPHI19500200270040100 00003  0400 00002  0500 00001  2500 00006  
HPD02840900HPCPHI19500300010040100 00000g 1300 99999[ 2400 99999] 2500 00000I 
HPD02840900HPCPHI19500300250022200 00008  2500 00008  
HPD02840900HPCPHI19500400010040100 00000g 1300 99999[ 2400 99999] 2500 00000I 
HPD02840900HPCPHI19500500010040100 00000g 1300 99999[ 2400 99999] 2500 00000I 
HPD02840900HPCPHI19500600010040100 00000g 1300 99999[ 2400 99999] 2500 00000I 
HPD02840900HPCPHI19500600220071400 00018  1500 00052  1600 00010  1700 00003  1800 00001  1900 00001  2500 00085  
HPD02840900HPCPHI19500700010040100 00000g 1300 99999[ 2400 99999] 2500 00000I 
HPD02840900HPCPHI19500700050052000 00005  2200 00015  2300 00005  2400 00005  2500 00030  
HPD02840900HPCPHI19500700060030100 00005  0200 00005  2500 00010  
HPD02840900HPCPHI19500700070041400 00004  1500 00005  1600 00009  2500 00018  
HPD02840900HPCPHI19500700170031500 00008  1600 00009  2500 00017  
HPD02840900HPCPHI19500700210051800 00006  1900 00008  2000 00010  2100 00008  2500 00032  
HPD02840900HPCPHI19500700240032300 00010  2400 00003  2500 00013  
HPD02840900HPCPHI19500700280041800 00005  1900 00006  2000 00004  2500 00015  
HPD02840900HPCPHI19500700300051300 00003  1400 00004  1500 00009  1600 00009  2500 00025  
HPD02840900HPCPHI19500800010020100 00000g 2500 00000  
HPD02840900HPCPHI19500800110021800 00012  2500 00012  
HPD02840900HPCPHI19500800180021700 00045  2500 00045  
HPD02840900HPCPHI19500900010020100 00000g 2500 00000  
HPD02840900HPCPHI19500900060031900 00025  2100 00014  2500 00039  
HPD02840900HPCPHI19500900180022000 00002  2500 00002  
HPD02840900HPCPHI19501000010040100 00000g 1300 99999[ 2400 99999] 2500 00000I 
HPD02840900HPCPHI19501000040021400 00008  2500 00008  
HPD02840900HPCPHI19501100010020100 00000g 2500 00000  
HPD02840900HPCPHI19501200010020100 00000g 2500 00000  
HPD02840900HPCPHI19501200310022100 00004  2500 00004  
HPD02840900HPCPHI19510100010020100 00000g 2500 00000  
HPD02840900HPCPHI19510100120020600 00013  2500 00013  
HPD02840900HPCPHI19510100300051300 00010  1400 00012  1500 00006  1600 00015  2500 00043  
HPD02840900HPCPHI19510200010040100 00000g 1300 99999[ 2400 99999] 2500 00000I 
HPD02840900HPCPHI19510200130051900 00005  2000 00006  2100 00005  2200 00004  2500 00020  
HPD02840900HPCPHI19510200190020600 00010  2500 00010  
HPD02840900HPCPHI19510200250021400 00011  2500 00011  
HPD02840900HPCPHI19510300010040100 00000g 1300 99999[ 2400 99999] 2500 00000I 
HPD02840900HPCPHI19510300090041600 00005  1700 00005  1800 00005  2500 00015  
HPD02840900HPCPHI19510400010040100 00000g 1300 99999[ 2400 99999] 2500 00000I 
HPD02840900HPCPHI19510400040031600 00005  1800 00005  2500 00010  
HPD02840900HPCPHI19510400190051900 00005  2000 00005  2100 00015  2200 00010  2500 00035  
HPD02840900HPCPHI19510400200031400 00007  1900 00005  2500 00012  
HPD02840900HPCPHI19510400300021700 00005  2500 00005  
HPD02840900HPCPHI19510500010020100 00000g 2500 00000  
HPD02840900HPCPHI19510600010020100 00000g 2500 00000  
HPD02840900HPCPHI19510700010020100 00000g 2500 00000  
HPD02840900HPCPHI19510700140021700 00010  2500 00010  
HPD02840900HPCPHI19510700220020300 00005  2500 00005  
HPD02840900HPCPHI19510700230041800 00020  1900 00015  2000 00005  2500 00040  
HPD02840900HPCPHI19510700250031900 00030  2000 00005  2500 00035  
HPD02840900HPCPHI19510700260031700 00060  2300 00020  2500 00080  
HPD02840900HPCPHI19510700270030500 00005  0800 00010  2500 00015  
HPD02840900HPCPHI19510800010040100 00000g 0200 00001  0300 00002  2500 00003  
HPD02840900HPCPHI19510800020061600 00002  1700 00099  1800 00004  1900 00009  2000 00004  2500 00118  
HPD02840900HPCPHI19510800030032000 00043  2100 00002  2500 00045  
HPD02840900HPCPHI19510800140022000 00030  2500 00030  
HPD02840900HPCPHI19510800160031200 00005  1300 00002  2500 00007  
HPD02840900HPCPHI19510800170021800 00005  2500 00005  
HPD02840900HPCPHI19510800180022100 00003  2500 00003  
HPD02840900HPCPHI19510800210022300 00004  2500 00004  
HPD02840900HPCPHI19510800270100400 00013  0500 00001  0600 00001  0700 00002  0800 00003  0900 00008  1000 00006  1100 00003  1200 00003  2500 00040  
HPD02840900HPCPHI19510900010020100 00000g 2500 00000  
HPD02840900HPCPHI19510900290031000 00007  1100 00008  2500 00015  
HPD02840900HPCPHI19511000010020100 00000g 2500 00000  
HPD02840900HPCPHI19511000250021800 00005  2500 00005  
HPD02840900HPCPHI19511000260020100 00020  2500 00020  
HPD02840900HPCPHI19511000290052100 00005  2200 00006  2300 00005  2400 00003  2500 00019  
HPD02840900HPCPHI19511000300040100 00005  0200 00004  0300 00005  2500 00014  
HPD02840900HPCPHI19511100010020100 00000g 2500 00000  
HPD02840900HPCPHI19511100110060100 00002  0200 00005  1100 00003  1200 00005  1300 00010  2500 00025  
HPD02840900HPCPHI19511100170021200 00006  2500 00006  
HPD02840900HPCPHI19511200010020100 00000g 2500 00000  
HPD02840900HPCPHI19511200040021600 00005  2500 00005  
HPD02840900HPCPHI19511200080040900 00004  1000 00017  1100 00015  2500 00036  
HPD02840900HPCPHI19511200120021500 00004  2500 00004  
HPD02840900HPCPHI19511200190052000 00003  2100 00013  2200 00002  2300 00003  2500 00021  
HPD02840900HPCPHI19511200200030100 00015  0200 00005  2500 00020  
HPD02840900HPCPHI19511200240051800 00005  1900 00003  2000 00006  2100 00001  2500 00015  
HPD02840900HPCPHI19511200300042100 00010  2200 00010  2300 00006  2500 00026  
HPD02840900HPCPHI19520100010020100 00000g 2500 00000  
HPD02840900HPCPHI19520100130041500 00010  1600 00005  1800 00021  2500 00036  
HPD02840900HPCPHI19520100170052100 00001  2200 00002  2300 00001  2400 00001  2500 00005  
HPD02840900HPCPHI19520100180090100 00002  0200 00003  0300 00004  0400 00003  2100 00001  2200 00002  2300 00003  2400 00002  2500 00020  
HPD02840900HPCPHI19520200010020100 99999[ 2500 00000I 
HPD02840900HPCPHI19520200290022400 99999] 2500 00000I 
HPD02840900HPCPHI19520300010070100 00000g 0900 00005  1000 00010  1100 00005  1200 00010  1500 00006  2500 00036  
HPD02840900HPCPHI19520300020070700 00003  0800 00002  0900 00005  1000 00001  1100 00003  1200 00015  2500 00029  
HPD02840900HPCPHI19520300090030500 00005  0600 00010  2500 00015  
HPD02840900HPCPHI19520300160032300 00005  2400 00010  2500 00015  
HPD02840900HPCPHI19520300170040100 00002  0200 00001  0300 00002  2500 00005  
HPD02840900HPCPHI19520400010020100 00000g 2500 00000  
HPD02840900HPCPHI19520400100022000 00003  2500 00003  
HPD02840900HPCPHI19520400110021400 00011  2500 00011  
HPD02840900HPCPHI19520400200041100 00005  1600 00006  2200 00015  2500 00026  
HPD02840900HPCPHI19520500010020100 00000g 2500 00000  
HPD02840900HPCPHI19520600010020100 00000g 2500 00000  
HPD02840900HPCPHI19520600020120200 00004  0400 00005  0500 00005  0600 00004  0800 00010  0900 00015  1000 00020  1100 00015  1200 00008  1300 00010  1400 00003  2500 00099  
HPD02840900HPCPHI19520700010020100 00000g 2500 00000  
HPD02840900HPCPHI19520700050031800 00008  2200 00005  2500 00013  
HPD02840900HPCPHI19520700060042100 00016  2200 00005  2300 00008  2500 00029  
HPD02840900HPCPHI19520700150040700 00010  1700 00003  1800 00007  2500 00020  
HPD02840900HPCPHI19520700230021600 00012  2500 00012  
HPD02840900HPCPHI19520700280022100 00004  2500 00004  
HPD02840900HPCPHI19520800010020100 00000g 2500 00000  
HPD02840900HPCPHI19520800040021900 00020  2500 00020  
HPD02840900HPCPHI19520800050022000 00006  2500 00006  
HPD02840900HPCPHI19520800080032100 00050  2200 00004  2500 00054  
HPD02840900HPCPHI19520800120022000 00005  2500 00005  
HPD02840900HPCPHI19520800150041600 00012  1700 00024  1800 00005  2500 00041  
HPD02840900HPCPHI19520800160032300 00166  2400 00020  2500 00186  
HPD02840900HPCPHI19520800170030100 00013  0200 00006  2500 00019  
HPD02840900HPCPHI19520800270020100 00019  2500 00019  
HPD02840900HPCPHI19520900010020100 00000g 2500 00000  
HPD02840900HPCPHI19520900200041400 00007  1500 00008  1900 00007  2500 00022  
HPD02840900HPCPHI19520900280031000 00006  1100 00004  2500 00010  
HPD02840900HPCPHI19521000010020100 00000g 2500 00000  
HPD02840900HPCPHI19521100010020100 00000g 2500 00000  
HPD02840900HPCPHI19521100090041100 00006  1200 00005  1300 00004  2500 00015  
HPD02840900HPCPHI19521100160110900 00006  1000 00011  1100 00006  1200 00002  1300 00003  1400 00004  1500 00004  1600 00001  1700 00003  1900 00001  2500 00041  
HPD02840900HPCPHI19521100240020600 00010  2500 00010  
HPD02840900HPCPHI19521100300041500 00014  1600 00002  1700 00007  2500 00023  
HPD02840900HPCPHI19521200010020100 00000g 2500 00000  
HPD02840900HPCPHI19521200170051600 00005  1700 00005  1800 00005  1900 00003  2500 00018  
HPD02840900HPCPHI19521200210020200 00005  2500 00005  
HPD02840900HPCPHI19530100010020100 00000g 2500 00000  
HPD02840900HPCPHI19530100070080200 00001  0300 00002  0400 00002  0500 00002  0600 00001  0700 00001  0800 00001  2500 00010  
HPD02840900HPCPHI19530200010020100 00000g 2500 00000  
HPD02840900HPCPHI19530200100040600 00003  0700 00007  0800 00002  2500 00012  
HPD02840900HPCPHI19530200240050800 00006  0900 00004  1700 00002  1800 00005  2500 00017  
HPD02840900HPCPHI19530200280121100 00004  1200 00008  1300 00010  1400 00010  1500 00010  1600 00014  1700 00004  1800 00001  2000 00003  2100 00003  2200 00001  2500 00068  
HPD02840900HPCPHI19530300010030100 00000g 0900 00005  2500 00005  
HPD02840900HPCPHI19530300020071400 00002  1700 00001  1800 00001  1900 00001  2000 00002  2400 00003  2500 00010  
HPD02840900HPCPHI19530300030050100 00003  0200 00001  0600 00001  0700 00001  2500 00006  
HPD02840900HPCPHI19530300070071200 00003  1500 00003  1600 00001  1700 00002  1800 00001  1900 00001  2500 00011  
HPD02840900HPCPHI19530300170061000 00001  1100 00001  1200 00001  1300 00001  1400 00001  2500 00005  
HPD02840900HPCPHI19530400010020100 00000g 2500 00000  
HPD02840900HPCPHI19530400220031200 00002  1500 00003  2500 00005  
HPD02840900HPCPHI19530400280050900 00015  1000 00006  1200 00001  1300 00002  2500 00024  
HPD02840900HPCPHI19530500010020100 00000g 2500 00000  
HPD02840900HPCPHI19530500160060500 00001  0600 00004  0700 00004  0800 00001  1000 00003  2500 00013  
HPD02840900HPCPHI19530600010020100 00000g 2500 00000  
HPD02840900HPCPHI19530600110042100 00012  2200 00008  2300 00005  2500 00025  
HPD02840900HPCPHI19530700010020100 00000g 2500 00000  
HPD02840900HPCPHI19530700050030600 00010  0700 00004  2500 00014  
HPD02840900HPCPHI19530700060022000 00011  2500 00011  
HPD02840900HPCPHI19530700080041900 00004  2000 00010  2100 00001  2500 00015  
HPD02840900HPCPHI19530700090022000 00011  2500 00011  
HPD02840900HPCPHI19530700110022000 00023  2500 00023  
HPD02840900HPCPHI19530700120041900 00010  2000 00002  2100 00004  2500 00016  
HPD02840900HPCPHI19530700130031400 00003  1500 00026  2500 00029  
HPD02840900HPCPHI19530700140031900 00017  2000 00002  2500 00019  
HPD02840900HPCPHI19530700170031600 00077  1700 00018  2500 00095  
HPD02840900HPCPHI19530700220031800 00006  1900 00004  2500 00010  
HPD02840900HPCPHI19530800010020100 00000g 2500 00000  
HPD02840900HPCPHI19530800100021600 00007  2500 00007  
HPD02840900HPCPHI19530800230020100 00005  2500 00005  
HPD02840900HPCPHI19530800260021600 00005  2500 00005  
HPD02840900HPCPHI19530900010020100 00000g 2500 00000  
HPD02840900HPCPHI19531000010020100 00000g 2500 00000  
HPD02840900HPCPHI19531000290021800 00006  2500 00006  
HPD02840900HPCPHI19531100010020100 00000g 2500 00000  
HPD02840900HPCPHI19531100180041100 00008  1200 00004  1300 00003  2500 00015  
HPD02840900HPCPHI19531200010020100 00000g 2500 00000  
HPD02840900HPCPHI19531200220041000 00005  1100 00004  1300 00001  2500 00010  
HPD02840900HPCPHI19540100010020100 00000g 2500 00000  
HPD02840900HPCPHI19540100130052100 00003  2200 00002  2300 00002  2400 00007  2500 00014  
HPD02840900HPCPHI19540100200070600 00003  1100 00008  1200 00001  1800 00001  2000 00001  2200 00010  2500 00024  
HPD02840900HPCPHI19540200010020100 00000g 2500 00000  
HPD02840900HPCPHI19540200090032000 00010  2100 00005  2500 00015  
HPD02840900HPCPHI19540200100030700 00002  0800 00001  2500 00003  
HPD02840900HPCPHI19540200140032000 00010  2100 00005  2500 00015  
HPD02840900HPCPHI19540200150030700 00002  0800 00001  2500 00003  
HPD02840900HPCPHI19540300010020100 00000g 2500 00000  
HPD02840900HPCPHI19540300030052100 00006  2200 00010  2300 00004  2400 00008  2500 00028  
HPD02840900HPCPHI19540300040120100 00006  0200 00005  0300 00005  0400 00002  0500 00005  0600 00001  0700 00001  1000 00001  1100 00002  1200 00011  1400 00002  2500 00041  
HPD02840900HPCPHI19540300170022400 00005  2500 00005  
HPD02840900HPCPHI19540300220170300 00003  0400 00003  0500 00002  0600 00002  0700 00003  0800 00002  0900 00002  1000 00003  1100 00006  1200 00002  1300 00005  1400 00005  1700 00002  1800 00003  2100 00001  2200 00002  2500 00046  
HPD02840900HPCPHI19540300230101100 00001  1200 00001  1300 00004  1400 00004  1500 00010  1800 00004  1900 00003  2000 00002  2200 00005  2500 00034  
HPD02840900HPCPHI19540400010020100 00000g 2500 00000  
HPD02840900HPCPHI19540500010020100 00000g 2500 00000  
HPD02840900HPCPHI19540500180042200 00018  2300 00001  2400 00001  2500 00020  
HPD02840900HPCPHI19540500200021800 00005  2500 00005  
HPD02840900HPCPHI19540600010020100 00000g 2500 00000  
HPD02840900HPCPHI19540600200031700 00013  1800 00002  2500 00015  
HPD02840900HPCPHI19540600300050300 00007  0400 00003  0700 00001  0800 00011  2500 00022  
HPD02840900HPCPHI19540700010020100 00000g 2500 00000  
HPD02840900HPCPHI19540700080061600 00002  1700 00013  1800 00002  1900 00010  2000 00002  2500 00029  
HPD02840900HPCPHI19540700120021500 00006  2500 00006  
HPD02840900HPCPHI19540700190022100 00003  2500 00003  
HPD02840900HPCPHI19540700200032000 00006  2100 00001  2500 00007  
HPD02840900HPCPHI19540700210021600 00007  2500 00007  
HPD02840900HPCPHI19540700220051200 00006  1300 00091  1400 00003  2300 00007  2500 00107  
HPD02840900HPCPHI19540700240021700 00005  2500 00005  
HPD02840900HPCPHI19540700290021600 00010  2500 00010  
HPD02840900HPCPHI19540700300022100 00019  2500 00019  
HPD02840900HPCPHI19540800010020100 00000g 2500 00000  
HPD02840900HPCPHI19540800030051600 00003  1700 00055  1800 00005  1900 00002  2500 00065  
HPD02840900HPCPHI19540800040031500 00005  1600 00002  2500 00007  
HPD02840900HPCPHI19540800090042200 00009  2300 00011  2400 00015  2500 00035  
HPD02840900HPCPHI19540800100030100 00005  0200 00002  2500 00007  
HPD02840900HPCPHI19540800120040300 00007  0400 00005  0700 00002  2500 00014  
HPD02840900HPCPHI19540800170021600 00009  2500 00009  
HPD02840900HPCPHI19540800210030900 00011  1000 00104  2500 00115  
HPD02840900HPCPHI19540800220040300 00010  0400 00095  0700 00006  2500 00111  
HPD02840900HPCPHI19540900010040100 00000g 2000 00002  2100 00005  2500 00007  
HPD02840900HPCPHI19540900120031500 00088  1600 00022  2500 00110  
HPD02840900HPCPHI19540900240030500 00010  0600 00006  2500 00016  
HPD02840900HPCPHI19540900250030100 00007  0200 00006  2500 00013  
HPD02840900HPCPHI19541000010020100 00000g 2500 00000  
HPD02840900HPCPHI19541000050021800 00003  2500 00003  
HPD02840900HPCPHI19541100010020100 00000g 2500 00000  
HPD02840900HPCPHI19541200010020100 00000g 2500 00000  
HPD02840900HPCPHI19550100010020100 00000g 2500 00000  
HPD02840900HPCPHI19550100020091700 00002  1800 00004  1900 00002  2000 00003  2100 00001  2200 00001  2300 00002  2400 00001  2500 00016  
HPD02840900HPCPHI19550100030050400 00002  0600 00001  0700 00001  0900 00001  2500 00005  
HPD02840900HPCPHI19550100080020500 00005  2500 00005  
HPD02840900HPCPHI19550100140090200 00001  0300 00001  0600 00001  0700 00003  0800 00002  0900 00002  2300 00003  2400 00002  2500 00015  
HPD02840900HPCPHI19550100150060200 00005  0300 00005  0400 00002  0600 00001  0700 00002  2500 00015  
HPD02840900HPCPHI19550200010020100 00000g 2500 00000  
HPD02840900HPCPHI19550200180020600 00006  2500 00006  
HPD02840900HPCPHI19550300010020100 00000g 2500 00000  
HPD02840900HPCPHI19550400010020100 00000g 2500 00000  
HPD02840900HPCPHI19550500010020100 00000g 2500 00000  
HPD02840900HPCPHI19550500070021000 00001  2500 00001  
HPD02840900HPCPHI19550600010020100 00000g 2500 00000  
HPD02840900HPCPHI19550700010020100 00000g 2500 00000  
HPD02840900HPCPHI19550700130051800 00019  1900 00001  2000 00005  2100 00006  2500 00031  
HPD02840900HPCPHI19550700160021700 00037  2500 00037  
HPD02840900HPCPHI19550700170051500 00028  1600 00021  1700 00010  1800 00005  2500 00064  
HPD02840900HPCPHI19550700180022100 00015  2500 00015  
HPD02840900HPCPHI19550700190030300 00010  0400 00002  2500 00012  
HPD02840900HPCPHI19550700210021700 00009  2500 00009  
HPD02840900HPCPHI19550700220071100 00022  1200 00020  1500 00025  1600 00003  1700 00007  1800 00004  2500 00081  
HPD02840900HPCPHI19550700280052000 00058  2100 00042  2200 00001  2300 00003  2500 00104  
HPD02840900HPCPHI19550700290061900 00017  2100 00002  2200 00001  2300 00036  2400 00012  2500 00068  
HPD02840900HPCPHI19550800010020100 00000g 2500 00000  
HPD02840900HPCPHI19550800050031700 00040  1800 00005  2500 00045  
HPD02840900HPCPHI19550800070021700 00019  2500 00019  
HPD02840900HPCPHI19550800110021700 00015  2500 00015  
HPD02840900HPCPHI19550800200021500 00003  2500 00003  
HPD02840900HPCPHI19550800240021600 00005  2500 00005  
HPD02840900HPCPHI19550900010020100 00000g 2500 00000  
HPD02840900HPCPHI19550900160031600 00006  1700 00005  2500 00011  
HPD02840900HPCPHI19551000010020100 00000g 2500 00000  
HPD02840900HPCPHI19551000040050300 00017  0600 00001  0800 00002  0900 00001  2500 00021  
HPD02840900HPCPHI19551100010020100 00000g 2500 00000  
HPD02840900HPCPHI19551200010020100 00000g 2500 00000  
HPD02840900HPCPHI19551200020031700 00011  1800 00001  2500 00012  
HPD02840900HPCPHI19560100010020100 00000g 2500 00000  
HPD02840900HPCPHI19560100280022400 00002  2500 00002  
HPD02840900HPCPHI19560100290040100 00004  0200 00004  0300 00002  2500 00010  
HPD02840900HPCPHI19560200010020100 00000g 2500 00000  
HPD02840900HPCPHI19560200080032300 00010  2400 00003  2500 00013  
HPD02840900HPCPHI19560300010020100 00000g 2500 00000  
HPD02840900HPCPHI19560400010020100 00000g 2500 00000  
HPD02840900HPCPHI19560400020060200 00008  0300 00002  0400 00003  0500 00002  0600 00002  2500 00017  
HPD02840900HPCPHI19560500010020100 00000g 2500 00000  
HPD02840900HPCPHI19560500200051600 00005  1700 00002  1800 00002  1900 00001  2500 00010  
HPD02840900HPCPHI19560600010020100 00000g 2500 00000  
HPD02840900HPCPHI19560600280051700 00001  1800 00001  1900 00001  2000 00002  2500 00005  
HPD02840900HPCPHI19560600300030100 99999[ 2400 99999] 2500 00000I 
HPD02840900HPCPHI19560700010040100 00000g 1800 00020  1900 00041  2500 00061  
HPD02840900HPCPHI19560700100031800 00001  1900 00024  2500 00025  
HPD02840900HPCPHI19560700170021900 00005  2500 00005  
HPD02840900HPCPHI19560700230042000 00004  2100 00006  2200 00005  2500 00015  
HPD02840900HPCPHI19560700240022400 00021  2500 00021  
HPD02840900HPCPHI19560800010040100 00000g 1300 99999a 1700 00090A 2500 00090  
HPD02840900HPCPHI19560800220030300 00006  0400 00003  2500 00009  
HPD02840900HPCPHI19560800240032000 00002  2100 00003  2500 00005  
HPD02840900HPCPHI19560900010020100 00000g 2500 00000  
HPD02840900HPCPHI19560900060022100 00012  2500 00012  
HPD02840900HPCPHI19561000010020100 00000g 2500 00000  
HPD02840900HPCPHI19561000290031100 00023  1200 00003  2500 00026  
HPD02840900HPCPHI19561100010020100 00000g 2500 00000  
HPD02840900HPCPHI19561200010020100 00000g 2500 00000  
HPD02840900HPCPHI19561200070022300 00003  2500 00003  
HPD02840900HPCPHI19561200100090100 00001  0200 00001  0400 00001  0500 00001  0600 00001  0700 00001  0900 00001  1000 00001  2500 00008  
HPD02840900HPCPHI19561200220060600 00012  0700 00004  0900 00006  1000 00010  1100 00002  2500 00034  
HPD02840900HPCPHI19570100010020100 00000g 2500 00000  
HPD02840900HPCPHI19570100030101000 00002  1100 00006  1500 00028  1600 00002  1800 00004  1900 00012  2000 00003  2100 00001  2200 00001  2500 00059  
HPD02840900HPCPHI19570100040050300 00002  0400 00001  0500 00001  0600 00001  2500 00005  
HPD02840900HPCPHI19570100080110200 00003  0300 00005  0400 00003  0500 00003  0600 00001  0700 00001  2000 00002  2100 00002  2200 00001  2300 00001  2500 00022  
HPD02840900HPCPHI19570100090080200 00002  0300 00003  0400 00003  0500 00003  0600 00004  0700 00005  0900 00003  2500 00023  
HPD02840900HPCPHI19570100100050700 00003  0800 00002  0900 00001  1000 00001  2500 00007  
HPD02840900HPCPHI19570100280060200 00004  0300 00002  0400 00003  0500 00005  0600 00003  2500 00017  
HPD02840900HPCPHI19570200010020100 00000g 2500 00000  
HPD02840900HPCPHI19570200030042200 00005  2300 00005  2400 00002  2500 00012  
HPD02840900HPCPHI19570200180020200 00009  2500 00009  
HPD02840900HPCPHI19570200220030100 00003  0200 00007  2500 00010  
HPD02840900HPCPHI19570200230021400 00015  2500 00015  
HPD02840900HPCPHI19570300010020100 00000g 2500 00000  
HPD02840900HPCPHI19570300100031200 00002  1300 00003  2500 00005  
HPD02840900HPCPHI19570300190111300 00008  1600 00007  1700 00005  1800 00005  1900 00003  2000 00014  2100 00005  2200 00004  2300 00010  2400 00005  2500 00066  
HPD02840900HPCPHI19570300200030200 00002  0300 00003  2500 00005  
HPD02840900HPCPHI19570400010020100 00000g 2500 00000  
HPD02840900HPCPHI19570400220051200 00005  1300 00010  1400 00005  1500 00002  2500 00022  
HPD02840900HPCPHI19570500010020100 00000g 2500 00000  
HPD02840900HPCPHI19570500050031800 00010  1900 00003  2500 00013  
HPD02840900HPCPHI19570600010020100 00000g 2500 00000  
HPD02840900HPCPHI19570600100042200 00002  2300 00001  2400 00002  2500 00005  
HPD02840900HPCPHI19570600110050100 00003  0200 00001  0400 00003  0500 00003  2500 00010  
HPD02840900HPCPHI19570600280031700 99999a 2200 00005A 2500 00005  
HPD02840900HPCPHI19570700010020100 00000g 2500 00000  
HPD02840900HPCPHI19570700040021700 00012  2500 00012  
HPD02840900HPCPHI19570700060022200 00011  2500 00011  
HPD02840900HPCPHI19570700080061800 00001  2000 00001  2100 00046  2200 00010  2300 00004  2500 00062  
HPD02840900HPCPHI19570700130031900 00004  2000 00006  2500 00010  
HPD02840900HPCPHI19570700160022200 00008  2500 00008  
HPD02840900HPCPHI19570700170052000 00031  2100 00005  2200 00011  2300 00005  2500 00052  
HPD02840900HPCPHI19570700200021300 00040  2500 00040  
HPD02840900HPCPHI19570700250100700 00005  0900 00005  1000 00005  1400 00015  1500 00005  1800 00002  1900 00006  2000 00002  2400 00005  2500 00050  
HPD02840900HPCPHI19570800010020100 00000g 2500 00000  
HPD02840900HPCPHI19570800050061300 00004  1400 00010  2000 00007  2100 00004  2200 00005  2500 00030  
HPD02840900HPCPHI19570800160022000 00007  2500 00007  
HPD02840900HPCPHI19570800220041800 00023  1900 00045  2000 00002  2500 00070  
HPD02840900HPCPHI19570800290031700 00019  1800 00002  2500 00021  
HPD02840900HPCPHI19570800300020200 00020  2500 00020  
HPD02840900HPCPHI19570900010020100 00000g 2500 00000  
HPD02840900HPCPHI19570900060041200 00004  1300 00006  1600 00004  2500 00014  
HPD02840900HPCPHI19571000010020100 00000g 2500 00000  
HPD02840900HPCPHI19571000050021600 00010  2500 00010  
HPD02840900HPCPHI19571000120040700 00015  0800 00012  0900 00007  2500 00034  
HPD02840900HPCPHI19571000140060400 00004  0800 00002  0900 00005  1000 00005  1100 00005  2500 00021  
HPD02840900HPCPHI19571000220020900 00016  2500 00016  
HPD02840900HPCPHI19571100010030100 00000g 0200 00010  2500 00010  
HPD02840900HPCPHI19571100150022400 00010  2500 00010  
HPD02840900HPCPHI19571100160030100 00004  0700 00002  2500 00006  
HPD02840900HPCPHI19571100220021100 00016  2500 00016  
HPD02840900HPCPHI19571200010020100 00000g 2500 00000  
HPD02840900HPCPHI19571200050040900 00007  1200 00002  2400 00005  2500 00014  
HPD02840900HPCPHI19571200060030100 00005  0200 00002  2500 00007  
HPD02840900HPCPHI19571200150021800 00005  2500 00005  
HPD02840900HPCPHI19580100010020100 00000g 2500 00000  
HPD02840900HPCPHI19580200010020100 00000g 2500 00000  
HPD02840900HPCPHI19580200040121400 00003  1500 00010  1600 00008  1700 00002  1800 00002  1900 00001  2000 00002  2100 00004  2200 00001  2300 00008  2400 00002  2500 00043  
HPD02840900HPCPHI19580200050030100 00003  0200 00004  2500 00007  
HPD02840900HPCPHI19580200090031000 00002  1100 00003  2500 00005  
HPD02840900HPCPHI19580200200101100 00004  1200 00001  1300 00001  1600 00003  1700 00008  1800 00006  1900 00007  2000 00001  2100 00001  2500 00032  
HPD02840900HPCPHI19580200210050200 00002  0700 00003  1300 00004  2200 00005  2500 00014  
HPD02840900HPCPHI19580200250032200 00006  2300 00010  2500 00016  
HPD02840900HPCPHI19580300010020100 00000g 2500 00000  
HPD02840900HPCPHI19580300030032300 00005  2400 00007  2500 00012  
HPD02840900HPCPHI19580300040130100 00002  0200 00001  0300 00004  0400 00007  0500 00012  0600 00001  0700 00021  0800 00002  1900 00010  2200 00004  2300 00004  2400 00003  2500 00071  
HPD02840900HPCPHI19580300110091500 00005  1600 00001  1800 00002  1900 00004  2000 00011  2100 00002  2200 00005  2300 00003  2500 00033  
HPD02840900HPCPHI19580300120030200 00003  0300 00004  2500 00007  
HPD02840900HPCPHI19580300220040500 00005  0600 00005  0700 00005  2500 00015  
HPD02840900HPCPHI19580300280030600 00007  0700 00003  2500 00010  
HPD02840900HPCPHI19580400010020100 00000g 2500 00000  
HPD02840900HPCPHI19580400020061000 00004  1100 00002  1200 00003  1300 00003  1400 00003  2500 00015  
HPD02840900HPCPHI19580400080060400 00001  0600 00001  0800 00001  1000 00001  1200 00001  2500 00005  
HPD02840900HPCPHI19580400160080400 00005  0500 00004  0600 00005  0700 00003  0800 00016  0900 00002  1000 00005  2500 00040  
HPD02840900HPCPHI19580500010040100 00000g 1600 00002  1700 00001  2500 00003  
HPD02840900HPCPHI19580500300021400 00015  2500 00015  
HPD02840900HPCPHI19580600010020100 00000g 2500 00000  
HPD02840900HPCPHI19580600060030500 00014  0600 00011  2500 00025  
HPD02840900HPCPHI19580600200021100 00045  2500 00045  
HPD02840900HPCPHI19580600300031800 00038  1900 00002  2500 00040  
HPD02840900HPCPHI19580700010020100 00000g 2500 00000  
HPD02840900HPCPHI19580700050021600 00016  2500 00016  
HPD02840900HPCPHI19580700140051400 00006  1500 00012  1700 00010  1800 00061  2500 00089  
HPD02840900HPCPHI19580700180030100 00052  0200 00005  2500 00057  
HPD02840900HPCPHI19580700280071900 00055  2000 00069  2100 00076  2200 00012  2300 00013  2400 00005  2500 00230  
HPD02840900HPCPHI19580800010020100 00000g 2500 00000  
HPD02840900HPCPHI19580800030022200 00018  2500 00018  
HPD02840900HPCPHI19580800060031800 00002  1900 00005  2500 00007  
HPD02840900HPCPHI19580800160041700 00004  1800 00189  1900 00003  2500 00196  
HPD02840900HPCPHI19580800180021700 00010  2500 00010  
HPD02840900HPCPHI19580800200021400 00007  2500 00007  
HPD02840900HPCPHI19580900010020100 00000g 2500 00000  
HPD02840900HPCPHI19580900040022000 00038  2500 00038  
HPD02840900HPCPHI19580900110020200 00005  2500 00005  
HPD02840900HPCPHI19580900120061900 00015  2000 00075  2100 00020  2200 00005  2300 00005  2500 00120  
HPD02840900HPCPHI19580900130080200 00001  0300 00001  0400 00001  0500 00001  0600 00001  0700 00001  0800 00001  2500 00007  
HPD02840900HPCPHI19580900220151000 00023  1100 00007  1200 00001  1300 00001  1500 00008  1600 00001  1700 00001  1800 00002  1900 00001  2000 00001  2100 00001  2200 00001  2300 00001  2400 00001  2500 00050  
HPD02840900HPCPHI19580900230050200 00005  0300 00010  0400 00017  0500 00003  2500 00035  
HPD02840900HPCPHI19581000010020100 00000g 2500 00000  
HPD02840900HPCPHI19581000040032000 00013  2100 00007  2500 00020  
HPD02840900HPCPHI19581000050070100 00004  0200 00003  0300 00003  0400 00001  0500 00001  0600 00003  2500 00015  
HPD02840900HPCPHI19581000270031900 00005  2000 00001  2500 00006  
HPD02840900HPCPHI19581100010020100 00000g 2500 00000  
HPD02840900HPCPHI19581100160081200 00004  1300 00001  1400 00001  1500 00003  1600 00002  1700 99999a 2000 00005A 2500 00016  
HPD02840900HPCPHI19581200010020100 00000g 2500 00000  
HPD02840900HPCPHI19590100010020100 00000g 2500 00000  
HPD02840900HPCPHI19590200010020100 00000g 2500 00000  
HPD02840900HPCPHI19590200090060300 00001  0400 00008  0500 00006  0600 00004  0700 00003  2500 00022  
HPD02840900HPCPHI19590300010020100 00000g 2500 00000  
HPD02840900HPCPHI19590400010020100 00000g 2500 00000  
HPD02840900HPCPHI19590500010020100 00000g 2500 00000  
HPD02840900HPCPHI19590600010020100 00000g 2500 00000  
HPD02840900HPCPHI19590700010020100 00000g 2500 00000  
HPD02840900HPCPHI19590700040022200 00009  2500 00009  
HPD02840900HPCPHI19590700160020300 00015  2500 00015  
HPD02840900HPCPHI19590700210022100 00015  2500 00015  
HPD02840900HPCPHI19590700290032300 00005  2400 00019  2500 00024  
HPD02840900HPCPHI19590800010020100 00000g 2500 00000  
HPD02840900HPCPHI19590800020071800 00070  1900 00014  2000 00001  2200 00006  2300 00012  2400 00002  2500 00105  
HPD02840900HPCPHI19590800030032300 00005  2400 00010  2500 00015  
HPD02840900HPCPHI19590800060031500 00017  1600 00010  2500 00027  
HPD02840900HPCPHI19590800150030700 00018  0900 00002  2500 00020  
HPD02840900HPCPHI19590800160021200 00015  2500 00015  
HPD02840900HPCPHI19590800230032100 00015  2200 00039  2500 00054  
HPD02840900HPCPHI19590800240052000 00013  2200 00001  2300 00031  2400 00018  2500 00063  
HPD02840900HPCPHI19590800250020100 00002  2500 00002  
HPD02840900HPCPHI19590900010020100 00000g 2500 00000  
HPD02840900HPCPHI19591000010020100 00000g 2500 00000  
HPD02840900HPCPHI19591000280022400 00005  2500 00005  
HPD02840900HPCPHI19591000290110100 00001  0200 00001  0400 00004  0500 00008  0600 00002  0700 00001  1400 00005  1900 00003  2000 00001  2100 00001  2500 00027  
HPD02840900HPCPHI19591000300090900 00003  1500 00009  1600 00001  1800 00005  2000 00005  2200 00002  2300 00001  2400 00001  2500 00027  
HPD02840900HPCPHI19591000310200100 00001  0200 00001  0300 00004  0400 00003  0500 00003  0600 00009  0700 00005  0800 00003  0900 00004  1000 00002  1100 00005  1200 00001  1400 00002  1500 00003  1600 00001  1700 00001  1800 00001  1900 00004  2200 00005  2500 00058  
HPD02840900HPCPHI19591100010020100 00000g 2500 00000  
HPD02840900HPCPHI19591100150021000 00007  2500 00007  
HPD02840900HPCPHI19591200010020100 00000g 2500 00000  
HPD02840900HPCPHI19591200090040700 00008  0800 00004  0900 00005  2500 00017  
HPD02840900HPCPHI19591200100031800 00007  1900 00008  2500 00015  
HPD02840900HPCPHI19591200140031100 00005  1200 00002  2500 00007  
HPD02840900HPCPHI19591200240061800 00007  1900 00005  2000 00002  2100 00002  2200 00004  2500 00020  
HPD02840900HPCPHI19591200250030700 00008  2400 00006  2500 00014  
HPD02840900HPCPHI19591200260020200 00009  2500 00009  
HPD02840900HPCPHI19591200310031600 99999[ 2200 99999] 2500 00000I 
HPD02840900HPCPHI19600100010050100 00005  0200 00005  2200 00003  2300 00015  2500 00028  
HPD02840900HPCPHI19600100100042100 00002  2200 00002  2400 00001  2500 00005  
HPD02840900HPCPHI19600100110150100 00001  0200 00001  0300 00001  0400 00001  0500 00001  0600 00004  0700 00002  0800 00002  0900 00001  1500 00002  1600 00009  1700 00004  1800 00001  1900 00016  2500 00046  
HPD02840900HPCPHI19600100160021500 00006  2500 00006  
HPD02840900HPCPHI19600200010020100 00000g 2500 00000  
HPD02840900HPCPHI19600200100042200 00010  2300 00025  2400 00020  2500 00055  
HPD02840900HPCPHI19600200110040200 00003  0300 00001  0400 00005  2500 00009  
HPD02840900HPCPHI19600300010020100 00000g 2500 00000  
HPD02840900HPCPHI19600400010020100 00000g 2500 00000  
HPD02840900HPCPHI19600500010020100 00000g 2500 00000  
HPD02840900HPCPHI19600500050020700 00004  2500 00004  
HPD02840900HPCPHI19600600010020100 00000g 2500 00000  
HPD02840900HPCPHI19600700010020100 00000g 2500 00000  
HPD02840900HPCPHI19600700080041800 00018  1900 00011  2000 00001  2500 00030  
HPD02840900HPCPHI19600700150021700 00015  2500 00015  
HPD02840900HPCPHI19600700240032200 00025  2300 00053  2500 00078  
HPD02840900HPCPHI19600700290042100 00010  2200 00006  2300 00004  2500 00020  
HPD02840900HPCPHI19600800010020100 00000g 2500 00000  
HPD02840900HPCPHI19600800030031800 00010  1900 00005  2500 00015  
HPD02840900HPCPHI19600800040041900 00004  2000 00001  2100 00025  2500 00030  
HPD02840900HPCPHI19600800050031700 00005  1800 00041  2500 00046  
HPD02840900HPCPHI19600800110021900 00034  2500 00034  
HPD02840900HPCPHI19600800200021900 00015  2500 00015  
HPD02840900HPCPHI19600800300021300 00006  2500 00006  
HPD02840900HPCPHI19600900010020100 00000g 2500 00000  
HPD02840900HPCPHI19600900060041400 00010  1500 00001  1600 00001  2500 00012  
HPD02840900HPCPHI19600900090061700 00010  1800 00002  1900 00010  2000 00015  2100 00005  2500 00042  
HPD02840900HPCPHI19601000010020100 00000g 2500 00000  
HPD02840900HPCPHI19601000080032300 00005  2400 00009  2500 00014  
HPD02840900HPCPHI19601000090070100 00007  0200 00008  0300 00018  0400 00002  0500 00004  0600 00016  2500 00055  
HPD02840900HPCPHI19601000150030200 00010  0300 00005  2500 00015  
HPD02840900HPCPHI19601100010020100 00000g 2500 00000  
HPD02840900HPCPHI19601200010020100 00000g 2500 00000  
HPD02840900HPCPHI19601200030041500 00001  1600 00001  1700 00003  2500 00005  
HPD02840900HPCPHI19601200070022200 99999a 2500 00000I 
HPD02840900HPCPHI19601200080020800 00028A 2500 00028P 
HPD02840900HPCPHI19601200130091500 00001  1600 00001  1700 00001  1800 00001  1900 00002  2000 00001  2100 00001  2200 00001  2500 00009  
HPD02840900HPCPHI19601200300060300 00010  0400 00003  0500 00001  0600 00001  0700 00001  2500 00016  
HPD02840900HPCPHI19610100010020100 00000g 2500 00000  
HPD02840900HPCPHI19610100240190700 00005  0800 00003  0900 00001  1000 00001  1100 00002  1200 00004  1300 00005  1400 00004  1500 00001  1600 00005  1700 00004  1800 00005  1900 00003  2000 00001  2100 00005  2200 00006  2300 00005  2400 00001  2500 00061  
HPD02840900HPCPHI19610100270120100 00004  0200 00004  0300 00008  0400 00008  0500 00004  0600 00008  0700 00008  0800 00009  1000 00001  1100 00001  1400 00003  2500 00058  
HPD02840900HPCPHI19610100310030100 99999[ 2400 99999] 2500 00000I 
HPD02840900HPCPHI19610200010020100 99999[ 2500 00000I 
HPD02840900HPCPHI19610200280022400 99999] 2500 00000I 
HPD02840900HPCPHI19610300010020100 00000g 2500 00000  
HPD02840900HPCPHI19610300040022400 00002  2500 00002  
HPD02840900HPCPHI19610300050070100 00002  0200 00001  0300 00001  0400 00001  0500 00002  0600 00003  2500 00010  
HPD02840900HPCPHI19610300310030100 99999[ 2400 99999] 2500 00000I 
HPD02840900HPCPHI19610400010020100 00000g 2500 00000  
HPD02840900HPCPHI19610400300030100 99999[ 2400 99999] 2500 00000I 
HPD02840900HPCPHI19610500010020100 00000g 2500 00000  
HPD02840900HPCPHI19610600010020100 00000g 2500 00000  
HPD02840900HPCPHI19610700010020100 00000g 2500 00000  
HPD02840900HPCPHI19610700020071800 00005  1900 00001  2000 00001  2100 00001  2200 00001  2400 00011  2500 00020  
HPD02840900HPCPHI19610700030020100 00009  2500 00009  
HPD02840900HPCPHI19610700060051900 00007  2000 00009  2100 00003  2200 00002  2500 00021  
HPD02840900HPCPHI19610700280041700 00027  1800 00014  1900 00004  2500 00045  
HPD02840900HPCPHI19610800010020100 00000g 2500 00000  
HPD02840900HPCPHI19610800100042100 00009  2200 00003  2300 00008  2500 00020  
HPD02840900HPCPHI19610800140042200 00035  2300 00025  2400 00016  2500 00076  
HPD02840900HPCPHI19610800150030300 00007  0400 00003  2500 00010  
HPD02840900HPCPHI19610800170052100 00030  2200 00009  2300 00001  2400 00020  2500 00060  
HPD02840900HPCPHI19610800220051700 00193  1800 00026  1900 00020  2000 00011  2500 00250  
HPD02840900HPCPHI19610800280071700 00010  1800 00004  1900 00001  2100 00017  2200 00018  2300 00015  2500 00065  
HPD02840900HPCPHI19610900010020100 00000g 2500 00000  
HPD02840900HPCPHI19610900090021700 00048  2500 00048  
HPD02840900HPCPHI19611000010020100 00000g 2500 00000  
HPD02840900HPCPHI19611000080042200 00006  2300 00002  2400 00009  2500 00017  
HPD02840900HPCPHI19611000090020100 00008  2500 00008  
HPD02840900HPCPHI19611000290160700 00005  0800 00003  0900 00001  1000 00001  1100 00003  1200 00002  1300 00001  1400 00002  1500 00002  1600 00002  1700 00002  1800 00002  1900 00002  2000 00001  2100 00001  2500 00030  
HPD02840900HPCPHI19611000300020100 99999[ 2500 00000I 
HPD02840900HPCPHI19611000310020900 99999] 2500 00000I 
HPD02840900HPCPHI19611100010020100 99999[ 2500 00000I 
HPD02840900HPCPHI19611100300022400 99999] 2500 00000I 
HPD02840900HPCPHI19611200010020100 99999[ 2500 00000I 
HPD02840900HPCPHI19611200310022400 99999] 2500 00000I 
HPD02840900HPCPHI19620100010020100 99999[ 2500 00000I 
HPD02840900HPCPHI19620100310022400 99999] 2500 00000I 
HPD02840900HPCPHI19620200010020100 00000g 2500 00000  
HPD02840900HPCPHI19620300010020100 00000g 2500 00000  
HPD02840900HPCPHI19620300070022400 00002  2500 00002  
HPD02840900HPCPHI19620300090040900 00004  1000 00003  1100 00009  2500 00016  
HPD02840900HPCPHI19620300200020300 00007  2500 00007  
HPD02840900HPCPHI19620400010020100 00000g 2500 00000  
HPD02840900HPCPHI19620500010020100 00000g 2500 00000  
HPD02840900HPCPHI19620600010020100 00000g 2500 00000  
HPD02840900HPCPHI19620700010020100 00000g 2500 00000  
HPD02840900HPCPHI19620700040030800 00030  0900 00005  2500 00035  
HPD02840900HPCPHI19620700220020400 00015  2500 00015  
HPD02840900HPCPHI19620800010020100 99999[ 2500 00000I 
HPD02840900HPCPHI19620800310022400 99999] 2500 00000I 
HPD02840900HPCPHI19620900010020100 00000g 2500 00000  
HPD02840900HPCPHI19620900080021700 00010  2500 00010  
HPD02840900HPCPHI19620900130022200 00005  2500 00005  
HPD02840900HPCPHI19620900240031500 00022  1600 00003  2500 00025  
HPD02840900HPCPHI19620900260110300 00022  0400 00007  0500 00010  0600 00054  0700 00097  0800 00028  0900 00008  1000 00015  1100 00007  1200 00005  2500 00253  
HPD02840900HPCPHI19621000010020100 00000g 2500 00000  
HPD02840900HPCPHI19621000040031600 00015  1700 00001  2500 00016  
HPD02840900HPCPHI19621000170031900 00027  2000 00006  2500 00033  
HPD02840900HPCPHI19621000180040100 00020  1300 00004  1400 00006  2500 00030  
HPD02840900HPCPHI19621100010020100 00000g 2500 00000  
HPD02840900HPCPHI19621100150080400 00004  0500 00001  0600 00001  0700 00001  0800 00002  1000 00001  1100 00001  2500 00011  
HPD02840900HPCPHI19621100300090900 00002  1000 00002  1100 00009  1200 00002  1300 00014  1400 00004  1700 00003  1800 00007  2500 00043  
HPD02840900HPCPHI19621200010020100 00000g 2500 00000  
HPD02840900HPCPHI19621200170071800 00003  1900 00005  2000 00001  2100 00002  2200 00008  2300 00003  2500 00022  
HPD02840900HPCPHI19621200180030400 00005  0500 00007  2500 00012  
HPD02840900HPCPHI19621200240052100 00001  2200 00001  2300 00001  2400 00001  2500 00004  
HPD02840900HPCPHI19621200250080400 00001  0500 00005  0600 00012  0700 00003  0800 00001  0900 00001  1000 00001  2500 00024  
HPD02840900HPCPHI19630100010020100 00000g 2500 00000  
HPD02840900HPCPHI19630100030080700 00007  0800 00005  0900 00006  1000 00004  1100 00003  1600 00007  1700 00003  2500 00035  
HPD02840900HPCPHI19630100100042200 00006  2300 00001  2400 00003  2500 00010  
HPD02840900HPCPHI19630100110050100 00003  0200 00002  0300 00001  0400 00001  2500 00007  
HPD02840900HPCPHI19630200010020100 00000g 2500 00000  
HPD02840900HPCPHI19630200100060400 00004  0500 00002  0600 00006  1400 00004  1700 00004  2500 00020  
HPD02840900HPCPHI19630200110051400 00003  1800 00011  1900 00003  2000 00005  2500 00022  
HPD02840900HPCPHI19630300010020100 00000g 2500 00000  
HPD02840900HPCPHI19630300290051700 00012  1800 00009  1900 00002  2000 00004  2500 00027  
HPD02840900HPCPHI19630400010020100 00000g 2500 00000  
HPD02840900HPCPHI19630500010020100 00000g 2500 00000  
HPD02840900HPCPHI19630600010020100 00000g 2500 00000  
HPD02840900HPCPHI19630700010020100 00000g 2500 00000  
HPD02840900HPCPHI19630700030031400 00008  1500 00003  2500 00011  
HPD02840900HPCPHI19630700080032100 00008  2200 00002  2500 00010  
HPD02840900HPCPHI19630700190031900 00007  2000 00008  2500 00015  
HPD02840900HPCPHI19630700310032300 00002  2400 00009  2500 00011  
HPD02840900HPCPHI19630800010020100 00004  2500 00004  
HPD02840900HPCPHI19630800040042100 00001  2200 00005  2300 00003  2500 00009  
HPD02840900HPCPHI19630800050061700 00009  1800 00001  1900 00002  2000 00006  2100 00002  2500 00020  
HPD02840900HPCPHI19630800070031300 00005  1900 00009  2500 00014  
HPD02840900HPCPHI19630800090021700 00005  2500 00005  
HPD02840900HPCPHI19630800100021700 00010  2500 00010  
HPD02840900HPCPHI19630800160071700 00016  1800 00002  1900 00001  2000 00001  2100 00001  2200 00004  2500 00025  
HPD02840900HPCPHI19630800210051200 00009  1500 00109  1600 00010  1700 00006  2500 00134  
HPD02840900HPCPHI19630800220031600 00008  1700 00004  2500 00012  
HPD02840900HPCPHI19630800250042200 00004  2300 00004  2400 00012  2500 00020  
HPD02840900HPCPHI19630800260020100 00005  2500 00005  
HPD02840900HPCPHI19630900010020100 00000g 2500 00000  
HPD02840900HPCPHI19630900030070700 00007  0800 00011  1500 00003  1600 00002  1700 00001  1800 00013  2500 00037  
HPD02840900HPCPHI19630900130041700 00016  1800 00005  1900 00007  2500 00028  
HPD02840900HPCPHI19630900200021600 00006  2500 00006  
HPD02840900HPCPHI19631000010020100 00000g 2500 00000  
HPD02840900HPCPHI19631000180090500 00008  0600 00003  0700 00001  1600 00005  1700 00010  1800 00001  1900 00002  2000 00002  2500 00032  
HPD02840900HPCPHI19631000190060100 00008  0200 00002  0300 00002  0400 00003  0800 00023  2500 00038  
HPD02840900HPCPHI19631100010020100 00000g 2500 00000  
HPD02840900HPCPHI19631100070021000 00019  2500 00019  
HPD02840900HPCPHI19631100180021400 00008  2500 00008  
HPD02840900HPCPHI19631200010020100 00000g 2500 00000  
HPD02840900HPCPHI19640100010020100 00000g 2500 00000  
HPD02840900HPCPHI19640100280020700 00002  2500 00002  
HPD02840900HPCPHI19640100310030100 99999[ 2400 99999] 2500 00000I 
HPD02840900HPCPHI19640200010020100 00000g 2500 00000  
HPD02840900HPCPHI19640200290030100 99999[ 2400 99999] 2500 00000I 
HPD02840900HPCPHI19640300010020100 00000g 2500 00000  
HPD02840900HPCPHI19640300030030700 00010  0800 00010  2500 00020  
HPD02840900HPCPHI19640300170022100 00011  2500 00011  
HPD02840900HPCPHI19640300240031100 00004  1200 00001  2500 00005  
HPD02840900HPCPHI19640400010020100 00000g 2500 00000  
HPD02840900HPCPHI19640400040060200 00007  0300 00004  0400 00010  0500 00009  0600 00002  2500 00032  
HPD02840900HPCPHI19640400300030100 99999[ 2400 99999] 2500 00000I 
HPD02840900HPCPHI19640500010020100 00000g 2500 00000  
HPD02840900HPCPHI19640600010020100 00000g 2500 00000  
HPD02840900HPCPHI19640600300030100 99999[ 2400 99999] 2500 00000I 
HPD02840900HPCPHI19640700010020100 00000g 2500 00000  
HPD02840900HPCPHI19640700080040500 00013  0600 00014  0700 00001  2500 00028  
HPD02840900HPCPHI19640700100031700 00004  1800 00007  2500 00011  
HPD02840900HPCPHI19640700110031600 00002  1700 00014  2500 00016  
HPD02840900HPCPHI19640700140031400 00005  1500 00003  2500 00008  
HPD02840900HPCPHI19640700310030100 99999[ 2400 99999] 2500 00000I 
HPD02840900HPCPHI19640800010050100 00000g 1300 00003  1400 00010  1500 00002  2500 00015  
HPD02840900HPCPHI19640800110031700 00014  2300 00008  2500 00022  
HPD02840900HPCPHI19640800260020500 00010  2500 00010  
HPD02840900HPCPHI19640800310030100 99999[ 2400 99999] 2500 00000I 
HPD02840900HPCPHI19640900010020100 00000g 2500 00000  
HPD02840900HPCPHI19640900060021800 00019  2500 00019  
HPD02840900HPCPHI19640900080032100 00003  2200 00003  2500 00006  
HPD02840900HPCPHI19640900090030500 00005  0600 00007  2500 00012  
HPD02840900HPCPHI19640900120032000 00021  2100 00003  2500 00024  
HPD02840900HPCPHI19640900140020400 00047  2500 00047  
HPD02840900HPCPHI19640900230070800 00004  0900 00015  1100 00006  1200 00007  1300 00002  2100 00006  2500 00040  
HPD02840900HPCPHI19641000010020100 00000g 2500 00000  
HPD02840900HPCPHI19641000150032300 00015  2400 00005  2500 00020  
HPD02840900HPCPHI19641000160041000 00002  1600 00003  1700 00026  2500 00031  
HPD02840900HPCPHI19641100010020100 00000g 2500 00000  
HPD02840900HPCPHI19641100150022200 99999a 2500 00000I 
HPD02840900HPCPHI19641100160020700 00015A 2500 00015P 
HPD02840900HPCPHI19641200010020100 00000g 2500 00000  
HPD02840900HPCPHI19641200020032000 00004  2100 00006  2500 00010  
HPD02840900HPCPHI19641200030050700 00001  0800 00004  0900 00010  1000 00001  2500 00016  
HPD02840900HPCPHI19641200180031300 00010  1400 00008  2500 00018  
HPD02840900HPCPHI19641200280022400 00008  2500 00008  
HPD02840900HPCPHI19641200290020100 00002  2500 00002  
HPD02840900HPCPHI19650100010020100 00000g 2500 00000  
HPD02840900HPCPHI19650100060021800 00007  2500 00007  
HPD02840900HPCPHI19650100200101100 00010  1200 00021  1300 00004  1400 00007  1500 00011  1600 00001  1800 00020  1900 00009  2100 00007  2500 00090  
HPD02840900HPCPHI19650100240022300 00005  2500 00005  
HPD02840900HPCPHI19650200010020100 00000g 2500 00000  
HPD02840900HPCPHI19650200060021800 00007  2500 00007  
HPD02840900HPCPHI19650200070030600 00001  0700 00003  2500 00004  
HPD02840900HPCPHI19650200090022200 00005  2500 00005  
HPD02840900HPCPHI19650200100021800 00004  2500 00004  
HPD02840900HPCPHI19650300010020100 00000g 2500 00000  
HPD02840900HPCPHI19650300100061600 00013  1700 00003  1800 00006  1900 00003  2400 00004  2500 00029  
HPD02840900HPCPHI19650300110020100 00006  2500 00006  
HPD02840900HPCPHI19650400010020100 00000g 2500 00000  
HPD02840900HPCPHI19650500010020100 00000g 2500 00000  
HPD02840900HPCPHI19650600010020100 00000g 2500 00000  
HPD02840900HPCPHI19650600090020300 00004  2500 00004  
HPD02840900HPCPHI19650600220022300 00005  2500 00005  
HPD02840900HPCPHI19650600230022400 00003  2500 00003  
HPD02840900HPCPHI19650700010040100 00000g 1800 00006  1900 00002  2500 00008  
HPD02840900HPCPHI19650700090031900 00043  2000 00002  2500 00045  
HPD02840900HPCPHI19650700100032100 00008  2200 00012  2500 00020  
HPD02840900HPCPHI19650700110022100 00003  2500 00003  
HPD02840900HPCPHI19650700150021800 00002  2500 00002  
HPD02840900HPCPHI19650700160022300 00005  2500 00005  
HPD02840900HPCPHI19650700210022100 00028  2500 00028  
HPD02840900HPCPHI19650700220022300 00010  2500 00010  
HPD02840900HPCPHI19650700230032000 00060  2100 00003  2500 00063  
HPD02840900HPCPHI19650700240032000 00041  2300 00079  2500 00120  
HPD02840900HPCPHI19650800010030100 00000g 2100 00011  2500 00011  
HPD02840900HPCPHI19650800160032100 00005  2200 00013  2500 00018  
HPD02840900HPCPHI19650800180021900 00010  2500 00010  
HPD02840900HPCPHI19650800210022000 00005  2500 00005  
HPD02840900HPCPHI19650800290031800 00008  1900 00002  2500 00010  
HPD02840900HPCPHI19650800300032100 00003  2200 00009  2500 00012  
HPD02840900HPCPHI19650900010020100 00000g 2500 00000  
HPD02840900HPCPHI19650900030040500 00012  0600 00043  0700 00015  2500 00070  
HPD02840900HPCPHI19650900080041700 00010  1800 00017  1900 00006  2500 00033  
HPD02840900HPCPHI19650900110021800 00005  2500 00005  
HPD02840900HPCPHI19651000010020100 00000g 2500 00000  
HPD02840900HPCPHI19651100010020100 00000g 2500 00000  
HPD02840900HPCPHI19651100240111300 00003  1400 00003  1500 00007  1600 00003  1700 00002  1800 00004  1900 00001  2200 00006  2300 00002  2400 00004  2500 00035  
HPD02840900HPCPHI19651100250070300 00001  0400 00001  1400 00005  1500 00003  1600 00003  1700 00002  2500 00015  
HPD02840900HPCPHI19651200010020100 00000g 2500 00000  
HPD02840900HPCPHI19651200080021300 00008  2500 00008  
HPD02840900HPCPHI19651200090150400 00003  0500 00001  0600 00001  0700 00002  1500 00021  1600 00015  1700 00012  1800 00033  1900 00011  2000 00008  2100 00010  2200 00020  2300 00006  2400 00002  2500 00145  
HPD02840900HPCPHI19651200100140100 00001  0200 00006  0300 00011  0400 00001  0600 00001  0700 00006  1800 00005  1900 00007  2000 00004  2100 00010  2200 00020  2300 00004  2400 00004  2500 00080  
HPD02840900HPCPHI19651200110030100 00006  0200 00005  2500 00011  
HPD02840900HPCPHI19651200150031200 00005  1800 00005  2500 00010  
HPD02840900HPCPHI19651200160140300 00002  0600 00003  0900 00004  1000 00007  1100 00001  1200 00003  1800 00006  1900 00001  2000 00002  2100 00001  2200 00004  2300 00011  2400 00015  2500 00060  
HPD02840900HPCPHI19651200170080100 00013  0200 00002  1600 00003  1700 00001  1800 00001  1900 00001  2000 00003  2500 00024  
HPD02840900HPCPHI19651200220190100 00009  0200 00002  0300 00001  0400 00004  0500 00006  0600 00010  0700 00007  0800 00004  0900 00003  1000 00012  1100 00013  1200 00014  1300 00002  1400 00007  1500 00010  1600 00002  1700 00001  1800 00002  2500 00109  
HPD02840900HPCPHI19651200230020400 00006  2500 00006  
HPD02840900HPCPHI19651200300090500 00004  0600 00003  0700 00001  0900 00001  1000 00002  1100 00003  1200 00005  1300 00009  2500 00028  
HPD02840900HPCPHI19660100010020100 00000g 2500 00000  
HPD02840900HPCPHI19660100180080400 00002  0600 00003  1000 00002  1100 00010  1200 00011  1300 00012  1400 00004  2500 00044  
HPD02840900HPCPHI19660100310040200 00008  0300 00009  0400 00003  2500 00020  
HPD02840900HPCPHI19660200010020100 00000g 2500 00000  
HPD02840900HPCPHI19660200070101400 00015  1500 00002  1600 00009  1700 00008  1800 00011  1900 00015  2000 00015  2100 00015  2200 00010  2500 00100  
HPD02840900HPCPHI19660200090041000 00005  1100 00013  1200 00007  2500 00025  
HPD02840900HPCPHI19660200110041100 00002  1200 00018  1300 00023  2500 00043  
HPD02840900HPCPHI19660300010020100 00000g 2500 00000  
HPD02840900HPCPHI19660300020021600 00005  2500 00005  
HPD02840900HPCPHI19660400010020100 00000g 2500 00000  
HPD02840900HPCPHI19660500010020100 00000g 2500 00000  
HPD02840900HPCPHI19660600010020100 00000g 2500 00000  
HPD02840900HPCPHI19660600200031600 00006  1700 00004  2500 00010  
HPD02840900HPCPHI19660600260031900 00100  2000 00003  2500 00103  
HPD02840900HPCPHI19660600280021900 00004  2500 00004  
HPD02840900HPCPHI19660700010020100 00000g 2500 00000  
HPD02840900HPCPHI19660700190031500 00038  1600 00005  2500 00043  
HPD02840900HPCPHI19660700200021600 00025  2500 00025  
HPD02840900HPCPHI19660700260020100 00015  2500 00015  
HPD02840900HPCPHI19660700280022200 00012  2500 00012  
HPD02840900HPCPHI19660700310031800 00019  2200 00039  2500 00058  
HPD02840900HPCPHI19660800010020100 00000g 2500 00000  
HPD02840900HPCPHI19660800050021900 00055  2500 00055  
HPD02840900HPCPHI19660800170021600 00015  2500 00015  
HPD02840900HPCPHI19660800220021100 00003  2500 00003  
HPD02840900HPCPHI19660800230040100 00028  0200 00022  0300 00008  2500 00058  
HPD02840900HPCPHI19660800280021600 00012  2500 00012  
HPD02840900HPCPHI19660900010020100 00000g 2500 00000  
HPD02840900HPCPHI19660900110022400 00003  2500 00003  
HPD02840900HPCPHI19660900120100200 00002  0300 00004  0600 00003  0700 00001  1100 00008  1200 00002  1800 00004  1900 00003  2000 00002  2500 00029  
HPD02840900HPCPHI19660900130091100 00008  1200 00002  1300 00006  1500 00004  1600 00016  1700 00015  1800 00006  1900 00002  2500 00059  
HPD02840900HPCPHI19660900140070600 00030  0700 00003  1800 00030  1900 00003  2000 00001  2100 00002  2500 00069  
HPD02840900HPCPHI19660900150070200 00003  0600 00013  0700 00006  0800 00004  1500 00009  1600 00002  2500 00037  
HPD02840900HPCPHI19660900290040600 00015  0700 00014  0800 00006  2500 00035  
HPD02840900HPCPHI19661000010020100 99999[ 2500 00000I 
HPD02840900HPCPHI19661000310022400 99999] 2500 00000I 
HPD02840900HPCPHI19661100010020100 99999[ 2500 00000I 
HPD02840900HPCPHI19661100300022400 99999] 2500 00000I 
HPD02840900HPCPHI19661200010020100 99999[ 2500 00000I 
HPD02840900HPCPHI19661200310022400 99999] 2500 00000I 
HPD02840900HPCPHI19670100010020100 99999[ 2500 00000I 
HPD02840900HPCPHI19670100310022400 99999] 2500 00000I 
HPD02840900HPCPHI19670200010020100 99999[ 2500 00000I 
HPD02840900HPCPHI19670200280022400 99999] 2500 00000I 
