HPD02174902HPCPHT20070100010030100 99999[ 1000 99999] 2500 00000I 
HPD02174902HPCPHT20070100110021500 00010  2500 00010  
HPD02174902HPCPHT20070100120021800 00010  2500 00010  
HPD02174902HPCPHT20070100190041300 00010  2300 00010  2400 00020  2500 00040  
HPD02174902HPCPHT20070100200030300 00010  1100 00010  2500 00020  
HPD02174902HPCPHT20070100210041200 00010  1300 00010  1500 00010  2500 00030  
HPD02174902HPCPHT20070100300041400 00010  1700 00010  2000 00010  2500 00030  
HPD02174902HPCPHT20070100310040100 00010  0700 00010  1500 00010  2500 00030  
HPD02174902HPCPHT20070200010040100 00000g 0500 00010  0900 00010  2500 00020  
HPD02174902HPCPHT20070200110031400 00010  1900 00010  2500 00020  
HPD02174902HPCPHT20070200120021100 00010  2500 00010  
HPD02174902HPCPHT20070200130041000 00010  1200 00010  1500 00010  2500 00030  
HPD02174902HPCPHT20070200150021300 00010  2500 00010  
HPD02174902HPCPHT20070200190022300 00010  2500 00010  
HPD02174902HPCPHT20070200210021400 00010  2500 00010  
HPD02174902HPCPHT20070200250021500 00010  2500 00010  
HPD02174902HPCPHT20070300010040100 00000g 0800 99999[ 1200 99999] 2500 00000I 
HPD02174902HPCPHT20070300210022300 00010  2500 00010  
HPD02174902HPCPHT20070300220080100 00010  0200 00020  0400 00010  0500 00010  1500 00010  2200 00010  2300 00010  2500 00080  
HPD02174902HPCPHT20070300230030300 00020  1400 00010  2500 00030  
HPD02174902HPCPHT20070400010050100 00000g 0800 99999[ 1000 99999] 1100 99999{ 2500 00000P 
HPD02174902HPCPHT20070400300022400 99999} 2500 00000P 
HPD02174902HPCPHT20070500010040100 99999{ 1000 99999} 1100 99999[ 2500 00000P 
HPD02174902HPCPHT20070500150031100 99999] 1200 99999{ 2500 00000P 
HPD02174902HPCPHT20070500310022400 99999} 2500 00000P 
HPD02174902HPCPHT20070600010040100 99999{ 0800 99999} 1000 99999{ 2500 00000P 
HPD02174902HPCPHT20070600270021600 99999} 2500 00000P 
HPD02174902HPCPHT20070700010060100 00000g 0600 99999{ 0800 99999} 0900 99999[ 1000 99999] 2500 00000P 
HPD02174902HPCPHT20070700080021000 00010  2500 00010  
HPD02174902HPCPHT20070700150021600 00020  2500 00020  
HPD02174902HPCPHT20070700190021600 00010  2500 00010  
HPD02174902HPCPHT20070700210031500 00030  2200 00010  2500 00040  
HPD02174902HPCPHT20070700220022100 00010  2500 00010  
HPD02174902HPCPHT20070700230021200 00010  2500 00010  
HPD02174902HPCPHT20070700240030900 00010  2000 00070  2500 00080  
HPD02174902HPCPHT20070700250020800 00010  2500 00010  
HPD02174902HPCPHT20070700280021400 00010  2500 00010  
HPD02174902HPCPHT20070700290031600 00070  1700 00010  2500 00080  
HPD02174902HPCPHT20070700300022100 00010  2500 00010  
HPD02174902HPCPHT20070800010020100 00000g 2500 00000  
HPD02174902HPCPHT20070800020051900 00010  2000 00010  2100 00010  2200 00020  2500 00050  
HPD02174902HPCPHT20070800030021800 00030  2500 00030  
HPD02174902HPCPHT20070800040061400 00020  1700 00010  1800 00010  1900 00010  2100 00010  2500 00060  
HPD02174902HPCPHT20070800050021700 00010  2500 00010  
HPD02174902HPCPHT20070800060051000 00010  1600 00010  1700 00090  1900 00010  2500 00120  
HPD02174902HPCPHT20070800140031000 00010  1600 00020  2500 00030  
HPD02174902HPCPHT20070800160031500 00030  1600 00010  2500 00040  
HPD02174902HPCPHT20070800310021300 00010  2500 00010  
HPD02174902HPCPHT20070900010040100 00000g 0800 99999[ 1100 99999] 2500 00000I 
HPD02174902HPCPHT20070900030021700 00040  2500 00040  
HPD02174902HPCPHT20070900070020900 00010  2500 00010  
HPD02174902HPCPHT20070900110031700 00020  1900 00010  2500 00030  
HPD02174902HPCPHT20070900230020100 00010  2500 00010  
HPD02174902HPCPHT20071000010050100 00000g 0800 99999[ 1000 99999] 1200 00010  2500 00010I 
HPD02174902HPCPHT20071100010040100 00000g 0900 99999[ 1200 99999] 2500 00000I 
HPD02174902HPCPHT20071100300120600 00010  1000 00010  1500 00010  1600 00010  1700 00030  1800 00020  1900 00010  2000 00010  2100 00010  2200 00010  2400 00020  2500 00150  
HPD02174902HPCPHT20071200010090100 00020  0200 00020  0500 00010  0800 00010  1300 00010  1400 00010  1500 00010  1600 00010  2500 00100  
HPD02174902HPCPHT20071200070071700 00010  1800 00010  1900 00020  2000 00010  2300 00010  2400 00020  2500 00080  
HPD02174902HPCPHT20071200080090100 00010  0200 00010  0400 00020  0600 00020  0700 00010  0800 00010  1000 00010  1500 00010  2500 00100  
HPD02174902HPCPHT20071200100080500 00010  0800 00010  1100 00010  1200 00010 Z1400 00010 Z1500 00010  1800 00010  2500 00070 Z
HPD02174902HPCPHT20071200110060100 00010  0300 00010  0700 00010  1000 00010  1200 00010 Z2500 00050 Z
HPD02174902HPCPHT20071200210031300 00010 Z1500 00010 Z2500 00020 Z
