HPD02563503HPCPHT20000100010020100 00000g 2500 00000  
HPD02563503HPCPHT20000100020030400 00010  0700 00010  2500 00020  
HPD02563503HPCPHT20000100070020600 99999[ 2500 00000I 
HPD02563503HPCPHT20000100310022400 99999] 2500 00000I 
HPD02563503HPCPHT20000200010020100 99999[ 2500 00000I 
HPD02563503HPCPHT20000200290022400 99999] 2500 00000I 
HPD02563503HPCPHT20000300010020100 99999[ 2500 00000I 
HPD02563503HPCPHT20000300040041200 99999] 2300 00010  2400 00010  2500 00020I 
HPD02563503HPCPHT20000300050070100 00010  0500 00010  2000 00010  2200 00010  2300 00010  2400 00010  2500 00060  
HPD02563503HPCPHT20000300060070100 00010  0200 00020  0400 00010  0500 00010  0800 00010  2000 00010  2500 00070  
HPD02563503HPCPHT20000300070030300 00010  0600 00010  2500 00020  
HPD02563503HPCPHT20000300210030100 00010  0400 00010  2500 00020  
HPD02563503HPCPHT20000300270022200 00010  2500 00010  
HPD02563503HPCPHT20000300280060500 00010  0600 00010  1100 00010  1300 00010  2200 00020  2500 00060  
HPD02563503HPCPHT20000300300021600 00010  2500 00010  
HPD02563503HPCPHT20000300310031300 99999[ 2400 99999] 2500 00000I 
HPD02563503HPCPHT20000400010020100 00000g 2500 00000  
HPD02563503HPCPHT20000500010020100 00000g 2500 00000  
HPD02563503HPCPHT20000500180021200 00010  2500 00010  
HPD02563503HPCPHT20000600010020100 00000g 2500 00000  
HPD02563503HPCPHT20000600220031300 00010  1500 00010  2500 00020  
HPD02563503HPCPHT20000600230041000 00010  1500 00040  1700 00010  2500 00060  
HPD02563503HPCPHT20000700010020100 00000g 2500 00000  
HPD02563503HPCPHT20000700080041300 00010  1400 00010  1500 00010  2500 00030  
HPD02563503HPCPHT20000700230021800 00020  2500 00020  
HPD02563503HPCPHT20000700310021200 00010  2500 00010  
HPD02563503HPCPHT20000800010040100 00000g 1200 00010  2100 00120  2500 00130  
HPD02563503HPCPHT20000800060031600 00010  1700 00020  2500 00030  
HPD02563503HPCPHT20000800070031600 00010  1700 00010  2500 00020  
HPD02563503HPCPHT20000800090051800 00040  1900 00020  2000 00030  2100 00010  2500 00100  
HPD02563503HPCPHT20000800100021100 00010  2500 00010  
HPD02563503HPCPHT20000800120021600 00020  2500 00020  
HPD02563503HPCPHT20000800170022300 00010  2500 00010  
HPD02563503HPCPHT20000800250020500 99999{ 2500 00000P 
HPD02563503HPCPHT20000800290041300 99999} 1400 00030  1500 00010  2500 00040P 
HPD02563503HPCPHT20000900010020100 00000g 2500 00000  
HPD02563503HPCPHT20001000010020100 00000g 2500 00000  
HPD02563503HPCPHT20001000070022200 00010  2500 00010  
HPD02563503HPCPHT20001000100020700 00010  2500 00010  
HPD02563503HPCPHT20001000110031200 00010  1500 00010  2500 00020  
HPD02563503HPCPHT20001000210022400 00030  2500 00030  
HPD02563503HPCPHT20001000220120100 00020  0200 00010  0300 00030  0400 00020  0500 00010  0600 00010  0700 00010  0800 00010  0900 00010  1100 00030  1200 00010  2500 00170  
HPD02563503HPCPHT20001000230030400 00010  2000 00010  2500 00020  
HPD02563503HPCPHT20001000240030100 00010  0200 00010  2500 00020  
HPD02563503HPCPHT20001000270061000 00010  1600 00010  1700 00030  1800 00010  1900 00010  2500 00070  
HPD02563503HPCPHT20001000280020700 00010  2500 00010  
HPD02563503HPCPHT20001000300061500 00010  1600 00010  1800 00020  1900 00010  2000 00010  2500 00060  
HPD02563503HPCPHT20001100010020100 00000g 2500 00000  
HPD02563503HPCPHT20001100040060700 00010  0800 00010  0900 00020  1000 00010  1200 00010  2500 00060  
HPD02563503HPCPHT20001100100021200 00010  2500 00010  
HPD02563503HPCPHT20001100110040100 00010  0500 00020  1300 00010  2500 00040  
HPD02563503HPCPHT20001200010020100 00000g 2500 00000  
