HPD02592400HPCPHI19830800010020100 99999[ 2500 00000I 
HPD02592400HPCPHI19830800310022400 99999] 2500 00000I 
HPD02592400HPCPHI19830900010020100 99999[ 2500 00000I 
HPD02592400HPCPHI19830900020021700 99999] 2500 00000I 
HPD02592400HPCPHT19830900070020800 00010  2500 00010  
HPD02592400HPCPHT19830900100030900 00010  2400 00010  2500 00020  
HPD02592400HPCPHT19830900110021500 00010  2500 00010  
HPD02592400HPCPHT19830900210031500 00010  1800 00010  2500 00020  
HPD02592400HPCPHT19830900220071200 00010  1500 00160  1600 00020  1700 00010  1800 00010  1900 00010  2500 00220  
HPD02592400HPCPHT19830900240020600 00010  2500 00010  
HPD02592400HPCPHT19830900280091300 00010  1400 00040  1500 00040  1600 00070  1700 00010  1800 00010  1900 00010  2000 00010  2500 00200  
HPD02592400HPCPHT19830900290050700 00010  1600 00010  1700 00010  1800 00060  2500 00090  
HPD02592400HPCPHT19830900300030400 00010  0500 00010  2500 00020  
HPD02592400HPCPHT19831000010110100 00000g 0200 00010  0300 00040  0400 00010  0500 00030  0600 00030  1600 00080  1700 00040  1800 00010  2000 00010  2500 00260  
HPD02592400HPCPHT19831000020100500 00020  0600 00080  0700 00020  0800 00040  1000 00020  1100 00030  1300 00010  1400 00010  2400 00010  2500 00240  
HPD02592400HPCPHT19831000030031000 00010  1300 00010  2500 00020  
HPD02592400HPCPHT19831000040021500 00010  2500 00010  
HPD02592400HPCPHT19831000190040300 00010  0400 00020  0800 00010  2500 00040  
HPD02592400HPCPHT19831000270021500 00020  2500 00020  
HPD02592400HPCPHT19831000280020900 00010  2500 00010  
HPD02592400HPCPHT19831100010020100 00000g 2500 00000  
HPD02592400HPCPHT19831100030040500 00010  0700 00010  1200 00010  2500 00030  
HPD02592400HPCPHT19831100040021200 00010  2500 00010  
HPD02592400HPCPHT19831100210050800 00010  0900 00020  1000 00010  1700 00010  2500 00050  
HPD02592400HPCPHT19831100220020900 00010  2500 00010  
HPD02592400HPCPHT19831200010030100 00000g 2300 00010  2500 00010  
HPD02592400HPCPHT19831200020040100 00010  0200 00020  0700 00010  2500 00040  
HPD02592400HPCPHT19831200260021200 00010  2500 00010  
HPD02592400HPCPHT19840100010020100 99999{ 2500 00000P 
HPD02592400HPCPHT19840100060021500 99999} 2500 00000P 
HPD02592400HPCPHT19840100070021500 00030  2500 00030  
HPD02592400HPCPHT19840100080021100 00010  2500 00010  
HPD02592400HPCPHT19840100140020300 00010  2500 00010  
HPD02592400HPCPHT19840200010020100 00000g 2500 00000  
HPD02592400HPCPHT19840300010020100 00000g 2500 00000  
HPD02592400HPCPHT19840400010020100 00000g 2500 00000  
HPD02592400HPCPHT19840400060031900 00010  2000 00010  2500 00020  
HPD02592400HPCPHT19840400280022200 00010  2500 00010  
HPD02592400HPCPHT19840500010020100 00000g 2500 00000  
HPD02592400HPCPHT19840500180021100 00010  2500 00010  
HPD02592400HPCPHT19840500290031700 00020  1800 00010  2500 00030  
HPD02592400HPCPHT19840500310021500 00010  2500 00010  
HPD02592400HPCPHT19840600010030100 00000g 1500 00010  2500 00010  
HPD02592400HPCPHT19840600250021700 00010  2500 00010  
HPD02592400HPCPHT19840600270021400 00010  2500 00010  
HPD02592400HPCPHT19840600280031400 00010  1500 00030  2500 00040  
HPD02592400HPCPHT19840600290051400 00010  1600 00050  1700 00010  1900 00010  2500 00080  
HPD02592400HPCPHT19840600300022400 00010  2500 00010  
HPD02592400HPCPHT19840700010020100 00000g 2500 00000  
HPD02592400HPCPHT19840700020031300 00080  1700 00010  2500 00090  
HPD02592400HPCPHT19840700040030200 00050  0300 00010  2500 00060  
HPD02592400HPCPHT19840700060022400 00010  2500 00010  
HPD02592400HPCPHT19840700080021400 00020  2500 00020  
HPD02592400HPCPHT19840700090021300 00010  2500 00010  
HPD02592400HPCPHT19840700100021800 00060  2500 00060  
HPD02592400HPCPHT19840700110041300 00010  2300 00030  2400 00010  2500 00050  
HPD02592400HPCPHT19840700120030100 00010  1200 00010  2500 00020  
HPD02592400HPCPHT19840700140021600 00030  2500 00030  
HPD02592400HPCPHT19840700150021500 00010  2500 00010  
HPD02592400HPCPHT19840700160022200 00040  2500 00040  
HPD02592400HPCPHT19840700170051500 00010  2200 00010  2300 00010  2400 00010  2500 00040  
HPD02592400HPCPHT19840700180040100 00010  1600 00010  1700 00030  2500 00050  
HPD02592400HPCPHT19840700190031600 00040  1700 00010  2500 00050  
HPD02592400HPCPHT19840700200031800 00010  1900 00010  2500 00020  
HPD02592400HPCPHT19840700210060300 00050  0400 00020  0700 00010  2100 00020  2200 00030  2500 00130  
HPD02592400HPCPHT19840700270061500 00040  1600 00070  1800 00010  2300 00010  2400 00030  2500 00160  
HPD02592400HPCPHT19840700280020100 00010  2500 00010  
HPD02592400HPCPHT19840700290021600 00030  2500 00030  
HPD02592400HPCPHT19840700300021700 00010  2500 00010  
HPD02592400HPCPHT19840800010020100 00000g 2500 00000  
HPD02592400HPCPHT19840800080021700 00020  2500 00020  
HPD02592400HPCPHT19840800090060200 00010  0300 00010  0400 00010  0500 00010  1700 00010  2500 00050  
HPD02592400HPCPHT19840800100031200 00080  1300 00040  2500 00120  
HPD02592400HPCPHT19840800130020100 00020  2500 00020  
HPD02592400HPCPHT19840800140030400 00010  2000 00020  2500 00030  
HPD02592400HPCPHT19840800150022100 00010  2500 00010  
HPD02592400HPCPHT19840800160021100 00010  2500 00010  
HPD02592400HPCPHT19840800170021500 00010  2500 00010  
HPD02592400HPCPHT19840800180021300 00010  2500 00010  
HPD02592400HPCPHT19840800220021800 00050  2500 00050  
HPD02592400HPCPHT19840800260020900 00010  2500 00010  
HPD02592400HPCPHT19840800270021900 00010  2500 00010  
HPD02592400HPCPHT19840800310031800 00010  1900 00010  2500 00020  
HPD02592400HPCPHT19840900010020100 00000g 2500 00000  
HPD02592400HPCPHT19840900070021400 99999{ 2500 00000P 
HPD02592400HPCPHT19840900250031500 99999} 1600 00020  2500 00020P 
HPD02592400HPCPHT19840900260021200 00010  2500 00010  
HPD02592400HPCPHT19841000010020100 00000g 2500 00000  
HPD02592400HPCPHT19841000020071000 00010  1500 00040  1600 00010  2000 00020  2200 00020  2400 00010  2500 00110  
HPD02592400HPCPHT19841000030030100 00010  1300 00010  2500 00020  
HPD02592400HPCPHT19841000040020800 00010  2500 00010  
HPD02592400HPCPHT19841000110031600 99999{ 2400 99999} 2500 00000P 
HPD02592400HPCPHT19841000120020100 00040  2500 00040  
HPD02592400HPCPHT19841000250022000 00010  2500 00010  
HPD02592400HPCPHT19841000260021500 00010  2500 00010  
HPD02592400HPCPHT19841100010020100 00000g 2500 00000  
HPD02592400HPCPHT19841100070021500 99999a 2500 00000I 
HPD02592400HPCPHT19841100300022400 99999A 2500 00000I 
HPD02592400HPCPHT19841200010020100 99999, 2500 00000I 
HPD02592400HPCPHT19841200070021000 00150A 2500 00150P 
HPD02592400HPCPHT19841200090030600 00010  0700 00010  2500 00020  
HPD02592400HPCPHT19841200110031800 00010  2200 00010  2500 00020  
HPD02592400HPCPHT19841200120080100 00010  0200 00010  1600 00010  2000 00020  2100 00010  2200 00010  2300 00010  2500 00080  
HPD02592400HPCPHT19841200140070300 00010  0700 00010  0800 00010  0900 00020  1000 00010  1400 00010  2500 00070  
HPD02592400HPCPHT19841200160020400 00010  2500 00010  
HPD02592400HPCPHT19841200170021600 00010  2500 00010  
HPD02592400HPCPHT19841200200032100 00010  2400 00010  2500 00020  
HPD02592400HPCPHT19841200280130700 00010  0800 00020  0900 00010  1000 00010  1100 00010  1300 00010  1500 00020  1700 00010  1800 00010  1900 00020  2000 00010  2100 00010  2500 00150  
HPD02592400HPCPHT19841200290031900 00010  2100 00010  2500 00020  
HPD02592400HPCPHT19850100010020100 00000g 2500 00000  
HPD02592400HPCPHT19850100080022400 00010  2500 00010  
HPD02592400HPCPHT19850100130020100 00010  2500 00010  
HPD02592400HPCPHT19850100150022000 00010  2500 00010  
HPD02592400HPCPHT19850100160030500 00010  1300 00010  2500 00020  
HPD02592400HPCPHT19850100230071300 00010  1500 00010  1800 00010  2000 00010  2100 00010  2200 00010  2500 00060  
HPD02592400HPCPHT19850100240050100 00010  0300 00010  0400 00010  0800 00010  2500 00040  
HPD02592400HPCPHT19850100260080800 00010  1200 00010  1500 00010  1600 00010  1700 00010  1800 00010  2300 00010  2500 00070  
HPD02592400HPCPHT19850200010020100 00000g 2500 00000  
HPD02592400HPCPHT19850200030021200 00010  2500 00010  
HPD02592400HPCPHT19850200040040200 00010  2000 00010  2200 00010  2500 00030  
HPD02592400HPCPHT19850200050031200 00010  1400 00010  2500 00020  
HPD02592400HPCPHT19850200210070700 00010  0900 00020  1000 00010  1100 00010  1400 00010  1500 00010  2500 00070  
HPD02592400HPCPHT19850200220020100 00010  2500 00010  
HPD02592400HPCPHT19850200250021400 00010  2500 00010  
HPD02592400HPCPHT19850300010020100 00000g 2500 00000  
HPD02592400HPCPHT19850300290020600 00010  2500 00010  
HPD02592400HPCPHT19850400010020100 00000g 2500 00000  
HPD02592400HPCPHT19850400080021500 00010  2500 00010  
HPD02592400HPCPHT19850400260041000 00010  1100 00010  1200 00020  2500 00040  
HPD02592400HPCPHT19850400270100500 00010  0800 00010  1100 00010  1200 00010  1300 00010  1400 00010  1500 00010  1600 00010  1800 00010  2500 00090  
HPD02592400HPCPHT19850500010020100 00000g 2500 00000  
HPD02592400HPCPHT19850600010020100 00000g 2500 00000  
HPD02592400HPCPHT19850600200021200 00010  2500 00010  
HPD02592400HPCPHT19850700010020100 00000g 2500 00000  
HPD02592400HPCPHT19850700060032100 00010  2300 00010  2500 00020  
HPD02592400HPCPHT19850700080021600 00010  2500 00010  
HPD02592400HPCPHT19850700100022000 00010  2500 00010  
HPD02592400HPCPHT19850700110021200 00010  2500 00010  
HPD02592400HPCPHT19850700130021900 00010  2500 00010  
HPD02592400HPCPHT19850700140060100 00010  2100 00020  2200 00020  2300 00010  2400 00010  2500 00070  
HPD02592400HPCPHT19850700150021000 00010  2500 00010  
HPD02592400HPCPHT19850700160021000 00010  2500 00010  
HPD02592400HPCPHT19850700170040100 00010  1800 00010  2100 00010  2500 00030  
HPD02592400HPCPHT19850700180051300 00010  2100 00010  2200 00010  2400 00060  2500 00090  
HPD02592400HPCPHT19850700190050100 00040  0300 00010  1800 00010  1900 00010  2500 00070  
HPD02592400HPCPHT19850700270071600 00020  1800 00010  1900 00010  2000 00010  2100 00010  2300 00010  2500 00070  
HPD02592400HPCPHT19850700280021000 00010  2500 00010  
HPD02592400HPCPHT19850700310032300 00040  2400 00010  2500 00050  
HPD02592400HPCPHT19850800010030100 00000g 0200 00010  2500 00010  
HPD02592400HPCPHT19850800020021500 00010  2500 00010  
HPD02592400HPCPHT19850800030021500 00010  2500 00010  
HPD02592400HPCPHT19850800080020800 00010  2500 00010  
HPD02592400HPCPHT19850800200021000 00010  2500 00010  
HPD02592400HPCPHT19850800250031200 00010  1600 00040  2500 00050  
HPD02592400HPCPHT19850800280021700 00010  2500 00010  
HPD02592400HPCPHT19850800310032000 00030  2200 00010  2500 00040  
HPD02592400HPCPHT19850900010020100 00000g 2500 00000  
HPD02592400HPCPHT19850900110021300 00010  2500 00010  
HPD02592400HPCPHT19850900170032000 00010  2400 00010  2500 00020  
HPD02592400HPCPHT19850900180090400 00030  0700 00020  0800 00040  0900 00010  1400 00060  1500 00040  1600 00020  1800 00010  2500 00230  
HPD02592400HPCPHT19850900280050700 00030  0800 00010  0900 00050  1000 00020  2500 00110  
HPD02592400HPCPHT19851000010030100 00000g 1300 00020  2500 00020  
HPD02592400HPCPHT19851000070022400 00010  2500 00010  
HPD02592400HPCPHT19851000080020200 00010  2500 00010  
HPD02592400HPCPHT19851000100071600 00030  1700 00010  1800 00010  1900 00010  2000 00010  2100 00010  2500 00080  
HPD02592400HPCPHT19851000120021400 00010  2500 00010  
HPD02592400HPCPHT19851000160060900 00020  1100 00030  1200 00010  1300 00030  1900 00010  2500 00100  
HPD02592400HPCPHT19851000170050300 00010  0500 00010  0600 00010  1100 00010  2500 00040  
HPD02592400HPCPHT19851100010020100 00000g 2500 00000  
HPD02592400HPCPHT19851100120021300 00010  2500 00010  
HPD02592400HPCPHT19851100240021200 00010  2500 00010  
HPD02592400HPCPHT19851100250030900 00010  1000 00010  2500 00020  
HPD02592400HPCPHT19851100260020600 00010  2500 00010  
HPD02592400HPCPHT19851100300030200 00010  0300 00010  2500 00020  
HPD02592400HPCPHT19851200010020100 00000g 2500 00000  
HPD02592400HPCPHT19851200110051800 00010  1900 00010  2000 00010  2400 00010  2500 00040  
HPD02592400HPCPHT19860100010020100 00000g 2500 00000  
HPD02592400HPCPHT19860100120020500 00010  2500 00010  
HPD02592400HPCPHT19860100310021400 00020  2500 00020  
HPD02592400HPCPHT19860200010030100 00010  0400 00010  2500 00020  
HPD02592400HPCPHT19860200040021400 99999[ 2500 00000I 
HPD02592400HPCPHT19860200070031000 99999] 1300 00010  2500 00010I 
HPD02592400HPCPHT19860200080071700 00010  1800 00010  1900 00010  2000 00010  2300 00010  2400 00010  2500 00060  
HPD02592400HPCPHT19860200090021000 00010  2500 00010  
HPD02592400HPCPHT19860300010020100 00000g 2500 00000  
HPD02592400HPCPHT19860300050021200 00010  2500 00010  
HPD02592400HPCPHT19860300110020300 00010  2500 00010  
HPD02592400HPCPHT19860300140030400 00010  0700 00010  2500 00020  
HPD02592400HPCPHT19860300170050100 00010  0900 00010  1200 00010  1300 00020  2500 00050  
HPD02592400HPCPHT19860300180020900 00010  2500 00010  
HPD02592400HPCPHT19860400010020100 00000g 2500 00000  
HPD02592400HPCPHT19860500010020100 00000g 2500 00000  
HPD02592400HPCPHT19860500290022200 00010  2500 00010  
HPD02592400HPCPHT19860500300032000 00010  2400 00010  2500 00020  
HPD02592400HPCPHT19860600010030100 00000g 1400 00010  2500 00010  
HPD02592400HPCPHT19860600020021500 00010  2500 00010  
HPD02592400HPCPHT19860600040021600 00010  2500 00010  
HPD02592400HPCPHT19860600280031800 00010  2000 00010  2500 00020  
HPD02592400HPCPHT19860700010030100 00000g 1600 00010  2500 00010  
HPD02592400HPCPHT19860700030021400 00020  2500 00020  
HPD02592400HPCPHT19860700040040200 00010  0600 00040  0700 00010  2500 00060  
HPD02592400HPCPHT19860700070021500 00010  2500 00010  
HPD02592400HPCPHT19860700130022200 00010  2500 00010  
HPD02592400HPCPHT19860700140040300 00010  0900 00010  1600 00060  2500 00080  
HPD02592400HPCPHT19860700150041700 00010  1800 00010  2400 00020  2500 00040  
HPD02592400HPCPHT19860700160031200 00010  2000 00010  2500 00020  
HPD02592400HPCPHT19860700170031600 00100  1700 00020  2500 00120  
HPD02592400HPCPHT19860700180020900 00010  2500 00010  
HPD02592400HPCPHT19860700190022000 00010  2500 00010  
HPD02592400HPCPHT19860800010020100 00000g 2500 00000  
HPD02592400HPCPHT19860800020042100 00030  2200 00010  2300 00010  2500 00050  
HPD02592400HPCPHT19860800070021900 00010  2500 00010  
HPD02592400HPCPHT19860800080021200 00010  2500 00010  
HPD02592400HPCPHT19860800100022400 00010  2500 00010  
HPD02592400HPCPHT19860800130031500 00010  1700 00010  2500 00020  
HPD02592400HPCPHT19860800160041900 00010  2000 00010  2100 00010  2500 00030  
HPD02592400HPCPHT19860800170041900 00090  2000 00020  2200 00010  2500 00120  
HPD02592400HPCPHT19860800240021600 00010  2500 00010  
HPD02592400HPCPHT19860800250021600 00010  2500 00010  
HPD02592400HPCPHT19860800260041200 00010  1300 00040  1400 00020  2500 00070  
HPD02592400HPCPHT19860800280021400 00130  2500 00130  
HPD02592400HPCPHT19860800290021100 00010  2500 00010  
HPD02592400HPCPHT19860800300021100 00010  2500 00010  
HPD02592400HPCPHT19860900010020100 00000g 2500 00000  
HPD02592400HPCPHT19860900080022000 00020  2500 00020  
HPD02592400HPCPHT19860900230042200 00020  2300 00010  2400 00010  2500 00040  
HPD02592400HPCPHT19861000010020100 00000g 2500 00000  
HPD02592400HPCPHT19861000070021700 00010  2500 00010  
HPD02592400HPCPHT19861100010020100 00000g 2500 00000  
HPD02592400HPCPHT19861100020031300 00010  1800 00020  2500 00030  
HPD02592400HPCPHT19861100030021000 00010  2500 00010  
HPD02592400HPCPHT19861100180040700 00010  1300 00020  1400 00010  2500 00040  
HPD02592400HPCPHT19861200010020100 00000g 2500 00000  
HPD02592400HPCPHT19861200060022000 00010  2500 00010  
HPD02592400HPCPHT19861200070020300 00010  2500 00010  
HPD02592400HPCPHT19861200080020700 00010  2500 00010  
HPD02592400HPCPHT19861200160041500 00010  1900 00020  2100 00010  2500 00040  
HPD02592400HPCPHT19861200170050100 00010  0200 00020  0500 00010  1400 00020  2500 00060  
HPD02592400HPCPHT19861200200042000 00030  2100 00020  2200 00010  2500 00060  
HPD02592400HPCPHT19870100010020100 00000g 2500 00000  
HPD02592400HPCPHT19870100050030900 00010  1000 00010  2500 00020  
HPD02592400HPCPHT19870100160021200 00010  2500 00010  
HPD02592400HPCPHT19870200010020100 00000g 2500 00000  
HPD02592400HPCPHT19870200020021500 00010  2500 00010  
HPD02592400HPCPHT19870200240032200 00010  2400 00010  2500 00020  
HPD02592400HPCPHT19870200250140100 00020  0200 00020  0300 00010  0400 00010  0500 00010  0700 00010  0900 00010  1000 00020  1100 00020  1200 00020  1300 00020  1500 00010  1600 00010  2500 00190  
HPD02592400HPCPHT19870200260050100 00010  0900 00010  1000 00020  1100 00010  2500 00050  
HPD02592400HPCPHT19870300010020100 00000g 2500 00000  
HPD02592400HPCPHT19870300220020900 00010  2500 00010  
HPD02592400HPCPHT19870400010020100 00000g 2500 00000  
HPD02592400HPCPHT19870400040021300 00010  2500 00010  
HPD02592400HPCPHT19870400070021400 00010  2500 00010  
HPD02592400HPCPHT19870400200021700 00010  2500 00010  
HPD02592400HPCPHT19870400270031500 00050  1900 00010  2500 00060  
HPD02592400HPCPHT19870400290021500 00010  2500 00010  
HPD02592400HPCPHT19870400300020200 00010  2500 00010  
HPD02592400HPCPHT19870500010020100 00000g 2500 00000  
HPD02592400HPCPHT19870500080021200 00010  2500 00010  
HPD02592400HPCPHT19870500130021400 00010  2500 00010  
HPD02592400HPCPHT19870500190021800 00010  2500 00010  
HPD02592400HPCPHT19870500200021700 00010  2500 00010  
HPD02592400HPCPHT19870500210021600 00010  2500 00010  
HPD02592400HPCPHT19870600010020100 00000g 2500 00000  
HPD02592400HPCPHT19870600030022400 00010  2500 00010  
HPD02592400HPCPHT19870600040020100 00010  2500 00010  
HPD02592400HPCPHT19870600060021000 00010  2500 00010  
HPD02592400HPCPHT19870700010020100 00000g 2500 00000  
HPD02592400HPCPHT19870700200031600 00050  1700 00040  2500 00090  
HPD02592400HPCPHT19870700240022000 00010  2500 00010  
HPD02592400HPCPHT19870700270031500 00010  2200 00020  2500 00030  
HPD02592400HPCPHT19870700280040100 00010  0300 00010  1100 99999{ 2500 00020P 
HPD02592400HPCPHT19870700310022400 99999} 2500 00000P 
HPD02592400HPCPHT19870800010020100 99999{ 2500 00000P 
HPD02592400HPCPHT19870800040020800 99999} 2500 00000P 
HPD02592400HPCPHT19870800050030200 00010  0400 00010  2500 00020  
HPD02592400HPCPHT19870800080051600 00020  1700 00010  1900 00010  2400 00010  2500 00050  
HPD02592400HPCPHT19870800090022400 00040  2500 00040  
HPD02592400HPCPHT19870800100040600 00010  0700 00020  1000 00010  2500 00040  
HPD02592400HPCPHT19870800110030100 00010  0300 00010  2500 00020  
HPD02592400HPCPHT19870800190041700 00010  1800 00010  2100 00030  2500 00050  
HPD02592400HPCPHT19870800210021200 00010  2500 00010  
HPD02592400HPCPHT19870800240060600 00010  1600 00010  2200 00010  2300 00030  2400 00010  2500 00070  
HPD02592400HPCPHT19870800250050100 00010  0200 00010  0500 00010  2100 00110  2500 00140  
HPD02592400HPCPHT19870800260031400 00010  1500 00010  2500 00020  
HPD02592400HPCPHT19870900010020100 00000g 2500 00000  
HPD02592400HPCPHT19870900040041100 00010  1500 00040  1700 00010  2500 00060  
HPD02592400HPCPHT19870900210041500 00010  1600 00010  2000 00010  2500 00030  
HPD02592400HPCPHT19870900220021700 00050  2500 00050  
HPD02592400HPCPHT19870900230020400 00010  2500 00010  
HPD02592400HPCPHT19870900240030800 00010  2000 00010  2500 00020  
HPD02592400HPCPHT19871000010020100 00000g 2500 00000  
HPD02592400HPCPHT19871100010040100 00000g 0800 00010  1100 00040  2500 00050  
HPD02592400HPCPHT19871100040021500 00010  2500 00010  
HPD02592400HPCPHT19871200010020100 00000g 2500 00000  
HPD02592400HPCPHT19871200170101200 00010  1400 00010  1500 00010  1600 00010  1800 00010  1900 00010  2100 00010  2200 00010  2400 00010  2500 00090  
HPD02592400HPCPHT19871200190021500 00010  2500 00010  
HPD02592400HPCPHT19871200250031300 00020  1400 00020  2500 00040  
HPD02592400HPCPHT19880100010020100 00000g 2500 00000  
HPD02592400HPCPHT19880100050021800 00010  2500 00010  
HPD02592400HPCPHT19880100170042200 00020  2300 00020  2400 00010  2500 00050  
HPD02592400HPCPHT19880100180100500 00010  1100 00010  1200 00020  1300 00010  1400 00010  1500 00010  1600 00010  2100 00010  2400 00010  2500 00100  
HPD02592400HPCPHT19880200010020100 00000g 2500 00000  
HPD02592400HPCPHT19880200040032100 00010  2300 00010  2500 00020  
HPD02592400HPCPHT19880200050040100 00010  0300 00010  0600 00010  2500 00030  
HPD02592400HPCPHT19880300010020100 00000g 2500 00000  
HPD02592400HPCPHT19880300020061000 00010  1100 00010  1200 00010  1300 00010  1600 00010  2500 00050  
HPD02592400HPCPHT19880400010020100 00000g 2500 00000  
HPD02592400HPCPHT19880400130032300 00010  2400 00010  2500 00020  
HPD02592400HPCPHT19880400150031600 00010  1900 00050  2500 00060  
HPD02592400HPCPHT19880400160050100 00010  0200 00010  1200 00010  1600 00010  2500 00040  
HPD02592400HPCPHT19880400210041200 00010  1400 00010  1600 00010  2500 00030  
HPD02592400HPCPHT19880400280021300 00010  2500 00010  
HPD02592400HPCPHT19880500010020100 00000g 2500 00000  
HPD02592400HPCPHT19880600010020100 00000g 2500 00000  
HPD02592400HPCPHT19880700010020100 00000g 2500 00000  
HPD02592400HPCPHT19880700070021000 00010  2500 00010  
HPD02592400HPCPHT19880700080022200 00030  2500 00030  
HPD02592400HPCPHT19880700090031000 00010  2100 00010  2500 00020  
HPD02592400HPCPHT19880700100041000 99999a 1100 00100A 2400 00010  2500 00110  
HPD02592400HPCPHT19880700130021600 00010  2500 00010  
HPD02592400HPCPHT19880700180041500 00030  2200 00030  2300 00020  2500 00080  
HPD02592400HPCPHT19880700190050100 00010  1000 00010  2000 00030  2300 00010  2500 00060  
HPD02592400HPCPHT19880700200021900 00010  2500 00010  
HPD02592400HPCPHT19880700240021100 00010  2500 00010  
HPD02592400HPCPHT19880700250032200 00010  2300 00010  2500 00020  
HPD02592400HPCPHT19880700260040100 00010  0300 00010  0500 00010  2500 00030  
HPD02592400HPCPHT19880700270032200 00020  2400 00010  2500 00030  
HPD02592400HPCPHT19880700280020100 00010  2500 00010  
HPD02592400HPCPHT19880700290040200 00020  0300 00010  2400 00040  2500 00070  
HPD02592400HPCPHT19880700300040100 00020  0200 00020  0400 00010  2500 00050  
HPD02592400HPCPHT19880700310040900 00010  1500 00010  1600 00010  2500 00030  
HPD02592400HPCPHT19880800010040100 00000g 1500 00010  1800 00030  2500 00040  
HPD02592400HPCPHT19880800060021300 00010  2500 00010  
HPD02592400HPCPHT19880800140031500 00010  1600 00030  2500 00040  
HPD02592400HPCPHT19880800150021200 00010  2500 00010  
HPD02592400HPCPHT19880800210051800 00010  1900 00050  2000 00010  2100 00040  2500 00110  
HPD02592400HPCPHT19880800220040900 00010  2200 00070  2300 00010  2500 00090  
HPD02592400HPCPHT19880800230041500 00020  2300 00030  2400 00050  2500 00100  
HPD02592400HPCPHT19880800240030100 00010  1500 00010  2500 00020  
HPD02592400HPCPHT19880800260021500 00020  2500 00020  
HPD02592400HPCPHT19880900010020100 00000g 2500 00000  
HPD02592400HPCPHT19880900110031800 00020  2200 00010  2500 00030  
HPD02592400HPCPHT19881000010020100 00000g 2500 00000  
HPD02592400HPCPHT19881000140061500 00010  1600 00020  1700 00020  1800 00040  2100 00010  2500 00100  
HPD02592400HPCPHT19881000180031200 00030  1300 00060  2500 00090  
HPD02592400HPCPHT19881000190032300 00090  2400 00040  2500 00130  
HPD02592400HPCPHT19881000200040100 00010  0200 00010  0400 00010  2500 00030  
HPD02592400HPCPHT19881000210031900 00010  2000 00020  2500 00030  
HPD02592400HPCPHT19881000220020500 00010  2500 00010  
HPD02592400HPCPHT19881100010020100 00000g 2500 00000  
HPD02592400HPCPHT19881100240022300 00010  2500 00010  
HPD02592400HPCPHT19881100260030600 00010  1500 00010  2500 00020  
HPD02592400HPCPHT19881200010020100 00000g 2500 00000  
HPD02592400HPCPHT19881200250022400 00010  2500 00010  
HPD02592400HPCPHT19890100010020100 00000g 2500 00000  
HPD02592400HPCPHT19890100030021000 00010  2500 00010  
HPD02592400HPCPHT19890100040060500 00020  0600 00010  0700 00020  0800 00010  0900 00010  2500 00070  
HPD02592400HPCPHT19890100270021700 00010  2500 00010  
HPD02592400HPCPHT19890200010020100 00000g 2500 00000  
HPD02592400HPCPHT19890300010020100 00000g 2500 00000  
HPD02592400HPCPHT19890300260061500 00010  1600 00020  1700 00030  1800 00010  2000 00020  2500 00090  
HPD02592400HPCPHT19890300290021200 00010  2500 00010  
HPD02592400HPCPHT19890400010020100 00000g 2500 00000  
HPD02592400HPCPHT19890500010020100 00000g 2500 00000  
HPD02592400HPCPHT19890500170021200 00010  2500 00010  
HPD02592400HPCPHT19890600010020100 00000g 2500 00000  
HPD02592400HPCPHT19890600270021600 00010  2500 00010  
HPD02592400HPCPHT19890600280022000 00010  2500 00010  
HPD02592400HPCPHT19890700010020100 00000g 2500 00000  
HPD02592400HPCPHT19890700040021600 00010  2500 00010  
HPD02592400HPCPHT19890700080021700 00010  2500 00010  
HPD02592400HPCPHT19890700090040500 00020  0700 00010  1700 00030  2500 00060  
HPD02592400HPCPHT19890700100031800 00010  2300 00010  2500 00020  
HPD02592400HPCPHT19890700160041800 00010  1900 00070  2000 00020  2500 00100  
HPD02592400HPCPHT19890700170021300 00010  2500 00010  
HPD02592400HPCPHT19890700240021600 00010  2500 00010  
HPD02592400HPCPHT19890700300021600 00010  2500 00010  
HPD02592400HPCPHT19890700310022100 00010  2500 00010  
HPD02592400HPCPHT19890800010020100 00000g 2500 00000  
HPD02592400HPCPHT19890800020021500 00010  2500 00010  
HPD02592400HPCPHT19890800040021500 00010  2500 00010  
HPD02592400HPCPHT19890800050020500 00010  2500 00010  
HPD02592400HPCPHT19890800060020100 00010  2500 00010  
HPD02592400HPCPHT19890800070021500 00030  2500 00030  
HPD02592400HPCPHT19890800100041500 00150  1600 00060  2100 00010  2500 00220  
HPD02592400HPCPHT19890800110021000 00010  2500 00010  
HPD02592400HPCPHT19890800290031400 00010  1500 00010  2500 00020  
HPD02592400HPCPHT19890900010020100 00000g 2500 00000  
HPD02592400HPCPHT19890900220022300 00010  2500 00010  
HPD02592400HPCPHT19891000010020100 00000g 2500 00000  
HPD02592400HPCPHT19891000040091000 00010  1200 00010  1300 00030  1400 00030  1500 00010  2100 00020  2300 00020  2400 00010  2500 00140  
HPD02592400HPCPHT19891000050070100 00020  0200 00030  0300 00030  0400 00070  0500 00010  0700 00010  2500 00170  
HPD02592400HPCPHT19891000210021800 00010  2500 00010  
HPD02592400HPCPHT19891000220021000 00010  2500 00010  
HPD02592400HPCPHT19891100010020100 00000g 2500 00000  
HPD02592400HPCPHT19891100200022100 00020  2500 00020  
HPD02592400HPCPHT19891100210020300 00010  2500 00010  
HPD02592400HPCPHT19891200010020100 00000g 2500 00000  
HPD02592400HPCPHT19891200280022100 00010  2500 00010  
HPD02592400HPCPHT19891200290050300 00020  0500 00010  0800 00010  2100 00010  2500 00050  
HPD02592400HPCPHT19900100010020100 00000g 2500 00000  
HPD02592400HPCPHT19900100020032100 00020  2200 00010  2500 00030  
HPD02592400HPCPHT19900100030020700 00010  2500 00010  
HPD02592400HPCPHT19900100190021000 00010  2500 00010  
HPD02592400HPCPHT19900100230020400 00010  2500 00010  
HPD02592400HPCPHT19900100310051800 00020  1900 00010  2000 00010  2200 00010  2500 00050  
HPD02592400HPCPHT19900200010030100 00000g 1800 00010  2500 00010  
HPD02592400HPCPHT19900200020020300 00010  2500 00010  
HPD02592400HPCPHT19900200090020100 00010  2500 00010  
HPD02592400HPCPHT19900200140021900 00010  2500 00010  
HPD02592400HPCPHT19900200190021000 00010  2500 00010  
HPD02592400HPCPHT19900200200021400 00010  2500 00010  
HPD02592400HPCPHT19900300010020100 00000g 2500 00000  
HPD02592400HPCPHT19900300110021500 00010  2500 00010  
HPD02592400HPCPHT19900300300021000 00010  2500 00010  
HPD02592400HPCPHT19900400010030100 00000g 1100 00010  2500 00010  
HPD02592400HPCPHT19900400240031400 00010  1500 00010  2500 00020  
HPD02592400HPCPHT19900400250021300 00010  2500 00010  
HPD02592400HPCPHT19900500010020100 00000g 2500 00000  
HPD02592400HPCPHT19900500020021600 00010  2500 00010  
HPD02592400HPCPHT19900600010020100 00000g 2500 00000  
HPD02592400HPCPHT19900600080041800 00010  1900 00010  2000 00010  2500 00030  
HPD02592400HPCPHT19900600090021900 00010  2500 00010  
HPD02592400HPCPHT19900600300022400 00010  2500 00010  
HPD02592400HPCPHT19900700010020100 00000g 2500 00000  
HPD02592400HPCPHT19900700020031600 00010  1800 00010  2500 00020  
HPD02592400HPCPHT19900700030021800 00020  2500 00020  
HPD02592400HPCPHT19900700070021100 00020  2500 00020  
HPD02592400HPCPHT19900700080020900 00010  2500 00010  
HPD02592400HPCPHT19900700090021600 00020  2500 00020  
HPD02592400HPCPHT19900700100031700 00010  1800 00120  2500 00130  
HPD02592400HPCPHT19900700120020900 00010  2500 00010  
HPD02592400HPCPHT19900700140050200 00010  0600 00010  1800 00040  1900 00020  2500 00080  
HPD02592400HPCPHT19900700150110400 00010  0500 00010  0600 00010  0800 00010  1000 00040  1100 00010  1900 00020  2000 00010  2100 00010  2300 00010  2500 00140  
HPD02592400HPCPHT19900700160051700 00010  1800 00040  1900 00010  2100 99999{ 2500 00060P 
HPD02592400HPCPHT19900700190020800 99999} 2500 00000P 
HPD02592400HPCPHT19900700200050300 00010  0400 00010  0500 00010  1100 00010  2500 00040  
HPD02592400HPCPHT19900700210020700 00040  2500 00040  
HPD02592400HPCPHT19900700240021400 00010  2500 00010  
HPD02592400HPCPHT19900700310041700 00010  2200 00050  2300 00010  2500 00070  
HPD02592400HPCPHT19900800010020100 00010  2500 00010  
HPD02592400HPCPHT19900800020021500 00030  2500 00030  
HPD02592400HPCPHT19900800030021000 00010  2500 00010  
HPD02592400HPCPHT19900800040031900 00010  2100 00010  2500 00020  
HPD02592400HPCPHT19900800050021700 00030  2500 00030  
HPD02592400HPCPHT19900800060021100 99999{ 2500 00000P 
HPD02592400HPCPHT19900800310022400 99999} 2500 00000P 
HPD02592400HPCPHT19900900010020100 99999{ 2500 00000P 
HPD02592400HPCPHT19900900050030800 99999} 1000 00010  2500 00010P 
HPD02592400HPCPHT19900900140040300 00010  1700 00070  1800 00040  2500 00120  
HPD02592400HPCPHT19900900230021300 00010  2500 00010  
HPD02592400HPCPHT19900900290022300 00010  2500 00010  
HPD02592400HPCPHT19900900300020700 00020  2500 00020  
HPD02592400HPCPHT19901000010070100 00000g 0600 00010  1300 00010  1500 00050  1600 00030  1700 00010  2500 00110  
HPD02592400HPCPHT19901000020030900 00010  1100 00010  2500 00020  
HPD02592400HPCPHT19901100010020100 00000g 2500 00000  
HPD02592400HPCPHT19901100250022300 00020  2500 00020  
HPD02592400HPCPHT19901100260020100 00010  2500 00010  
HPD02592400HPCPHT19901200010020100 00000g 2500 00000  
HPD02592400HPCPHT19901200160051000 00020  1100 00020  1200 00010  1400 00010  2500 00060  
HPD02592400HPCPHT19901200210021400 00010  2500 00010  
HPD02592400HPCPHT19901200220020300 99999{ 2500 00000P 
HPD02592400HPCPHT19901200230020800 99999} 2500 00000P 
HPD02592400HPCPHT19901200270022400 00010  2500 00010  
HPD02592400HPCPHT19901200280050200 00010  0400 00010  0700 00010  1500 00010  2500 00040  
HPD02592400HPCPHT19901200290021600 00010  2500 00010  
HPD02592400HPCPHT19910100010020100 00000g 2500 00000  
HPD02592400HPCPHT19910100050090700 00010  0900 00010  1100 00010  1200 00010  1500 00010  1800 00010  2000 00010  2200 00010  2500 00080  
HPD02592400HPCPHT19910100060040400 00010  0800 00010  1400 00010  2500 00030  
HPD02592400HPCPHT19910100100021400 00020  2500 00020  
HPD02592400HPCPHT19910100170060100 00020  0200 00010  0400 00010  0900 00010  1000 00020  2500 00070  
HPD02592400HPCPHT19910100180021500 00010  2500 00010  
HPD02592400HPCPHT19910200010020100 00000g 2500 00000  
HPD02592400HPCPHT19910200110032300 00020  2400 00010  2500 00030  
HPD02592400HPCPHT19910200120070200 00010  0400 00010  0700 00010  0800 00020  0900 00010  1100 00020  2500 00080  
HPD02592400HPCPHT19910200170020900 99999{ 2500 00000P 
HPD02592400HPCPHT19910200180020800 99999} 2500 00000P 
HPD02592400HPCPHT19910300010020100 99999{ 2500 00000P 
HPD02592400HPCPHT19910300040021100 99999} 2500 00000P 
HPD02592400HPCPHT19910300150022400 00010  2500 00010  
HPD02592400HPCPHT19910300160030100 00010  0900 00010  2500 00020  
HPD02592400HPCPHT19910300200032300 00020  2400 00030  2500 00050  
HPD02592400HPCPHT19910300210060100 00010  0400 00010  0500 00010  1200 00010  2200 00010  2500 00050  
HPD02592400HPCPHT19910300260031200 00010  1300 00010  2500 00020  
HPD02592400HPCPHT19910300270040800 00010  1900 00010  2200 00010  2500 00030  
HPD02592400HPCPHT19910300280020200 00010  2500 00010  
HPD02592400HPCPHT19910400010020100 00000g 2500 00000  
HPD02592400HPCPHT19910500010020100 00000g 2500 00000  
HPD02592400HPCPHT19910600010020100 00000g 2500 00000  
HPD02592400HPCPHT19910600110031500 00010  1700 00010  2500 00020  
HPD02592400HPCPHT19910700010020100 00000g 2500 00000  
HPD02592400HPCPHT19910700040030500 00010  0900 00010  2500 00020  
HPD02592400HPCPHT19910700060031600 00010  1900 00010  2500 00020  
HPD02592400HPCPHT19910700070021400 00010  2500 00010  
HPD02592400HPCPHT19910700260021900 00010  2500 00010  
HPD02592400HPCPHT19910700270021900 00010  2500 00010  
HPD02592400HPCPHT19910700280021600 00010  2500 00010  
HPD02592400HPCPHT19910700300020500 00010  2500 00010  
HPD02592400HPCPHT19910700310021700 00010  2500 00010  
HPD02592400HPCPHT19910800010020100 00000g 2500 00000  
HPD02592400HPCPHT19910800050021600 00010  2500 00010  
HPD02592400HPCPHT19910800090042000 00010  2300 00010  2400 00010  2500 00030  
HPD02592400HPCPHT19910800100021500 00010  2500 00010  
HPD02592400HPCPHT19910800140051600 00010  1700 00060  1800 00010  2200 00010  2500 00090  
HPD02592400HPCPHT19910800150020400 00010  2500 00010  
HPD02592400HPCPHT19910800210031500 00020  1600 00020  2500 00040  
HPD02592400HPCPHT19910800220041800 00040  2000 00010  2100 00030  2500 00080  
HPD02592400HPCPHT19910800240031400 00020  1700 00010  2500 00030  
HPD02592400HPCPHT19910800250031600 00010  1700 00010  2500 00020  
HPD02592400HPCPHT19910800260032200 00040  2300 00020  2500 00060  
HPD02592400HPCPHT19910800270020600 00010  2500 00010  
HPD02592400HPCPHT19910800290031500 00050  1600 00010  2500 00060  
HPD02592400HPCPHT19910800300022100 00010  2500 00010  
HPD02592400HPCPHT19910900010030100 00000g 2000 00010  2500 00010  
HPD02592400HPCPHT19910900090031200 00010  1300 00010  2500 00020  
HPD02592400HPCPHT19910900140051200 00030  1300 00020  1700 00040  1800 00080  2500 00170  
HPD02592400HPCPHT19910900150021000 00010  2500 00010  
HPD02592400HPCPHT19910900170021400 00010  2500 00010  
HPD02592400HPCPHT19910900180021400 00010  2500 00010  
HPD02592400HPCPHT19910900220021900 00010  2500 00010  
HPD02592400HPCPHT19910900270032000 00010  2100 00010  2500 00020  
HPD02592400HPCPHT19911000010020100 00000g 2500 00000  
HPD02592400HPCPHT19911000270021200 00030  2500 00030  
HPD02592400HPCPHT19911100010020100 00000g 2500 00000  
HPD02592400HPCPHT19911100100021900 00010  2500 00010  
HPD02592400HPCPHT19911100140021300 00010  2500 00010  
HPD02592400HPCPHT19911100150040300 00020  1200 00010  1400 00010  2500 00040  
HPD02592400HPCPHT19911100300040900 00020  1000 00010  1200 00010  2500 00040  
HPD02592400HPCPHT19911200010020100 00000g 2500 00000  
HPD02592400HPCPHT19911200100031300 00010  2400 00010  2500 00020  
HPD02592400HPCPHT19911200110020700 00020  2500 00020  
HPD02592400HPCPHT19911200170042200 00010  2300 00010  2400 00010  2500 00030  
HPD02592400HPCPHT19911200180090200 00010  0300 00010  0400 00020  0500 00010  0600 00010  0700 00010  0800 00010  0900 00010  2500 00090  
HPD02592400HPCPHT19911200190051800 00010  2100 00010  2200 00010  2400 00010  2500 00040  
HPD02592400HPCPHT19911200220021000 00010  2500 00010  
HPD02592400HPCPHT19911200250040300 00010  0400 00010  0600 00010  2500 00030  
HPD02592400HPCPHT19920100010020100 00000g 2500 00000  
HPD02592400HPCPHT19920100050051200 00010  1300 00010  1500 00010  1600 00010  2500 00040  
HPD02592400HPCPHT19920100060031100 00020  1300 00010  2500 00030  
HPD02592400HPCPHT19920100110030600 00010  1800 00010  2500 00020  
HPD02592400HPCPHT19920100120050500 00010  0600 00010  0800 00010  1000 00010  2500 00040  
HPD02592400HPCPHT19920100200050400 00010  1300 00010  1600 00010  1800 00010  2500 00040  
HPD02592400HPCPHT19920200010020100 00000g 2500 00000  
HPD02592400HPCPHT19920200030021000 00010  2500 00010  
HPD02592400HPCPHT19920200070060500 00010  0600 00020  0700 00020  0800 00010  2300 00010  2500 00070  
HPD02592400HPCPHT19920200110021300 00010  2500 00010  
HPD02592400HPCPHT19920200130050500 00010  0700 00010  0800 00010  1000 00010  2500 00040  
HPD02592400HPCPHT19920300010020100 00000g 2500 00000  
HPD02592400HPCPHT19920300020071400 00020  1500 00010  1600 00010  1700 00020  1800 00010  1900 00010  2500 00080  
HPD02592400HPCPHT19920300030040500 00010  1000 00020  1600 00010  2500 00040  
HPD02592400HPCPHT19920300070041700 00010  1800 00010  2000 00010  2500 00030  
HPD02592400HPCPHT19920300080022100 00010  2500 00010  
HPD02592400HPCPHT19920300090020500 00010  2500 00010  
HPD02592400HPCPHT19920300270081300 00010  1700 00010  1800 00010  2000 00010  2200 00010  2300 00010  2400 00010  2500 00070  
HPD02592400HPCPHT19920300280060100 00020  0300 00010  0500 00010  1500 00010  2200 00010  2500 00060  
HPD02592400HPCPHT19920400010040100 00000g 1700 00020  1900 00010  2500 00030  
HPD02592400HPCPHT19920400020050400 00010  0700 00010  1000 00010  1600 00010  2500 00040  
HPD02592400HPCPHT19920400030020900 99999{ 2500 00000P 
HPD02592400HPCPHT19920400050020800 99999} 2500 00000P 
HPD02592400HPCPHT19920400120021600 00010  2500 00010  
HPD02592400HPCPHT19920400160031800 00010  1900 00020  2500 00030  
HPD02592400HPCPHT19920500010020100 00000g 2500 00000  
HPD02592400HPCPHT19920500200021500 00010  2500 00010  
HPD02592400HPCPHT19920500210031600 00010  1700 00020  2500 00030  
HPD02592400HPCPHT19920500280021300 00010  2500 00010  
HPD02592400HPCPHT19920500300021300 00010  2500 00010  
HPD02592400HPCPHT19920600010020100 00000g 2500 00000  
HPD02592400HPCPHT19920700010020100 00000g 2500 00000  
HPD02592400HPCPHT19920700090050100 00060  0200 00030  0300 00020  0400 00010  2500 00120  
HPD02592400HPCPHT19920700110021600 00030  2500 00030  
HPD02592400HPCPHT19920700210031700 00020  1800 00010  2500 00030  
HPD02592400HPCPHT19920700230031500 00040  1800 00010  2500 00050  
HPD02592400HPCPHT19920700240031500 00020  1600 00010  2500 00030  
HPD02592400HPCPHT19920700270022300 00010  2500 00010  
HPD02592400HPCPHT19920700300021600 00010  2500 00010  
HPD02592400HPCPHT19920800010040100 00000g 0200 00020  0300 00010  2500 00030  
HPD02592400HPCPHT19920800020021600 00010  2500 00010  
HPD02592400HPCPHT19920800040041500 00010  1700 00030  1800 00010  2500 00050  
HPD02592400HPCPHT19920800120021100 00010  2500 00010  
HPD02592400HPCPHT19920800170051800 00010  1900 00040  2100 00010  2200 00010  2500 00070  
HPD02592400HPCPHT19920800230101400 00010  1500 00010  1700 00020  1800 00030  1900 00030  2000 00020  2100 00030  2200 00060  2300 00030  2500 00240  
HPD02592400HPCPHT19920800240030200 00010  0900 00010  2500 00020  
HPD02592400HPCPHT19920800280031900 00010  2300 00010  2500 00020  
HPD02592400HPCPHT19920900010020100 00000g 2500 00000  
HPD02592400HPCPHT19920900140021000 00010  2500 00010  
HPD02592400HPCPHT19921000010020100 00000g 2500 00000  
HPD02592400HPCPHT19921000280020400 00010  2500 00010  
HPD02592400HPCPHT19921100010020100 00000g 2500 00000  
HPD02592400HPCPHT19921200010020100 00000g 2500 00000  
HPD02592400HPCPHT19921200030031200 00010  2000 00020  2500 00030  
HPD02592400HPCPHT19921200040120400 00010  1000 00020  1100 00020  1200 00020  1300 00020  1400 00010  1500 00010  2000 00010  2200 00010  2300 00010  2400 00010  2500 00150  
HPD02592400HPCPHT19921200050020100 00010  2500 00010  
HPD02592400HPCPHT19921200080060400 00010  0500 00010  0600 00010  0700 00010  1200 00010  2500 00050  
HPD02592400HPCPHT19921200160021300 00010  2500 00010  
HPD02592400HPCPHT19921200190020800 00010  2500 00010  
HPD02592400HPCPHT19921200280080700 00010  1000 00010  1200 00010  1300 00010  1500 00010  1700 00010  2200 00010  2500 00070  
HPD02592400HPCPHT19921200290020700 00010  2500 00010  
HPD02592400HPCPHT19930100010020100 00000g 2500 00000  
HPD02592400HPCPHT19930100030021300 00010  2500 00010  
HPD02592400HPCPHT19930100040020900 00010  2500 00010  
HPD02592400HPCPHT19930100060060900 00020  1000 00010  1100 00030  1200 00010  1400 00010  2500 00080  
HPD02592400HPCPHT19930100070040200 00010  1400 00010  1900 00010  2500 00030  
HPD02592400HPCPHT19930100080040300 00010  0600 00010  1600 00010  2500 00030  
HPD02592400HPCPHT19930100100061400 00010  1800 00010  2000 00010  2200 00030  2400 00010  2500 00070  
HPD02592400HPCPHT19930100110020300 00010  2500 00010  
HPD02592400HPCPHT19930100130031000 00010  1100 00010  2500 00020  
HPD02592400HPCPHT19930100140021100 00010  2500 00010  
HPD02592400HPCPHT19930100160022300 00010  2500 00010  
HPD02592400HPCPHT19930100170051400 00010  2100 00020  2300 00010  2400 00010  2500 00050  
HPD02592400HPCPHT19930100180120100 00020  0400 00010  0500 00010  0600 00010  0700 00010  0800 00020  0900 00020  1000 00010  1700 00040  1800 00010  1900 00010  2500 00170  
HPD02592400HPCPHT19930100190040600 00010  0800 00020  0900 00030  2500 00060  
HPD02592400HPCPHT19930100270041700 00010  1800 00020  1900 00010  2500 00040  
HPD02592400HPCPHT19930200010020100 00000g 2500 00000  
HPD02592400HPCPHT19930200080021700 00020  2500 00020  
HPD02592400HPCPHT19930200090021100 00010  2500 00010  
HPD02592400HPCPHT19930200100030500 00010  0900 00010  2500 00020  
HPD02592400HPCPHT19930200140041500 00010  1700 00010  2000 00010  2500 00030  
HPD02592400HPCPHT19930200150030900 00010  1000 00020  2500 00030  
HPD02592400HPCPHT19930200180021900 00010  2500 00010  
HPD02592400HPCPHT19930200190031700 00010  2300 00010  2500 00020  
HPD02592400HPCPHT19930200200021000 00010  2500 00010  
HPD02592400HPCPHT19930200240021700 00010  2500 00010  
HPD02592400HPCPHT19930200280030900 00010  1000 00010  2500 00020  
HPD02592400HPCPHT19930300010020100 00000g 2500 00000  
HPD02592400HPCPHT19930300230031800 00030  1900 00030  2500 00060  
HPD02592400HPCPHT19930300260031900 00010  2000 00010  2500 00020  
HPD02592400HPCPHT19930300290030300 00010  0400 00010  2500 00020  
HPD02592400HPCPHT19930400010020100 00000g 2500 00000  
HPD02592400HPCPHT19930500010020100 00000g 2500 00000  
HPD02592400HPCPHT19930500150032000 00010  2400 00010  2500 00020  
HPD02592400HPCPHT19930500260051700 00010  1800 00020  1900 00040  2000 00010  2500 00080  
HPD02592400HPCPHT19930600010020100 00000g 2500 00000  
HPD02592400HPCPHT19930600150021500 00030  2500 00030  
HPD02592400HPCPHT19930700010020100 00000g 2500 00000  
HPD02592400HPCPHT19930700020041700 00010  1800 00010  2000 00010  2500 00030  
HPD02592400HPCPHT19930700090021900 00010  2500 00010  
HPD02592400HPCPHT19930700100020200 00010  2500 00010  
HPD02592400HPCPHT19930700110041400 00050  1600 00010  1700 00010  2500 00070  
HPD02592400HPCPHT19930700120041400 00010  1500 00010  2000 00010  2500 00030  
HPD02592400HPCPHT19930700140021700 00040  2500 00040  
HPD02592400HPCPHT19930800010020100 00000g 2500 00000  
HPD02592400HPCPHT19930800030041700 00020  1800 00030  2400 00010  2500 00060  
HPD02592400HPCPHT19930800040020200 00010  2500 00010  
HPD02592400HPCPHT19930800070041800 00010  2200 00010  2300 00030  2500 00050  
HPD02592400HPCPHT19930800090031700 00010  1800 00020  2500 00030  
HPD02592400HPCPHT19930800100021000 00010  2500 00010  
HPD02592400HPCPHT19930800130061500 00010  1600 00010  1700 00080  1800 00100  1900 00010  2500 00210  
HPD02592400HPCPHT19930800140020800 00010  2500 00010  
HPD02592400HPCPHT19930800160022100 00040  2500 00040  
HPD02592400HPCPHT19930800170020900 00010  2500 00010  
HPD02592400HPCPHT19930800200021200 00010  2500 00010  
HPD02592400HPCPHT19930800210021800 00020  2500 00020  
HPD02592400HPCPHT19930800220021500 00010  2500 00010  
HPD02592400HPCPHT19930800240031700 00080  1800 00070  2500 00150  
HPD02592400HPCPHT19930800260070900 00140  1000 00040  1100 00010  1200 00010  1300 00020  1400 00050  2500 00270  
HPD02592400HPCPHT19930800280041800 00010  1900 00020  2000 00040  2500 00070  
HPD02592400HPCPHT19930800290021300 00010  2500 00010  
HPD02592400HPCPHT19930800300042000 00060  2100 00030  2200 00010  2500 00100  
HPD02592400HPCPHT19930900010020100 00000g 2500 00000  
HPD02592400HPCPHT19930900110031700 00020  1800 00010  2500 00030  
HPD02592400HPCPHT19930900120031100 00100  1200 00020  2500 00120  
HPD02592400HPCPHT19930900300021600 00010  2500 00010  
HPD02592400HPCPHT19931000010020100 00000g 2500 00000  
HPD02592400HPCPHT19931000070020400 00010  2500 00010  
HPD02592400HPCPHT19931000290020900 00010  2500 00010  
HPD02592407HPCPHT19931100010020100 00000g 2500 00000  
HPD02592407HPCPHT19931100130030400 00010  0600 00010  2500 00020  
HPD02592407HPCPHT19931100150050200 00010  0400 00020  0500 00010  1300 00010  2500 00050  
HPD02592407HPCPHT19931200010020100 00000g 2500 00000  
HPD02592407HPCPHT19931200210022100 00010  2500 00010  
HPD02592407HPCPHT19940100010020100 00000g 2500 00000  
HPD02592407HPCPHT19940100280031000 00010  1300 00010  2500 00020  
HPD02592407HPCPHT19940100290020400 00010  2500 00010  
HPD02592407HPCPHT19940200010020100 00000g 2500 00000  
HPD02592407HPCPHT19940200080060600 00010  0700 00020  0800 00010  1700 00010  1800 00030  2500 00080  
HPD02592407HPCPHT19940200090040200 00010  0400 00010  0500 00010  2500 00030  
HPD02592407HPCPHT19940300010020100 00000g 2500 00000  
HPD02592407HPCPHT19940300070022100 00010  2500 00010  
HPD02592407HPCPHT19940300130021200 00010  2500 00010  
HPD02592407HPCPHT19940300190031900 00010  2400 00010  2500 00020  
HPD02592407HPCPHT19940300200020100 00010  2500 00010  
HPD02592407HPCPHT19940300260020100 00010  2500 00010  
HPD02592407HPCPHT19940300290021300 00000  2500 00000  
HPD02592407HPCPHT19940400010020100 00000g 2500 00000  
HPD02592407HPCPHT19940400210021600 00030  2500 00030  
HPD02592407HPCPHT19940500010020100 00000g 2500 00000  
HPD02592407HPCPHT19940500020020900 00000  2500 00000  
HPD02592407HPCPHT19940500100021900 00010  2500 00010  
HPD02592407HPCPHT19940600010020100 00000g 2500 00000  
HPD02592407HPCPHT19940600190031600 00010  2200 00010  2500 00020  
HPD02592407HPCPHT19940600200060600 00010  1800 00020  1900 00050  2000 00060  2100 00010  2500 00150  
HPD02592407HPCPHT19940600240021300 00000  2500 00000  
HPD02592407HPCPHT19940600290021800 99999{ 2500 00000P 
HPD02592407HPCPHT19940600300022400 99999} 2500 00000P 
HPD02592407HPCPHT19940700010020100 99999{ 2500 00000P 
HPD02592407HPCPHT19940700290021100 99999} 2500 00000P 
HPD02592407HPCPHT19940800010020100 00000g 2500 00000  
HPD02592407HPCPHT19940800040022300 00010  2500 00010  
HPD02592407HPCPHT19940800070021900 00070  2500 00070  
HPD02592407HPCPHT19940800080021400 00010  2500 00010  
HPD02592407HPCPHT19940800120021600 00010  2500 00010  
HPD02592407HPCPHT19940800130021400 00010  2500 00010  
HPD02592407HPCPHT19940800140031000 00010  1600 00010  2500 00020  
HPD02592407HPCPHT19940800150021500 00010  2500 00010  
HPD02592407HPCPHT19940800190021600 00010  2500 00010  
HPD02592407HPCPHT19940800200021200 00010  2500 00010  
HPD02592407HPCPHT19940800210041500 00010  1600 00060  1900 00010  2500 00080  
HPD02592407HPCPHT19940800220021000 00010  2500 00010  
HPD02592407HPCPHT19940800250041600 00010  2200 00020  2300 00010  2500 00040  
HPD02592407HPCPHT19940800260021200 00010  2500 00010  
HPD02592407HPCPHT19940800270040200 00010  0300 00010  1400 00010  2500 00030  
HPD02592407HPCPHT19940900010020100 00000g 2500 00000  
HPD02592407HPCPHT19940900030060300 00020  0400 00010  0500 00020  0600 00010  0700 00020  2500 00080  
HPD02592407HPCPHT19940900040020700 00010  2500 00010  
HPD02592407HPCPHT19940900210020200 00010  2500 00010  
HPD02592407HPCPHT19940900250021700 00020  2500 00020  
HPD02592407HPCPHT19941000010020100 00000g 2500 00000  
HPD02592407HPCPHT19941000170021800 00000  2500 00000  
HPD02592407HPCPHT19941100010020100 00000g 2500 00000  
HPD02592407HPCPHT19941100070022200 00010  2500 00010  
HPD02592407HPCPHT19941100110160800 00010  1000 00010  1100 00010  1200 00020  1300 00010  1400 00010  1500 00010  1600 00010  1700 00010  1800 00040  1900 00010  2000 00010  2100 00010  2200 00010  2300 00020  2500 00200  
HPD02592407HPCPHT19941100120070100 00020  0200 00010  0300 00010  0400 00010  0500 00010  0700 00010  2500 00070  
HPD02592407HPCPHT19941200010020100 00000g 2500 00000  
HPD02592407HPCPHT19941200050180200 00010  0800 00010  0900 00010  1000 00010  1100 00010  1200 00010  1300 00020  1400 00010  1500 00040  1600 00020  1700 00040  1800 00020  2000 00020  2100 00010  2200 00010  2300 00020  2400 00010  2500 00280  
HPD02592407HPCPHT19941200060030100 00010  0600 00010  2500 00020  
HPD02592407HPCPHT19941200220021900 00010  2500 00010  
HPD02592407HPCPHT19941200230030400 00010  1200 00010  2500 00020  
HPD02592407HPCPHT19941200240021200 00010  2500 00010  
HPD02592407HPCPHT19941200250022200 00010  2500 00010  
HPD02592407HPCPHT19941200260060100 00010  0200 00010  0600 00010  2200 00010  2400 00010  2500 00050  
HPD02592407HPCPHT19950100010020100 00000g 2500 00000  
HPD02592407HPCPHT19950100050060300 00010  0400 00010  0500 00010  0900 00010  1100 00010  2500 00050  
HPD02592407HPCPHT19950100060021100 00010  2500 00010  
HPD02592407HPCPHT19950100170030800 00010  1200 00010  2500 00020  
HPD02592407HPCPHT19950100250020900 99999{ 2500 00000P 
HPD02592407HPCPHT19950100260020800 99999} 2500 00000P 
HPD02592407HPCPHT19950200010020100 00000g 2500 00000  
HPD02592407HPCPHT19950200100031300 00010  1400 00010  2500 00020  
HPD02592407HPCPHT19950200120022300 00010  2500 00010  
HPD02592407HPCPHT19950200130020600 00010  2500 00010  
HPD02592407HPCPHT19950200140041700 00010  1900 00010  2000 00010  2500 00030  
HPD02592407HPCPHT19950200150050200 00010  1600 00010  1900 00010  2000 00010  2500 00040  
HPD02592407HPCPHT19950200160020600 00010  2500 00010  
HPD02592407HPCPHT19950200220021600 00010  2500 00010  
HPD02592407HPCPHT19950300010020100 00000g 2500 00000  
HPD02592407HPCPHT19950300050020900 99999{ 2500 00000P 
HPD02592407HPCPHT19950300070020800 99999} 2500 00000P 
HPD02592407HPCPHT19950300110020900 99999{ 2500 00000P 
HPD02592407HPCPHT19950300120020800 99999} 2500 00000P 
HPD02592407HPCPHT19950400010020100 00000g 2500 00000  
HPD02592407HPCPHT19950400180022300 00010  2500 00010  
HPD02592407HPCPHT19950400190030100 00010  0800 00010  2500 00020  
HPD02592407HPCPHT19950500010020100 00000g 2500 00000  
HPD02592407HPCPHT19950600010020100 00000g 2500 00000  
HPD02592407HPCPHT19950700010020100 00000g 2500 00000  
HPD02592407HPCPHT19950700110031600 00010  1800 00010  2500 00020  
HPD02592407HPCPHT19950700210020100 99999{ 2500 00000P 
HPD02592407HPCPHT19950700310022400 99999} 2500 00000P 
HPD02592407HPCPHT19950800010030100 99999{ 0800 99999} 2500 00000P 
HPD02592407HPCPHT19950800040021800 00010  2500 00010  
HPD02592407HPCPHT19950800110021900 00020  2500 00020  
HPD02592407HPCPHT19950800140030300 00010  1400 00010  2500 00020  
HPD02592407HPCPHT19950800150040200 00010  1000 00010  1300 00010  2500 00030  
HPD02592407HPCPHT19950800160051300 00010  1400 00010  1600 00060  1700 00020  2500 00100  
HPD02592407HPCPHT19950800180031600 00030  1700 00010  2500 00040  
HPD02592407HPCPHT19950800190040900 00010  1600 00010  1800 00030  2500 00050  
HPD02592407HPCPHT19950800250031500 00020  1600 00010  2500 00030  
HPD02592407HPCPHT19950900010020100 00000g 2500 00000  
HPD02592407HPCPHT19950900280040500 00040  0800 00010  0900 00010  2500 00060  
HPD02592407HPCPHT19951000010020100 00000g 2500 00000  
HPD02592407HPCPHT19951000030020900 99999{ 2500 00000P 
HPD02592407HPCPHT19951000310022400 99999} 2500 00000P 
HPD02592407HPCPHT19951100010030100 99999{ 0800 99999} 2500 00000P 
HPD02592407HPCPHT19951100050031900 00010  2400 00020  2500 00030  
HPD02592407HPCPHT19951100060050100 00010  0200 00010  0400 00010  0900 00010  2500 00040  
HPD02592407HPCPHT19951200010020100 00000g 2500 00000  
HPD02592407HPCPHT19951200160021800 00020  2500 00020  
HPD02592407HPCPHT19951200200032300 00010  2400 00010  2500 00020  
HPD02592407HPCPHT19951200210040100 00010  0400 00010  1100 00010  2500 00030  
HPD02592407HPCPHT19960100010020100 00000g 2500 00000  
HPD02592407HPCPHT19960100060031000 99999{ 1600 99999} 2500 00000P 
HPD02592407HPCPHT19960200010020100 99999{ 2500 00000P 
HPD02592407HPCPHT19960200290022400 99999} 2500 00000P 
HPD02592407HPCPHT19960300010020100 00000g 2500 00000  
HPD02592407HPCPHT19960300140021800 00020  2500 00020  
HPD02592407HPCPHT19960400010020100 00000g 2500 00000  
HPD02592407HPCPHT19960500010020100 00000g 2500 00000  
HPD02592407HPCPHT19960600010020100 00000g 2500 00000  
HPD02592407HPCPHT19960600260030900 00010  1000 00010  2500 00020  
HPD02592407HPCPHT19960700010020100 00000g 2500 00000  
HPD02592407HPCPHT19960700030031800 00080  2100 00010  2500 00090  
HPD02592407HPCPHT19960700040021100 00010  2500 00010  
HPD02592407HPCPHT19960700060022200 00020  2500 00020  
HPD02592407HPCPHT19960700070020400 00010  2500 00010  
HPD02592407HPCPHT19960700090040100 00030  0200 00020  1200 00010  2500 00060  
HPD02592407HPCPHT19960700100031400 00060  1500 00010  2500 00070  
HPD02592407HPCPHT19960700120022400 00010  2500 00010  
HPD02592407HPCPHT19960700140022400 00090  2500 00090  
HPD02592407HPCPHT19960700150040100 00010  0200 00020  0300 00010  2500 00040  
HPD02592407HPCPHT19960700250021700 00050  2500 00050  
HPD02592407HPCPHT19960700260020600 00010  2500 00010  
HPD02592407HPCPHT19960700270021500 00010  2500 00010  
HPD02592407HPCPHT19960700300021800 00010  2500 00010  
HPD02592407HPCPHT19960800010020100 00000g 2500 00000  
HPD02592407HPCPHT19960800020060700 00010  1300 00010  1400 00080  1500 00010  1900 00020  2500 00130  
HPD02592407HPCPHT19960800110021400 00010  2500 00010  
HPD02592407HPCPHT19960800140022000 00010  2500 00010  
HPD02592407HPCPHT19960800160021600 00020  2500 00020  
HPD02592407HPCPHT19960800180041500 00020 q1600 00010  1900 00010  2500 00040P 
HPD02592407HPCPHT19960800200021700 00010  2500 00010  
HPD02592407HPCPHT19960800290022400 00010  2500 00010  
HPD02592407HPCPHT19960800300020100 00010  2500 00010  
HPD02592407HPCPHT19960900010020100 00000g 2500 00000  
HPD02592407HPCPHT19960900030031100 00010  1300 00010  2500 00020  
HPD02592407HPCPHT19960900110030800 00010  1600 00010  2500 00020  
HPD02592407HPCPHT19960900120021300 00010  2500 00010  
HPD02592407HPCPHT19960900260021300 00010  2500 00010  
HPD02592407HPCPHT19960900270021800 99999{ 2500 00000P 
HPD02592407HPCPHT19960900300022400 99999} 2500 00000P 
HPD02592407HPCPHT19961000010030100 99999{ 0900 99999} 2500 00000P 
HPD02592407HPCPHT19961000150021000 00010  2500 00010  
HPD02592407HPCPHT19961000260080500 00010  1500 00010  1600 00010  1700 00010  1800 00010  1900 00010  2100 00010  2500 00070  
HPD02592407HPCPHT19961000270020300 00010  2500 00010  
HPD02592407HPCPHT19961100010020100 00000g 2500 00000  
HPD02592407HPCPHT19961100280021800 00010  2500 00010  
HPD02592407HPCPHT19961100290031200 00010  1400 00010  2500 00020  
HPD02592407HPCPHT19961200010020100 00000g 2500 00000  
HPD02592407HPCPHT19970100010020100 00000g 2500 00000  
HPD02592407HPCPHT19970100060051300 00010  1500 00010  1600 00010  2000 00010  2500 00040  
HPD02592407HPCPHT19970100070031300 00010  1400 00010  2500 00020  
HPD02592407HPCPHT19970100130030500 00010  1500 00010  2500 00020  
HPD02592407HPCPHT19970100140021200 00010  2500 00010  
HPD02592407HPCPHT19970100150021400 00010  2500 00010  
HPD02592407HPCPHT19970200010020100 00000g 2500 00000  
HPD02592407HPCPHT19970200110021900 00020  2500 00020  
HPD02592407HPCPHT19970200270022000 00010  2500 00010  
HPD02592407HPCPHT19970200280060200 00010  0400 00010  0800 00010  1100 00010  1300 00010  2500 00050  
HPD02592407HPCPHT19970300010050100 00000g 0400 00010  0800 00010  1300 00010  2500 00030  
HPD02592407HPCPHT19970300030021000 99999{ 2500 00000P 
HPD02592407HPCPHT19970300310022400 99999} 2500 00000P 
HPD02592407HPCPHT19970400010030100 99999{ 1100 99999} 2500 00000P 
HPD02592407HPCPHT19970400030051400 00010  1700 00010  1800 00010  1900 00010  2500 00040  
HPD02592407HPCPHT19970400040030100 00010  0500 00010  2500 00020  
HPD02592407HPCPHT19970500010030100 00000g 1100 99999{ 2500 00000P 
HPD02592407HPCPHT19970500310022400 99999} 2500 00000P 
HPD02592407HPCPHT19970600010020100 99999{ 2500 00000P 
HPD02592407HPCPHT19970600300022400 99999} 2500 00000P 
HPD02592407HPCPHT19970700010020100 99999{ 2500 00000P 
HPD02592407HPCPHT19970700310022400 99999} 2500 00000P 
HPD02592407HPCPHT19970800010050100 99999{ 1400 99999} 1500 00010  1900 00010  2500 00020P 
HPD02592407HPCPHT19970800020020900 99999{ 2500 00000P 
HPD02592407HPCPHT19970800280020800 99999} 2500 00000P 
HPD02592407HPCPHT19970900010020100 00000g 2500 00000  
HPD02592407HPCPHT19970900020021800 00010  2500 00010  
HPD02592407HPCPHT19970900060030200 00020  1400 00010  2500 00030  
HPD02592407HPCPHT19970900110022200 00020  2500 00020  
HPD02592407HPCPHT19970900130021900 00020  2500 00020  
HPD02592407HPCPHT19970900200021800 00010  2500 00010  
HPD02592407HPCPHT19970900210021000 00010  2500 00010  
HPD02592407HPCPHT19970900230021700 99999{ 2500 00000P 
HPD02592407HPCPHT19970900300022400 99999} 2500 00000P 
HPD02592407HPCPHT19971000010050100 99999{ 0800 99999} 0900 99999[ 1000 99999] 2500 00000P 
HPD02592407HPCPHT19971000220021000 00010  2500 00010  
HPD02592407HPCPHT19971100010020100 00000g 2500 00000  
HPD02592407HPCPHT19971100120061100 00010  1300 00010  1500 00010  2300 00010  2400 00020  2500 00060  
HPD02592407HPCPHT19971100130020300 00010  2500 00010  
HPD02592407HPCPHT19971100140021000 00010  2500 00010  
HPD02592407HPCPHT19971100250021400 00010  2500 00010  
HPD02592407HPCPHT19971200010060100 00000g 1000 00010  1100 00010  1200 00020  1400 00010  2500 00050  
HPD02592407HPCPHT19971200020021600 00010  2500 00010  
HPD02592407HPCPHT19971200070040300 00010 R0500 00010 R1100 00010 R2500 00030 R
HPD02592407HPCPHT19971200080021300 00010 R2500 00010 R
HPD02592407HPCPHT19971200190031400 00010 R1500 00010 R2500 00020 R
HPD02592407HPCPHT19971200220070100 00020 R0200 00020 R0300 00010 R0400 00010 R0600 00020 R1200 00010 R2500 00090 R
HPD02592407HPCPHT19971200240021800 00010 R2500 00010 R
HPD02592407HPCPHT19971200260021400 00010 R2500 00010 R
HPD02592407HPCPHT19980100010020100 00000g 2500 00000  
HPD02592407HPCPHT19980200010020100 00000g 2500 00000  
HPD02592407HPCPHT19980200030052100 00010  2200 00040  2300 00010  2400 00020  2500 00080  
HPD02592407HPCPHT19980200040080200 00010  0300 00010  0700 00010  0800 00010  0900 00010  1000 00010  1900 00010  2500 00070  
HPD02592407HPCPHT19980200050020200 00010  2500 00010  
HPD02592407HPCPHT19980200080021700 00010  2500 00010  
HPD02592407HPCPHT19980200090030700 00010  0900 00010  2500 00020  
HPD02592407HPCPHT19980200150040600 00020  0700 00010  1000 00010  2500 00040  
HPD02592407HPCPHT19980200170041400 00010  1800 00010  2300 00020  2500 00040  
HPD02592407HPCPHT19980200180020500 00010  2500 00010  
HPD02592407HPCPHT19980200200041600 00010  1700 00010  1900 00010  2500 00030  
HPD02592407HPCPHT19980200220021300 00010  2500 00010  
HPD02592407HPCPHT19980200230021300 00010  2500 00010  
HPD02592407HPCPHT19980200240021600 00010  2500 00010  
HPD02592407HPCPHT19980300010020100 00000g 2500 00000  
HPD02592407HPCPHT19980300020031000 99999[ 1100 99999] 2500 00000I 
HPD02592407HPCPHT19980300110070400 00000 q0600 00000 q0800 00000 q1200 00000 q1900 00000 q2000 00000 q2500 00000P 
HPD02592407HPCPHT19980300140040700 00010  1900 00010  2400 00010  2500 00030  
HPD02592407HPCPHT19980300240020900 99999{ 2500 00000P 
HPD02592407HPCPHT19980300260020800 99999} 2500 00000P 
HPD02592407HPCPHT19980300290041600 00010  1700 00020  1800 00010  2500 00040  
HPD02592407HPCPHT19980300300021500 00010  2500 00010  
HPD02592407HPCPHT19980400010030100 00000g 2300 00010  2500 00010  
HPD02592407HPCPHT19980500010020100 00000g 2500 00000  
HPD02592407HPCPHT19980600010020100 00000g 2500 00000  
HPD02592407HPCPHT19980700010040100 00000g 0900 99999[ 1900 99999] 2500 00000I 
HPD02592407HPCPHT19980700050070200 00070 R0300 00010 R0500 00010 R2200 00040 R2300 00020 R2400 00020 R2500 00170 R
HPD02592407HPCPHT19980700060030300 00010 R2400 00010 R2500 00020 R
HPD02592407HPCPHT19980700070030200 00010 R0300 00020 R2500 00030 R
HPD02592407HPCPHT19980700080020800 00010 R2500 00010 R
HPD02592407HPCPHT19980700200040400 00070 R0500 00010 R0600 00010 R2500 00090 R
HPD02592407HPCPHT19980700210030200 00020 R0300 00010 R2500 00030 R
HPD02592407HPCPHT19980700220050300 00110 R2200 00020 R2300 00020 R2400 00010 R2500 00160 R
HPD02592407HPCPHT19980700230020200 00010 R2500 00010 R
HPD02592407HPCPHT19980800010020100 00000g 2500 00000  
HPD02592407HPCPHT19980800030030200 00040 R0300 99999{ 2500 00040PR
HPD02592407HPCPHT19980800050020800 99999} 2500 00000P 
HPD02592407HPCPHT19980800100021500 00090  2500 00090  
HPD02592407HPCPHT19980800110041000 00010  2300 00010  2400 00010  2500 00030  
HPD02592407HPCPHT19980800120031400 00090  1500 00010  2500 00100  
HPD02592407HPCPHT19980800160031400 00090  1700 00010  2500 00100  
HPD02592407HPCPHT19980800200041600 00010  1700 00020  1800 00030  2500 00060  
HPD02592407HPCPHT19980800210020800 00010  2500 00010  
HPD02592407HPCPHT19980800230040800 00010  1700 00030  2100 00010  2500 00050  
HPD02592407HPCPHT19980800270031900 00020  2000 00010  2500 00030  
HPD02592407HPCPHT19980800310030800 99999[ 2400 99999] 2500 00000I 
HPD02592407HPCPHT19980900010020100 99999[ 2500 00000I 
HPD02592407HPCPHT19980900020020700 99999] 2500 00000I 
HPD02592407HPCPHT19980900030031900 00010  2300 00010  2500 00020  
HPD02592407HPCPHT19980900040050300 00010  0500 00010  0900 00010  1400 00010  2500 00040  
HPD02592407HPCPHT19980900050060400 00010  0500 00010  0600 00010  1300 00010  2100 00030  2500 00070  
HPD02592407HPCPHT19981000010020100 00000g 2500 00000  
HPD02592407HPCPHT19981000220031700 00020  2200 00010  2500 00030  
HPD02592407HPCPHT19981000280031000 99999{ 1100 99999} 2500 00000P 
HPD02592407HPCPHT19981100010020100 00000g 2500 00000  
HPD02592407HPCPHT19981100280051400 00010  1600 00010  1900 00010  2100 00010  2500 00040  
HPD02592407HPCPHT19981200010030100 99999[ 0700 99999] 2500 00000I 
HPD02592407HPCPHT19981200020021600 00010  2500 00010  
HPD02592407HPCPHT19981200070020900 00010  2500 00010  
HPD02592407HPCPHT19981200170051300 00010  1600 00030  1700 00010  2200 00010  2500 00060  
