HPD02157400HPCPHI19811200010020100 99999[ 2500 00000I 
HPD02157400HPCPHI19811200310022400 99999] 2500 00000I 
HPD02157400HPCPHI19820100010020100 99999[ 2500 00000I 
HPD02157400HPCPHI19820100310022400 99999] 2500 00000I 
HPD02157400HPCPHI19820200010020100 00000g 2500 00000  
HPD02157400HPCPHT19820200100022200 00010  2500 00010  
HPD02157400HPCPHT19820200110080100 00010  0200 00010  0300 00020  0400 00010  0500 00010  0600 00010  0800 00010  2500 00080  
HPD02157400HPCPHT19820200180031000 00010  1400 00010  2500 00020  
HPD02157400HPCPHT19820200230020900 00010  2500 00010  
HPD02157400HPCPHT19820200240061400 00010  1500 00010  1700 00010  2000 00010  2300 00010  2500 00050  
HPD02157400HPCPHT19820200250031200 00010  2300 00010  2500 00020  
HPD02157400HPCPHT19820300010020100 00000g 2500 00000  
HPD02157400HPCPHT19820300110051800 00010  2200 00010  2300 00010  2400 00010  2500 00040  
HPD02157400HPCPHT19820300120080100 00010  0200 00010  0300 00010  0500 00010  0700 00020  0800 00010  1600 00010  2500 00080  
HPD02157400HPCPHT19820300130040900 00010  1100 00010  1200 00010  2500 00030  
HPD02157400HPCPHT19820300140022300 00010  2500 00010  
HPD02157400HPCPHT19820300150030100 00010  1100 00010  2500 00020  
HPD02157400HPCPHT19820300180041500 00010  1700 00010  2000 00010  2500 00030  
HPD02157400HPCPHT19820300190021100 00010  2500 00010  
HPD02157400HPCPHT19820300200021400 00010  2500 00010  
HPD02157400HPCPHT19820300290040500 00010  0900 00010  2200 00010  2500 00030  
HPD02157400HPCPHT19820400010030100 00000g 2400 00010  2500 00010  
HPD02157400HPCPHT19820400020021000 00010  2500 00010  
HPD02157400HPCPHT19820400230020300 00010  2500 00010  
HPD02157400HPCPHT19820500010050100 00000g 1500 00010  1900 00010  2300 00010  2500 00030  
HPD02157400HPCPHT19820500020020400 00010  2500 00010  
HPD02157400HPCPHT19820500040050300 00010  0700 00010  0900 00010  1000 00010  2500 00040  
HPD02157400HPCPHT19820500050030700 00010  0900 00010  2500 00020  
HPD02157400HPCPHT19820500110022300 00010  2500 00010  
HPD02157400HPCPHT19820500120050500 00010  0700 00010  1500 00010  2400 00010  2500 00040  
HPD02157400HPCPHT19820600010020100 00000g 2500 00000  
HPD02157400HPCPHT19820700010020100 00000g 2500 00000  
HPD02157400HPCPHT19820700070020600 00010  2500 00010  
HPD02157400HPCPHT19820700160022000 00020  2500 00020  
HPD02157400HPCPHT19820700170031700 00020  1800 00010  2500 00030  
HPD02157400HPCPHT19820700180031400 00010  1500 00010  2500 00020  
HPD02157400HPCPHT19820700190020900 00010  2500 00010  
HPD02157400HPCPHT19820700200021600 00010  2500 00010  
HPD02157400HPCPHT19820700220031500 00010  1900 00010  2500 00020  
HPD02157400HPCPHT19820700250030400 00010  1600 00010  2500 00020  
HPD02157400HPCPHT19820700260040400 00080  0500 00010  0600 00010  2500 00100  
HPD02157400HPCPHT19820700280041400 00070  1500 00010  1600 00010  2500 00090  
HPD02157400HPCPHT19820700290031600 00030  1700 00010  2500 00040  
HPD02157400HPCPHT19820800010020100 00000g 2500 00000  
HPD02157400HPCPHT19820800060021800 00020  2500 00020  
HPD02157400HPCPHT19820800070020200 00010  2500 00010  
HPD02157400HPCPHT19820800100021100 00010  2500 00010  
HPD02157400HPCPHT19820800120020800 00010  2500 00010  
HPD02157400HPCPHT19820800140020900 00010  2500 00010  
HPD02157400HPCPHT19820800150031300 00010  1400 00010  2500 00020  
HPD02157400HPCPHT19820800190032100 00010  2200 00030  2500 00040  
HPD02157400HPCPHT19820800230022000 00020  2500 00020  
HPD02157400HPCPHT19820800270020900 00010  2500 00010  
HPD02157400HPCPHT19820800310021300 00020  2500 00020  
HPD02157400HPCPHT19820900010020100 00000g 2500 00000  
HPD02157400HPCPHT19820900050041100 00010  1200 00010  1400 00010  2500 00030  
HPD02157400HPCPHT19820900090020800 00010  2500 00010  
HPD02157400HPCPHT19820900100021600 00010  2500 00010  
HPD02157400HPCPHT19820900110030200 00010  0900 00010  2500 00020  
HPD02157400HPCPHT19820900270030900 00010  1000 00010  2500 00020  
HPD02157400HPCPHT19821000010020100 00000g 2500 00000  
HPD02157400HPCPHT19821000260031800 00010  2200 00010  2500 00020  
HPD02157400HPCPHT19821000310022000 00010  2500 00010  
HPD02157400HPCPHT19821100010020100 00000g 2500 00000  
HPD02157400HPCPHT19821100080071500 00010  1800 00010  1900 00010  2100 00010  2300 00010  2400 00010  2500 00060  
HPD02157400HPCPHT19821100090070200 00010  0300 00010  0400 00010  0600 00010  0900 00010  1500 00010  2500 00060  
HPD02157400HPCPHT19821100100090300 00010  0800 00010  0900 00010  1300 00010  1500 00010  1900 00020  2000 00010  2100 00010  2500 00090  
HPD02157400HPCPHT19821100110050200 00010  0300 00010  1100 00010  1200 00010  2500 00040  
HPD02157400HPCPHT19821100170040200 00010  0700 00010  1900 00010  2500 00030  
HPD02157400HPCPHT19821100290021100 00010  2500 00010  
HPD02157400HPCPHT19821100300130300 00010  0900 00010  1200 00010  1300 00010  1400 00010  1500 00010  1600 00010  1800 00010  1900 00010  2000 00010  2100 00010  2400 00010  2500 00120  
HPD02157400HPCPHT19821200010020100 99999a 2500 00000I 
HPD02157400HPCPHT19821200020021200 00060A 2500 00060P 
HPD02157400HPCPHT19821200080022300 00010  2500 00010  
HPD02157400HPCPHT19821200090060400 00010  0900 00010  1000 00010  1100 00010  1300 00010  2500 00050  
HPD02157400HPCPHT19821200100070600 00010  0800 00010  1000 00010  1200 00010  1500 00010  1700 00010  2500 00060  
HPD02157400HPCPHT19821200220032200 00010  2300 00010  2500 00020  
HPD02157400HPCPHT19821200230090100 00010  0200 00010  0500 00010  0700 00020  0900 00010  1000 00010  1200 00010  2300 00010  2500 00090  
HPD02157400HPCPHT19821200300040100 00010  0800 00010  1300 00010  2500 00030  
HPD02157400HPCPHT19830100010020100 00000g 2500 00000  
HPD02157400HPCPHT19830100040021200 99999[ 2500 00000I 
HPD02157400HPCPHT19830100310022400 99999] 2500 00000I 
HPD02157400HPCPHT19830200010020100 99999[ 2500 00000I 
HPD02157400HPCPHT19830200100021000 99999] 2500 00000I 
HPD02157400HPCPHT19830200130022300 00010  2500 00010  
HPD02157400HPCPHT19830200280020800 00010  2500 00010  
HPD02157400HPCPHT19830300010020100 00000g 2500 00000  
HPD02157400HPCPHT19830300030050400 00010  1000 00010  1500 00010  2400 00010  2500 00040  
HPD02157400HPCPHT19830300070021500 00010  2500 00010  
HPD02157400HPCPHT19830300140021900 00010  2500 00010  
HPD02157400HPCPHT19830300180050800 00010  1000 00010  1500 00010  1800 00010  2500 00040  
HPD02157400HPCPHT19830300190021200 00010  2500 00010  
HPD02157400HPCPHT19830300200020200 00010  2500 00010  
HPD02157400HPCPHT19830300210021600 00010  2500 00010  
HPD02157400HPCPHT19830300220020900 00010  2500 00010  
HPD02157400HPCPHT19830300230031200 00010  1300 00010  2500 00020  
HPD02157400HPCPHT19830300240041200 00010  1400 00010  1600 00010  2500 00030  
HPD02157400HPCPHT19830300250030100 00010  0700 00010  2500 00020  
HPD02157400HPCPHT19830400010020100 00000g 2500 00000  
HPD02157400HPCPHT19830400040031500 00010  1600 00010  2500 00020  
HPD02157400HPCPHT19830400060021600 00010  2500 00010  
HPD02157400HPCPHT19830400120050500 00010  0900 00010  1900 00010  2300 00010  2500 00040  
HPD02157400HPCPHT19830400200022100 00010  2500 00010  
HPD02157400HPCPHT19830400210041000 00010  1500 00010  1700 00010  2500 00030  
HPD02157400HPCPHT19830400300050700 00010  0800 00010  1000 00010  1600 00010  2500 00040  
HPD02157400HPCPHT19830500010030100 00000g 2100 00010  2500 00010  
HPD02157400HPCPHT19830500190022100 00010  2500 00010  
HPD02157400HPCPHT19830500290021800 00010  2500 00010  
HPD02157400HPCPHT19830600010020100 00000g 2500 00000  
HPD02157400HPCPHT19830600090032000 00030  2100 00010  2500 00040  
HPD02157400HPCPHT19830600240022000 00020  2500 00020  
HPD02157400HPCPHT19830700010020100 00000g 2500 00000  
HPD02157400HPCPHT19830700070031900 00010  2000 00010  2500 00020  
HPD02157400HPCPHT19830700140022200 00010  2500 00010  
HPD02157400HPCPHT19830700200031100 00020  1600 00010  2500 00030  
HPD02157400HPCPHT19830700210030600 00010  1700 00010  2500 00020  
HPD02157400HPCPHT19830700220031200 00010  1700 00010  2500 00020  
HPD02157400HPCPHT19830700230020200 00010  2500 00010  
HPD02157400HPCPHT19830700240021200 00010  2500 00010  
HPD02157400HPCPHT19830700280021400 00010  2500 00010  
HPD02157400HPCPHT19830700300031400 00010  1500 00010  2500 00020  
HPD02157400HPCPHT19830800010060100 00000g 2100 00010  2200 00010  2300 00010  2400 00010  2500 00040  
HPD02157400HPCPHT19830800020020300 00010  2500 00010  
HPD02157400HPCPHT19830800080031500 00010  2300 00010  2500 00020  
HPD02157400HPCPHT19830800090041300 00010  1400 00020  1600 00010  2500 00040  
HPD02157400HPCPHT19830800100031600 00010  1700 00010  2500 00020  
HPD02157400HPCPHT19830800110020100 00010  2500 00010  
HPD02157400HPCPHT19830800140031300 00030  1400 00010  2500 00040  
HPD02157400HPCPHT19830800160021600 00010  2500 00010  
HPD02157400HPCPHT19830800190021500 00020  2500 00020  
HPD02157400HPCPHT19830800290030200 00010  1500 00040  2500 00050  
HPD02157400HPCPHT19830800300020800 00010  2500 00010  
HPD02157400HPCPHT19830800310031300 00010  1700 00010  2500 00020  
HPD02157400HPCPHT19830900010020100 00000g 2500 00000  
HPD02157400HPCPHT19830900030020800 00010  2500 00010  
HPD02157400HPCPHT19830900070020500 00010  2500 00010  
HPD02157400HPCPHT19830900100021500 00010  2500 00010  
HPD02157400HPCPHT19830900210020900 00010  2500 00010  
HPD02157400HPCPHT19830900230031400 00010  1500 00010  2500 00020  
HPD02157400HPCPHT19830900240030500 00010  0800 00010  2500 00020  
HPD02157400HPCPHT19830900260041300 00020  1400 00020  1500 00010  2500 00050  
HPD02157400HPCPHT19830900270020100 00010  2500 00010  
HPD02157400HPCPHT19830900290080900 00020  1200 00030  1300 00030  1400 00010  1500 00010  1600 00010  1900 00010  2500 00120  
HPD02157400HPCPHT19830900300100300 00010  0400 00010  0500 00040  0600 00010  0800 00010  0900 00010  1000 00010  1100 00010  1300 00010  2500 00120  
HPD02157400HPCPHT19831000010100100 00000g 0600 00010  0700 00020  0800 00010  0900 00010  1000 00030  1100 00020  1200 00010  1500 00010  2500 00120  
HPD02157400HPCPHT19831000060020100 00010  2500 00010  
HPD02157400HPCPHT19831000080020200 00010  2500 00010  
HPD02157400HPCPHT19831000190021100 00010  2500 00010  
HPD02157400HPCPHT19831100010020100 00000g 2500 00000  
HPD02157400HPCPHT19831100080020800 00010  2500 00010  
HPD02157400HPCPHT19831100180021100 00010  2500 00010  
HPD02157400HPCPHT19831100200051500 00010  2200 00010  2300 00010  2400 00010  2500 00040  
HPD02157400HPCPHT19831100210070100 00010  0300 00070  0600 00010  0800 00010  1300 00010  2200 00010  2500 00120  
HPD02157400HPCPHT19831100220021100 00010  2500 00010  
HPD02157400HPCPHT19831100250060800 00010  1100 00010  1200 00010  1400 00010  1900 00010  2500 00050  
HPD02157400HPCPHT19831200010030100 00000g 1600 00010  2500 00010  
HPD02157400HPCPHT19831200020050200 00010  0400 00010  0900 00010  1600 00010  2500 00040  
HPD02157400HPCPHT19831200030022200 00010  2500 00010  
HPD02157400HPCPHT19831200040050200 00010  0400 00010  0600 00010  2200 00010  2500 00040  
HPD02157400HPCPHT19831200250030800 00010  1300 00010  2500 00020  
HPD02157400HPCPHT19831200270030600 00010  0800 00010  2500 00020  
HPD02157400HPCPHT19831200280030400 00010  0600 00010  2500 00020  
HPD02157400HPCPHT19840100010020100 00000g 2500 00000  
HPD02157400HPCPHT19840100140030700 00010  1300 00010  2500 00020  
HPD02157400HPCPHT19840200010020100 00000g 2500 00000  
HPD02157400HPCPHT19840300010020100 00000g 2500 00000  
HPD02157400HPCPHT19840300260042200 00020  2300 00020  2400 00020  2500 00060  
HPD02157400HPCPHT19840300270021000 00020  2500 00020  
HPD02157400HPCPHT19840400010030100 00000g 0700 00010  2500 00010  
HPD02157400HPCPHT19840400060031400 00010  1700 00010  2500 00020  
HPD02157400HPCPHT19840400190022100 00010  2500 00010  
HPD02157400HPCPHT19840400260021900 00010  2500 00010  
HPD02157400HPCPHT19840400280021900 00010  2500 00010  
HPD02157400HPCPHT19840500010020100 00000g 2500 00000  
HPD02157400HPCPHT19840500290021300 00010  2500 00010  
HPD02157400HPCPHT19840600010020100 00000g 2500 00000  
HPD02157400HPCPHT19840600260021900 00020  2500 00020  
HPD02157400HPCPHT19840600290020200 00010  2500 00010  
HPD02157400HPCPHT19840600300021100 00010  2500 00010  
HPD02157400HPCPHT19840700010030100 00000g 0500 00030  2500 00030  
HPD02157400HPCPHT19840700020021100 00010  2500 00010  
HPD02157400HPCPHT19840700030021100 00010  2500 00010  
HPD02157400HPCPHT19840700060041600 00100  1700 00020  1800 00010  2500 00130  
HPD02157400HPCPHT19840700070020800 00010  2500 00010  
HPD02157400HPCPHT19840700080022000 00070  2500 00070  
HPD02157400HPCPHT19840700120021500 00010  2500 00010  
HPD02157400HPCPHT19840700130020500 00010  2500 00010  
HPD02157400HPCPHT19840700150021500 00010  2500 00010  
HPD02157400HPCPHT19840700160021800 00030  2500 00030  
HPD02157400HPCPHT19840700190021300 00010  2500 00010  
HPD02157400HPCPHT19840700210022000 00010  2500 00010  
HPD02157400HPCPHT19840700240041400 00040  1500 00010  1600 00010  2500 00060  
HPD02157400HPCPHT19840700250021900 00010  2500 00010  
HPD02157400HPCPHT19840700290031500 00010  2000 00010  2500 00020  
HPD02157400HPCPHT19840700300030800 00010  1300 00030  2500 00040  
HPD02157400HPCPHT19840800010030100 00000g 1600 00010  2500 00010  
HPD02157400HPCPHT19840800040022300 00010  2500 00010  
HPD02157400HPCPHT19840800050021400 00010  2500 00010  
HPD02157400HPCPHT19840800060021500 00020  2500 00020  
HPD02157400HPCPHT19840800110021600 00010  2500 00010  
HPD02157400HPCPHT19840800140020200 00010  2500 00010  
HPD02157400HPCPHT19840800160031400 00010  1800 00020  2500 00030  
HPD02157400HPCPHT19840800170021900 00020  2500 00020  
HPD02157400HPCPHT19840800180061500 00010  1700 00070  1800 00150  1900 00010  2300 00010  2500 00250  
HPD02157400HPCPHT19840800190031500 00040  1600 00010  2500 00050  
HPD02157400HPCPHT19840800220031900 00010  2000 00010  2500 00020  
HPD02157400HPCPHT19840800230030800 00010  0900 00010  2500 00020  
HPD02157400HPCPHT19840800240061700 00020  1800 00010  1900 00010  2300 00020  2400 00010  2500 00070  
HPD02157400HPCPHT19840800250030100 00010  0200 00010  2500 00020  
HPD02157400HPCPHT19840900010030100 00000g 1900 00010  2500 00010  
HPD02157400HPCPHT19840900100032100 00020  2300 00010  2500 00030  
HPD02157400HPCPHT19840900110040100 00010  0400 00010  0500 00010  2500 00030  
HPD02157400HPCPHT19840900180031500 00010  1700 00010  2500 00020  
HPD02157400HPCPHT19840900250091400 00010  1500 00010  1600 00010  1700 00010  1900 00010  2000 00010  2100 00030  2300 00010  2500 00100  
HPD02157400HPCPHT19840900260080400 00010  0500 00010  0900 00020  1100 00010  1200 00010  1300 00020  1400 00010  2500 00090  
HPD02157400HPCPHT19841000010030100 00000g 2000 00010  2500 00010  
HPD02157400HPCPHT19841000030090300 00010  0500 00010  0600 00010  0700 00030  0800 00020  0900 00010  1000 00010  2000 00010  2500 00110  
HPD02157400HPCPHT19841000120030800 00030  0900 00010  2500 00040  
HPD02157400HPCPHT19841000150021200 00010  2500 00010  
HPD02157400HPCPHT19841000160021100 00010  2500 00010  
HPD02157400HPCPHT19841000170021300 00010  2500 00010  
HPD02157400HPCPHT19841000210021700 00010  2500 00010  
HPD02157400HPCPHT19841100010020100 00000g 2500 00000  
HPD02157400HPCPHT19841100230040900 00010  1100 00010  1400 00010  2500 00030  
HPD02157400HPCPHT19841100240022300 00010  2500 00010  
HPD02157400HPCPHT19841100250020600 00010  2500 00010  
HPD02157400HPCPHT19841100260021200 00010  2500 00010  
HPD02157400HPCPHT19841200010020100 00000g 2500 00000  
HPD02157400HPCPHT19841200080050600 00020  1000 00010  1400 00010  1700 00010  2500 00050  
HPD02157400HPCPHT19841200100051800 00010  1900 00010  2100 00010  2400 00010  2500 00040  
HPD02157400HPCPHT19841200110021500 00010  2500 00010  
HPD02157400HPCPHT19841200120030600 00010  2400 00010  2500 00020  
HPD02157400HPCPHT19841200130050500 00010  0700 00010  0900 00010  1700 00010  2500 00040  
HPD02157400HPCPHT19841200140041200 00010  1800 00010  2300 00010  2500 00030  
HPD02157400HPCPHT19841200150021400 00010  2500 00010  
HPD02157400HPCPHT19841200200030900 00010  1200 00010  2500 00020  
HPD02157400HPCPHT19841200250020800 00010  2500 00010  
HPD02157400HPCPHT19841200270120700 00010  0900 00010  1000 00010  1100 00020  1200 00020  1300 00020  1400 00020  1500 00010  1600 00010  1700 00010  1900 00010  2500 00150  
HPD02157400HPCPHT19841200280050100 00010  1100 00010  1600 00010  2100 00010  2500 00040  
HPD02157400HPCPHT19850100010020100 00000g 2500 00000  
HPD02157400HPCPHT19850100080021400 00010  2500 00010  
HPD02157400HPCPHT19850100120021600 00010  2500 00010  
HPD02157400HPCPHT19850100130022100 00010  2500 00010  
HPD02157400HPCPHT19850100240020200 00010  2500 00010  
HPD02157400HPCPHT19850100260050200 00010  0400 00010  1500 00020  1600 00010  2500 00050  
HPD02157400HPCPHT19850100270031200 00010  1900 00010  2500 00020  
HPD02157400HPCPHT19850100290020600 00010  2500 00010  
HPD02157400HPCPHT19850100300022200 00010  2500 00010  
HPD02157400HPCPHT19850200010020100 00000g 2500 00000  
HPD02157400HPCPHT19850200030050400 00010  0800 00010  1300 00010  1600 00010  2500 00040  
HPD02157400HPCPHT19850200040020500 00010  2500 00010  
HPD02157400HPCPHT19850200210040700 00010  0900 00010  1900 00010  2500 00030  
HPD02157400HPCPHT19850200220020900 00010  2500 00010  
HPD02157400HPCPHT19850300010020100 00000g 2500 00000  
HPD02157400HPCPHT19850300020030900 00010  2100 00010  2500 00020  
HPD02157400HPCPHT19850300110031100 00010  2000 00010  2500 00020  
HPD02157400HPCPHT19850300120020300 00010  2500 00010  
HPD02157400HPCPHT19850300140050700 00010  1800 00010  2100 00010  2300 00010  2500 00040  
HPD02157400HPCPHT19850300150050900 00010  1000 00010  1100 00010  1300 00020  2500 00050  
HPD02157400HPCPHT19850300190030100 00010  2000 00010  2500 00020  
HPD02157400HPCPHT19850300280042100 00010  2300 00010  2400 00010  2500 00030  
HPD02157400HPCPHT19850300290030200 00010  1100 00010  2500 00020  
HPD02157400HPCPHT19850400010020100 00000g 2500 00000  
HPD02157400HPCPHT19850400100021000 00010  2500 00010  
HPD02157400HPCPHT19850400180050600 00020  0800 00010  0900 00010  1200 00010  2500 00050  
HPD02157400HPCPHT19850400210020700 00010  2500 00010  
HPD02157400HPCPHT19850400250021000 00010  2500 00010  
HPD02157400HPCPHT19850400260050500 00010  0600 00010  0800 00010  1200 00010  2500 00040  
HPD02157400HPCPHT19850400270040800 00010  1800 00010  2400 00020  2500 00040  
HPD02157400HPCPHT19850400280021900 00010  2500 00010  
HPD02157400HPCPHT19850500010020100 00000g 2500 00000  
HPD02157400HPCPHT19850500060021300 00010  2500 00010  
HPD02157400HPCPHT19850500180020800 00010  2500 00010  
HPD02157400HPCPHT19850500230021400 00010  2500 00010  
HPD02157400HPCPHT19850600010020100 00000g 2500 00000  
HPD02157400HPCPHT19850700010020100 00000g 2500 00000  
HPD02157400HPCPHT19850700070022100 00010  2500 00010  
HPD02157400HPCPHT19850700100041900 00010  2100 00010  2200 00010  2500 00030  
HPD02157400HPCPHT19850700110021700 00010  2500 00010  
HPD02157400HPCPHT19850700130021500 00010  2500 00010  
HPD02157400HPCPHT19850700150031900 00040  2100 00010  2500 00050  
HPD02157400HPCPHT19850700170020800 00010  2500 00010  
HPD02157400HPCPHT19850700180030300 00010  1200 00040  2500 00050  
HPD02157400HPCPHT19850700200050400 00010  1400 00020  1500 00010  1600 00010  2500 00050  
HPD02157400HPCPHT19850700220041300 00020  1600 00020  1700 00080  2500 00120  
HPD02157400HPCPHT19850700240040900 00010  1800 00020  1900 00010  2500 00040  
HPD02157400HPCPHT19850700270021600 00010  2500 00010  
HPD02157400HPCPHT19850700280022100 00020  2500 00020  
HPD02157400HPCPHT19850700290030800 00010  1200 00010  2500 00020  
HPD02157400HPCPHT19850700300060100 00010  0200 00020  0300 00010  0400 00010  0700 00040  2500 00090  
HPD02157400HPCPHT19850800010020100 00000g 2500 00000  
HPD02157400HPCPHT19850800030021600 00010  2500 00010  
HPD02157400HPCPHT19850800180020900 00010  2500 00010  
HPD02157400HPCPHT19850800200030800 00010  1000 00010  2500 00020  
HPD02157400HPCPHT19850800250031500 00010  1600 00010  2500 00020  
HPD02157400HPCPHT19850800260020700 00010  2500 00010  
HPD02157400HPCPHT19850800280041300 00010  1400 00010  1700 00010  2500 00030  
HPD02157400HPCPHT19850900010020100 00000g 2500 00000  
HPD02157400HPCPHT19850900040020800 00010  2500 00010  
HPD02157400HPCPHT19850900060041900 00010  2000 00010  2100 00010  2500 00030  
HPD02157400HPCPHT19850900070020200 00010  2500 00010  
HPD02157400HPCPHT19850900110080500 00010  0800 00010  1000 00020  1100 00020  1200 00020  1300 00030  1400 00010  2500 00120  
HPD02157400HPCPHT19850900180110100 00010  0600 00010  0800 00010  0900 00010  1000 00030  1100 00010  1200 00010  1300 00010  1400 00010  1700 00010  2500 00120  
HPD02157400HPCPHT19850900280040200 00020  0300 00010  0700 00010  2500 00040  
HPD02157400HPCPHT19850900300020900 00010  2500 00010  
HPD02157400HPCPHT19851000010020100 00000g 2500 00000  
HPD02157400HPCPHT19851000060022400 00010  2500 00010  
HPD02157400HPCPHT19851000070040200 00010  0400 00020  0600 00010  2500 00040  
HPD02157400HPCPHT19851000090021400 00010  2500 00010  
HPD02157400HPCPHT19851000100050800 00010  1000 00010  1600 00010  1700 00010  2500 00040  
HPD02157400HPCPHT19851000170100300 00010  0500 00010  0600 00030  0700 00010  0800 00020  0900 00010  1000 00010  1100 00010  1500 00010  2500 00120  
HPD02157400HPCPHT19851000310031400 00010  1800 00010  2500 00020  
HPD02157400HPCPHT19851100010020100 00000g 2500 00000  
HPD02157400HPCPHT19851100110140300 00010  0400 00010  0500 00010  0600 00010  0700 00010  1000 00010  1300 00010  1400 00010  1600 00010  1700 00010  2000 00010  2200 00010  2400 00010  2500 00130  
HPD02157400HPCPHT19851100120090100 00010  0400 00010  0500 00010  0600 00010  0700 00010  0800 00010  1000 00010  1700 00010  2500 00080  
HPD02157400HPCPHT19851100130051100 00010  1200 00010  1800 00010  2100 00010  2500 00040  
HPD02157400HPCPHT19851100170021900 00010  2500 00010  
HPD02157400HPCPHT19851100250041200 00010  2100 00010  2400 00010  2500 00030  
HPD02157400HPCPHT19851100260030200 00010  1500 00010  2500 00020  
HPD02157400HPCPHT19851100290032200 00010  2300 00010  2500 00020  
HPD02157400HPCPHT19851100300040200 00010  1000 00010  1100 00010  2500 00030  
HPD02157400HPCPHT19851200010020100 00000g 2500 00000  
HPD02157400HPCPHT19851200110061100 00010  1900 00010  2100 00010  2200 00010  2300 00010  2500 00050  
HPD02157400HPCPHT19851200120030400 00010  0700 00010  2500 00020  
HPD02157400HPCPHT19851200290021100 00010  2500 00010  
HPD02157400HPCPHT19860100010020100 00000g 2500 00000  
HPD02157400HPCPHT19860100300021800 00010  2500 00010  
HPD02157400HPCPHT19860200010050100 00000g 0500 00010  0600 00010  0700 00010  2500 00030  
HPD02157400HPCPHT19860200040040400 00010  0500 00010  1100 00010  2500 00030  
HPD02157400HPCPHT19860200060031400 00010  1700 00010  2500 00020  
HPD02157400HPCPHT19860200090060100 00010  0400 00010  0800 00010  0900 00010  1500 00010  2500 00050  
HPD02157400HPCPHT19860200150031900 00010  2100 00010  2500 00020  
HPD02157400HPCPHT19860300010020100 00000g 2500 00000  
HPD02157400HPCPHT19860300030020900 00010  2500 00010  
HPD02157400HPCPHT19860300090060100 00010  0200 00010  0300 00010  0400 00010  0600 00010  2500 00050  
HPD02157400HPCPHT19860300100021600 00010  2500 00010  
HPD02157400HPCPHT19860300120041800 00010  2200 00010  2300 00010  2500 00030  
HPD02157400HPCPHT19860300140030500 00010  1000 00010  2500 00020  
HPD02157400HPCPHT19860300160051700 00010  2000 00010  2100 00010  2300 00010  2500 00040  
HPD02157400HPCPHT19860300170040200 00010  1100 00010  1600 00010  2500 00030  
HPD02157400HPCPHT19860300230020800 00010  2500 00010  
HPD02157400HPCPHT19860300280022400 00010  2500 00010  
HPD02157400HPCPHT19860400010040100 00000g 1400 00010  1600 00020  2500 00030  
HPD02157400HPCPHT19860400020040100 00010  0900 00010  1300 00010  2500 00030  
HPD02157400HPCPHT19860400160020800 00010  2500 00010  
HPD02157400HPCPHT19860500010020100 00000g 2500 00000  
HPD02157400HPCPHT19860500070022100 00010  2500 00010  
HPD02157400HPCPHT19860500160021600 00010  2500 00010  
HPD02157400HPCPHT19860500300041100 00020  1800 00020  1900 00030  2500 00070  
HPD02157400HPCPHT19860600010020100 00000g 2500 00000  
HPD02157400HPCPHT19860600030032100 00010  2200 00010  2500 00020  
HPD02157400HPCPHT19860700010020100 00000g 2500 00000  
HPD02157400HPCPHT19860700030031300 00010  1400 00010  2500 00020  
HPD02157400HPCPHT19860700040050900 00010  1100 00020  1200 00010  1700 00010  2500 00050  
HPD02157400HPCPHT19860700110021600 00010  2500 00010  
HPD02157400HPCPHT19860700140041500 00010  1700 00010  2300 00010  2500 00030  
HPD02157400HPCPHT19860700160021700 00010  2500 00010  
HPD02157400HPCPHT19860700190051800 00010  1900 00020  2000 00030  2100 00010  2500 00070  
HPD02157400HPCPHT19860700200042000 00020  2100 00030  2200 00010  2500 00060  
HPD02157400HPCPHT19860700210040100 00020  0200 00010  1700 00010  2500 00040  
HPD02157400HPCPHT19860700220022000 00010  2500 00010  
HPD02157400HPCPHT19860800010020100 00000g 2500 00000  
HPD02157400HPCPHT19860800020021600 00010  2500 00010  
HPD02157400HPCPHT19860800040031300 00030  1400 00010  2500 00040  
HPD02157400HPCPHT19860800050021500 00010  2500 00010  
HPD02157400HPCPHT19860800080022200 00010  2500 00010  
HPD02157400HPCPHT19860800110021400 00020  2500 00020  
HPD02157400HPCPHT19860800130031300 00010  2000 00010  2500 00020  
HPD02157400HPCPHT19860800140021400 00010  2500 00010  
HPD02157400HPCPHT19860800230051600 00040  1700 00020  1800 00010  2100 00010  2500 00080  
HPD02157400HPCPHT19860800240021800 00010  2500 00010  
HPD02157400HPCPHT19860800250031500 00010  1600 00010  2500 00020  
HPD02157400HPCPHT19860800260021400 00010  2500 00010  
HPD02157400HPCPHT19860800270061500 00030  1600 00030  1700 00010  1800 00020  2200 00010  2500 00100  
HPD02157400HPCPHT19860800280030900 00010  1000 00010  2500 00020  
HPD02157400HPCPHT19860800290021300 00020  2500 00020  
HPD02157400HPCPHT19860800300031300 00020  1700 00040  2500 00060  
HPD02157400HPCPHT19860800310022000 00010  2500 00010  
HPD02157400HPCPHT19860900010020100 00000g 2500 00000  
HPD02157400HPCPHT19860900090021400 00020  2500 00020  
HPD02157400HPCPHT19860900230041900 00010  2300 00020  2400 00010  2500 00040  
HPD02157400HPCPHT19860900240030100 00020  0200 00010  2500 00030  
HPD02157400HPCPHT19860900250030700 00010  1700 00010  2500 00020  
HPD02157400HPCPHT19860900290030600 00020  0700 00010  2500 00030  
HPD02157400HPCPHT19861000010030100 00000g 1000 99999a 2500 00000I 
HPD02157400HPCPHT19861000310022400 00190A 2500 00190P 
HPD02157400HPCPHT19861100010020100 99999a 2500 00000I 
HPD02157400HPCPHT19861100120020800 00150A 2500 00150P 
HPD02157400HPCPHT19861100180032100 00010  2300 00010  2500 00020  
HPD02157400HPCPHT19861100250022400 00010  2500 00010  
HPD02157400HPCPHT19861100270021100 00010  2500 00010  
HPD02157400HPCPHT19861200010020100 00000g 2500 00000  
HPD02157400HPCPHT19861200060021600 00010  2500 00010  
HPD02157400HPCPHT19861200070040600 00010  1200 00010  1300 00010  2500 00030  
HPD02157400HPCPHT19861200090022200 00010  2500 00010  
HPD02157400HPCPHT19861200200031400 00010  1800 00010  2500 00020  
HPD02157400HPCPHT19861200210022100 00010  2500 00010  
HPD02157400HPCPHT19870100010020100 00000g 2500 00000  
HPD02157400HPCPHT19870100050070400 00010  0800 00010  0900 00010  1200 00010  1400 00010  1800 00010  2500 00060  
HPD02157400HPCPHT19870100060021100 00010  2500 00010  
HPD02157400HPCPHT19870100070031800 00010  1900 00010  2500 00020  
HPD02157400HPCPHT19870100100021200 00010  2500 00010  
HPD02157400HPCPHT19870100150032100 00010  2400 00010  2500 00020  
HPD02157400HPCPHT19870100160020300 00010  2500 00010  
HPD02157400HPCPHT19870100170040200 00010  0900 00010  1400 00010  2500 00030  
HPD02157400HPCPHT19870100190031800 00010  2200 00010  2500 00020  
HPD02157400HPCPHT19870100200020200 00010  2500 00010  
HPD02157400HPCPHT19870100210021100 00010  2500 00010  
HPD02157400HPCPHT19870100300032200 00010  2300 00010  2500 00020  
HPD02157400HPCPHT19870100310080100 00010  0200 00010  0300 00010  0400 00010  0900 00010  1300 00010  1600 00010  2500 00070  
HPD02157400HPCPHT19870200010020100 00000g 2500 00000  
HPD02157400HPCPHT19870200120040100 00010  0400 00010  0700 00010  2500 00030  
HPD02157400HPCPHT19870200170020500 00010  2500 00010  
HPD02157400HPCPHT19870200230022000 00010  2500 00010  
HPD02157400HPCPHT19870200240110600 00010  0800 00010  0900 00010  1100 00010  1200 00010  1300 00010  1500 00010  1600 00010  1900 00010  2200 00010  2500 00100  
HPD02157400HPCPHT19870200250040100 00010  0900 00010  1400 00010  2500 00030  
HPD02157400HPCPHT19870200260041000 00010  1100 00050  1200 00010  2500 00070  
HPD02157400HPCPHT19870300010020100 00000g 2500 00000  
HPD02157400HPCPHT19870300070021500 00010  2500 00010  
HPD02157400HPCPHT19870300150041300 00010  1500 00010  1700 00010  2500 00030  
HPD02157400HPCPHT19870300160030200 00010  1300 00010  2500 00020  
HPD02157400HPCPHT19870300200020100 00010  2500 00010  
HPD02157400HPCPHT19870300220030300 00010  0400 00010  2500 00020  
HPD02157400HPCPHT19870300230022100 00010  2500 00010  
HPD02157400HPCPHT19870300240021600 00020  2500 00020  
HPD02157400HPCPHT19870400010020100 00000g 2500 00000  
HPD02157400HPCPHT19870400040030200 00010  1600 00010  2500 00020  
HPD02157400HPCPHT19870400070021400 00010  2500 00010  
HPD02157400HPCPHT19870400270020500 00010  2500 00010  
HPD02157400HPCPHT19870500010020100 00000g 2500 00000  
HPD02157400HPCPHT19870500110022100 00010  2500 00010  
HPD02157400HPCPHT19870500130021300 00010  2500 00010  
HPD02157400HPCPHT19870500140021400 00020  2500 00020  
HPD02157400HPCPHT19870500160021300 00010  2500 00010  
HPD02157400HPCPHT19870500200051600 00010  1800 00020  1900 00010  2300 00010  2500 00050  
HPD02157400HPCPHT19870500210020100 00010  2500 00010  
HPD02157400HPCPHT19870600010020100 00000g 2500 00000  
HPD02157400HPCPHT19870600060021700 00010  2500 00010  
HPD02157400HPCPHT19870600250021400 00020  2500 00020  
HPD02157400HPCPHT19870600260021700 00010  2500 00010  
HPD02157400HPCPHT19870700010020100 00000g 2500 00000  
HPD02157400HPCPHT19870700140021400 00010  2500 00010  
HPD02157400HPCPHT19870700170020400 00010  2500 00010  
HPD02157400HPCPHT19870700240021500 00010  2500 00010  
HPD02157400HPCPHT19870700250021900 00020  2500 00020  
HPD02157400HPCPHT19870700260020100 00010  2500 00010  
HPD02157400HPCPHT19870700280040600 00010  1500 00020  1900 00010  2500 00040  
HPD02157400HPCPHT19870700290021700 00010  2500 00010  
HPD02157400HPCPHT19870700300071100 00010  1400 00010  1600 00010  1700 00020  1800 00010  2000 00020  2500 00080  
HPD02157400HPCPHT19870700310021600 00010  2500 00010  
HPD02157400HPCPHT19870800010020100 00000g 2500 00000  
HPD02157400HPCPHT19870800020021600 00010  2500 00010  
HPD02157400HPCPHT19870800040031500 00010  1700 00010  2500 00020  
HPD02157400HPCPHT19870800060022100 00010  2500 00010  
HPD02157400HPCPHT19870800080022100 00010  2500 00010  
HPD02157400HPCPHT19870800090031500 00010  1600 00010  2500 00020  
HPD02157400HPCPHT19870800110021000 00010  2500 00010  
HPD02157400HPCPHT19870800120021900 00010  2500 00010  
HPD02157400HPCPHT19870800130020900 00010  2500 00010  
HPD02157400HPCPHT19870800220042100 00010  2300 00010  2400 00010  2500 00030  
HPD02157400HPCPHT19870800230021400 00010  2500 00010  
HPD02157400HPCPHT19870800250061400 00010  1700 00010  1800 00020  1900 00010  2000 00010  2500 00060  
HPD02157400HPCPHT19870800260021500 00010  2500 00010  
HPD02157400HPCPHT19870900010020100 00000g 2500 00000  
HPD02157400HPCPHT19870900130030900 00020  1000 00010  2500 00030  
HPD02157400HPCPHT19870900260020100 00010  2500 00010  
HPD02157400HPCPHT19871000010020100 00000g 2500 00000  
HPD02157400HPCPHT19871000130021200 00020  2500 00020  
HPD02157400HPCPHT19871000230020700 00010  2500 00010  
HPD02157400HPCPHT19871000240021200 00010  2500 00010  
HPD02157400HPCPHT19871000290060600 00010  2000 00040  2100 00010  2200 00010  2300 00010  2500 00080  
HPD02157400HPCPHT19871000300030100 00020  0200 00010  2500 00030  
HPD02157400HPCPHT19871000310041200 00010  1600 00010  2200 00010  2500 00030  
HPD02157400HPCPHT19871100010130100 00000g 0300 00010  0500 00010  0700 00040  0800 00010  0900 00030  1000 00030  1100 00020  1200 00020  1400 00010  1700 00010  2200 00010  2500 00200  
HPD02157400HPCPHT19871100050030900 00010  1200 00010  2500 00020  
HPD02157400HPCPHT19871100060021300 00010  2500 00010  
HPD02157400HPCPHT19871100150020100 00010  2500 00010  
HPD02157400HPCPHT19871200010020100 00000g 2500 00000  
HPD02157400HPCPHT19871200050040900 00010  1000 00010  1100 00010  2500 00030  
HPD02157400HPCPHT19871200130040300 00010  1100 00010  1800 00010  2500 00030  
HPD02157400HPCPHT19871200140020300 00010  2500 00010  
HPD02157400HPCPHT19871200170031400 00010  1600 00010  2500 00020  
HPD02157400HPCPHT19871200200020800 00010  2500 00010  
HPD02157400HPCPHT19871200240040800 00010  1100 00010  2000 00010  2500 00030  
HPD02157400HPCPHT19871200250031000 00010  2200 00010  2500 00020  
HPD02157400HPCPHT19880100010020100 00000g 2500 00000  
HPD02157400HPCPHT19880100050022200 00010  2500 00010  
HPD02157400HPCPHT19880100060040100 00010  1100 00010  1200 00010  2500 00030  
HPD02157400HPCPHT19880100160020500 00010  2500 00010  
HPD02157400HPCPHT19880100170081600 00010  1800 00010  1900 00010  2000 00010  2100 00010  2200 00010  2300 00010  2500 00070  
HPD02157400HPCPHT19880100180030900 00010  1300 00030  2500 00040  
HPD02157400HPCPHT19880100190021500 00010  2500 00010  
HPD02157400HPCPHT19880200010020100 00000g 2500 00000  
HPD02157400HPCPHT19880200020101400 00010  1600 00010  1700 00010  1900 00010  2000 00010  2100 00010  2200 00010  2300 00010  2400 00010  2500 00090  
HPD02157400HPCPHT19880200030040100 00010  0200 00010  0400 00010  2500 00030  
HPD02157400HPCPHT19880200170030700 00010  0900 00010  2500 00020  
HPD02157400HPCPHT19880200190020300 00010  2500 00010  
HPD02157400HPCPHT19880200260022200 00020  2500 00020  
HPD02157400HPCPHT19880200270020900 00010  2500 00010  
HPD02157400HPCPHT19880300010020100 00000g 2500 00000  
HPD02157400HPCPHT19880300020020700 00010  2500 00010  
HPD02157400HPCPHT19880300030021400 00010  2500 00010  
HPD02157400HPCPHT19880300050021000 00010  2500 00010  
HPD02157400HPCPHT19880400010020100 00000g 2500 00000  
HPD02157400HPCPHT19880400150031900 00020  2100 00010  2500 00030  
HPD02157400HPCPHT19880400160020400 00010  2500 00010  
HPD02157400HPCPHT19880400170021300 00010  2500 00010  
HPD02157400HPCPHT19880400200022400 00010  2500 00010  
HPD02157400HPCPHT19880400210070800 00010  1100 00010  1300 00010  1400 00010  2300 00010  2400 00010  2500 00060  
HPD02157400HPCPHT19880400220050100 00020  0300 00010  0600 00010  0900 00010  2500 00050  
HPD02157400HPCPHT19880400230022400 00010  2500 00010  
HPD02157400HPCPHT19880400240020300 00010  2500 00010  
HPD02157400HPCPHT19880500010020100 00000g 2500 00000  
HPD02157400HPCPHT19880600010020100 00000g 2500 00000  
HPD02157400HPCPHT19880600160041400 00010  1500 00020  1700 00010  2500 00040  
HPD02157400HPCPHT19880600180041700 00040  1800 00010  2100 00010  2500 00060  
HPD02157400HPCPHT19880600200020100 00010  2500 00010  
HPD02157400HPCPHT19880600230021400 00010  2500 00010  
HPD02157400HPCPHT19880600240042100 00010  2300 00010  2400 00010  2500 00030  
HPD02157400HPCPHT19880600270031400 00020  1500 00010  2500 00030  
HPD02157400HPCPHT19880600280021400 00010  2500 00010  
HPD02157400HPCPHT19880600290060400 00010  0500 00010  0600 00010  0900 00010  1400 00010  2500 00050  
HPD02157400HPCPHT19880700010020100 00000g 2500 00000  
HPD02157400HPCPHT19880700020020900 00010  2500 00010  
HPD02157400HPCPHT19880700070021600 00010  2500 00010  
HPD02157400HPCPHT19880700080022300 00020  2500 00020  
HPD02157400HPCPHT19880700090030400 00010  1500 00010  2500 00020  
HPD02157400HPCPHT19880700160021800 00010  2500 00010  
HPD02157400HPCPHT19880700230021800 00010  2500 00010  
HPD02157400HPCPHT19880700270031100 00050  1200 00020  2500 00070  
HPD02157400HPCPHT19880700310020100 00010  2500 00010  
HPD02157400HPCPHT19880800010040100 00000g 1500 00010  1600 00010  2500 00020  
HPD02157400HPCPHT19880800020031600 00120  1700 00020  2500 00140  
HPD02157400HPCPHT19880800030020700 00010  2500 00010  
HPD02157400HPCPHT19880800040022000 00010  2500 00010  
HPD02157400HPCPHT19880800120030200 00010  0400 00020  2500 00030  
HPD02157400HPCPHT19880800190021500 00010  2500 00010  
HPD02157400HPCPHT19880800200022100 00010  2500 00010  
HPD02157400HPCPHT19880800210040200 00010  0300 00010  1500 00010  2500 00030  
HPD02157400HPCPHT19880800230041200 00010  1700 00010  2100 00010  2500 00030  
HPD02157400HPCPHT19880800240031800 00020  1900 00010  2500 00030  
HPD02157400HPCPHT19880800270061100 00020  1200 00040  1300 00010  1500 00010  1600 00030  2500 00110  
HPD02157400HPCPHT19880800280020100 00010  2500 00010  
HPD02157400HPCPHT19880800290031400 00040  1500 00020  2500 00060  
HPD02157400HPCPHT19880800300021700 00010  2500 00010  
HPD02157400HPCPHT19880800310041200 00010  1300 00030  1500 00010  2500 00050  
HPD02157400HPCPHT19880900010020100 00000g 2500 00000  
HPD02157400HPCPHT19880900110031000 00010  2200 00010  2500 00020  
HPD02157400HPCPHT19880900120021600 00010  2500 00010  
HPD02157400HPCPHT19880900200022000 00020  2500 00020  
HPD02157400HPCPHT19880900210020400 00010  2500 00010  
HPD02157400HPCPHT19881000010020100 00000g 2500 00000  
HPD02157400HPCPHT19881000060020100 00010  2500 00010  
HPD02157400HPCPHT19881000100031900 00010  2000 00010  2500 00020  
HPD02157400HPCPHT19881000110021700 00010  2500 00010  
HPD02157400HPCPHT19881000140081000 00010  1300 00010  1500 00020  1600 00020  1700 00010  1800 00020  2000 00010  2500 00100  
HPD02157400HPCPHT19881100010020100 00000g 2500 00000  
HPD02157400HPCPHT19881100020021500 99999[ 2500 00000I 
HPD02157400HPCPHT19881100030021500 99999] 2500 00000I 
HPD02157400HPCPHT19881100140041800 00010  1900 00030  2000 00010  2500 00050  
HPD02157400HPCPHT19881100150021100 00010  2500 00010  
HPD02157400HPCPHT19881100180050600 00010  0800 00010  1400 00010  1600 00010  2500 00040  
HPD02157400HPCPHT19881100240022100 00010  2500 00010  
HPD02157400HPCPHT19881100250021000 00010  2500 00010  
HPD02157400HPCPHT19881200010020100 00000g 2500 00000  
HPD02157400HPCPHT19881200070022000 00010  2500 00010  
HPD02157400HPCPHT19881200080021500 00010  2500 00010  
HPD02157400HPCPHT19881200190020500 00010  2500 00010  
HPD02157400HPCPHT19881200210031100 00010  1200 99999{ 2500 00010P 
HPD02157400HPCPHT19881200220020800 99999} 2500 00000P 
HPD02157400HPCPHT19881200250071400 00010  1500 00010  1600 00010  1800 00020  1900 00010  2300 00010  2500 00070  
HPD02157400HPCPHT19881200260031000 00010  1200 00010  2500 00020  
HPD02157400HPCPHT19890100010020100 00000g 2500 00000  
HPD02157400HPCPHT19890100040070900 00010  1000 00020  1100 00010  1200 00010  1700 00010  2200 00010  2500 00070  
HPD02157400HPCPHT19890100050021100 00010  2500 00010  
HPD02157400HPCPHT19890100060031300 00010  1600 00010  2500 00020  
HPD02157400HPCPHT19890100240020800 00010  2500 00010  
HPD02157400HPCPHT19890100260021300 00010  2500 00010  
HPD02157400HPCPHT19890100270030400 00010  0500 00010  2500 00020  
HPD02157400HPCPHT19890200010020100 00000g 2500 00000  
HPD02157400HPCPHT19890200040032200 00010  2400 00010  2500 00020  
HPD02157400HPCPHT19890200050050300 00010  1000 00010  1200 00010  1600 00010  2500 00040  
HPD02157400HPCPHT19890300010020100 00000g 2500 00000  
HPD02157400HPCPHT19890300030060200 00010  0700 00010  1000 00010  1500 00010  1700 00010  2500 00050  
HPD02157400HPCPHT19890300260070200 00010  0300 00010  0500 00020  0600 00010  0800 00010  1200 00060  2500 00120  
HPD02157400HPCPHT19890400010020100 00000g 2500 00000  
HPD02157400HPCPHT19890500010020100 00000g 2500 00000  
HPD02157400HPCPHT19890500160040400 00010  0500 00020  1200 00010  2500 00040  
HPD02157400HPCPHT19890600010020100 00000g 2500 00000  
HPD02157400HPCPHT19890600150021700 00010  2500 00010  
HPD02157400HPCPHT19890700010020100 00000g 2500 00000  
HPD02157400HPCPHT19890700100031800 00010  1900 00010  2500 00020  
HPD02157400HPCPHT19890700220021500 00010  2500 00010  
HPD02157400HPCPHT19890700230031400 00020  1500 00010  2500 00030  
HPD02157400HPCPHT19890700240021400 00010  2500 00010  
HPD02157400HPCPHT19890700250021900 00010  2500 00010  
HPD02157400HPCPHT19890700260032000 00010  2100 00020  2500 00030  
HPD02157400HPCPHT19890700280021700 00020  2500 00020  
HPD02157400HPCPHT19890700290021100 00020  2500 00020  
HPD02157400HPCPHT19890700310031500 00050  1700 00010  2500 00060  
HPD02157400HPCPHT19890800010020100 00000g 2500 00000  
HPD02157400HPCPHT19890800140031600 00040  1700 00030  2500 00070  
HPD02157400HPCPHT19890800160031300 00050  1600 00010  2500 00060  
HPD02157400HPCPHT19890800180080100 00060  0200 00020  0300 00010  0500 00010  0800 00030  0900 00020  1000 00010  2500 00160  
HPD02157400HPCPHT19890900010020100 00000g 2500 00000  
HPD02157400HPCPHT19890900030071300 00040  1800 00010  1900 00020  2100 00010  2200 00010  2300 00010  2500 00100  
HPD02157400HPCPHT19891000010020100 00000g 2500 00000  
HPD02157400HPCPHT19891000040050800 00010  0900 00020  1600 00010  1800 00010  2500 00050  
HPD02157400HPCPHT19891000050031600 00010  1700 00010  2500 00020  
HPD02157400HPCPHT19891000210021900 00010  2500 00010  
HPD02157400HPCPHT19891100010020100 00000g 2500 00000  
HPD02157400HPCPHT19891100210030800 00010  1100 00010  2500 00020  
HPD02157400HPCPHT19891200010020100 00000g 2500 00000  
HPD02157400HPCPHT19891200280022400 00010  2500 00010  
HPD02157400HPCPHT19891200290040400 00010  0600 00010  0700 00010  2500 00030  
HPD02157400HPCPHT19900100010020100 00000g 2500 00000  
HPD02157400HPCPHT19900100020041500 00010  1900 00010  2000 00010  2500 00030  
HPD02157400HPCPHT19900100130021300 00010  2500 00010  
HPD02157400HPCPHT19900100180021900 00010  2500 00010  
HPD02157400HPCPHT19900200010050100 00000g 1300 00010  2000 00010  2300 00010  2500 00030  
HPD02157400HPCPHT19900200020021100 00010  2500 00010  
HPD02157400HPCPHT19900200080020700 00010  2500 00010  
HPD02157400HPCPHT19900200140060700 00010  0900 00010  1000 00010  1200 00010  1800 00010  2500 00050  
HPD02157400HPCPHT19900200150021100 00010  2500 00010  
HPD02157400HPCPHT19900200190040600 00010  0700 00010  1000 00010  2500 00030  
HPD02157400HPCPHT19900200200030100 00010  0300 00010  2500 00020  
HPD02157400HPCPHT19900200280021700 00010  2500 00010  
HPD02157400HPCPHT19900300010020100 00000g 2500 00000  
HPD02157400HPCPHT19900300100031200 00020  1400 00010  2500 00030  
HPD02157400HPCPHT19900300110031900 00010  2200 00010  2500 00020  
HPD02157400HPCPHT19900300120030100 00010  1200 00010  2500 00020  
HPD02157400HPCPHT19900300130030300 00010  0400 00010  2500 00020  
HPD02157400HPCPHT19900300290021300 00010  2500 00010  
HPD02157400HPCPHT19900300300041300 00010  1800 00010  1900 00010  2500 00030  
HPD02157400HPCPHT19900300310031300 00010  1500 00010  2500 00020  
HPD02157400HPCPHT19900400010030100 00000g 2400 00010  2500 00010  
HPD02157400HPCPHT19900400040022400 00010  2500 00010  
HPD02157400HPCPHT19900400060021000 00010  2500 00010  
HPD02157400HPCPHT19900400240040400 00010  0800 00010  1400 00010  2500 00030  
HPD02157400HPCPHT19900500010020100 00000g 2500 00000  
HPD02157400HPCPHT19900500020021700 00010  2500 00010  
HPD02157400HPCPHT19900500240020300 00010  2500 00010  
HPD02157400HPCPHT19900500280022400 00010  2500 00010  
HPD02157400HPCPHT19900500290020100 00010  2500 00010  
HPD02157400HPCPHT19900600010020100 00000g 2500 00000  
HPD02157400HPCPHT19900600300022300 00030  2500 00030  
HPD02157400HPCPHT19900700010020100 00000g 2500 00000  
HPD02157400HPCPHT19900700020021800 00010  2500 00010  
HPD02157400HPCPHT19900700030031400 00010  2000 00010  2500 00020  
HPD02157400HPCPHT19900700130021700 00010  2500 00010  
HPD02157400HPCPHT19900700160041200 00070  1300 00040  1400 00010  2500 00120  
HPD02157400HPCPHT19900700170021400 00030  2500 00030  
HPD02157400HPCPHT19900700180020600 00010  2500 00010  
HPD02157400HPCPHT19900700210031500 00030  1700 00010  2500 00040  
HPD02157400HPCPHT19900700230031400 00010  1500 00020  2500 00030  
HPD02157400HPCPHT19900700240020300 00010  2500 00010  
HPD02157400HPCPHT19900800010050100 00000g 1400 00020  1500 00020  1600 00010  2500 00050  
HPD02157400HPCPHT19900800090031900 00010  2400 00010  2500 00020  
HPD02157400HPCPHT19900800120022100 00010  2500 00010  
HPD02157400HPCPHT19900800130081200 00010  1400 00010  1500 00010  1600 00010  2000 00010  2100 00010  2200 00010  2500 00070  
HPD02157400HPCPHT19900800140080500 00010  0700 00010  0800 00010  0900 00020  1000 00010  1100 00010  1300 00010  2500 00080  
HPD02157400HPCPHT19900800160021100 00010  2500 00010  
HPD02157400HPCPHT19900900010040100 00000g 0600 00010  1200 00050  2500 00060  
HPD02157400HPCPHT19900900020021500 00010  2500 00010  
HPD02157400HPCPHT19900900030041300 00020  1400 00030  1500 00010  2500 00060  
HPD02157400HPCPHT19900900050021300 00030  2500 00030  
HPD02157400HPCPHT19900900060021300 00050  2500 00050  
HPD02157400HPCPHT19900900170031300 00010  1500 00020  2500 00030  
HPD02157400HPCPHT19900900180031200 00010  1300 00010  2500 00020  
HPD02157400HPCPHT19900900200060400 00010  0800 00010  1000 00010  1200 00010  1400 00010  2500 00050  
HPD02157400HPCPHT19900900230020400 00010  2500 00010  
HPD02157400HPCPHT19901000010020100 00000g 2500 00000  
HPD02157400HPCPHT19901000190041800 00010  2000 00010  2200 00010  2500 00030  
HPD02157400HPCPHT19901100010020100 00000g 2500 00000  
HPD02157400HPCPHT19901100020050500 00010  0600 00010  0700 00010  1000 00010  2500 00040  
HPD02157400HPCPHT19901100030020200 00010  2500 00010  
HPD02157400HPCPHT19901100070030200 00010  2100 00010  2500 00020  
HPD02157400HPCPHT19901100200040800 00010  1000 00010  1300 00010  2500 00030  
HPD02157400HPCPHT19901100260050900 00020  1100 00010  1200 00010  1400 00010  2500 00050  
HPD02157400HPCPHT19901200010020100 00000g 2500 00000  
HPD02157400HPCPHT19901200120032000 00010  2300 00010  2500 00020  
HPD02157400HPCPHT19901200130022200 00010  2500 00010  
HPD02157400HPCPHT19901200150021700 00010  2500 00010  
HPD02157400HPCPHT19901200160031100 00010  2200 00010  2500 00020  
HPD02157400HPCPHT19901200190031500 00010  2400 00010  2500 00020  
HPD02157400HPCPHT19901200200070100 00010  0400 00010  0700 00010  0900 00010  1200 00010  1300 00010  2500 00060  
HPD02157400HPCPHT19901200210030100 00010  2300 00010  2500 00020  
HPD02157400HPCPHT19901200220021000 00010  2500 00010  
HPD02157400HPCPHT19901200290021400 00010  2500 00010  
HPD02157400HPCPHT19901200300021200 00010  2500 00010  
HPD02157400HPCPHT19910100010020100 00000g 2500 00000  
HPD02157400HPCPHT19910100030022100 00010  2500 00010  
HPD02157400HPCPHT19910100040040500 00010  0700 00010  0900 00010  2500 00030  
HPD02157400HPCPHT19910100050041700 00010  2100 00010  2300 00010  2500 00030  
HPD02157400HPCPHT19910100060030100 00010  0300 00010  2500 00020  
HPD02157400HPCPHT19910100150022400 00010  2500 00010  
HPD02157400HPCPHT19910100210021000 00010  2500 00010  
HPD02157400HPCPHT19910100290021000 00010  2500 00010  
HPD02157400HPCPHT19910200010020100 00000g 2500 00000  
HPD02157400HPCPHT19910200070032200 00010  2400 00010  2500 00020  
HPD02157400HPCPHT19910200280130300 00010  0400 00010  0500 00010  0700 00010  0800 00010  0900 00010  1100 00010  1400 00010  1500 00010  1700 00010  2200 00010  2400 00010  2500 00120  
HPD02157400HPCPHT19910300010140100 00000g 0300 99999a 0400 00070A 0700 00010  1100 00020  1200 00010  1300 00010  1500 00010  1600 00010  1700 00020  1900 00010  2100 00010  2400 00010  2500 00190  
HPD02157400HPCPHT19910300020031000 00010  1100 00020  2500 00030  
HPD02157400HPCPHT19910300050021800 00010  2500 00010  
HPD02157400HPCPHT19910300140030700 00010  1400 00010  2500 00020  
HPD02157400HPCPHT19910300150042200 00010  2300 00010  2400 00010  2500 00030  
HPD02157400HPCPHT19910300190051100 00010  1200 00010  1400 00010  1700 00010  2500 00040  
HPD02157400HPCPHT19910300200052000 00010  2100 00010  2200 00010  2400 00010  2500 00040  
HPD02157400HPCPHT19910300210020500 00010  2500 00010  
HPD02157400HPCPHT19910300260060900 00010  1000 00010  1100 00010  1200 00010  1400 00010  2500 00050  
HPD02157400HPCPHT19910300270051000 00020  1300 00010  1800 00010  1900 00010  2500 00050  
HPD02157400HPCPHT19910300280030500 00010  1100 00010  2500 00020  
HPD02157400HPCPHT19910300290021000 00010  2500 00010  
HPD02157400HPCPHT19910400010020100 00000g 2500 00000  
HPD02157400HPCPHT19910500010020100 00000g 2500 00000  
HPD02157400HPCPHT19910500310030600 00010  0700 00010  2500 00020  
HPD02157400HPCPHT19910600010020100 00000g 2500 00000  
HPD02157400HPCPHT19910600050031500 00010  1600 00010  2500 00020  
HPD02157400HPCPHT19910600110031900 00010  2200 00010  2500 00020  
HPD02157400HPCPHT19910700010020100 00000g 2500 00000  
HPD02157400HPCPHT19910700060022300 00010  2500 00010  
HPD02157400HPCPHT19910700070040700 00010  1500 00060  1600 00010  2500 00080  
HPD02157400HPCPHT19910700170031900 00020  2000 00010  2500 00030  
HPD02157400HPCPHT19910700200021600 00020  2500 00020  
HPD02157400HPCPHT19910700240021400 00010  2500 00010  
HPD02157400HPCPHT19910700260031300 00020  1500 00010  2500 00030  
HPD02157400HPCPHT19910800010030100 00000g 1200 00010  2500 00010  
HPD02157400HPCPHT19910800020041700 00010  1800 00010  1900 00010  2500 00030  
HPD02157400HPCPHT19910800040020700 00020  2500 00020  
HPD02157400HPCPHT19910800100051600 00030  1700 00020  2300 00040  2400 00010  2500 00100  
HPD02157400HPCPHT19910800110030200 00010  0500 00010  2500 00020  
HPD02157400HPCPHT19910800140041500 00040  1700 00010  1800 00020  2500 00070  
HPD02157400HPCPHT19910800150041400 00030  1500 00100  1600 00010  2500 00140  
HPD02157400HPCPHT19910800170021800 00010  2500 00010  
HPD02157400HPCPHT19910800220021400 00010  2500 00010  
HPD02157400HPCPHT19910800230022300 00010  2500 00010  
HPD02157400HPCPHT19910800240021500 00010  2500 00010  
HPD02157400HPCPHT19910800260021400 00010  2500 00010  
HPD02157400HPCPHT19910800300021400 00010  2500 00010  
HPD02157400HPCPHT19910900010020100 00000g 2500 00000  
HPD02157400HPCPHT19910900040021400 00010  2500 00010  
HPD02157400HPCPHT19910900050051700 00010  1900 00010  2100 00010  2300 00010  2500 00040  
HPD02157400HPCPHT19910900060021200 00010  2500 00010  
HPD02157400HPCPHT19910900270031500 00010  1700 00010  2500 00020  
HPD02157400HPCPHT19911000010020100 00000g 2500 00000  
HPD02157400HPCPHT19911000230020600 00010  2500 00010  
HPD02157400HPCPHT19911000270041100 00010  1200 00010  2200 00010  2500 00030  
HPD02157400HPCPHT19911000280020900 99999a 2500 00000I 
HPD02157400HPCPHT19911000300040800 00010A 1000 00010  1200 00010  2500 00030P 
HPD02157400HPCPHT19911000310020800 00010  2500 00010  
HPD02157400HPCPHT19911100010020100 00000g 2500 00000  
HPD02157400HPCPHT19911100100040600 00010  1500 00020  2200 00010  2500 00040  
HPD02157400HPCPHT19911100110040700 00010  1000 00010  1600 00010  2500 00030  
HPD02157400HPCPHT19911100140051400 00010  1800 00010  2200 00010  2400 00010  2500 00040  
HPD02157400HPCPHT19911100150070100 00010  0200 00010  0400 00010  0600 00010  0800 00010  1200 00010  2500 00060  
HPD02157400HPCPHT19911100170021100 00010  2500 00010  
HPD02157400HPCPHT19911100300080200 00010  0300 00010  0400 00020  0500 00010  0600 00010  0800 00010  1100 00010  2500 00080  
HPD02157400HPCPHT19911200010020100 00000g 2500 00000  
HPD02157400HPCPHT19911200110040300 00010  1200 00010  1300 00010  2500 00030  
HPD02157400HPCPHT19911200180050600 00010  0800 00010  1200 00010  1800 00010  2500 00040  
HPD02157400HPCPHT19911200190101000 00010  1200 00010  1300 00010  1400 00020  1600 00010  1700 00010  1800 00010  2100 00010  2200 00010  2500 00100  
HPD02157400HPCPHT19911200300040700 00010  0900 00010  1600 00010  2500 00030  
HPD02157400HPCPHT19920100010020100 00000g 2500 00000  
HPD02157400HPCPHT19920100040020200 00010  2500 00010  
HPD02157400HPCPHT19920100050021300 00010  2500 00010  
HPD02157400HPCPHT19920100060040200 00010  0500 00010  0900 99999[ 2500 00020I 
HPD02157400HPCPHT19920100070021200 99999] 2500 00000I 
HPD02157400HPCPHT19920100120080100 00010  0200 00010  0300 00010  0700 00010  0800 00010  1000 00010  1400 00010  2500 00070  
HPD02157400HPCPHT19920100200021100 00010  2500 00010  
HPD02157400HPCPHT19920200010020100 00000g 2500 00000  
HPD02157400HPCPHT19920200100041000 00010  1200 00010  1500 00010  2500 00030  
HPD02157400HPCPHT19920200130060500 00010  0900 00010  1300 00010  1500 00010  1800 00010  2500 00050  
HPD02157400HPCPHT19920200150022400 00010  2500 00010  
HPD02157400HPCPHT19920200160020200 00010  2500 00010  
HPD02157400HPCPHT19920300010020100 00000g 2500 00000  
HPD02157400HPCPHT19920300020030700 00010  1100 00020  2500 00030  
HPD02157400HPCPHT19920300030022100 00010  2500 00010  
HPD02157400HPCPHT19920300060031900 00010  2400 00010  2500 00020  
HPD02157400HPCPHT19920300070031100 00010  2400 00010  2500 00020  
HPD02157400HPCPHT19920300080030600 00010  0700 00010  2500 00020  
HPD02157400HPCPHT19920300170020100 00010  2500 00010  
HPD02157400HPCPHT19920300200031500 00010  1700 00010  2500 00020  
HPD02157400HPCPHT19920300210021100 00010  2500 00010  
HPD02157400HPCPHT19920300220022200 00010  2500 00010  
HPD02157400HPCPHT19920300260020900 00010  2500 00010  
HPD02157400HPCPHT19920300280041600 00010  1700 00010  1800 00010  2500 00030  
HPD02157400HPCPHT19920300290022400 00010  2500 00010  
HPD02157400HPCPHT19920300300050200 00010  0400 00010  0500 00010  0900 00010  2500 00040  
HPD02157400HPCPHT19920300310031700 00010  1800 00010  2500 00020  
HPD02157400HPCPHT19920400010040100 00000g 0200 00010  0900 99999{ 2500 00010P 
HPD02157400HPCPHT19920400020020800 99999} 2500 00000P 
HPD02157400HPCPHT19920500010020100 00000g 2500 00000  
HPD02157400HPCPHT19920500040031600 00010  1700 00010  2500 00020  
HPD02157400HPCPHT19920500050030300 00010  1500 00010  2500 00020  
HPD02157400HPCPHT19920500100020900 00010  2500 00010  
HPD02157400HPCPHT19920500180021600 00010  2500 00010  
HPD02157400HPCPHT19920500200031500 00010  2300 00020  2500 00030  
HPD02157400HPCPHT19920500210060800 00010  1000 00010  1300 00010  1500 00010  1600 00010  2500 00050  
HPD02157400HPCPHT19920500230021900 00010  2500 00010  
HPD02157400HPCPHT19920500240031500 00010  1600 00010  2500 00020  
HPD02157400HPCPHT19920500260022300 00010  2500 00010  
HPD02157400HPCPHT19920500280071300 00020  1400 00010  1500 00010  1800 00010  1900 00010  2000 00010  2500 00070  
HPD02157400HPCPHT19920500290021400 00010  2500 00010  
HPD02157400HPCPHT19920600010020100 00000g 2500 00000  
HPD02157400HPCPHT19920600020031700 00020  1800 00040  2500 00060  
HPD02157400HPCPHT19920600030021500 00010  2500 00010  
HPD02157400HPCPHT19920600080020700 00010  2500 00010  
HPD02157400HPCPHT19920600220041300 00010  1400 00050  1600 00010  2500 00070  
HPD02157400HPCPHT19920700010020100 00000g 2500 00000  
HPD02157400HPCPHT19920700100041400 00020  1600 00010  2100 00020  2500 00050  
HPD02157400HPCPHT19920700110040800 00010  1900 00010  2200 00010  2500 00030  
HPD02157400HPCPHT19920700120020700 00010  2500 00010  
HPD02157400HPCPHT19920700240080500 00010  0600 00010  0700 00010  0800 00020  0900 00010  1000 00010  1200 00010  2500 00080  
HPD02157400HPCPHT19920700250021600 00010  2500 00010  
HPD02157400HPCPHT19920700300021700 00010  2500 00010  
HPD02157400HPCPHT19920800010020100 00000g 2500 00000  
HPD02157400HPCPHT19920800050040300 00010  0400 00030  1600 00010  2500 00050  
HPD02157400HPCPHT19920800060031300 00010  1700 00010  2500 00020  
HPD02157400HPCPHT19920800070041300 00010  1400 00010  1500 00010  2500 00030  
HPD02157400HPCPHT19920800080021600 00010  2500 00010  
HPD02157400HPCPHT19920800090021600 00010  2500 00010  
HPD02157400HPCPHT19920800120020900 00010  2500 00010  
HPD02157400HPCPHT19920800170031600 00010  2200 00010  2500 00020  
HPD02157400HPCPHT19920800200021500 00010  2500 00010  
HPD02157400HPCPHT19920800220080900 00010  1000 00040  1100 00020  1200 00010  1300 00020  1400 00010  1500 00010  2500 00120  
HPD02157400HPCPHT19920800230160100 00020  0200 00020  0400 00010  0600 00020  0700 00010  0800 00020  1000 00010  1100 00010  1200 00020  1300 00010  1400 00010  1500 00010  1600 00010  2200 00010  2400 00010  2500 00200  
HPD02157400HPCPHT19920800240040200 00020  0300 00010  0500 00010  2500 00040  
HPD02157400HPCPHT19920800310020100 00010  2500 00010  
HPD02157400HPCPHT19920900010020100 00000g 2500 00000  
HPD02157400HPCPHT19920900030021000 00010  2500 00010  
HPD02157400HPCPHT19920900150031000 00010  1500 00010  2500 00020  
HPD02157400HPCPHT19921000010020100 00000g 2500 00000  
HPD02157400HPCPHT19921000200022100 00010  2500 00010  
HPD02157400HPCPHT19921000230021700 00010  2500 00010  
HPD02157400HPCPHT19921000240031600 00010  1700 00010  2500 00020  
HPD02157400HPCPHT19921000280040600 00010  0700 00010  1000 00020  2500 00040  
HPD02157400HPCPHT19921000310040100 00010  0300 00010  0800 00010  2500 00030  
HPD02157400HPCPHT19921100010020100 00000g 2500 00000  
HPD02157400HPCPHT19921100100041500 00010  2000 00010  2400 00010  2500 00030  
HPD02157400HPCPHT19921100110020100 00010  2500 00010  
HPD02157400HPCPHT19921200010020100 00000g 2500 00000  
HPD02157400HPCPHT19921200040070100 00010  0400 00010  0600 00010  0700 00010  0800 00020  0900 99999a 2500 00060I 
HPD02157400HPCPHT19921200060020800 00240A 2500 00240P 
HPD02157400HPCPHT19921200080040400 00010  0600 00010  1100 00010  2500 00030  
HPD02157400HPCPHT19921200120021000 00010  2500 00010  
HPD02157400HPCPHT19921200130020800 00010  2500 00010  
HPD02157400HPCPHT19921200180022400 00010  2500 00010  
HPD02157400HPCPHT19921200240020900 99999[ 2500 00000I 
HPD02157400HPCPHT19921200310022400 99999] 2500 00000I 
HPD02157400HPCPHT19930100010020100 99999{ 2500 00000P 
HPD02157400HPCPHT19930100040021200 99999} 2500 00000P 
HPD02157400HPCPHT19930100050021200 00010  2500 00010  
HPD02157400HPCPHT19930100070080300 00010  1500 00010  1700 00010  1800 00010  2200 00010  2300 00020  2400 00010  2500 00080  
HPD02157400HPCPHT19930100080110100 00030  0200 00030  0300 00010  0400 00020  0500 00030  0600 00010  0700 00020  0800 00010  1000 00010  1600 00010  2500 00180  
HPD02157400HPCPHT19930100100041000 00010  2300 00010  2400 00020  2500 00040  
HPD02157400HPCPHT19930100110040100 00010  0200 00010  1100 00020  2500 00040  
HPD02157400HPCPHT19930100140031100 00010  1600 00010  2500 00020  
HPD02157400HPCPHT19930100160031600 00010  2200 00010  2500 00020  
HPD02157400HPCPHT19930100170070400 00010  0500 00010  0600 00010  0700 00010  0800 00010  1100 00010  2500 00060  
HPD02157400HPCPHT19930100180080600 00010  1000 00010  1200 00010  1500 00010  1600 00010  1900 00010  2000 00010  2500 00070  
HPD02157400HPCPHT19930100190030500 00010  1200 00020  2500 00030  
HPD02157400HPCPHT19930100300030300 00010  0900 00010  2500 00020  
HPD02157400HPCPHT19930100310021800 00010  2500 00010  
HPD02157400HPCPHT19930200010020100 00000g 2500 00000  
HPD02157400HPCPHT19930200080080700 00010  1000 00010  1400 00010  1600 00010  1700 00010  1900 00010  2100 00010  2500 00070  
HPD02157400HPCPHT19930200090031000 00010  2100 00010  2500 00020  
HPD02157400HPCPHT19930200100021300 00010  2500 00010  
HPD02157400HPCPHT19930200140071300 00010  1600 00010  1700 00010  1900 00010  2100 00010  2400 00010  2500 00060  
HPD02157400HPCPHT19930200180041900 00010  2200 00010  2400 00010  2500 00030  
HPD02157400HPCPHT19930200190110500 00010  0900 00010  1300 00010  1600 00010  1800 00020  2000 00010  2100 00020  2200 00010  2300 00010  2400 00010  2500 00120  
HPD02157400HPCPHT19930200200060100 00010  0400 00010  0500 00010  0700 00010  1600 00010  2500 00050  
HPD02157400HPCPHT19930200240021200 00010  2500 00010  
HPD02157400HPCPHT19930200280050600 00010  0800 00010  0900 00010  1000 00010  2500 00040  
HPD02157400HPCPHT19930300010020100 00000g 2500 00000  
HPD02157400HPCPHT19930300040020200 00010  2500 00010  
HPD02157400HPCPHT19930300180041900 00010  2000 00020  2100 99999a 2500 00030I 
HPD02157400HPCPHT19930300190020800 00020A 2500 00020P 
HPD02157400HPCPHT19930300230032000 00010  2200 00010  2500 00020  
HPD02157400HPCPHT19930300260041900 00010  2000 00010  2200 00010  2500 00030  
HPD02157400HPCPHT19930300270021600 00010  2500 00010  
HPD02157400HPCPHT19930300290050200 00010  0300 00020  0400 00010  0900 00010  2500 00050  
HPD02157400HPCPHT19930400010020100 00000g 2500 00000  
HPD02157400HPCPHT19930500010020100 00000g 2500 00000  
HPD02157400HPCPHT19930500040022200 00010  2500 00010  
HPD02157400HPCPHT19930500050020700 00010  2500 00010  
HPD02157400HPCPHT19930500120021700 00010  2500 00010  
HPD02157400HPCPHT19930500180021900 00010  2500 00010  
HPD02157400HPCPHT19930600010020100 00000g 2500 00000  
HPD02157400HPCPHT19930700010020100 00000g 2500 00000  
HPD02157400HPCPHT19930700110041600 00020  1700 00050  1800 00010  2500 00080  
HPD02157400HPCPHT19930700120021300 00020  2500 00020  
HPD02157400HPCPHT19930800010020100 00000g 2500 00000  
HPD02157400HPCPHT19930800020021600 00030  2500 00030  
HPD02157400HPCPHT19930800030021500 00010  2500 00010  
HPD02157400HPCPHT19930800040021300 00020  2500 00020  
HPD02157400HPCPHT19930800050021600 00010  2500 00010  
HPD02157400HPCPHT19930800070021300 00060  2500 00060  
HPD02157400HPCPHT19930800090031600 00010  1700 00010  2500 00020  
HPD02157400HPCPHT19930800100020200 00010  2500 00010  
HPD02157400HPCPHT19930800140021700 00010  2500 00010  
HPD02157400HPCPHT19930800180051200 00010  1800 00010  1900 00020  2000 00010  2500 00050  
HPD02157400HPCPHT19930800200050300 00010  0400 00010  0600 00010  2300 00010  2500 00040  
HPD02157400HPCPHT19930800250041400 00040  1500 00030  2300 00010  2500 00080  
HPD02157400HPCPHT19930800260040100 00010  1300 00010  1900 00010  2500 00030  
HPD02157400HPCPHT19930800270090200 00010  0400 00010  0600 00010  0700 00010  0800 00010  1000 00010  1100 00020  1200 99999{ 2500 00080P 
HPD02157400HPCPHT19930800310022400 99999} 2500 00000P 
HPD02157400HPCPHT19930900010030100 99999{ 1500 99999} 2500 00000P 
HPD02157400HPCPHT19930900130041500 00010  1600 00010  1700 00020  2500 00040  
HPD02157400HPCPHT19931000010020100 00000g 2500 00000  
HPD02157400HPCPHT19931000040021000 99999{ 2500 00000P 
HPD02157400HPCPHT19931000310022400 99999} 2500 00000P 
HPD02157402HPCPHT19931100010030100 00000g 1100 99999{ 2500 00000P 
HPD02157402HPCPHT19931100300022400 99999} 2500 00000P 
HPD02157402HPCPHT19931200010020100 00000g 2500 00000  
HPD02157402HPCPHT19931200120030300 00010  1200 00020  2500 00030  
HPD02157402HPCPHT19931200150021400 00010  2500 00010  
HPD02157402HPCPHT19940100010020100 00000g 2500 00000  
HPD02157402HPCPHT19940100250021900 00020  2500 00020  
HPD02157402HPCPHT19940100280020300 00010  2500 00010  
HPD02157402HPCPHT19940100300022100 00010  2500 00010  
HPD02157402HPCPHT19940200010020100 00000g 2500 00000  
HPD02157402HPCPHT19940200080060100 00020  0200 00010  0500 00010  0600 99999a 0800 00030A 2500 00070  
HPD02157402HPCPHT19940200170022300 00010  2500 00010  
HPD02157402HPCPHT19940200180050100 00010  0400 00010  0500 99999a 0800 00050A 2500 00070  
HPD02157402HPCPHT19940300010020100 00000g 2500 00000  
HPD02157402HPCPHT19940300070041400 00010  1500 00010  1600 00010  2500 00030  
HPD02157402HPCPHT19940300120021400 00010  2500 00010  
HPD02157402HPCPHT19940300190031800 00010  1900 00020  2500 00030  
HPD02157402HPCPHT19940300200020900 00010  2500 00010  
HPD02157402HPCPHT19940300210021200 99999{ 2500 00000P 
HPD02157402HPCPHT19940300310022400 99999} 2500 00000P 
HPD02157402HPCPHT19940400010020100 00000g 2500 00000  
HPD02157402HPCPHT19940400100040300 00010  0500 00010  1000 00010  2500 00030  
HPD02157402HPCPHT19940400240031800 00010  2000 00010  2500 00020  
HPD02157402HPCPHT19940400250030300 00010  0800 00010  2500 00020  
HPD02157402HPCPHT19940400260060300 00010  0500 00010  1800 00010  2100 00010  2300 00010  2500 00050  
HPD02157402HPCPHT19940400270030200 00010  0500 00010  2500 00020  
HPD02157402HPCPHT19940500010020100 00000g 2500 00000  
HPD02157402HPCPHT19940500090021700 00010  2500 00010  
HPD02157402HPCPHT19940500110030700 00010  0800 00020  2500 00030  
HPD02157402HPCPHT19940500120021500 00010  2500 00010  
HPD02157402HPCPHT19940500240051600 00010  1800 00010  2200 00020  2300 00010  2500 00050  
HPD02157402HPCPHT19940500250030200 00010  1900 00010  2500 00020  
HPD02157402HPCPHT19940600010020100 00000g 2500 00000  
HPD02157402HPCPHT19940600190021100 00010  2500 00010  
HPD02157402HPCPHT19940600200041400 00010  1800 00010  1900 00010  2500 00030  
HPD02157402HPCPHT19940700010040100 00000g 1700 00010  1800 00010  2500 00020  
HPD02157402HPCPHT19940700020021700 00010  2500 00010  
HPD02157402HPCPHT19940700180021500 00010  2500 00010  
HPD02157402HPCPHT19940700220021300 00010  2500 00010  
HPD02157402HPCPHT19940700230022100 00010  2500 00010  
HPD02157402HPCPHT19940700240021400 00010  2500 00010  
HPD02157402HPCPHT19940700300040900 00010  1500 00020  1700 00010  2500 00040  
HPD02157402HPCPHT19940800010050100 00000g 1200 00010  1400 00030  1500 00010  2500 00050  
HPD02157402HPCPHT19940800050021500 00020  2500 00020  
HPD02157402HPCPHT19940800070041500 00030  1900 00010  2000 00010  2500 00050  
HPD02157402HPCPHT19940800080030600 00000  0700 00010  2500 00010  
HPD02157402HPCPHT19940800090051000 00010  1300 00010  1400 00010  1500 00010  2500 00040  
HPD02157402HPCPHT19940800100031400 00010  1900 00010  2500 00020  
HPD02157402HPCPHT19940800120031700 00010  2100 00010  2500 00020  
HPD02157402HPCPHT19940800140021100 00010  2500 00010  
HPD02157402HPCPHT19940800170041400 00010  1500 00040  1800 00010  2500 00060  
HPD02157402HPCPHT19940800190031500 00020  1600 00010  2500 00030  
HPD02157402HPCPHT19940800280031800 00020  1900 00020  2500 00040  
HPD02157402HPCPHT19940800300022300 00010  2500 00010  
HPD02157402HPCPHT19940900010020100 00000g 2500 00000  
HPD02157402HPCPHT19940900020042000 00020  2100 00020  2300 00010  2500 00050  
HPD02157402HPCPHT19940900030050200 00010  0300 00010  0400 00010  0500 00010  2500 00040  
HPD02157402HPCPHT19940900040021400 00010  2500 00010  
HPD02157402HPCPHT19940900050020800 00010  2500 00010  
HPD02157402HPCPHT19940900200021800 00010  2500 00010  
HPD02157402HPCPHT19941000010020100 00000g 2500 00000  
HPD02157402HPCPHT19941000140050200 00010  0600 00010  0800 00010  1000 00010  2500 00040  
HPD02157402HPCPHT19941000150080800 00010  0900 00010  1000 00020  1100 00020  1200 00020  1300 00010  2100 00010  2500 00100  
HPD02157402HPCPHT19941000160021900 00010  2500 00010  
HPD02157402HPCPHT19941000250021800 00010  2500 00010  
HPD02157402HPCPHT19941100010020100 00000g 2500 00000  
HPD02157402HPCPHT19941100020021900 00010  2500 00010  
HPD02157402HPCPHT19941100030060300 00010  0600 00010  0900 00010  1500 00010  2400 00010  2500 00050  
HPD02157402HPCPHT19941100040020300 00010  2500 00010  
HPD02157402HPCPHT19941100080020200 00010  2500 00010  
HPD02157402HPCPHT19941100110022200 00010  2500 00010  
HPD02157402HPCPHT19941100120100100 00010  0200 00010  0300 00010  0500 00010  0600 00010  0700 00010  0800 00010  0900 00010  1100 00010  2500 00090  
HPD02157402HPCPHT19941100160032100 00010  2200 00010  2500 00020  
HPD02157402HPCPHT19941100190020600 00010  2500 00010  
HPD02157402HPCPHT19941100260021900 00010  2500 00010  
HPD02157402HPCPHT19941200010020100 00000g 2500 00000  
HPD02157402HPCPHT19941200050030900 00010  2300 00010  2500 00020  
HPD02157402HPCPHT19941200060030300 00010  0400 00010  2500 00020  
HPD02157402HPCPHT19941200180030400 00010  1700 99999{ 2500 00010P 
HPD02157402HPCPHT19941200310022400 99999} 2500 00000P 
HPD02157402HPCPHT19950100010020100 00000g 2500 00000  
HPD02157402HPCPHT19950100040021800 00010  2500 00010  
HPD02157402HPCPHT19950100050080200 00010  0400 00010  0500 00010  1000 00010  1300 00010  1400 00010  1500 00010  2500 00070  
HPD02157402HPCPHT19950100060031100 00010  1200 00020  2500 00030  
HPD02157402HPCPHT19950100070021100 00010  2500 00010  
HPD02157402HPCPHT19950100130031300 00000  1400 00000  2500 00000  
HPD02157402HPCPHT19950100250022100 00010  2500 00010  
HPD02157402HPCPHT19950100260060400 00010  0800 00010  0900 99999a 1200 00040A 1700 00010  2500 00070  
HPD02157402HPCPHT19950200010020100 00000g 2500 00000  
HPD02157402HPCPHT19950200140070900 00010  1000 99999a 1200 00060A 1800 00010  2300 00010  2400 00010  2500 00100  
HPD02157402HPCPHT19950200150050400 00010  0600 00010  1200 00010  1700 00010  2500 00040  
HPD02157402HPCPHT19950200200021500 00010  2500 00010  
HPD02157402HPCPHT19950200220022300 00010  2500 00010  
HPD02157402HPCPHT19950200240031400 00010  2300 00010  2500 00020  
HPD02157402HPCPHT19950200280022100 00010  2500 00010  
HPD02157402HPCPHT19950300010020100 00000g 2500 00000  
HPD02157402HPCPHT19950300020021000 99999[ 2500 00000I 
HPD02157402HPCPHT19950300150021400 99999] 2500 00000I 
HPD02157402HPCPHT19950400010020100 00000g 2500 00000  
HPD02157402HPCPHT19950400170020500 00010  2500 00010  
HPD02157402HPCPHT19950400210050200 00010  0500 00010  1100 00010  1200 00010  2500 00040  
HPD02157402HPCPHT19950500010020100 00000g 2500 00000  
HPD02157402HPCPHT19950600010020100 00000g 2500 00000  
HPD02157402HPCPHT19950700010020100 00000g 2500 00000  
HPD02157402HPCPHT19950700130051000 00040  1900 00010  2000 00020  2100 00010  2500 00080  
HPD02157402HPCPHT19950800010020100 00000g 2500 00000  
HPD02157402HPCPHT19950800070041700 00010  1800 00010  2000 00010  2500 00030  
HPD02157402HPCPHT19950800080021800 00010  2500 00010  
HPD02157402HPCPHT19950800130020900 99999{ 2500 00000P 
HPD02157402HPCPHT19950800150020800 99999} 2500 00000P 
HPD02157402HPCPHT19950800190041500 00010  1900 00010  2300 00010  2500 00030  
HPD02157402HPCPHT19950800200020800 00010  2500 00010  
HPD02157402HPCPHT19950800230041200 00080  1800 00020  2000 00010  2500 00110  
HPD02157402HPCPHT19950800240031400 00040  1500 00010  2500 00050  
HPD02157402HPCPHT19950800250021400 00010  2500 00010  
HPD02157402HPCPHT19950800280021400 00010  2500 00010  
HPD02157402HPCPHT19950800290041400 00030  1500 00030  2000 00030  2500 00090  
HPD02157402HPCPHT19950900010020100 00000g 2500 00000  
HPD02157402HPCPHT19950900080051400 00010  1600 00030  1700 00010  2000 00010  2500 00060  
HPD02157402HPCPHT19950900140021900 00020  2500 00020  
HPD02157402HPCPHT19950900280050300 00010  0500 00010  0700 00030  0800 00010  2500 00060  
HPD02157402HPCPHT19950900290020300 00010  2500 00010  
HPD02157402HPCPHT19951000010020100 00000g 2500 00000  
HPD02157402HPCPHT19951000310022400 00000  2500 00000  
HPD02157402HPCPHT19951100010040100 00000g 2200 00010  2300 00010  2500 00020  
HPD02157402HPCPHT19951100020030500 00010  1900 00010  2500 00020  
HPD02157402HPCPHT19951100040020900 00010  2500 00010  
HPD02157402HPCPHT19951200010020100 00000g 2500 00000  
HPD02157402HPCPHT19951200140020600 00010  2500 00010  
HPD02157402HPCPHT19951200160022400 00010  2500 00010  
HPD02157402HPCPHT19951200170070300 00010  0600 00010  0900 00010  1300 00010  1700 00010  1900 00010  2500 00060  
HPD02157402HPCPHT19951200210021000 00010  2500 00010  
HPD02157402HPCPHT19951200240020200 00010  2500 00010  
HPD02157402HPCPHT19960100010020100 00000g 2500 00000  
HPD02157402HPCPHT19960100170020700 00010  2500 00010  
HPD02157402HPCPHT19960100220031500 00010  2300 00010  2500 00020  
HPD02157402HPCPHT19960200010020100 00000g 2500 00000  
HPD02157402HPCPHT19960200250031000 00010  2400 00010  2500 00020  
HPD02157402HPCPHT19960200260070100 00020  0200 00020  0900 00010  1200 00010  1900 00010  2400 00010  2500 00080  
HPD02157402HPCPHT19960200270021100 00010  2500 00010  
HPD02157402HPCPHT19960300010020100 00000g 2500 00000  
HPD02157402HPCPHT19960300130040800 00010  0900 00010  1600 00010  2500 00030  
HPD02157402HPCPHT19960300140021800 00010  2500 00010  
HPD02157402HPCPHT19960300150020900 00010  2500 00010  
HPD02157402HPCPHT19960400010020100 00000g 2500 00000  
HPD02157402HPCPHT19960500010020100 00000g 2500 00000  
HPD02157402HPCPHT19960500250020700 00010  2500 00010  
HPD02157402HPCPHT19960600010020100 00000g 2500 00000  
HPD02157402HPCPHT19960600130021000 00010  2500 00010  
HPD02157402HPCPHT19960600140020900 00010  2500 00010  
HPD02157402HPCPHT19960600220021200 00010  2500 00010  
HPD02157402HPCPHT19960700010020100 00000g 2500 00000  
HPD02157402HPCPHT19960700030021600 99999[ 2500 00000I 
HPD02157402HPCPHT19960700310022400 99999] 2500 00000I 
HPD02157402HPCPHT19960800010020100 99999[ 2500 00000I 
HPD02157402HPCPHT19960800020041200 99999] 1400 00030  1500 99999{ 2500 00030P 
HPD02157402HPCPHT19960800030020800 99999} 2500 00000P 
HPD02157402HPCPHT19960800080021600 00010  2500 00010  
HPD02157402HPCPHT19960800150021300 00010  2500 00010  
HPD02157402HPCPHT19960800200041300 00010  1400 00010  1500 00010  2500 00030  
HPD02157402HPCPHT19960800210031400 00010  1600 00010  2500 00020  
HPD02157402HPCPHT19960800230031700 00020  1800 00010  2500 00030  
HPD02157402HPCPHT19960800250021200 00010  2500 00010  
HPD02157402HPCPHT19960800290022000 00010  2500 00010  
HPD02157402HPCPHT19960900010030100 00000g 1000 99999{ 2500 00000P 
HPD02157402HPCPHT19960900120030900 99999} 1000 99999[ 2500 00000P 
HPD02157402HPCPHT19960900300022400 99999] 2500 00000I 
HPD02157402HPCPHT19961000010020100 99999[ 2500 00000I 
HPD02157402HPCPHT19961000040021400 99999] 2500 00000I 
HPD02157402HPCPHT19961000250031200 00010  1400 00010  2500 00020  
HPD02157402HPCPHT19961000260040300 00010  1200 00010  1600 00010  2500 00030  
HPD02157402HPCPHT19961000280021600 00010  2500 00010  
HPD02157402HPCPHT19961000290030800 99999{ 1300 99999} 2500 00000P 
HPD02157402HPCPHT19961100010020100 00000g 2500 00000  
HPD02157402HPCPHT19961100030021600 00010  2500 00010  
HPD02157402HPCPHT19961100150021800 00010  2500 00010  
HPD02157402HPCPHT19961100160030300 00010  1100 00010  2500 00020  
HPD02157402HPCPHT19961100220031700 00010  2400 00010  2500 00020  
HPD02157402HPCPHT19961100230020500 99999{ 2500 00000P 
HPD02157402HPCPHT19961100300022400 99999} 2500 00000P 
HPD02157402HPCPHT19961200010020100 99999{ 2500 00000P 
HPD02157402HPCPHT19961200310022400 99999} 2500 00000P 
HPD02157402HPCPHT19970100010020100 99999{ 2500 00000P 
HPD02157402HPCPHT19970100020030900 99999} 1000 99999{ 2500 00000P 
HPD02157402HPCPHT19970100310022400 99999} 2500 00000P 
HPD02157402HPCPHT19970200010020100 99999{ 2500 00000P 
HPD02157402HPCPHT19970200040031600 99999} 1700 99999{ 2500 00000P 
HPD02157402HPCPHT19970200280022400 99999} 2500 00000P 
HPD02157402HPCPHT19970300010020100 99999{ 2500 00000P 
HPD02157402HPCPHT19970300040021700 99999} 2500 00000P 
HPD02157402HPCPHT19970300070031300 99999{ 1400 99999} 2500 00000P 
HPD02157402HPCPHT19970300090022400 99999{ 2500 00000P 
HPD02157402HPCPHT19970300100020600 99999} 2500 00000P 
HPD02157402HPCPHT19970300270031100 99999{ 1200 99999} 2500 00000P 
HPD02157402HPCPHT19970400010030100 00000g 0900 99999{ 2500 00000P 
HPD02157402HPCPHT19970400210031400 99999} 1500 99999[ 2500 00000P 
HPD02157402HPCPHT19970400300022400 99999] 2500 00000I 
HPD02157402HPCPHT19970500010030100 99999[ 1900 99999] 2500 00000I 
HPD02157402HPCPHT19970500090020700 00010  2500 00010  
HPD02157402HPCPHT19970500120020700 00010  2500 00010  
HPD02157402HPCPHT19970500170031300 00010  1500 00010  2500 00020  
HPD02157402HPCPHT19970500180031500 00010  1600 00010  2500 00020  
HPD02157402HPCPHT19970500190041800 00010  1900 00010  2000 00030  2500 00050  
HPD02157402HPCPHT19970500200020800 00010  2500 00010  
HPD02157402HPCPHT19970500220020800 00010  2500 00010  
HPD02157402HPCPHT19970600010020100 00000g 2500 00000  
HPD02157402HPCPHT19970600060021800 00010  2500 00010  
HPD02157402HPCPHT19970600070050800 00010  1300 00020  1500 00010  1600 00010  2500 00050  
HPD02157402HPCPHT19970700010020100 00010  2500 00010  
HPD02157402HPCPHT19970700200021800 00010  2500 00010  
HPD02157402HPCPHT19970700260021600 00010  2500 00010  
HPD02157402HPCPHT19970700270032300 00010  2400 00020  2500 00030  
HPD02157402HPCPHT19970700300020900 00010  2500 00010  
HPD02157402HPCPHT19970800010020100 00000g 2500 00000  
HPD02157402HPCPHT19970800040042000 00010  2100 00010  2400 00010  2500 00030  
HPD02157402HPCPHT19970800050021500 00030  2500 00030  
HPD02157402HPCPHT19970800080031600 00010  2000 00010  2500 00020  
HPD02157402HPCPHT19970800090031600 00010  1700 00010  2500 00020  
HPD02157402HPCPHT19970800100020900 00010  2500 00010  
HPD02157402HPCPHT19970800110020200 00010  2500 00010  
HPD02157402HPCPHT19970800140021700 00010  2500 00010  
HPD02157402HPCPHT19970800210031500 00010  2200 00010  2500 00020  
HPD02157402HPCPHT19970800230021400 00010  2500 00010  
HPD02157402HPCPHT19970800240021300 00010  2500 00010  
HPD02157402HPCPHT19970800290061200 00020  1500 00010  1600 00030  1800 00010  1900 00010  2500 00080  
HPD02157402HPCPHT19970800300031400 00010  1900 00010  2500 00020  
HPD02157402HPCPHT19970800310031000 00020  1700 00010  2500 00030  
HPD02157402HPCPHT19970900010020100 00000g 2500 00000  
HPD02157402HPCPHT19970900020021700 00010  2500 00010  
HPD02157402HPCPHT19970900050031300 00010  1400 00080  2500 00090  
HPD02157402HPCPHT19970900060021600 00010  2500 00010  
HPD02157402HPCPHT19970900110051400 00010  1500 00010  1600 00010  1700 00010  2500 00040  
HPD02157402HPCPHT19970900150050900 00010  1100 00010  1200 00020  1800 00010  2500 00050  
HPD02157402HPCPHT19970900300031000 99999[ 2400 99999] 2500 00000I 
HPD02157402HPCPHT19971000010020100 99999[ 2500 00000I 
HPD02157402HPCPHT19971000310022400 99999] 2500 00000I 
HPD02157402HPCPHT19971100010020100 99999[ 2500 00000I 
HPD02157402HPCPHT19971100300022400 99999] 2500 00000I 
HPD02157402HPCPHT19971200010020100 99999[ 2500 00000I 
HPD02157402HPCPHT19971200310022400 99999] 2500 00000I 
HPD02157402HPCPHT19980100010020100 99999[ 2500 00000I 
HPD02157402HPCPHT19980100310022400 99999] 2500 00000I 
HPD02157402HPCPHT19980200010020100 99999[ 2500 00000I 
HPD02157402HPCPHT19980200280022400 99999] 2500 00000I 
HPD02157402HPCPHT19980300010020100 99999[ 2500 00000I 
HPD02157402HPCPHT19980300310022400 99999] 2500 00000I 
HPD02157402HPCPHT19980400010020100 99999[ 2500 00000I 
HPD02157402HPCPHT19980400300022400 99999] 2500 00000I 
HPD02157402HPCPHT19980500010020100 00000g 2500 00000  
HPD02157402HPCPHT19980500140021700 00010 R2500 00010 R
HPD02157402HPCPHT19980500150031300 00010 R1700 00010 R2500 00020 R
HPD02157402HPCPHT19980600010020100 00000g 2500 00000  
HPD02157402HPCPHT19980700010020100 00000g 2500 00000  
HPD02157402HPCPHT19980700080020100 00010  2500 00010  
HPD02157402HPCPHT19980700100020900 00020  2500 00020  
HPD02157402HPCPHT19980700180022200 00010  2500 00010  
HPD02157402HPCPHT19980700190041800 00010  2000 00020  2100 00010  2500 00040  
HPD02157402HPCPHT19980700220080800 00020  1200 00020  1300 00030  1400 00010  1500 00030  1600 00010  1700 00010  2500 00130  
HPD02157402HPCPHT19980700230050900 00010  1100 00010  1200 00010  1300 00050  2500 00080  
HPD02157402HPCPHT19980700240031600 00010  2300 99999{ 2500 00010P 
HPD02157402HPCPHT19980700310022400 99999} 2500 00000P 
HPD02157402HPCPHT19980800010020100 99999{ 2500 00000P 
HPD02157402HPCPHT19980800140032300 99999} 2400 99999[ 2500 00000P 
HPD02157402HPCPHT19980800200030400 99999] 0600 00010  2500 00010I 
HPD02157402HPCPHT19980800220020800 00010  2500 00010  
HPD02157402HPCPHT19980800240031400 00010  1800 00010  2500 00020  
HPD02157402HPCPHT19980800310021500 00030  2500 00030  
HPD02157402HPCPHT19980900010030100 00000g 0900 00020  2500 00020  
HPD02157402HPCPHT19980900020021400 00010  2500 00010  
HPD02157402HPCPHT19980900040020700 00010  2500 00010  
HPD02157402HPCPHT19980900050031300 00010  2000 00010  2500 00020  
HPD02157402HPCPHT19980900110050700 00010  2000 00010  2100 00010  2200 00010  2500 00040  
HPD02157402HPCPHT19981000010020100 00000g 2500 00000  
HPD02157402HPCPHT19981000210030400 00010  0500 00010  2500 00020  
HPD02157402HPCPHT19981000220021100 00010  2500 00010  
HPD02157402HPCPHT19981000250071000 00010  1100 00020  1200 00020  1800 00010  2100 00010  2400 00010  2500 00080  
HPD02157402HPCPHT19981000260050500 00020  0600 00010  1100 00020  1300 00010  2500 00060  
HPD02157402HPCPHT19981000310040500 00010  1000 00010  1400 00010  2500 00030  
HPD02157402HPCPHT19981100010020100 00000g 2500 00000  
HPD02157402HPCPHT19981100080071900 00010  2000 00010  2100 00010  2200 00010  2300 00010  2400 00010  2500 00060  
HPD02157402HPCPHT19981100090020600 00040  2500 00040  
HPD02157402HPCPHT19981100280081100 00010  1300 00020  1500 00010  1600 00010  1800 00010  2000 00010  2200 00010  2500 00080  
HPD02157402HPCPHT19981100290030100 00010  0200 00010  2500 00020  
HPD02157402HPCPHT19981200010020100 00000g 2500 00000  
HPD02157402HPCPHT19981200020061600 00010  1700 00010  1800 00010  1900 00010  2100 00010  2500 00050  
HPD02157402HPCPHT19981200050020700 00010  2500 00010  
HPD02157402HPCPHT19981200060021700 00010  2500 00010  
HPD02157402HPCPHT19981200120021100 00010  2500 00010  
