HPD02788400HPCPHI19480700010040100 00000g 1300 99999[ 2400 99999] 2500 00000I 
HPD02788400HPCPHI19480700220111400 00001  1600 00001  1700 00007  1800 00004  1900 00001  2000 00044  2100 00010  2200 00006  2300 00006  2400 00001  2500 00081  
HPD02788400HPCPHI19480700230040100 00003  0600 00001  0900 99999[ 2500 00004I 
HPD02788400HPCPHI19480700310022400 99999] 2500 00000I 
HPD02788400HPCPHI19480800010020100 99999[ 2500 00000I 
HPD02788400HPCPHI19480800310022400 99999] 2500 00000I 
HPD02788400HPCPHI19480900010020100 99999[ 2500 00000I 
HPD02788400HPCPHI19480900220021100 99999] 2500 00000I 
HPD02788400HPCPHI19481000010040100 00000g 1300 99999[ 2400 99999] 2500 00000I 
HPD02788400HPCPHI19481000170030100 99999a 2000 00021A 2500 00021  
HPD02788400HPCPHI19481000290021200 99999[ 2500 00000I 
HPD02788400HPCPHI19481000310022400 99999] 2500 00000I 
HPD02788400HPCPHI19481100010040100 00000g 1300 99999[ 2400 99999] 2500 00000I 
HPD02788400HPCPHI19481200010040100 00000g 1300 99999[ 2400 99999] 2500 00000I 
HPD02788400HPCPHI19481200220081300 00003  1400 00003  2000 00001  2100 00006  2200 00007  2300 00002  2400 00004  2500 00026  
HPD02788400HPCPHI19481200230090100 00006  0200 00005  0300 00005  0400 00012  0500 00006  0600 00001  0700 00001  1100 00001  2500 00037  
HPD02788400HPCPHI19481200270050700 00002  0800 00010  0900 00007  1000 00002  2500 00021  
HPD02788400HPCPHI19490100010040100 00000g 1300 99999[ 2400 99999] 2500 00000I 
HPD02788400HPCPHI19490100090031500 00006  1600 00003  2500 00009  
HPD02788400HPCPHI19490100100041000 00001  1100 00004  1200 00004  2500 00009  
HPD02788400HPCPHI19490100110040400 00002  0500 00001  0600 00001  2500 00004  
HPD02788400HPCPHI19490100120041400 00002  1600 00002  1700 00001  2500 00005  
HPD02788400HPCPHI19490100130090200 00001  0300 00001  0400 00001  0500 00004  0600 00006  1200 00001  1300 00001  1600 00002  2500 00017  
HPD02788400HPCPHI19490100140030400 00001  0500 00003  2500 00004  
HPD02788400HPCPHI19490100190041200 00002  1300 00003  1400 00001  2500 00006  
HPD02788400HPCPHI19490100230041600 00007  1700 00011  1800 00011  2500 00029  
HPD02788400HPCPHI19490100250150900 00002  1000 00007  1100 00010  1200 00005  1300 00006  1400 00011  1500 00014  1600 00009  1700 00012  1800 00006  1900 00003  2100 00002  2200 00001  2400 00005  2500 00093  
HPD02788400HPCPHI19490100260030200 00001  0400 00001  2500 00002  
HPD02788400HPCPHI19490200010040100 00000g 1300 99999[ 2400 99999] 2500 00000I 
HPD02788400HPCPHI19490300010040100 00000g 1300 99999[ 2400 99999] 2500 00000I 
HPD02788400HPCPHI19490300310060800 00001  0900 00003  1100 00001  1200 00001  1400 00001  2500 00007  
HPD02788400HPCPHI19490400010110100 00000g 0200 00003  0300 00007  0400 00006  0500 00007  0600 00007  0700 00001  0800 00002  0900 00003  1000 00001  2500 00037  
HPD02788400HPCPHI19490400020041500 00002  1600 00001  1800 00002  2500 00005  
HPD02788400HPCPHI19490500010040100 00000g 1300 99999[ 2400 99999] 2500 00000I 
HPD02788400HPCPHI19490500170042000 00010  2100 00010  2200 00005  2500 00025  
HPD02788400HPCPHI19490600010040100 00000g 1300 99999[ 2400 99999] 2500 00000I 
HPD02788400HPCPHI19490700010040100 00000g 1300 99999[ 2400 99999] 2500 00000I 
HPD02788400HPCPHI19490700020040800 00001  1400 00006  1900 00001  2500 00008  
HPD02788400HPCPHI19490700100021700 00030  2500 00030  
HPD02788400HPCPHI19490700110042000 00025  2100 00004  2200 00001  2500 00030  
HPD02788400HPCPHI19490700150022000 00001  2500 00001  
HPD02788400HPCPHI19490800010040100 00000g 1300 99999[ 2400 99999] 2500 00000I 
HPD02788400HPCPHI19490800060032200 00004  2300 00001  2500 00005  
HPD02788400HPCPHI19490800070060400 00001  0500 00001  0600 00016  0700 00005  0800 00002  2500 00025  
HPD02788400HPCPHI19490900010040100 00000g 1300 99999[ 2400 99999] 2500 00000I 
HPD02788400HPCPHI19490900110021800 00004  2500 00004  
HPD02788400HPCPHI19490900130021200 00019  2500 00019  
HPD02788400HPCPHI19490900270021100 00004  2500 00004  
HPD02788400HPCPHI19491000010040100 00000g 1300 99999[ 2400 99999] 2500 00000I 
HPD02788400HPCPHI19491000040020600 00002  2500 00002  
HPD02788400HPCPHI19491000160041800 00012  2200 00001  2300 00002  2500 00015  
HPD02788400HPCPHI19491000180030800 00001  0900 00034  2500 00035  
HPD02788400HPCPHI19491100010040100 00000g 1300 99999[ 2400 99999] 2500 00000I 
HPD02788400HPCPHI19491100100041500 00001  1600 00014  1700 00005  2500 00020  
HPD02788400HPCPHI19491200010040100 00000g 1300 99999[ 2400 99999] 2500 00000I 
HPD02788400HPCPHI19491200090041900 00001  2100 00001  2400 00001  2500 00003  
HPD02788400HPCPHI19491200100100500 00001  0700 00001  0800 00018  0900 00013  1100 00002  1200 00001  1300 00004  1400 00002  1500 00001  2500 00043  
HPD02788400HPCPHI19491200190031600 00003  1700 00001  2500 00004  
HPD02788400HPCPHI19500100010040100 00000g 1300 99999[ 2400 99999] 2500 00000I 
HPD02788400HPCPHI19500200010040100 00000g 1300 99999[ 2400 99999] 2500 00000I 
HPD02788400HPCPHI19500200070030500 00002  0600 00001  2500 00003  
HPD02788400HPCPHI19500200110060500 00009  0600 00005  0800 00018  0900 00002  1000 00003  2500 00037  
HPD02788400HPCPHI19500200260032100 00003  2200 00003  2500 00006  
HPD02788400HPCPHI19500200270030300 00002  0400 00002  2500 00004  
HPD02788400HPCPHI19500300010020100 00000g 2500 00000  
HPD02788400HPCPHI19500400010040100 00000g 1300 99999[ 2400 99999] 2500 00000I 
HPD02788400HPCPHI19500500010040100 00000g 1300 99999[ 2400 99999] 2500 00000I 
HPD02788400HPCPHI19500600010040100 00000g 1300 99999[ 2400 99999] 2500 00000I 
HPD02788400HPCPHI19500700010040100 00000g 1300 99999[ 2400 99999] 2500 00000I 
HPD02788400HPCPHI19500700030032000 00024  2100 00020  2500 00044  
HPD02788400HPCPHI19500700040052100 00004  2200 00001  2300 00002  2400 00002  2500 00009  
HPD02788400HPCPHI19500700050040200 00001  0300 00002  0400 00003  2500 00006  
HPD02788400HPCPHI19500700080031400 00023  1500 00002  2500 00025  
HPD02788400HPCPHI19500700230052100 00004  2200 00003  2300 00005  2400 00005  2500 00017  
HPD02788400HPCPHI19500700240060100 00002  0200 00001  0300 00005  0400 00003  0500 00002  2500 00013  
HPD02788400HPCPHI19500800010020100 00000g 2500 00000  
HPD02788400HPCPHI19500800110051600 00004  1700 00015  1800 00001  1900 00008  2500 00028  
HPD02788400HPCPHI19500800240061600 00005  1700 00014  1800 00001  1900 00008  2000 00002  2500 00030  
HPD02788400HPCPHI19500900010020100 00000g 2500 00000  
HPD02788400HPCPHI19500900020031600 00004  1700 00001  2500 00005  
HPD02788400HPCPHI19500900050042000 00003  2100 00013  2200 00001  2500 00017  
HPD02788400HPCPHI19500900070021700 00021  2500 00021  
HPD02788400HPCPHI19501000010040100 00000g 1300 99999[ 2400 99999] 2500 00000I 
HPD02788400HPCPHI19501100010020100 00000g 2500 00000  
HPD02788400HPCPHI19501200010020100 00000g 2500 00000  
HPD02788400HPCPHI19510100010020100 00000g 2500 00000  
HPD02788400HPCPHI19510100110042000 00006  2100 00011  2200 00008  2500 00025  
HPD02788400HPCPHI19510100120061300 00001  1400 00001  1500 00006  1600 00006  1700 00001  2500 00015  
HPD02788400HPCPHI19510100290081700 00002  1800 00003  1900 00018  2000 00006  2100 00009  2300 00001  2400 00001  2500 00040  
HPD02788400HPCPHI19510100300100100 00002  0200 00002  0300 00003  0500 00004  0600 00001  0800 00001  1200 00002  1300 00004  1400 00001  2500 00020  
HPD02788400HPCPHI19510200010040100 00000g 1300 99999[ 2400 99999] 2500 00000I 
HPD02788400HPCPHI19510200190030600 00002  0700 00002  2500 00004  
HPD02788400HPCPHI19510300010030100 00000g 1300 99999[ 2500 00000I 
HPD02788400HPCPHI19510300310022400 99999] 2500 00000I 
HPD02788400HPCPHI19510400010020100 99999[ 2500 00000I 
HPD02788400HPCPHI19510400300022400 99999] 2500 00000I 
HPD02788400HPCPHI19510500010020100 99999[ 2500 00000I 
HPD02788400HPCPHI19510500090021100 99999] 2500 00000I 
HPD02788400HPCPHI19510500140031300 00002  1400 00008  2500 00010  
HPD02788400HPCPHI19510500150020200 00001  2500 00001  
HPD02788400HPCPHI19510600010020100 00000g 2500 00000  
HPD02788400HPCPHI19510700010020100 00000g 2500 00000  
HPD02788400HPCPHI19510800010020100 00000g 2500 00000  
HPD02788400HPCPHI19510900010020100 00000g 2500 00000  
HPD02788400HPCPHI19511000010030100 00000g 1100 00005  2500 00005  
HPD02788400HPCPHI19511000250021800 00010  2500 00010  
HPD02788400HPCPHI19511000300110600 00007  0700 00005  0800 00008  0900 00010  1000 00002  1100 00018  1200 00005  1300 00060  1400 00005  1700 00048  2500 00168  
HPD02788400HPCPHI19511100010020100 00000g 2500 00000  
HPD02788400HPCPHI19511100220070100 00002  0200 00002  0300 00005  0400 00006  0500 00004  0600 00008  2500 00027  
HPD02788400HPCPHI19511200010020100 00000g 2500 00000  
HPD02788400HPCPHI19511200120021300 99999[ 2500 00000I 
HPD02788400HPCPHI19511200130020800 99999] 2500 00000I 
HPD02788400HPCPHI19511200190021300 99999[ 2500 00000I 
HPD02788400HPCPHI19511200200020800 99999] 2500 00000I 
HPD02788400HPCPHI19511200280021900 99999[ 2500 00000I 
HPD02788400HPCPHI19511200310022400 99999] 2500 00000I 
HPD02788400HPCPHI19520100010020100 99999[ 2500 00000I 
HPD02788400HPCPHI19520100310022400 99999] 2500 00000I 
HPD02788400HPCPHI19520200010020100 00000g 2500 00000  
HPD02788400HPCPHI19520200090021900 99999[ 2500 00000I 
HPD02788400HPCPHI19520200110021900 99999] 2500 00000I 
HPD02788400HPCPHI19520200290031900 99999[ 2400 99999] 2500 00000I 
HPD02788400HPCPHI19520300010020100 99999[ 2500 00000I 
HPD02788400HPCPHI19520300020021900 99999] 2500 00000I 
HPD02788400HPCPHI19520300090020800 99999[ 2500 00000I 
HPD02788400HPCPHI19520300140020800 99999] 2500 00000I 
HPD02788400HPCPHI19520300160020100 99999[ 2500 00000I 
HPD02788400HPCPHI19520300170020800 99999] 2500 00000I 
HPD02788400HPCPHI19520400010020100 99999[ 2500 00000I 
HPD02788400HPCPHI19520400300022400 99999] 2500 00000I 
HPD02788400HPCPHI19520500010020100 99999[ 2500 00000I 
HPD02788400HPCPHI19520500310022400 99999] 2500 00000I 
HPD02788400HPCPHI19520600010020100 00000g 2500 00000  
HPD02788400HPCPHI19520600020021200 99999[ 2500 00000I 
HPD02788400HPCPHI19520600030021300 99999] 2500 00000I 
HPD02788400HPCPHI19520600130020800 99999[ 2500 00000I 
HPD02788400HPCPHI19520600300022400 99999] 2500 00000I 
