HPD02048703HPCPHT20090100010020100 00000g 2500 00000  
HPD02048703HPCPHT20090100030022200 00010  2500 00010  
HPD02048703HPCPHT20090100040030400 00010  1400 00010  2500 00020  
HPD02048703HPCPHT20090100230020600 00010  2500 00010  
HPD02048703HPCPHT20090100240021200 00010  2500 00010  
HPD02048703HPCPHT20090200010020100 00000g 2500 00000  
HPD02048703HPCPHT20090200070022300 00010  2500 00010  
HPD02048703HPCPHT20090200080040100 00010  0200 00010  1500 00010  2500 00030  
HPD02048703HPCPHT20090200090031500 00010  1900 00010  2500 00020  
HPD02048703HPCPHT20090200100021700 00010  2500 00010  
HPD02048703HPCPHT20090200160022400 00010  2500 00010  
HPD02048703HPCPHT20090300010020100 00000g 2500 00000  
HPD02048703HPCPHT20090300120021500 00010  2500 00010  
HPD02048703HPCPHT20090300310021500 00010  2500 00010  
HPD02048703HPCPHT20090400010030100 00000g 1300 00010  2500 00010  
HPD02048703HPCPHT20090400110060300 00010  0400 00010  0500 00010  1000 00010  1900 00020  2500 00060  
HPD02048703HPCPHT20090400120021400 00010  2500 00010  
HPD02048703HPCPHT20090400130021200 00010  2500 00010  
HPD02048703HPCPHT20090500010020100 00000g 2500 00000  
HPD02048703HPCPHT20090500190021500 00010  2500 00010  
HPD02048703HPCPHT20090500200021200 00010  2500 00010  
HPD02048703HPCPHT20090500220061000 00010  1300 00010  2200 00010  2300 00010  2400 00010  2500 00050  
HPD02048703HPCPHT20090500230030400 00010  1100 00010  2500 00020  
HPD02048703HPCPHT20090500240021300 00010  2500 00010  
HPD02048703HPCPHT20090500260021100 00010  2500 00010  
HPD02048703HPCPHT20090600010020100 00000g 2500 00000  
HPD02048703HPCPHT20090600160020900 00010  2500 00010  
HPD02048703HPCPHT20090600260021000 00010  2500 00010  
HPD02048703HPCPHT20090600280021500 00010  2500 00010  
HPD02048703HPCPHT20090700010050100 00000g 1500 00010  2100 00010  2200 00020  2500 00040  
HPD02048703HPCPHT20090700020021400 00020  2500 00020  
HPD02048703HPCPHT20090700040021500 00010  2500 00010  
HPD02048703HPCPHT20090700050021500 00010  2500 00010  
HPD02048703HPCPHT20090700110021300 00010  2500 00010  
HPD02048703HPCPHT20090700200031700 00010  1800 00010  2500 00020  
HPD02048703HPCPHT20090700210021600 00010  2500 00010  
HPD02048703HPCPHT20090700220031200 00010  1500 00020  2500 00030  
HPD02048703HPCPHT20090700230021700 00010  2500 00010  
HPD02048703HPCPHT20090800010030100 00000g 1000 00010  2500 00010  
HPD02048703HPCPHT20090800120022200 00010  2500 00010  
HPD02048703HPCPHT20090800160020900 00010  2500 00010  
HPD02048703HPCPHT20090800210021900 00020  2500 00020  
HPD02048703HPCPHT20090800220031500 00010  1700 00020  2500 00030  
HPD02048703HPCPHT20090800230021700 00010  2500 00010  
HPD02048703HPCPHT20090800240021700 00010  2500 00010  
HPD02048703HPCPHT20090800260021700 00010  2500 00010  
HPD02048703HPCPHT20090900010030100 00000g 1500 00010  2500 00010  
HPD02048703HPCPHT20090900030022000 99999[ 2500 00000I 
HPD02048703HPCPHT20090900120021100 99999] 2500 00000I 
HPD02048703HPCPHT20090900200021500 00010  2500 00010  
HPD02048703HPCPHT20091000010020100 00000g 2500 00000  
HPD02048703HPCPHT20091000040020600 00010  2500 00010  
HPD02048703HPCPHT20091000070030700 00010  1100 00010  2500 00020  
HPD02048703HPCPHT20091100010020100 00000g 2500 00000  
HPD02048703HPCPHT20091100120021200 00010  2500 00010  
HPD02048703HPCPHT20091200010020100 00000g 2500 00000  
HPD02048703HPCPHT20091200040030600 99999[ 1000 99999] 2500 00000I 
HPD02048703HPCPHT20091200050030600 99999[ 1100 99999] 2500 00000I 
HPD02048703HPCPHT20091200060030700 99999[ 1000 99999] 2500 00000I 
HPD02048703HPCPHT20091200070051000 00010  1200 00010  1600 00010  1900 00010  2500 00040  
HPD02048703HPCPHT20091200080021200 00090  2500 00090  
HPD02048703HPCPHT20091200100030200 99999[ 1100 99999] 2500 00000I 
HPD02048703HPCPHT20091200120040100 99999[ 0900 99999] 2400 00010  2500 00010I 
HPD02048703HPCPHT20091200130021100 00020  2500 00020  
HPD02048703HPCPHT20091200150030800 99999[ 1000 99999] 2500 00000I 
HPD02048703HPCPHT20091200220021700 00010  2500 00010  
HPD02048703HPCPHT20091200230021200 00020  2500 00020  
HPD02048703HPCPHT20091200240030700 99999[ 1100 99999] 2500 00000I 
HPD02048703HPCPHT20091200250030500 99999[ 1100 99999] 2500 00000I 
HPD02048703HPCPHT20091200260030400 99999[ 1100 99999] 2500 00000I 
HPD02048703HPCPHT20091200270030300 99999[ 1100 99999] 2500 00000I 
HPD02048703HPCPHT20091200280030600 99999[ 1000 99999] 2500 00000I 
