HPD02157402HPCPHT20000100010020100 00000g 2500 00000  
HPD02157402HPCPHT20000100030021400 99999[ 2500 00000I 
HPD02157402HPCPHT20000100310022400 99999] 2500 00000I 
HPD02157402HPCPHT20000200010030100 99999[ 1100 99999] 2500 00000I 
HPD02157402HPCPHT20000200170040800 00010  1200 00010 Z1400 00010  2500 00030 Z
HPD02157402HPCPHT20000200210031900 00010  2100 00010  2500 00020  
HPD02157402HPCPHT20000200240022400 00010  2500 00010  
HPD02157402HPCPHT20000200290020100 00020  2500 00020  
HPD02157402HPCPHT20000300010030100 00000g 0800 99999{ 2500 00000P 
HPD02157402HPCPHT20000300310022400 99999} 2500 00000P 
HPD02157402HPCPHT20000400010020100 99999{ 2500 00000P 
HPD02157402HPCPHT20000400030040400 99999} 0500 99999[ 1700 99999] 2500 00000P 
HPD02157402HPCPHT20000400180021000 00010  2500 00010  
HPD02157402HPCPHT20000500010020100 00000g 2500 00000  
HPD02157402HPCPHT20000600010020100 00000g 2500 00000  
HPD02157402HPCPHT20000600170031900 00010  2400 00010  2500 00020  
HPD02157402HPCPHT20000600200031300 00010  1400 00010  2500 00020  
HPD02157402HPCPHT20000600230031400 00010  1500 00010  2500 00020  
HPD02157402HPCPHT20000600270022000 00020  2500 00020  
HPD02157402HPCPHT20000600280040100 00010  1300 00020  1400 00010  2500 00040  
HPD02157402HPCPHT20000700010020100 00000g 2500 00000  
HPD02157402HPCPHT20000700080030100 00010  2300 00010  2500 00020  
HPD02157402HPCPHT20000700150022300 00010  2500 00010  
HPD02157402HPCPHT20000700310021900 00010  2500 00010  
HPD02157402HPCPHT20000800010030100 00000g 0400 00010  2500 00010  
HPD02157402HPCPHT20000800030021400 00010  2500 00010  
HPD02157402HPCPHT20000800040020100 00010  2500 00010  
HPD02157402HPCPHT20000800070061500 00080  1600 00010  1700 00010  1800 00010  2000 00010  2500 00120  
HPD02157402HPCPHT20000800100032000 00070  2100 00010  2500 00080  
HPD02157402HPCPHT20000800120041400 00010  1500 00010  1600 99999{ 2500 00020P 
HPD02157402HPCPHT20000800130020800 99999} 2500 00000P 
HPD02157402HPCPHT20000800140031400 00010  1500 00010  2500 00020  
HPD02157402HPCPHT20000800180041800 00010  1900 00020  2000 00010  2500 00040  
HPD02157402HPCPHT20000800220032200 00040  2300 00010  2500 00050  
HPD02157402HPCPHT20000800240021600 00010  2500 00010  
HPD02157402HPCPHT20000800270040600 00020  1400 00020  1500 00010  2500 00050  
HPD02157402HPCPHT20000800280021100 00020  2500 00020  
HPD02157402HPCPHT20000800290020800 99999{ 2500 00000P 
HPD02157402HPCPHT20000800310022400 99999} 2500 00000P 
HPD02157402HPCPHT20000900010020100 99999{ 2500 00000P 
HPD02157402HPCPHT20000900050020800 99999} 2500 00000P 
HPD02157402HPCPHT20000900260021900 00010  2500 00010  
HPD02157402HPCPHT20001000010020100 00000g 2500 00000  
HPD02157402HPCPHT20001000040060700 00010  0900 00010  1000 00010  1200 00020  1300 00010  2500 00060  
HPD02157402HPCPHT20001000190021600 00010  2500 00010  
HPD02157402HPCPHT20001000210032200 00020  2300 00020  2500 00040  
HPD02157402HPCPHT20001000220070100 00010  0200 00010  0600 00010  0700 00010  0900 00010  1300 00010  2500 00060  
HPD02157402HPCPHT20001000230040100 00010  0300 00020  1100 00010  2500 00040  
HPD02157402HPCPHT20001000240030600 00010  0700 00030  2500 00040  
HPD02157402HPCPHT20001000270051700 00020  1800 00010  1900 00010  2100 00010  2500 00050  
HPD02157402HPCPHT20001000280030100 00010  1100 00010  2500 00020  
HPD02157402HPCPHT20001000300031900 00010  2300 00010  2500 00020  
HPD02157402HPCPHT20001000310021100 00020  2500 00020  
HPD02157402HPCPHT20001100010040100 00000g 1300 00010  1400 00010  2500 00020  
HPD02157402HPCPHT20001100030041400 00010  1600 00010  2100 00010  2500 00030  
HPD02157402HPCPHT20001100100020200 00030 R2500 00030 R
HPD02157402HPCPHT20001100110020400 00010 R2500 00010 R
HPD02157402HPCPHT20001100120030600 00030  1100 00010  2500 00040  
HPD02157402HPCPHT20001100230021300 00010  2500 00010  
HPD02157402HPCPHT20001200010020100 00000g 2500 00000  
HPD02157402HPCPHT20001200130021300 00010  2500 00010  
HPD02157402HPCPHT20001200270051300 00010  1400 00010  1500 00010  1700 00010  2500 00040  
HPD02157402HPCPHT20001200280021300 00010  2500 00010  
