HPD02458602HPCPHT20060100010020100 00000g 2500 00000  
HPD02458602HPCPHT20060100250021800 00010  2500 00010  
HPD02458602HPCPHT20060200010020100 00000g 2500 00000  
HPD02458602HPCPHT20060300010020100 00000g 2500 00000  
HPD02458602HPCPHT20060300110031500 00010  1600 00010  2500 00020  
HPD02458602HPCPHT20060300130021300 00050  2500 00050  
HPD02458602HPCPHT20060300220021100 00010  2500 00010  
HPD02458602HPCPHT20060300280041700 00010  1800 00010  2000 00010  2500 00030  
HPD02458602HPCPHT20060300290021800 00010  2500 00010  
HPD02458602HPCPHT20060300310021300 00010  2500 00010  
HPD02458602HPCPHT20060400010020100 00000g 2500 00000  
HPD02458602HPCPHT20060400060031000 00010  1100 00010  2500 00020  
HPD02458602HPCPHT20060500010020100 00000g 2500 00000  
HPD02458602HPCPHT20060500150021500 00010  2500 00010  
HPD02458602HPCPHT20060600010020100 00000g 2500 00000  
HPD02458602HPCPHT20060700010020100 00000g 2500 00000  
HPD02458602HPCPHT20060700070021000 00010  2500 00010  
HPD02458602HPCPHT20060700080031300 00050  1400 00010  2500 00060  
HPD02458602HPCPHT20060700170021800 00020  2500 00020  
HPD02458602HPCPHT20060700210021500 00010  2500 00010  
HPD02458602HPCPHT20060700230021400 00010  2500 00010  
HPD02458602HPCPHT20060700300041700 00030  1800 00090  1900 00010  2500 00130  
HPD02458602HPCPHT20060800010020100 00000g 2500 00000  
HPD02458602HPCPHT20060800130031100 00010  2100 00030  2500 00040  
HPD02458602HPCPHT20060800230021700 99999{ 2500 00000P 
HPD02458602HPCPHT20060800240021700 99999} 2500 00000P 
HPD02458602HPCPHT20060900010020100 00000g 2500 00000  
HPD02458602HPCPHT20060900040021800 00010  2500 00010  
HPD02458602HPCPHT20060900080021300 00010  2500 00010  
HPD02458602HPCPHT20060900140051900 00010  2000 00010  2100 00010  2200 00040  2500 00070  
HPD02458602HPCPHT20061000010020100 00000g 2500 00000  
HPD02458602HPCPHT20061000020021500 99999[ 2500 00000I 
HPD02458602HPCPHT20061000090041200 99999] 2000 00010  2100 00010  2500 00020I 
HPD02458602HPCPHT20061000140021300 00010  2500 00010  
HPD02458602HPCPHT20061000150021300 00010  2500 00010  
HPD02458602HPCPHT20061000240031400 99999[ 1500 99999] 2500 00000I 
HPD02458602HPCPHT20061000270021000 00010  2500 00010  
HPD02458602HPCPHT20061100010020100 00000g 2500 00000  
HPD02458602HPCPHT20061100120020200 00010  2500 00010  
HPD02458602HPCPHT20061100290020500 00010  2500 00010  
HPD02458602HPCPHT20061200010020100 00000g 2500 00000  
HPD02458602HPCPHT20061200180042100 00010  2200 00010  2300 00020  2500 00040  
HPD02458602HPCPHT20061200190020300 00010  2500 00010  
HPD02458602HPCPHT20061200270021200 00010  2500 00010  
HPD02458602HPCPHT20061200290030700 00010  0900 00010  2500 00020  
HPD02458602HPCPHT20061200300021700 00010  2500 00010  
